0.0 -9.706872411701083e-20
2.982363934426229e-08 -1.0212185051160793e-19
5.964727868852458e-08 -1.0251224706479068e-19
8.947091803278689e-08 -1.0504456790297147e-19
1.1929455737704916e-07 -1.1045221247110583e-19
1.4911819672131147e-07 -8.949847528766094e-20
1.7894183606557377e-07 -9.691490671178343e-20
2.0876547540983605e-07 -1.153744398349898e-19
2.3858911475409833e-07 -9.532711487076004e-20
2.6841275409836063e-07 -9.293538783573766e-20
2.9823639344262294e-07 -9.915778224764461e-20
3.2806003278688524e-07 -9.648419084317193e-20
3.5788367213114755e-07 -1.0396973676013266e-19
3.877073114754098e-07 -8.824142984469646e-20
4.175309508196721e-07 -8.417777130031864e-20
4.4735459016393435e-07 -1.0516607915596253e-19
4.771782295081967e-07 -9.520261645069738e-20
5.07001868852459e-07 -8.403542809154359e-20
5.368255081967213e-07 -9.087063791777006e-20
5.666491475409836e-07 -9.051906053524158e-20
5.964727868852459e-07 -9.463162716015517e-20
6.262964262295081e-07 -8.83522076875324e-20
6.561200655737705e-07 -7.574358961272537e-20
6.859437049180327e-07 -9.275660143456106e-20
7.157673442622951e-07 -9.342219759037782e-20
7.455909836065572e-07 -7.492790052589399e-20
7.754146229508196e-07 -8.294525337953104e-20
8.05238262295082e-07 -8.296850079133379e-20
8.350619016393442e-07 -8.447749494631042e-20
8.648855409836066e-07 -8.521239888242319e-20
8.947091803278687e-07 -6.60008003185911e-20
9.245328196721311e-07 -8.113123121556207e-20
9.543564590163933e-07 -9.066142821727697e-20
9.841800983606557e-07 -6.960319481048193e-20
1.014003737704918e-06 -7.29751582386624e-20
1.0438273770491802e-06 -7.616912591882893e-20
1.0736510163934425e-06 -7.48427800194545e-20
1.1034746557377049e-06 -7.738635676939658e-20
1.1332982950819672e-06 -6.253503125312809e-20
1.1631219344262294e-06 -6.481122172745754e-20
1.1929455737704917e-06 -8.100131775419673e-20
1.2227692131147539e-06 -6.772177455202818e-20
1.2525928524590163e-06 -5.777038425814618e-20
1.2824164918032784e-06 -6.761915649839651e-20
1.312240131147541e-06 -6.762205096547142e-20
1.3420637704918031e-06 -6.689812691811873e-20
1.3718874098360655e-06 -5.866022213083819e-20
1.4017110491803278e-06 -5.2306853345948797e-20
1.4315346885245902e-06 -6.89357642662303e-20
1.4613583278688523e-06 -6.138577385866996e-20
1.4911819672131145e-06 -4.6904676422451755e-20
1.521005606557377e-06 -5.720658490334135e-20
1.5508292459016392e-06 -5.549600402057321e-20
1.5806528852459015e-06 -5.713395984655253e-20
1.610476524590164e-06 -5.3276877764334006e-20
1.640300163934426e-06 -3.738928027967447e-20
1.6701238032786884e-06 -5.51488364476463e-20
1.6999474426229506e-06 -5.778778680337407e-20
1.7297710819672131e-06 -3.629332725655559e-20
1.7595947213114753e-06 -4.341462263966865e-20
1.7894183606557374e-06 -4.5854606122011085e-20
1.819242e-06 -4.472647138278433e-20
1.8490656393442621e-06 -4.4265199235838693e-20
1.8788892786885245e-06 -2.868006642295822e-20
1.9087129180327866e-06 -3.8168049114637394e-20
1.9385365573770488e-06 -4.788245909658398e-20
1.9683601967213113e-06 -2.989284040371255e-20
1.9981838360655735e-06 -2.9373487881789726e-20
2.028007475409836e-06 -3.56516096835352e-20
2.057831114754098e-06 -3.322064842715825e-20
2.0876547540983603e-06 -3.507789580582217e-20
2.117478393442623e-06 -2.1498046907034938e-20
2.147302032786885e-06 -2.0884598824128493e-20
2.1771256721311476e-06 -3.831626003657567e-20
2.2069493114754098e-06 -2.242816793709412e-20
2.236772950819672e-06 -1.3271664094581815e-20
2.2665965901639345e-06 -2.497609366481609e-20
2.2964202295081966e-06 -2.162693703813593e-20
2.3262438688524588e-06 -2.3451547051003385e-20
2.356067508196721e-06 -1.5511755440788185e-20
2.3858911475409835e-06 -7.063493541662006e-21
2.4157147868852456e-06 -2.50983420708636e-20
2.4455384262295078e-06 -1.9034605775475007e-20
2.4753620655737704e-06 -3.356607532167199e-21
2.5051857049180325e-06 -1.0585675299727552e-20
2.5350093442622946e-06 -1.0956945614056979e-20
2.564832983606557e-06 -1.1601652942980877e-20
2.5946566229508198e-06 -7.120562242193385e-21
2.624480262295082e-06 3.8304934575146756e-21
2.654303901639344e-06 -8.145725315935734e-21
2.6841275409836062e-06 -1.1670747439323272e-20
2.7139511803278684e-06 5.4188825434281416e-21
2.743774819672131e-06 3.1293496048099226e-21
2.7735984590163935e-06 -3.0733355367958423e-21
2.8034220983606557e-06 -4.265453637100949e-22
2.833245737704918e-06 4.1501195605619497e-22
2.8630693770491804e-06 1.3172412275887684e-20
2.8928930163934425e-06 8.171436473243665e-21
2.9227166557377047e-06 -4.7856356459854516e-21
2.952540295081967e-06 1.4946793164907187e-20
2.982363934426229e-06 1.769010518141279e-20
3.012187573770492e-06 7.838879855384817e-21
3.042011213114754e-06 1.257772006287748e-20
3.0718348524590162e-06 9.81026440843739e-21
3.1016584918032784e-06 2.063415895770227e-20
3.1314821311475405e-06 2.2955002970253323e-20
3.161305770491803e-06 5.55871167636562e-21
3.1911294098360657e-06 1.724720597964088e-20
3.220953049180328e-06 2.9953703866714964e-20
3.25077668852459e-06 2.12744718527044e-20
3.280600327868852e-06 2.0477251985707668e-20
3.3104239672131147e-06 2.1509146484837074e-20
3.340247606557377e-06 2.83729218469377e-20
3.370071245901639e-06 3.616325654052169e-20
3.399894885245901e-06 2.1390653097049417e-20
3.4297185245901637e-06 2.2952814149862755e-20
3.4595421639344262e-06 4.118612258542412e-20
3.4893658032786884e-06 3.248873821807206e-20
3.5191894426229505e-06 2.8787702861808236e-20
3.5490130819672127e-06 3.424311102293634e-20
3.578836721311475e-06 3.4400425619741685e-20
3.608660360655738e-06 4.472796903993328e-20
3.638484e-06 3.636242309303043e-20
3.668307639344262e-06 3.0301594099350276e-20
3.6981312786885242e-06 5.027502957417732e-20
3.7279549180327864e-06 4.684152789087615e-20
3.757778557377049e-06 3.825877217575292e-20
3.787602196721311e-06 4.5163881424643176e-20
3.817425836065573e-06 4.4050537759527096e-20
3.847249475409835e-06 5.296197701838452e-20
3.8770731147540975e-06 5.2021098166140606e-20
3.9068967540983605e-06 3.833166927735539e-20
3.936720393442623e-06 5.398143781541124e-20
3.966544032786885e-06 6.00583039698838e-20
3.996367672131147e-06 5.0672973723060693e-20
4.026191311475409e-06 5.525947760497237e-20
4.056014950819672e-06 5.347464771236049e-20
4.085838590163934e-06 6.207378491046111e-20
4.115662229508196e-06 6.590441330743791e-20
4.1454858688524585e-06 4.877730091199574e-20
4.175309508196721e-06 6.06373437622188e-20
4.205133147540984e-06 7.387449374674679e-20
4.234956786885246e-06 6.064256300020865e-20
4.264780426229508e-06 6.177979140718947e-20
4.29460406557377e-06 6.546187828317835e-20
4.324427704918032e-06 6.807665140598608e-20
4.354251344262295e-06 7.761726943305852e-20
4.384074983606557e-06 6.41628691228555e-20
4.4138986229508196e-06 6.45884624373461e-20
4.443722262295082e-06 8.555673942183466e-20
4.473545901639344e-06 7.536844964355112e-20
4.503369540983606e-06 7.033817655907778e-20
4.533193180327869e-06 7.76207192958852e-20
4.563016819672131e-06 7.701370195632264e-20
4.592840459016393e-06 8.719173161449305e-20
4.622664098360655e-06 7.921738788415414e-20
4.6524877377049176e-06 7.158219947314379e-20
4.68231137704918e-06 9.236057835072202e-20
4.712135016393442e-06 9.15847833133714e-20
4.741958655737704e-06 8.046082608624144e-20
4.771782295081967e-06 8.728657702481199e-20
4.801605934426229e-06 8.936075244355971e-20
4.831429573770491e-06 9.49027877569411e-20
4.8612532131147534e-06 9.558454396168042e-20
4.8910768524590156e-06 8.341981797368124e-20
4.9209004918032786e-06 9.70321949930707e-20
4.950724131147541e-06 1.0566095314128544e-19
4.980547770491802e-06 9.150391039230519e-20
5.010371409836065e-06 9.794729467621472e-20
5.040195049180328e-06 1.0240881055447153e-19
5.070018688524589e-06 1.0372531063300066e-19
5.099842327868852e-06 1.0985442485623329e-19
5.129665967213114e-06 9.745660054879373e-20
5.159489606557377e-06 1.0413950869804234e-19
5.1893132459016396e-06 1.205756794427845e-19
5.219136885245901e-06 1.0906879387849537e-19
5.248960524590164e-06 1.0725702812315811e-19
5.278784163934425e-06 1.1386811889266197e-19
5.308607803278688e-06 1.1391903441076957e-19
5.338431442622951e-06 1.2201931389936908e-19
5.3682550819672124e-06 1.1420225772468046e-19
5.3980787213114754e-06 1.1195293488373474e-19
5.427902360655737e-06 1.320486380114865e-19
5.457726e-06 1.247690683284514e-19
5.487549639344262e-06 1.1609137174555922e-19
5.517373278688524e-06 1.2712876948369157e-19
5.547196918032787e-06 1.2883948592815325e-19
5.577020557377048e-06 1.3465889356391629e-19
5.606844196721311e-06 1.3011190263298774e-19
5.6366678360655734e-06 1.2302291560356057e-19
5.666491475409836e-06 1.416544584911987e-19
5.696315114754098e-06 1.410187635575131e-19
5.726138754098361e-06 1.2885683090047084e-19
5.755962393442622e-06 1.3781051402083762e-19
5.785786032786885e-06 1.4025886616080572e-19
5.815609672131147e-06 1.439477335180339e-19
5.845433311475409e-06 1.465890708783547e-19
5.875256950819672e-06 1.36734440334414e-19
5.905080590163934e-06 1.4947028721907529e-19
5.934904229508197e-06 1.5788816543225704e-19
5.964727868852458e-06 1.4322847170482562e-19
5.994551508196721e-06 1.4815902986660467e-19
6.024375147540984e-06 1.5546291713949943e-19
6.054198786885245e-06 1.5353239585615776e-19
6.084022426229508e-06 1.5846585997430683e-19
6.1138460655737695e-06 1.5192933889737974e-19
6.1436697049180325e-06 1.536301600307599e-19
6.1734933442622955e-06 1.6987811105976534e-19
6.203316983606557e-06 1.5992711230998795e-19
6.23314062295082e-06 1.5535137878324655e-19
6.262964262295081e-06 1.67868589046411e-19
6.292787901639344e-06 1.6627253155157673e-19
6.322611540983606e-06 1.6947548070366448e-19
6.352435180327868e-06 1.6606736713345105e-19
6.382258819672131e-06 1.618805694474059e-19
6.412082459016393e-06 1.7812836437259228e-19
6.441906098360656e-06 1.739836455732398e-19
6.471729737704918e-06 1.653544211607438e-19
6.50155337704918e-06 1.7545335729355482e-19
6.531377016393442e-06 1.766897936576962e-19
6.561200655737704e-06 1.7894366541973376e-19
6.591024295081967e-06 1.7898826586485512e-19
6.620847934426229e-06 1.7233778262026943e-19
6.6506715737704915e-06 1.8393046840825526e-19
6.680495213114754e-06 1.8915930470710846e-19
6.710318852459016e-06 1.7581255398299508e-19
6.740142491803278e-06 1.821734245346616e-19
6.769966131147541e-06 1.8803552215857766e-19
6.799789770491802e-06 1.8598332479748173e-19
6.829613409836065e-06 1.9081150427841846e-19
6.859437049180327e-06 1.8054191583798642e-19
6.8892606885245895e-06 1.8787967031539325e-19
6.9190843278688525e-06 2.0016955286969205e-19
6.948907967213114e-06 1.8580234386764282e-19
6.978731606557377e-06 1.8955266407206823e-19
7.008555245901638e-06 1.9636094842830077e-19
7.038378885245901e-06 1.9505259630436073e-19
7.068202524590164e-06 2.0007857694203854e-19
7.098026163934425e-06 1.9152952830434459e-19
7.127849803278688e-06 1.936808794242258e-19
7.15767344262295e-06 2.0617523736755423e-19
7.187497081967213e-06 1.978600359053456e-19
7.217320721311476e-06 1.9406481244044462e-19
7.247144360655737e-06 2.0273238644292073e-19
7.276968e-06 2.0385143423328493e-19
7.306791639344261e-06 2.0474128239032574e-19
7.336615278688524e-06 2.0333231047197608e-19
7.366438918032787e-06 2.0011493691189132e-19
7.3962625573770485e-06 2.11329516756322e-19
7.4260861967213115e-06 2.1146382937724394e-19
7.455909836065573e-06 2.0160325656017227e-19
7.485733475409836e-06 2.086988232453734e-19
7.515557114754098e-06 2.1057983819600092e-19
7.54538075409836e-06 2.1101526684133727e-19
7.575204393442622e-06 2.1116432408459674e-19
7.605028032786884e-06 2.0467264362357978e-19
7.634851672131147e-06 2.1526313576876984e-19
7.66467531147541e-06 2.197963565156056e-19
7.69449895081967e-06 2.0885596981593734e-19
7.724322590163935e-06 2.134361329300749e-19
7.754146229508195e-06 2.197807833311163e-19
7.783969868852459e-06 2.181668151331831e-19
7.813793508196721e-06 2.1945730646913056e-19
7.843617147540983e-06 2.1434425534351279e-19
7.873440786885245e-06 2.1716273922691832e-19
7.903264426229508e-06 2.2753365059272083e-19
7.93308806557377e-06 2.1762377326728803e-19
7.962911704918032e-06 2.1488237347289215e-19
7.992735344262294e-06 2.2513442046951534e-19
8.022558983606558e-06 2.238353292007911e-19
8.052382622950818e-06 2.249965752754077e-19
8.082206262295082e-06 2.2102084162152005e-19
8.112029901639344e-06 2.1959382526612617e-19
8.141853540983606e-06 2.3213532668956124e-19
8.171677180327869e-06 2.2751435112973625e-19
8.20150081967213e-06 2.1959100858052522e-19
8.231324459016393e-06 2.26420174374666e-19
8.261148098360655e-06 2.2897649705752615e-19
8.290971737704917e-06 2.2950170843238994e-19
8.32079537704918e-06 2.270437884128383e-19
8.350619016393441e-06 2.2262809607345934e-19
8.380442655737704e-06 2.3174237399574295e-19
8.410266295081967e-06 2.3375736779134313e-19
8.440089934426228e-06 2.229685276580038e-19
8.469913573770492e-06 2.289244429231634e-19
8.499737213114754e-06 2.3412495952970795e-19
8.529560852459016e-06 2.314849109606678e-19
8.559384491803278e-06 2.314828307970774e-19
8.58920813114754e-06 2.2446553900582294e-19
8.619031770491802e-06 2.325812855656604e-19
8.648855409836065e-06 2.3902216748098267e-19
8.678679049180327e-06 2.250231400130369e-19
8.70850268852459e-06 2.2982215482333594e-19
8.738326327868851e-06 2.3658391867940053e-19
8.768149967213115e-06 2.311322479853745e-19
8.797973606557375e-06 2.332885187895125e-19
8.827797245901639e-06 2.288307314397384e-19
8.857620885245901e-06 2.3169627474924815e-19
8.887444524590163e-06 2.406731404353855e-19
8.917268163934426e-06 2.297747429834549e-19
8.947091803278688e-06 2.2773878161240016e-19
8.97691544262295e-06 2.3521266852882033e-19
9.006739081967212e-06 2.3301464959996266e-19
9.036562721311474e-06 2.346002309597587e-19
9.066386360655738e-06 2.2867252819430743e-19
9.096209999999998e-06 2.270088269810188e-19
9.126033639344262e-06 2.388782920231836e-19
9.155857278688524e-06 2.3269236626811813e-19
9.185680918032787e-06 2.2580148928545706e-19
9.215504557377049e-06 2.3280069444110947e-19
9.24532819672131e-06 2.3351076061077405e-19
9.275151836065573e-06 2.332474905156572e-19
9.304975475409835e-06 2.302611834196636e-19
9.334799114754097e-06 2.2456930597159804e-19
9.36462275409836e-06 2.3396479383361533e-19
9.394446393442622e-06 2.349209751650438e-19
9.424270032786884e-06 2.2214677982147477e-19
9.454093672131148e-06 2.2770007531255346e-19
9.483917311475408e-06 2.3186326318050706e-19
9.513740950819672e-06 2.2915761879584807e-19
9.543564590163934e-06 2.2906667576915694e-19
9.573388229508196e-06 2.217793161963492e-19
9.603211868852458e-06 2.284241735856174e-19
9.63303550819672e-06 2.3315625109766044e-19
9.662859147540983e-06 2.188678730213536e-19
9.692682786885246e-06 2.2000152462368194e-19
9.722506426229507e-06 2.273645194486734e-19
9.75233006557377e-06 2.2444184506736774e-19
9.782153704918031e-06 2.2278670854084327e-19
9.811977344262295e-06 2.1532365194457162e-19
9.841800983606557e-06 2.184988753786811e-19
9.87162462295082e-06 2.285531330939124e-19
9.901448262295081e-06 2.1504220329351395e-19
9.931271901639344e-06 2.111360612857757e-19
9.961095540983604e-06 2.2102347492748055e-19
9.990919180327868e-06 2.1857801489169703e-19
1.002074281967213e-05 2.1626153450633366e-19
1.0050566459016392e-05 2.0910025564027897e-19
1.0080390098360656e-05 2.074819690458453e-19
1.0110213737704916e-05 2.178540431203871e-19
1.0140037377049179e-05 2.0927784556920918e-19
1.0169861016393442e-05 1.98839005047292e-19
1.0199684655737705e-05 2.074292250091784e-19
1.0229508295081967e-05 2.0870464947242735e-19
1.0259331934426227e-05 2.0483651398851835e-19
1.0289155573770491e-05 2.01485328228092e-19
1.0318979213114753e-05 1.9607228639724065e-19
1.0348802852459015e-05 2.0428331025810064e-19
1.0378626491803279e-05 2.0329975593992861e-19
1.040845013114754e-05 1.8847925819392503e-19
1.0438273770491802e-05 1.929369933938673e-19
1.0468097409836064e-05 1.9706728989413765e-19
1.0497921049180328e-05 1.9111044298011035e-19
1.052774468852459e-05 1.8823409669828253e-19
1.055756832786885e-05 1.8086444126825415e-19
1.0587391967213114e-05 1.8777570831938337e-19
1.0617215606557376e-05 1.9273643162252181e-19
1.0647039245901638e-05 1.7507793308341173e-19
1.0676862885245902e-05 1.7588699855543044e-19
1.0706686524590163e-05 1.8552187639884168e-19
1.0736510163934425e-05 1.7792980520447315e-19
1.0766333803278687e-05 1.728583910242588e-19
1.0796157442622951e-05 1.6860302622412933e-19
1.0825981081967213e-05 1.6828607421261703e-19
1.0855804721311473e-05 1.7518564525373818e-19
1.0885628360655736e-05 1.6347598514178909e-19
1.0915452e-05 1.551545938187083e-19
1.0945275639344262e-05 1.6571652673633418e-19
1.0975099278688524e-05 1.636913197975968e-19
1.1004922918032784e-05 1.567202965171848e-19
1.1034746557377048e-05 1.52100251516319e-19
1.106457019672131e-05 1.5128583612892933e-19
1.1094393836065574e-05 1.6027340519111494e-19
1.1124217475409836e-05 1.4963545161177608e-19
1.1154041114754097e-05 1.3583783554476924e-19
1.1183864754098359e-05 1.4566576306169007e-19
1.1213688393442623e-05 1.4603096131283669e-19
1.1243512032786885e-05 1.3951742686916419e-19
1.1273335672131147e-05 1.3546503452789593e-19
1.1303159311475407e-05 1.2940405255866307e-19
1.1332982950819671e-05 1.3814764887059705e-19
1.1362806590163933e-05 1.3615503485192028e-19
1.1392630229508195e-05 1.1882535075293942e-19
1.142245386885246e-05 1.2517984411364132e-19
1.1452277508196721e-05 1.3194943522125857e-19
1.1482101147540982e-05 1.209677663006315e-19
1.1511924786885244e-05 1.1609394056809167e-19
1.1541748426229508e-05 1.126402832201465e-19
1.157157206557377e-05 1.1620393303333537e-19
1.1601395704918032e-05 1.1794192396844806e-19
1.1631219344262294e-05 1.0036994883239023e-19
1.1661042983606556e-05 1.0151588350127584e-19
1.1690866622950819e-05 1.1230313964940599e-19
1.1720690262295082e-05 1.0164431574788866e-19
1.1750513901639345e-05 9.56230691006464e-20
1.1780337540983605e-05 9.451869043584277e-20
1.1810161180327867e-05 9.575077214986207e-20
1.1839984819672131e-05 9.841944685654714e-20
1.1869808459016393e-05 8.367130576001397e-20
1.1899632098360655e-05 7.901047346873229e-20
1.1929455737704916e-05 9.020494076564021e-20
1.195927937704918e-05 8.334956297880824e-20
1.1989103016393442e-05 7.43580431601922e-20
1.2018926655737704e-05 7.342243303826928e-20
1.2048750295081968e-05 7.126144733028768e-20
1.2078573934426228e-05 7.606099689267723e-20
1.210839757377049e-05 6.815814855495739e-20
1.2138221213114754e-05 5.548439447183041e-20
1.2168044852459016e-05 6.566403821015165e-20
1.2197868491803278e-05 6.537763594488843e-20
1.2227692131147539e-05 5.240921929943952e-20
1.2257515770491803e-05 5.125048073393386e-20
1.2287339409836065e-05 4.854743606510539e-20
1.2317163049180327e-05 5.048720882565229e-20
1.2346986688524591e-05 4.805864948442831e-20
1.2376810327868851e-05 3.2813003974100705e-20
1.2406633967213114e-05 3.728217545228856e-20
1.2436457606557376e-05 4.402049618263705e-20
1.246628124590164e-05 3.0111284614709144e-20
1.2496104885245902e-05 2.5261009519766608e-20
1.2525928524590162e-05 2.7075042670993514e-20
1.2555752163934424e-05 2.5604830870126443e-20
1.2585575803278688e-05 2.46458462878421e-20
1.261539944262295e-05 1.0959144537304163e-20
1.2645223081967212e-05 9.211508505807226e-21
1.2675046721311475e-05 1.938637198031635e-20
1.2704870360655737e-05 7.695986566604413e-21
1.2734693999999999e-05 -1.6211479906033462e-21
1.2764517639344263e-05 4.955556324365276e-22
1.2794341278688525e-05 6.141830944963203e-22
1.2824164918032785e-05 2.9230631181707e-23
1.2853988557377047e-05 -1.1916063214522704e-20
1.2883812196721311e-05 -1.8434920606129237e-20
1.2913635836065573e-05 -7.55278180678649e-21
1.2943459475409836e-05 -1.3954297763411968e-20
1.2973283114754096e-05 -2.87025659240098e-20
1.300310675409836e-05 -2.5991032724180795e-20
1.3032930393442622e-05 -2.5889573633558453e-20
1.3062754032786884e-05 -2.734775062146822e-20
1.3092577672131148e-05 -3.616272647051442e-20
1.3122401311475408e-05 -4.684235699305155e-20
1.315222495081967e-05 -3.590967510287999e-20
1.3182048590163934e-05 -3.9094161708094886e-20
1.3211872229508197e-05 -5.374047951972101e-20
1.3241695868852459e-05 -5.355709495049403e-20
1.3271519508196719e-05 -5.3313109923390993e-20
1.3301343147540983e-05 -5.432125630302302e-20
1.3331166786885245e-05 -6.30355744689908e-20
1.3360990426229507e-05 -7.208747780401712e-20
1.3390814065573771e-05 -6.645351831477209e-20
1.3420637704918032e-05 -6.579000246475154e-20
1.3450461344262294e-05 -7.901119284904104e-20
1.3480284983606556e-05 -8.483762192104755e-20
1.351010862295082e-05 -8.077475856759876e-20
1.3539932262295082e-05 -8.313291883188185e-20
1.3569755901639342e-05 -8.871419245184852e-20
1.3599579540983604e-05 -9.759911099133446e-20
1.3629403180327868e-05 -9.862998423996082e-20
1.365922681967213e-05 -9.161642714628317e-20
1.3689050459016394e-05 -1.0494018406433819e-19
1.3718874098360655e-05 -1.1375555927572612e-19
1.3748697737704917e-05 -1.0950997690964837e-19
1.3778521377049179e-05 -1.1281209951473834e-19
1.3808345016393443e-05 -1.1485692606766805e-19
1.3838168655737705e-05 -1.2620607854568152e-19
1.3867992295081965e-05 -1.3082451696536142e-19
1.3897815934426228e-05 -1.2081598156313042e-19
1.3927639573770491e-05 -1.3016128600877047e-19
1.3957463213114754e-05 -1.414936994813384e-19
1.3987286852459016e-05 -1.3897326253204647e-19
1.4017110491803276e-05 -1.4006344790379302e-19
1.404693413114754e-05 -1.4344439076865063e-19
1.4076757770491802e-05 -1.5169589662983224e-19
1.4106581409836064e-05 -1.575033564719647e-19
1.4136405049180328e-05 -1.5112364734831628e-19
1.4166228688524589e-05 -1.5617251936063694e-19
1.419605232786885e-05 -1.7103886317052395e-19
1.4225875967213115e-05 -1.6959813061999336e-19
1.4255699606557377e-05 -1.6783444024248375e-19
1.4285523245901639e-05 -1.7366132977218032e-19
1.43153468852459e-05 -1.785713446753135e-19
1.4345170524590163e-05 -1.8742735688140443e-19
1.4374994163934425e-05 -1.820374598579382e-19
1.4404817803278687e-05 -1.8155794205160701e-19
1.4434641442622951e-05 -1.9913294867798985e-19
1.4464465081967212e-05 -1.9837085004453585e-19
1.4494288721311474e-05 -1.9548925713806384e-19
1.4524112360655736e-05 -2.0214571122720963e-19
1.4553936e-05 -2.0641671371988698e-19
1.4583759639344262e-05 -2.145594506542887e-19
1.4613583278688522e-05 -2.1306723153402827e-19
1.4643406918032785e-05 -2.0894236269456523e-19
1.4673230557377048e-05 -2.2217466049955374e-19
1.470305419672131e-05 -2.2827675392096886e-19
1.4732877836065574e-05 -2.2226346838692093e-19
1.4762701475409835e-05 -2.264784188869474e-19
1.4792525114754097e-05 -2.3228394829738154e-19
1.4822348754098359e-05 -2.393237051165676e-19
1.4852172393442623e-05 -2.418193400180132e-19
1.4881996032786885e-05 -2.3608637494703066e-19
1.4911819672131146e-05 -2.4761271754688903e-19
1.4941643311475408e-05 -2.5601652036812796e-19
1.4971466950819672e-05 -2.4872080951504487e-19
1.5001290590163934e-05 -2.5264906251308307e-19
1.5031114229508196e-05 -2.599153955798132e-19
1.5060937868852456e-05 -2.6338285339976686e-19
1.509076150819672e-05 -2.669919751918095e-19
1.5120585147540982e-05 -2.629996844756295e-19
1.5150408786885244e-05 -2.6744843669264007e-19
1.5180232426229508e-05 -2.8026790649180396e-19
1.5210056065573769e-05 -2.759401487584391e-19
1.5239879704918031e-05 -2.7481692437084215e-19
1.5269703344262293e-05 -2.834293257835473e-19
1.5299526983606557e-05 -2.863043205520446e-19
1.532935062295082e-05 -2.926269236579434e-19
1.535917426229508e-05 -2.882989114150454e-19
1.538899790163934e-05 -2.868768638093179e-19
1.5418821540983605e-05 -3.0255508891482923e-19
1.544864518032787e-05 -3.011479829929132e-19
1.547846881967213e-05 -2.9588153031125703e-19
1.550829245901639e-05 -3.0393870737155485e-19
1.5538116098360654e-05 -3.0912674386390187e-19
1.5567939737704918e-05 -3.131545008257779e-19
1.559776337704918e-05 -3.1081914186598296e-19
1.5627587016393442e-05 -3.082715218225895e-19
1.5657410655737703e-05 -3.2236926012122736e-19
1.5687234295081966e-05 -3.251685087948971e-19
1.5717057934426227e-05 -3.155527872861557e-19
1.574688157377049e-05 -3.252289511071303e-19
1.5776705213114755e-05 -3.3100861714137743e-19
1.5806528852459015e-05 -3.29580992115451e-19
1.5836352491803275e-05 -3.3291862140121297e-19
1.586617613114754e-05 -3.288418551374284e-19
1.5895999770491803e-05 -3.3746279544649864e-19
1.5925823409836064e-05 -3.4572546280316745e-19
1.5955647049180327e-05 -3.3661742819808733e-19
1.5985470688524588e-05 -3.408584596987739e-19
1.6015294327868852e-05 -3.49146812997924e-19
1.6045117967213116e-05 -3.478310901181315e-19
1.6074941606557376e-05 -3.5089674219608593e-19
1.6104765245901636e-05 -3.4981789256500013e-19
1.61345888852459e-05 -3.5267832342008764e-19
1.6164412524590164e-05 -3.622143267717426e-19
1.6194236163934425e-05 -3.5578204565559846e-19
1.622405980327869e-05 -3.5763066398973533e-19
1.625388344262295e-05 -3.6813271861920394e-19
1.6283707081967213e-05 -3.642742638475537e-19
1.6313530721311473e-05 -3.660918662886592e-19
1.6343354360655737e-05 -3.6844432068774173e-19
1.6373178e-05 -3.6878636505256964e-19
1.640300163934426e-05 -3.774562426866878e-19
1.6432825278688522e-05 -3.767716145525745e-19
1.6462648918032786e-05 -3.7218781160242777e-19
1.649247255737705e-05 -3.804791248097428e-19
1.652229619672131e-05 -3.8416918972764663e-19
1.655211983606557e-05 -3.8108547581364144e-19
1.6581943475409834e-05 -3.840158386717292e-19
1.6611767114754098e-05 -3.8387334801191623e-19
1.664159075409836e-05 -3.897153881932839e-19
1.6671414393442622e-05 -3.943799261792921e-19
1.6701238032786883e-05 -3.861548784085961e-19
1.6731061672131147e-05 -3.92611570080427e-19
1.6760885311475407e-05 -4.001996084960586e-19
1.679070895081967e-05 -3.9671556511452505e-19
1.6820532590163935e-05 -3.977619119999207e-19
1.6850356229508195e-05 -3.973124175267057e-19
1.6880179868852456e-05 -4.0353446823286367e-19
1.691000350819672e-05 -4.0755007694212304e-19
1.6939827147540983e-05 -3.9912691637035377e-19
1.6969650786885244e-05 -4.0427604086690617e-19
1.6999474426229508e-05 -4.133863941828072e-19
1.7029298065573768e-05 -4.074063240210067e-19
1.7059121704918032e-05 -4.098578881228946e-19
1.7088945344262296e-05 -4.132595648759619e-19
1.7118768983606556e-05 -4.106336642392349e-19
1.7148592622950817e-05 -4.1961882531010533e-19
1.717841626229508e-05 -4.1658648512747637e-19
1.7208239901639344e-05 -4.116310949905762e-19
1.7238063540983605e-05 -4.2238502332478475e-19
1.726788718032787e-05 -4.2101491673058287e-19
1.729771081967213e-05 -4.1756863382010573e-19
1.7327534459016393e-05 -4.217837283533195e-19
1.7357358098360653e-05 -4.2125361601382724e-19
1.7387181737704917e-05 -4.2555669639089914e-19
1.741700537704918e-05 -4.257062099454356e-19
1.744682901639344e-05 -4.2034917803207457e-19
1.7476652655737702e-05 -4.2937303529831493e-19
1.7506476295081966e-05 -4.3128371006861397e-19
1.753629993442623e-05 -4.2489150466751357e-19
1.756612357377049e-05 -4.2887603314813847e-19
1.759594721311475e-05 -4.289944480039455e-19
1.7625770852459014e-05 -4.3078596998757034e-19
1.7655594491803278e-05 -4.3235093549754624e-19
1.768541813114754e-05 -4.2662824353081546e-19
1.7715241770491803e-05 -4.332122559151041e-19
1.7745065409836063e-05 -4.360486622332567e-19
1.7774889049180327e-05 -4.27653870782203e-19
1.7804712688524587e-05 -4.326960237946513e-19
1.783453632786885e-05 -4.353426454975381e-19
1.7864359967213115e-05 -4.3238656172113873e-19
1.7894183606557375e-05 -4.369425230528827e-19
1.7924007245901636e-05 -4.3277673766782265e-19
1.79538308852459e-05 -4.3152164004153556e-19
1.7983654524590164e-05 -4.377845592626058e-19
1.8013478163934424e-05 -4.325505602268143e-19
1.8043301803278688e-05 -4.3183749016713797e-19
1.8073125442622948e-05 -4.355181109477467e-19
1.8102949081967212e-05 -4.3261333272026527e-19
1.8132772721311476e-05 -4.343854675084528e-19
1.8162596360655736e-05 -4.337368827779945e-19
1.8192419999999997e-05 -4.314903395774982e-19
1.822224363934426e-05 -4.3571174340710795e-19
1.8252067278688525e-05 -4.342319403064022e-19
1.8281890918032785e-05 -4.3029709435863143e-19
1.831171455737705e-05 -4.3223765613604456e-19
1.834153819672131e-05 -4.323524054189182e-19
1.8371361836065573e-05 -4.313346998688411e-19
1.8401185475409834e-05 -4.3122078720581714e-19
1.8431009114754097e-05 -4.2794202197167013e-19
1.846083275409836e-05 -4.2924464835427484e-19
1.849065639344262e-05 -4.3135372202692925e-19
1.8520480032786882e-05 -4.257154497302533e-19
1.8550303672131146e-05 -4.2695942679321963e-19
1.858012731147541e-05 -4.2814015363561077e-19
1.860995095081967e-05 -4.253550953159005e-19
1.863977459016393e-05 -4.269718692844132e-19
1.8669598229508195e-05 -4.221468419911017e-19
1.869942186885246e-05 -4.223456806478002e-19
1.872924550819672e-05 -4.2380562201244904e-19
1.8759069147540983e-05 -4.1760091909729384e-19
1.8788892786885243e-05 -4.1931863501397045e-19
1.8818716426229507e-05 -4.1880554910909713e-19
1.8848540065573767e-05 -4.1631193800999487e-19
1.887836370491803e-05 -4.1736403959896257e-19
1.8908187344262295e-05 -4.1212872055784805e-19
1.8938010983606556e-05 -4.1314449304241623e-19
1.8967834622950816e-05 -4.1557512180837204e-19
1.899765826229508e-05 -4.0797181839318357e-19
1.9027481901639344e-05 -4.0797078989323976e-19
1.9057305540983604e-05 -4.0950417832182417e-19
1.9087129180327868e-05 -4.0452595138907688e-19
1.911695281967213e-05 -4.04383897186538e-19
1.9146776459016392e-05 -4.0153936207770493e-19
1.9176600098360656e-05 -3.978430677077251e-19
1.9206423737704917e-05 -3.9961390207292347e-19
1.923624737704918e-05 -3.9579198275662266e-19
1.926607101639344e-05 -3.941915114797394e-19
1.9295894655737705e-05 -3.9474503215224934e-19
1.9325718295081965e-05 -3.8934485779608315e-19
1.935554193442623e-05 -3.9028022159419243e-19
1.9385365573770493e-05 -3.8916622530262866e-19
1.9415189213114753e-05 -3.825059452594761e-19
1.9445012852459014e-05 -3.829673602738695e-19
1.9474836491803278e-05 -3.8153707099846513e-19
1.950466013114754e-05 -3.762096131833209e-19
1.9534483770491802e-05 -3.75169618105647e-19
1.9564307409836062e-05 -3.72816735405984e-19
1.9594131049180326e-05 -3.704448590736755e-19
1.962395468852459e-05 -3.70017167213083e-19
1.965377832786885e-05 -3.6442996695572193e-19
1.9683601967213114e-05 -3.635736410840476e-19
1.9713425606557375e-05 -3.6371878053903287e-19
1.974324924590164e-05 -3.57530556759354e-19
1.97730728852459e-05 -3.5621986843297973e-19
1.9802896524590163e-05 -3.524115526390747e-19
1.9832720163934427e-05 -3.4963517549058675e-19
1.9862543803278687e-05 -3.497587748208391e-19
1.989236744262295e-05 -3.425020314519243e-19
1.9922191081967208e-05 -3.406751848408739e-19
1.9952014721311472e-05 -3.418136151958076e-19
1.9981838360655736e-05 -3.3509568673109114e-19
2.0011661999999996e-05 -3.3302260742561887e-19
2.004148563934426e-05 -3.315674224928031e-19
2.0071309278688524e-05 -3.251170854323422e-19
2.0101132918032784e-05 -3.285813716663762e-19
2.0130956557377048e-05 -3.2247664662285254e-19
2.0160780196721312e-05 -3.1304664308950616e-19
2.0190603836065576e-05 -3.192204495288932e-19
2.0220427475409833e-05 -3.1237786258289153e-19
2.0250251114754097e-05 -3.067604265987085e-19
2.0280074754098357e-05 -3.076281240349091e-19
2.030989839344262e-05 -2.9880405902996515e-19
2.0339722032786885e-05 -2.9937472334032334e-19
2.0369545672131145e-05 -2.9896383684486557e-19
2.039936931147541e-05 -2.9000470957342535e-19
2.0429192950819673e-05 -2.897240749864847e-19
2.0459016590163933e-05 -2.8845833767658937e-19
2.0488840229508197e-05 -2.8194747705357416e-19
2.0518663868852454e-05 -2.790800382679357e-19
2.0548487508196718e-05 -2.7383645463556317e-19
2.0578311147540982e-05 -2.7122508183970504e-19
2.0608134786885242e-05 -2.7055487899087453e-19
2.0637958426229506e-05 -2.618032516733013e-19
2.066778206557377e-05 -2.5821516033388868e-19
2.069760570491803e-05 -2.598000789708197e-19
2.0727429344262294e-05 -2.5348734274240777e-19
2.0757252983606558e-05 -2.4795232115614247e-19
2.078707662295082e-05 -2.459241404232862e-19
2.081690026229508e-05 -2.4103092707905854e-19
2.084672390163934e-05 -2.40169847180667e-19
2.0876547540983603e-05 -2.3358390730799595e-19
2.0906371180327867e-05 -2.2544679461701346e-19
2.0936194819672128e-05 -2.2925613462466946e-19
2.096601845901639e-05 -2.222981017737694e-19
2.0995842098360655e-05 -2.145201205609381e-19
2.1025665737704916e-05 -2.131382379898493e-19
2.105548937704918e-05 -2.073810118700983e-19
2.1085313016393444e-05 -2.083538150417892e-19
2.11151366557377e-05 -2.0110363348188852e-19
2.1144960295081964e-05 -1.922175781774798e-19
2.117478393442623e-05 -1.9428900476760332e-19
2.120460757377049e-05 -1.8982658637943426e-19
2.1234431213114753e-05 -1.8273806013704068e-19
2.1264254852459016e-05 -1.7807966718640631e-19
2.1294078491803277e-05 -1.7270826999051e-19
2.132390213114754e-05 -1.7186971171664181e-19
2.1353725770491805e-05 -1.6800149037367042e-19
2.1383549409836065e-05 -1.550572879818347e-19
2.1413373049180325e-05 -1.5355971760759926e-19
2.1443196688524586e-05 -1.562663256342131e-19
2.147302032786885e-05 -1.4601009227735617e-19
2.1502843967213114e-05 -1.411193199950923e-19
2.1532667606557374e-05 -1.3595932692199967e-19
2.1562491245901638e-05 -1.3290937773473677e-19
2.1592314885245902e-05 -1.3269843495077592e-19
2.1622138524590162e-05 -1.176055762973859e-19
2.1651962163934426e-05 -1.13867587334549e-19
2.168178580327869e-05 -1.1696614707550272e-19
2.1711609442622947e-05 -1.0591406170794412e-19
2.174143308196721e-05 -1.0001113723795192e-19
2.177125672131147e-05 -9.604155234254695e-20
2.1801080360655735e-05 -9.117636041137391e-20
2.1830904e-05 -9.075664750137341e-20
2.186072763934426e-05 -8.08008810695009e-20
2.1890551278688523e-05 -7.145015725608554e-20
2.1920374918032787e-05 -7.387831527636856e-20
2.1950198557377047e-05 -6.917291779006261e-20
2.198002219672131e-05 -5.755216465337863e-20
2.200984583606557e-05 -5.233891925444646e-20
2.2039669475409832e-05 -4.9208723707887025e-20
2.2069493114754096e-05 -4.611628021270257e-20
2.2099316754098357e-05 -3.784497786212801e-20
2.212914039344262e-05 -2.735919897609851e-20
2.2158964032786884e-05 -2.986687385643391e-20
2.2188787672131148e-05 -2.620622333131039e-20
2.221861131147541e-05 -1.2295238718593916e-20
2.2248434950819672e-05 -9.121217216655582e-21
2.2278258590163936e-05 -6.4869196338474874e-21
2.2308082229508193e-05 -2.3339021828121188e-21
2.2337905868852457e-05 3.790123680151716e-21
2.2367729508196718e-05 1.7196085375784538e-20
2.239755314754098e-05 1.8116098492156656e-20
2.2427376786885245e-05 1.6204491405022496e-20
2.2457200426229506e-05 2.9263993970989444e-20
2.248702406557377e-05 3.858897956233026e-20
2.2516847704918033e-05 3.985251222840212e-20
2.2546671344262294e-05 4.2478264511321485e-20
2.2576494983606558e-05 4.9089817408308015e-20
2.2606318622950815e-05 5.962209264051979e-20
2.263614226229508e-05 6.442742140886167e-20
2.2665965901639342e-05 6.281026534462862e-20
2.2695789540983603e-05 7.20405251377207e-20
2.2725613180327867e-05 8.453387807383647e-20
2.275543681967213e-05 8.534162563729499e-20
2.278526045901639e-05 8.754138377975558e-20
2.2815084098360655e-05 9.37685909868549e-20
2.284490773770492e-05 1.043172747924549e-19
2.287473137704918e-05 1.1164907707706612e-19
2.2904555016393443e-05 1.0798183336684155e-19
2.29343786557377e-05 1.1587461919051934e-19
2.2964202295081964e-05 1.2948786041325388e-19
2.2994025934426228e-05 1.3205592438020217e-19
2.3023849573770488e-05 1.3250074786117187e-19
2.3053673213114752e-05 1.376348872508025e-19
2.3083496852459016e-05 1.4862321818105942e-19
2.3113320491803276e-05 1.5749548734352655e-19
2.314314413114754e-05 1.563638891225663e-19
2.3172967770491804e-05 1.5868306610493834e-19
2.3202791409836064e-05 1.733121592125987e-19
2.3232615049180325e-05 1.8011799115897336e-19
2.326243868852459e-05 1.7882547150927856e-19
2.329226232786885e-05 1.8493515346627456e-19
2.3322085967213113e-05 1.9330741831973186e-19
2.3351909606557377e-05 2.0272218586997428e-19
2.3381733245901637e-05 2.02852728174881e-19
2.34115568852459e-05 2.0089603210865987e-19
2.3441380524590165e-05 2.1759052767793517e-19
2.3471204163934425e-05 2.262712637115302e-19
2.350102780327869e-05 2.2412891811230156e-19
2.3530851442622946e-05 2.29879777121177e-19
2.356067508196721e-05 2.3612864106034664e-19
2.3590498721311474e-05 2.4742880206047326e-19
