0.0 1.3574345819909856e-19
2.982195256166983e-08 1.3619119186970147e-19
5.964390512333966e-08 1.5882098933743274e-19
8.946585768500948e-08 1.5217655485896007e-19
1.1928781024667932e-07 1.3643993136389295e-19
1.4910976280834914e-07 1.5239437979069227e-19
1.7893171537001896e-07 1.6117789142816572e-19
2.0875366793168878e-07 1.5702469300828656e-19
2.3857562049335863e-07 1.515457839987607e-19
2.683975730550285e-07 1.5119246492333894e-19
2.982195256166983e-07 1.6952984252591522e-19
3.2804147817836807e-07 1.6970423260710296e-19
3.578634307400379e-07 1.5118068609333712e-19
3.8768538330170777e-07 1.6370724835851753e-19
4.1750733586337756e-07 1.7822681920944696e-19
4.4732928842504736e-07 1.7127093545841969e-19
4.771512409867173e-07 1.6791968534237128e-19
5.069731935483871e-07 1.6661509690107994e-19
5.36795146110057e-07 1.78497655396106e-19
5.666170986717266e-07 1.8647253646722913e-19
5.964390512333966e-07 1.6859386210248167e-19
6.262610037950663e-07 1.7202580511739353e-19
6.560829563567361e-07 1.89234837525376e-19
6.85904908918406e-07 1.8508764839723307e-19
7.157268614800758e-07 1.811318434170753e-19
7.455488140417457e-07 1.78977846738665e-19
7.753707666034155e-07 1.8637137813020666e-19
8.051927191650853e-07 2.0078587816600427e-19
8.350146717267551e-07 1.8731761506285989e-19
8.64836624288425e-07 1.792744209335439e-19
8.946585768500947e-07 1.981610278841649e-19
9.244805294117646e-07 2.0066118455235112e-19
9.543024819734345e-07 1.909758223779496e-19
9.841244345351043e-07 1.8988461478053543e-19
1.0139463870967741e-06 1.9395130255304157e-19
1.0437683396584441e-06 2.0669987765624153e-19
1.073590292220114e-06 2.0240937439415872e-19
1.1034122447817835e-06 1.8707016740253595e-19
1.1332341973434533e-06 2.0199632947177212e-19
1.1630561499051233e-06 2.1120632755000745e-19
1.192878102466793e-06 2.0236542970093578e-19
1.222700055028463e-06 2.0022181229497815e-19
1.2525220075901327e-06 1.9974333415799442e-19
1.2823439601518027e-06 2.1277832251272162e-19
1.3121659127134723e-06 2.1315393612859866e-19
1.341987865275142e-06 1.9519176815509598e-19
1.371809817836812e-06 2.0535206570788025e-19
1.4016317703984819e-06 2.1798070473889446e-19
1.4314537229601517e-06 2.089820605497416e-19
1.4612756755218215e-06 2.0552852246499637e-19
1.4910976280834915e-06 2.058511466952925e-19
1.5209195806451613e-06 2.1488857603541187e-19
1.550741533206831e-06 2.223644790306403e-19
1.5805634857685007e-06 2.0433934313050535e-19
1.6103854383301707e-06 2.0520928774600278e-19
1.6402073908918405e-06 2.2227350571456656e-19
1.6700293434535103e-06 2.1627087894426213e-19
1.6998512960151803e-06 2.1094002392310992e-19
1.72967324857685e-06 2.0874193703802433e-19
1.7594952011385199e-06 2.1369421175446698e-19
1.7893171537001894e-06 2.2516844726266587e-19
1.8191391062618595e-06 2.116343458733053e-19
1.8489610588235292e-06 2.0436583973879128e-19
1.878783011385199e-06 2.224599832957137e-19
1.908604963946869e-06 2.227960426251102e-19
1.938426916508539e-06 2.1275262030300917e-19
1.9682488690702086e-06 2.1260611012633214e-19
1.9980708216318784e-06 2.1456414475047647e-19
2.0278927741935482e-06 2.239478428917822e-19
2.057714726755218e-06 2.1924175992843887e-19
2.0875366793168882e-06 2.0565676698529767e-19
2.117358631878558e-06 2.1795774384501533e-19
2.147180584440228e-06 2.246633375703975e-19
2.1770025370018972e-06 2.154082824269306e-19
2.206824489563567e-06 2.123200685051123e-19
2.236646442125237e-06 2.1197709328395097e-19
2.2664683946869066e-06 2.2339525842231896e-19
2.296290347248577e-06 2.239650823452818e-19
2.3261122998102466e-06 2.0694081288971266e-19
2.3559342523719164e-06 2.1491928182236198e-19
2.385756204933586e-06 2.255092419984957e-19
2.415578157495256e-06 2.1657032319091408e-19
2.445400110056926e-06 2.1234161473457595e-19
2.4752220626185956e-06 2.1097258044232737e-19
2.5050440151802654e-06 2.179653209460271e-19
2.5348659677419356e-06 2.243921455910076e-19
2.5646879203036054e-06 2.0829310779023831e-19
2.594509872865275e-06 2.0757767975151782e-19
2.6243318254269446e-06 2.2410641721276685e-19
2.6541537779886144e-06 2.1822919422821577e-19
2.683975730550284e-06 2.1052272173375037e-19
2.713797683111954e-06 2.1025885656039165e-19
2.743619635673624e-06 2.1352622008305152e-19
2.773441588235294e-06 2.235570981381741e-19
2.8032635407969638e-06 2.1180730396359138e-19
2.8330854933586336e-06 2.031586828630146e-19
2.8629074459203034e-06 2.185120126227156e-19
2.892729398481973e-06 2.1654321578843917e-19
2.922551351043643e-06 2.0825273245491708e-19
2.952373303605313e-06 2.0708627148565386e-19
2.982195256166983e-06 2.086624215302324e-19
3.0120172087286528e-06 2.1996556270934193e-19
3.0418391612903226e-06 2.1158143614988864e-19
3.0716611138519924e-06 1.978853957732883e-19
3.101483066413662e-06 2.1161995138362904e-19
3.1313050189753315e-06 2.1637822841042924e-19
3.1611269715370013e-06 2.0532320004321057e-19
3.1909489240986715e-06 2.0291902806366328e-19
3.2207708766603413e-06 2.0330149437451083e-19
3.250592829222011e-06 2.1036369849497298e-19
3.280414781783681e-06 2.1021488371748133e-19
3.3102367343453507e-06 1.9513008798877049e-19
3.3400586869070205e-06 2.020317963408943e-19
3.3698806394686903e-06 2.1235377722934788e-19
3.3997025920303605e-06 2.027299879651441e-19
3.4295245445920303e-06 1.9958225651462998e-19
3.4593464971537e-06 1.973512312385166e-19
3.48916844971537e-06 2.0245149802674352e-19
3.5189904022770397e-06 2.0998279276854013e-19
3.5488123548387095e-06 1.9266217695588404e-19
3.578634307400379e-06 1.909891970022732e-19
3.608456259962049e-06 2.0645138573599883e-19
3.638278212523719e-06 1.9888936136315768e-19
3.6681001650853887e-06 1.9151086824776342e-19
3.6979221176470585e-06 1.9161050304239628e-19
3.7277440702087283e-06 1.9341000061573078e-19
3.757566022770398e-06 2.02946358845169e-19
3.787387975332068e-06 1.9188131212892948e-19
3.817209927893738e-06 1.797799503183108e-19
3.8470318804554075e-06 1.9701943072765266e-19
3.876853833017078e-06 1.9756927716797987e-19
3.906675785578747e-06 1.8432696691866365e-19
3.936497738140417e-06 1.8463021812291747e-19
3.9663196907020875e-06 1.8472709874084783e-19
3.996141643263757e-06 1.9320420187857341e-19
4.025963595825427e-06 1.8960864520878737e-19
4.0557855483870965e-06 1.7280070885772534e-19
4.085607500948767e-06 1.8493145075328793e-19
4.115429453510436e-06 1.917695966962701e-19
4.145251406072106e-06 1.7887188877862564e-19
4.1750733586337765e-06 1.7753964204066012e-19
4.204895311195446e-06 1.7645481666209874e-19
4.234717263757116e-06 1.8343493515911284e-19
4.2645392163187855e-06 1.8536913704195738e-19
4.294361168880456e-06 1.65536253407989e-19
4.324183121442124e-06 1.7154397560969318e-19
4.3540050740037944e-06 1.8526628328330233e-19
4.383827026565465e-06 1.719272220380556e-19
4.413648979127134e-06 1.6807839576717472e-19
4.443470931688804e-06 1.684738214455979e-19
4.473292884250474e-06 1.7184896122644788e-19
4.503114836812144e-06 1.7866971768739207e-19
4.532936789373813e-06 1.6034681566014016e-19
4.562758741935483e-06 1.5776054375021337e-19
4.592580694497154e-06 1.7530093714366834e-19
4.622402647058823e-06 1.6526701700133347e-19
4.652224599620493e-06 1.5543081496216295e-19
4.682046552182163e-06 1.5796546598011232e-19
4.711868504743833e-06 1.579354646244494e-19
4.741690457305502e-06 1.654798747732422e-19
4.771512409867172e-06 1.551452222477923e-19
4.801334362428842e-06 1.4360194281874173e-19
4.831156314990512e-06 1.6033837711178647e-19
4.860978267552182e-06 1.596322572807255e-19
4.890800220113852e-06 1.4525374125237875e-19
4.920622172675522e-06 1.4642654967579495e-19
4.950444125237191e-06 1.467875968736627e-19
4.980266077798861e-06 1.517610625330289e-19
5.010088030360531e-06 1.4831709970868812e-19
5.039909982922201e-06 1.299264350414078e-19
5.069731935483871e-06 1.4121789840023052e-19
5.099553888045541e-06 1.501263355119902e-19
5.129375840607211e-06 1.319203546893012e-19
5.15919779316888e-06 1.3171435867286183e-19
5.18901974573055e-06 1.3383604409403763e-19
5.21884169829222e-06 1.3561934366428925e-19
5.248663650853889e-06 1.380007922378752e-19
5.278485603415559e-06 1.1776257539862844e-19
5.308307555977229e-06 1.222863582803938e-19
5.338129508538899e-06 1.3875482574183752e-19
5.367951461100568e-06 1.2006849263985073e-19
5.3977734136622385e-06 1.1241140409098623e-19
5.427595366223908e-06 1.1737333813771275e-19
5.457417318785578e-06 1.190587141196705e-19
5.487239271347248e-06 1.2317753797929091e-19
5.517061223908918e-06 1.0567930803195785e-19
5.546883176470588e-06 1.0241732688103376e-19
5.576705129032257e-06 1.2172080306017987e-19
5.6065270815939275e-06 1.1114614647165087e-19
5.636349034155597e-06 9.672795006328982e-20
5.666170986717267e-06 1.0162741801712297e-19
5.695992939278937e-06 1.0390472044904718e-19
5.725814891840607e-06 1.0598551217529034e-19
5.755636844402277e-06 9.481697567074251e-20
5.785458796963946e-06 8.217778391193167e-20
5.8152807495256165e-06 1.0055749012391333e-19
5.845102702087286e-06 1.0016363002372047e-19
5.874924654648956e-06 7.775034004633696e-20
5.904746607210626e-06 8.37461027123015e-20
5.934568559772296e-06 8.831791611544726e-20
5.964390512333966e-06 8.768407554856115e-20
5.994212464895635e-06 8.302852226968477e-20
6.0240344174573055e-06 6.560301230983323e-20
6.053856370018975e-06 7.924943667765251e-20
6.083678322580645e-06 8.783987982546362e-20
6.1135002751423145e-06 6.337025763069285e-20
6.143322227703985e-06 6.406385307258597e-20
6.173144180265655e-06 7.047358749563748e-20
6.202966132827324e-06 6.867579993642473e-20
6.232788085388994e-06 6.961944744864884e-20
6.262610037950663e-06 5.062050857503238e-20
6.292431990512333e-06 5.532398540551815e-20
6.322253943074003e-06 7.254115327851136e-20
6.352075895635673e-06 5.1616084031629885e-20
6.381897848197343e-06 4.464055631238467e-20
6.4117198007590125e-06 5.510963697395957e-20
6.441541753320683e-06 5.198073191740443e-20
6.471363705882352e-06 5.2151880474799173e-20
6.501185658444022e-06 3.8664007333937765e-20
6.531007611005692e-06 3.292988825576983e-20
6.560829563567362e-06 5.3677964214861925e-20
6.590651516129032e-06 4.095222611339906e-20
6.6204734686907014e-06 2.3970249132605763e-20
6.650295421252372e-06 3.7259131912935496e-20
6.680117373814041e-06 3.5762980427681917e-20
6.709939326375711e-06 3.2985617455726374e-20
6.739761278937381e-06 2.708139241942633e-20
6.769583231499051e-06 1.5001579151300874e-20
6.799405184060721e-06 3.2105254029900696e-20
6.8292271366223904e-06 3.126861396332027e-20
6.859049089184061e-06 6.2330587932594974e-21
6.88887104174573e-06 1.3316612192438461e-20
6.9186929943074e-06 2.131873061451983e-20
6.94851494686907e-06 1.5644474040120044e-20
6.97833689943074e-06 8.98425431384959e-21
7.00815885199241e-06 -2.5939923207104134e-21
7.0379808045540794e-06 9.462734511141023e-21
7.06780275711575e-06 1.637451168610696e-20
7.097624709677419e-06 -6.705289451155515e-21
7.127446662239089e-06 -7.363311301651413e-21
7.157268614800758e-06 4.354216673029716e-21
7.187090567362428e-06 -1.2761592234374438e-21
7.216912519924098e-06 -6.99006321689038e-21
7.246734472485768e-06 -1.8378671699610874e-20
7.276556425047438e-06 -1.549934726107247e-20
7.306378377609107e-06 -4.606130740415136e-22
7.336200330170777e-06 -2.0824186613334894e-20
7.366022282732447e-06 -3.1532692624743126e-20
7.395844235294117e-06 -1.4741942480498695e-20
7.425666187855787e-06 -1.8923664969284694e-20
7.4554881404174566e-06 -2.6006577436706395e-20
7.485310092979128e-06 -3.2524674323420156e-20
7.515132045540796e-06 -3.72851819233911e-20
7.544953998102467e-06 -2.219300892528915e-20
7.574775950664136e-06 -3.2910473354475234e-20
7.604597903225807e-06 -5.116421879232454e-20
7.634419855787476e-06 -3.6468068245892966e-20
7.664241808349145e-06 -3.756528498877677e-20
7.694063760910815e-06 -4.652105500398526e-20
7.723885713472485e-06 -5.047645774141895e-20
7.753707666034155e-06 -5.862770885356946e-20
7.783529618595824e-06 -4.3572174759011166e-20
7.813351571157494e-06 -4.6499288391326157e-20
7.843173523719164e-06 -7.126239981027914e-20
7.872995476280835e-06 -6.091733623877929e-20
7.902817428842503e-06 -5.3237973380719973e-20
7.932639381404175e-06 -6.540939358373573e-20
7.962461333965844e-06 -6.850966026415213e-20
7.992283286527514e-06 -7.628598099847758e-20
8.022105239089182e-06 -7.088649892289273e-20
8.051927191650854e-06 -6.350460575906279e-20
8.081749144212523e-06 -8.538643070604635e-20
8.111571096774193e-06 -8.653577081682772e-20
8.141393049335863e-06 -7.267134687994116e-20
8.171215001897533e-06 -8.34502016480523e-20
8.201036954459202e-06 -8.931733057310852e-20
8.230858907020872e-06 -9.269264866271368e-20
8.260680859582542e-06 -9.363075612151277e-20
8.290502812144213e-06 -8.338961801805541e-20
8.320324764705881e-06 -1.0138465936650953e-19
8.350146717267553e-06 -1.1172104678310354e-19
8.379968669829222e-06 -9.289111843553706e-20
8.409790622390892e-06 -1.0061204451231931e-19
8.43961257495256e-06 -1.117916649317469e-19
8.469434527514232e-06 -1.1278457108378742e-19
8.4992564800759e-06 -1.1533460151810235e-19
8.529078432637571e-06 -1.0533552952860879e-19
8.558900385199241e-06 -1.1609206947972106e-19
8.588722337760911e-06 -1.323601635684496e-19
8.61854429032258e-06 -1.175128111916573e-19
8.648366242884248e-06 -1.1691672161413637e-19
8.67818819544592e-06 -1.3243346199036783e-19
8.708010148007589e-06 -1.3319225136890042e-19
8.737832100569259e-06 -1.3495718680819427e-19
8.76765405313093e-06 -1.307208059753378e-19
8.7974760056926e-06 -1.3195915895111719e-19
8.827297958254268e-06 -1.5290196825555458e-19
8.857119910815938e-06 -1.4443016434227442e-19
8.886941863377608e-06 -1.3258136506320558e-19
8.916763815939279e-06 -1.5253036929018017e-19
8.946585768500947e-06 -1.545789153563036e-19
8.976407721062619e-06 -1.52144138706234e-19
9.006229673624288e-06 -1.5378434138563773e-19
9.036051626185958e-06 -1.5064004497154269e-19
9.065873578747626e-06 -1.6976020030741678e-19
9.095695531309298e-06 -1.68348500800611e-19
9.125517483870967e-06 -1.5350866823143685e-19
9.155339436432637e-06 -1.6997763942088527e-19
9.185161388994307e-06 -1.7628276284466606e-19
9.214983341555977e-06 -1.7322105442450982e-19
9.244805294117646e-06 -1.7510569948666177e-19
9.274627246679316e-06 -1.7111233648468509e-19
9.304449199240986e-06 -1.8360059561625388e-19
9.334271151802657e-06 -1.900183400135251e-19
9.364093104364325e-06 -1.760395106261593e-19
9.393915056925995e-06 -1.8467879790523267e-19
9.423737009487666e-06 -1.9642099068415389e-19
9.453558962049336e-06 -1.9203793730604493e-19
9.483380914611004e-06 -1.951148262150602e-19
9.513202867172676e-06 -1.9195853564050977e-19
9.543024819734345e-06 -1.9776998325855007e-19
9.572846772296013e-06 -2.1116423238747885e-19
9.602668724857684e-06 -1.9805105949432467e-19
9.632490677419354e-06 -1.9826727576067388e-19
9.662312629981024e-06 -2.1385447877506238e-19
9.692134582542693e-06 -2.10269379166074e-19
9.721956535104364e-06 -2.107733586755407e-19
9.751778487666033e-06 -2.104788281305843e-19
9.781600440227703e-06 -2.1232852936972938e-19
9.811422392789372e-06 -2.280819040760509e-19
9.841244345351044e-06 -2.191090483822516e-19
9.871066297912712e-06 -2.122839556419296e-19
9.900888250474382e-06 -2.3037193033137392e-19
9.930710203036053e-06 -2.306302572722719e-19
9.960532155597723e-06 -2.262545976538982e-19
9.990354108159391e-06 -2.2717313118607924e-19
1.0020176060721062e-05 -2.2835881952617286e-19
1.0049998013282732e-05 -2.4096099658787087e-19
1.0079819965844402e-05 -2.365171771360353e-19
1.010964191840607e-05 -2.26693274698076e-19
1.0139463870967742e-05 -2.417738616730421e-19
1.0169285823529411e-05 -2.4547021762177696e-19
1.0199107776091081e-05 -2.400395775878009e-19
1.022892972865275e-05 -2.44260871134685e-19
1.0258751681214422e-05 -2.4175726282960727e-19
1.028857363377609e-05 -2.499474403322068e-19
1.031839558633776e-05 -2.5421241888777985e-19
1.034821753889943e-05 -2.4070444771454766e-19
1.03780394914611e-05 -2.500975194559004e-19
1.040786144402277e-05 -2.5965654636592646e-19
1.043768339658444e-05 -2.515726636419688e-19
1.046750534914611e-05 -2.5381623630628027e-19
1.0497327301707778e-05 -2.5429919548634795e-19
1.0527149254269449e-05 -2.5969467440079802e-19
1.0556971206831119e-05 -2.667270172847521e-19
1.0586793159392789e-05 -2.5364389304959776e-19
1.0616615111954457e-05 -2.576542030702374e-19
1.0646437064516128e-05 -2.7176440955089083e-19
1.0676259017077798e-05 -2.6215364291977294e-19
1.0706080969639468e-05 -2.619405084249779e-19
1.0735902922201137e-05 -2.662306437573957e-19
1.0765724874762809e-05 -2.6464071192893105e-19
1.0795546827324477e-05 -2.7459417841429155e-19
1.0825368779886147e-05 -2.672499488620895e-19
1.0855190732447816e-05 -2.6180739518755544e-19
1.0885012685009488e-05 -2.7765353760052397e-19
1.0914834637571156e-05 -2.7484345906762793e-19
1.0944656590132826e-05 -2.6983077728510555e-19
1.0974478542694497e-05 -2.735433036986876e-19
1.1004300495256167e-05 -2.7289568576502533e-19
1.1034122447817835e-05 -2.80786277746021e-19
1.1063944400379506e-05 -2.776134597534489e-19
1.1093766352941176e-05 -2.6830255029957715e-19
1.1123588305502846e-05 -2.8185551385005396e-19
1.1153410258064515e-05 -2.829263407951281e-19
1.1183232210626187e-05 -2.7416719889141483e-19
1.1213054163187855e-05 -2.81322347928604e-19
1.1242876115749525e-05 -2.7918265991101566e-19
1.1272698068311194e-05 -2.8354030654558567e-19
1.1302520020872866e-05 -2.877687896007709e-19
1.1332341973434534e-05 -2.7510413331859866e-19
1.1362163925996204e-05 -2.85542568028977e-19
1.1391985878557875e-05 -2.9158784279569446e-19
1.1421807831119545e-05 -2.7889370786713904e-19
1.1451629783681213e-05 -2.8548709710641767e-19
1.1481451736242882e-05 -2.8640012816390583e-19
1.1511273688804554e-05 -2.845592813655067e-19
1.1541095641366222e-05 -2.9229076118008387e-19
1.1570917593927893e-05 -2.8202866256562536e-19
1.1600739546489563e-05 -2.829634745632029e-19
1.1630561499051233e-05 -2.9697157229385967e-19
1.1660383451612902e-05 -2.865995202218034e-19
1.1690205404174572e-05 -2.8448603327924775e-19
1.1720027356736242e-05 -2.9182360241342593e-19
1.1749849309297912e-05 -2.8686465730100964e-19
1.177967126185958e-05 -2.926064481611863e-19
1.1809493214421253e-05 -2.897083129185592e-19
1.1839315166982921e-05 -2.8325767464582766e-19
1.1869137119544591e-05 -2.9553640258464527e-19
1.189895907210626e-05 -2.9170456675713765e-19
1.1928781024667932e-05 -2.8475393987665535e-19
1.19586029772296e-05 -2.917906915104197e-19
1.198842492979127e-05 -2.895455635176959e-19
1.201824688235294e-05 -2.9118617842003956e-19
1.2048068834914611e-05 -2.9303037337980046e-19
1.207789078747628e-05 -2.859874704219997e-19
1.210771274003795e-05 -2.929560695141971e-19
1.213753469259962e-05 -2.9412342836706437e-19
1.216735664516129e-05 -2.840782701028191e-19
1.2197178597722959e-05 -2.896438753098157e-19
1.2227000550284629e-05 -2.8862016760097834e-19
1.22568225028463e-05 -2.865583417150065e-19
1.228664445540797e-05 -2.92394620432568e-19
1.2316466407969638e-05 -2.8363404044765557e-19
1.234628836053131e-05 -2.857452057018586e-19
1.2376110313092978e-05 -2.9342321140248053e-19
1.2405932265654649e-05 -2.835062497391856e-19
1.2435754218216317e-05 -2.8463673781682243e-19
1.2465576170777987e-05 -2.886478402677634e-19
1.2495398123339658e-05 -2.8351827610741523e-19
1.2525220075901326e-05 -2.8721069422218926e-19
1.2555042028462998e-05 -2.819727773380861e-19
1.2584863981024667e-05 -2.78171494844972e-19
1.2614685933586337e-05 -2.873144789545277e-19
1.2644507886148005e-05 -2.79497249175366e-19
1.2674329838709677e-05 -2.760825125002084e-19
1.2704151791271346e-05 -2.8297065075050125e-19
1.2733973743833016e-05 -2.7708870209023246e-19
1.2763795696394686e-05 -2.7872022454176116e-19
1.2793617648956356e-05 -2.7730810529045713e-19
1.2823439601518025e-05 -2.703572979239392e-19
1.2853261554079695e-05 -2.778915105231826e-19
1.2883083506641365e-05 -2.732342534340722e-19
1.2912905459203036e-05 -2.666551775491498e-19
1.2942727411764704e-05 -2.7360708700510674e-19
1.2972549364326376e-05 -2.675779880854545e-19
1.3002371316888045e-05 -2.6627262573568127e-19
1.3032193269449715e-05 -2.692472321146809e-19
1.3062015222011383e-05 -2.5962848519672655e-19
1.3091837174573055e-05 -2.6471498117056313e-19
1.3121659127134724e-05 -2.6611218519714563e-19
1.3151481079696394e-05 -2.551485359451694e-19
1.3181303032258064e-05 -2.611323363555012e-19
1.3211124984819734e-05 -2.5885218885486313e-19
1.3240946937381403e-05 -2.5312319321297104e-19
1.3270768889943073e-05 -2.5744985515407283e-19
1.3300590842504743e-05 -2.479885070520327e-19
1.3330412795066414e-05 -2.4920739024182494e-19
1.3360234747628082e-05 -2.536283546545521e-19
1.3390056700189752e-05 -2.424929927966077e-19
1.3419878652751423e-05 -2.4500831335836457e-19
1.3449700605313091e-05 -2.4479726983381863e-19
1.3479522557874761e-05 -2.380476755771227e-19
1.3509344510436431e-05 -2.425882422178355e-19
1.3539166462998102e-05 -2.3583727066010547e-19
1.356898841555977e-05 -2.3218435283008257e-19
1.3598810368121442e-05 -2.3890309607430077e-19
1.362863232068311e-05 -2.291864369425639e-19
1.3658454273244781e-05 -2.2546187054934923e-19
1.368827622580645e-05 -2.2899018527604306e-19
1.3718098178368121e-05 -2.2242365048988565e-19
1.374792013092979e-05 -2.237807140610331e-19
1.377774208349146e-05 -2.21067156855011e-19
1.380756403605313e-05 -2.1145610077974791e-19
1.38373859886148e-05 -2.171720890146568e-19
1.3867207941176469e-05 -2.1560724343014758e-19
1.389702989373814e-05 -2.0634645338723844e-19
1.392685184629981e-05 -2.099404625832188e-19
1.395667379886148e-05 -2.0546092314613649e-19
1.3986495751423148e-05 -2.029308015357372e-19
1.401631770398482e-05 -2.0465970604261971e-19
1.4046139656546489e-05 -1.9186826603031726e-19
1.4075961609108159e-05 -1.9435400840192567e-19
1.4105783561669827e-05 -1.971452206868626e-19
1.41356055142315e-05 -1.8435990141984291e-19
1.4165427466793168e-05 -1.8827172905439387e-19
1.4195249419354838e-05 -1.8490596597259346e-19
1.4225071371916508e-05 -1.7875648048628284e-19
1.4254893324478178e-05 -1.847451794309865e-19
1.4284715277039847e-05 -1.7187761790141412e-19
1.4314537229601516e-05 -1.7081416284771407e-19
1.4344359182163187e-05 -1.7840031079905694e-19
1.4374181134724856e-05 -1.6290190982612852e-19
1.4404003087286526e-05 -1.6239329950169453e-19
1.4433825039848196e-05 -1.6521140086656343e-19
1.4463646992409867e-05 -1.5423657509126578e-19
1.4493468944971535e-05 -1.5855657417625053e-19
1.4523290897533205e-05 -1.530617180539407e-19
1.4553112850094876e-05 -1.4435243137847143e-19
1.4582934802656546e-05 -1.5339481823965535e-19
1.4612756755218214e-05 -1.433837187492444e-19
1.4642578707779886e-05 -1.3768118319290678e-19
1.4672400660341555e-05 -1.4322551331430021e-19
1.4702222612903225e-05 -1.3171106590968147e-19
1.4732044565464894e-05 -1.342346452014533e-19
1.4761866518026565e-05 -1.3270791757687736e-19
1.4791688470588234e-05 -1.162955327528663e-19
1.4821510423149904e-05 -1.248466524495015e-19
1.4851332375711574e-05 -1.2421780612458652e-19
1.4881154328273243e-05 -1.106521383568251e-19
1.4910976280834913e-05 -1.1630253521011961e-19
1.4940798233396583e-05 -1.098864836902803e-19
1.4970620185958255e-05 -1.0548234627043023e-19
1.5000442138519922e-05 -1.107605028828072e-19
1.5030264091081592e-05 -9.469702240141098e-20
1.5060086043643263e-05 -9.588603382305318e-20
1.5089907996204934e-05 -1.0294795981544134e-19
1.5119729948766601e-05 -8.515401280130592e-20
1.5149551901328272e-05 -8.732875209010413e-20
1.5179373853889943e-05 -8.832739034673763e-20
1.5209195806451614e-05 -7.91034598978757e-20
1.523901775901328e-05 -8.490291983904643e-20
1.5268839711574952e-05 -7.191597999950244e-20
1.5298661664136623e-05 -6.79942782892148e-20
1.532848361669829e-05 -7.998879099502953e-20
1.535830556925996e-05 -6.418338421346614e-20
1.538812752182163e-05 -6.032000688171642e-20
1.54179494743833e-05 -6.526888507024164e-20
1.544777142694497e-05 -5.501517007537899e-20
1.547759337950664e-05 -5.891305104404158e-20
1.550741533206831e-05 -5.2045976927741224e-20
1.553723728462998e-05 -3.979650857349208e-20
1.5567059237191648e-05 -5.165565179656582e-20
1.5596881189753318e-05 -4.343858426173415e-20
1.5626703142314988e-05 -3.124555574477357e-20
1.5656525094876662e-05 -4.064327337793714e-20
1.568634704743833e-05 -3.3039162901248017e-20
1.5716169e-05 -3.106441224392042e-20
1.574599095256167e-05 -3.1270926177510784e-20
1.577581290512334e-05 -1.5796896298724504e-20
1.5805634857685006e-05 -2.4604496393101817e-20
1.5835456810246676e-05 -2.4193171850486e-20
1.586527876280835e-05 -5.717210567283675e-21
1.589510071537002e-05 -1.2420179987779264e-20
1.5924922667931687e-05 -1.0099044125197923e-20
1.5954744620493357e-05 -3.2828963553263415e-21
1.5984566573055027e-05 -6.2235904553690536e-21
1.6014388525616698e-05 8.074468071054048e-21
1.6044210478178365e-05 4.8363129758181065e-21
1.6074032430740038e-05 -1.878986159116874e-21
1.610385438330171e-05 1.7127654665765522e-20
1.613367633586338e-05 1.549649181539784e-20
1.6163498288425045e-05 1.205503875555598e-20
1.6193320240986716e-05 2.3097767405560515e-20
1.6223142193548386e-05 2.0671867788694037e-20
1.6252964146110053e-05 2.926105290374396e-20
1.6282786098671726e-05 3.5733272300520366e-20
1.6312608051233397e-05 2.3864736746488678e-20
1.6342430003795067e-05 3.7830649806678255e-20
1.6372251956356734e-05 4.839513348719102e-20
1.6402073908918404e-05 3.698482872728853e-20
1.6431895861480074e-05 4.6179146163351445e-20
1.6461717814041744e-05 4.893568409791691e-20
1.6491539766603414e-05 5.096034262850116e-20
1.6521361719165085e-05 6.382532823761142e-20
1.6551183671726755e-05 5.2269587045018386e-20
1.6581005624288425e-05 5.851787272131354e-20
1.6610827576850092e-05 7.654413198359858e-20
1.6640649529411762e-05 6.419032547740993e-20
1.6670471481973432e-05 6.919246799461666e-20
1.6700293434535106e-05 7.956942384843915e-20
1.6730115387096773e-05 7.604164440108746e-20
1.6759937339658443e-05 8.84738254170498e-20
1.6789759292220113e-05 8.25807013701469e-20
1.6819581244781783e-05 7.894711482279121e-20
1.684940319734345e-05 1.0340805194126118e-19
1.687922514990512e-05 9.616314012807247e-20
1.6909047102466794e-05 8.998081741459697e-20
1.6938869055028464e-05 1.050476501897527e-19
1.696869100759013e-05 1.0359211306987471e-19
1.69985129601518e-05 1.1376273674833557e-19
1.702833491271347e-05 1.133051812269032e-19
1.7058156865275142e-05 1.0422948115511942e-19
1.708797881783681e-05 1.2604664945420618e-19
1.7117800770398482e-05 1.278769863178869e-19
1.7147622722960152e-05 1.1537224337395916e-19
1.7177444675521823e-05 1.279789299899393e-19
1.720726662808349e-05 1.3254937969474208e-19
1.723708858064516e-05 1.3344587823520388e-19
1.726691053320683e-05 1.3961483302874162e-19
1.7296732485768497e-05 1.3219828973526251e-19
1.732655443833017e-05 1.4460781785697477e-19
1.735637639089184e-05 1.5616622708602946e-19
1.738619834345351e-05 1.399178318906751e-19
1.7416020296015178e-05 1.509767872088868e-19
1.7445842248576848e-05 1.6033984255195578e-19
1.7475664201138518e-05 1.5556868044592515e-19
1.750548615370019e-05 1.6647660086228068e-19
1.753530810626186e-05 1.5774113523166616e-19
1.756513005882353e-05 1.6358724405276346e-19
1.75949520113852e-05 1.8080448637298248e-19
1.762477396394687e-05 1.6670513491661937e-19
1.7654595916508536e-05 1.6930835127947423e-19
1.7684417869070206e-05 1.8227172980632934e-19
1.7714239821631876e-05 1.8139616966307634e-19
1.774406177419355e-05 1.8700474160383326e-19
1.7773883726755217e-05 1.8374365123173028e-19
1.7803705679316887e-05 1.83507855288638e-19
1.7833527631878557e-05 2.015844883399022e-19
1.7863349584440228e-05 1.948863033564556e-19
1.7893171537001894e-05 1.8683230918167722e-19
1.7922993489563565e-05 2.0530572804869742e-19
1.7952815442125238e-05 2.0394620152993281e-19
1.798263739468691e-05 2.0398721803417487e-19
1.8012459347248575e-05 2.0917468440968056e-19
1.8042281299810246e-05 2.0109143449574048e-19
1.8072103252371916e-05 2.181480270980682e-19
1.8101925204933586e-05 2.2199527334349496e-19
1.8131747157495253e-05 2.0722634212752335e-19
1.8161569110056926e-05 2.214595433680496e-19
1.8191391062618597e-05 2.270936107899572e-19
1.8221213015180263e-05 2.236826757956774e-19
1.8251034967741934e-05 2.2790321685081614e-19
1.8280856920303604e-05 2.211567843542057e-19
1.8310678872865274e-05 2.328083123690682e-19
1.834050082542694e-05 2.43236840114429e-19
1.8370322777988615e-05 2.2587662754212713e-19
1.8400144730550285e-05 2.3371827861763634e-19
1.8429966683111955e-05 2.475862968991744e-19
1.8459788635673622e-05 2.4022262157880593e-19
1.8489610588235292e-05 2.4501725422167484e-19
1.8519432540796962e-05 2.4233708788204544e-19
1.8549254493358632e-05 2.4388611886137086e-19
1.8579076445920303e-05 2.6167982255979366e-19
1.8608898398481973e-05 2.4747122683185313e-19
1.8638720351043643e-05 2.437147348829741e-19
1.8668542303605313e-05 2.641328424210073e-19
1.869836425616698e-05 2.5852934287390707e-19
1.872818620872865e-05 2.58270670695812e-19
1.875800816129032e-05 2.5834227262952497e-19
1.878783011385199e-05 2.564241312424982e-19
1.881765206641366e-05 2.7543022307100446e-19
1.884747401897533e-05 2.670657268102035e-19
1.8877295971537e-05 2.5644488723257355e-19
1.8907117924098672e-05 2.7676950249963174e-19
1.893693987666034e-05 2.7598994324450275e-19
1.896676182922201e-05 2.7058029064798305e-19
1.899658378178368e-05 2.7433554474359443e-19
1.9026405734345353e-05 2.6983614686157264e-19
1.905622768690702e-05 2.8295519666835813e-19
1.908604963946869e-05 2.842571747456536e-19
1.911587159203036e-05 2.685658860063046e-19
1.9145693544592027e-05 2.8361128391179023e-19
1.9175515497153697e-05 2.9200103866391445e-19
1.9205337449715367e-05 2.8236604766599895e-19
1.923515940227704e-05 2.869547588230913e-19
1.9264981354838708e-05 2.836345509489988e-19
1.9294803307400378e-05 2.8864119616439614e-19
1.9324625259962048e-05 2.9938008160755083e-19
1.9354447212523718e-05 2.8252595340268564e-19
1.9384269165085385e-05 2.8700430252276375e-19
1.9414091117647055e-05 3.026896531460746e-19
1.944391307020873e-05 2.9251606372073668e-19
1.94737350227704e-05 2.9372197953642024e-19
1.9503556975332066e-05 2.939431058280365e-19
1.9533378927893736e-05 2.9558207144712445e-19
1.9563200880455406e-05 3.092965199653865e-19
1.9593022833017077e-05 2.9540674684860267e-19
1.9622844785578743e-05 2.9311451054688147e-19
1.9652666738140417e-05 3.1235586373668977e-19
1.9682488690702087e-05 3.038180640556097e-19
1.9712310643263757e-05 3.013824174915686e-19
1.9742132595825424e-05 3.049138531418492e-19
1.9771954548387095e-05 3.0160389830372954e-19
1.9801776500948765e-05 3.145451947002445e-19
1.9831598453510435e-05 3.0748486128929353e-19
1.9861420406072105e-05 2.9763591767590166e-19
1.9891242358633775e-05 3.169529020719961e-19
1.9921064311195446e-05 3.1586470229982435e-19
1.9950886263757116e-05 3.067665973889308e-19
1.9980708216318783e-05 3.1254301889159486e-19
2.0010530168880453e-05 3.0951928063381094e-19
2.0040352121442123e-05 3.174667932172261e-19
2.0070174074003793e-05 3.1952789831268164e-19
2.0099996026565464e-05 3.033148522371906e-19
2.0129817979127134e-05 3.1718433771926683e-19
2.0159639931688804e-05 3.2592340595912157e-19
2.018946188425047e-05 3.1039425264557496e-19
2.021928383681214e-05 3.1600224967602965e-19
2.024910578937381e-05 3.1814033442156535e-19
2.0278927741935485e-05 3.1975783983034126e-19
2.0308749694497152e-05 3.272580434979265e-19
2.0338571647058822e-05 3.117176818643211e-19
2.0368393599620492e-05 3.1750968301550013e-19
2.0398215552182162e-05 3.329384254888454e-19
2.042803750474383e-05 3.1780541034894073e-19
2.04578594573055e-05 3.1911267242235753e-19
2.0487681409867173e-05 3.2499461372895826e-19
2.0517503362428843e-05 3.2086476503697074e-19
2.054732531499051e-05 3.3033567947103047e-19
2.057714726755218e-05 3.197452576181422e-19
2.060696922011385e-05 3.14757823026244e-19
2.063679117267552e-05 3.353365501900241e-19
2.0666613125237188e-05 3.2652279968172393e-19
2.069643507779886e-05 3.196121441448001e-19
2.072625703036053e-05 3.277388706004187e-19
2.07560789829222e-05 3.216402332439238e-19
2.078590093548387e-05 3.3200811690751713e-19
2.081572288804554e-05 3.2843270361011365e-19
2.084554484060721e-05 3.1349935676190986e-19
2.087536679316888e-05 3.323664018338338e-19
2.090518874573055e-05 3.307768906078184e-19
2.093501069829222e-05 3.1863854877909184e-19
2.096483265085389e-05 3.2726092272116865e-19
2.0994654603415557e-05 3.240780956410808e-19
2.1024476555977227e-05 3.291673720024783e-19
2.1054298508538897e-05 3.306222842889958e-19
2.1084120461100567e-05 3.150408922205939e-19
2.1113942413662237e-05 3.2694088129782057e-19
2.1143764366223908e-05 3.3496866576345436e-19
2.1173586318785578e-05 3.186818252445917e-19
2.1203408271347248e-05 3.221097567636149e-19
2.1233230223908915e-05 3.2585505437076325e-19
2.1263052176470585e-05 3.2346070745149285e-19
2.1292874129032255e-05 3.280907159578126e-19
2.132269608159393e-05 3.1551979648479553e-19
2.1352518034155596e-05 3.1796699657153476e-19
2.1382339986717266e-05 3.3267530795569683e-19
2.1412161939278936e-05 3.1728676419263296e-19
2.1441983891840606e-05 3.1499739229312227e-19
2.1471805844402273e-05 3.2167135344108016e-19
2.1501627796963944e-05 3.1508557389908186e-19
2.1531449749525617e-05 3.235424879790653e-19
2.1561271702087287e-05 3.141976407779653e-19
2.1591093654648954e-05 3.0607934192849617e-19
2.1620915607210624e-05 3.252775718313852e-19
2.1650737559772295e-05 3.1410599365407377e-19
2.1680559512333965e-05 3.039677232157963e-19
2.171038146489563e-05 3.1454083088202487e-19
2.1740203417457305e-05 3.081635491357902e-19
2.1770025370018976e-05 3.113710504989956e-19
2.1799847322580646e-05 3.106627306720231e-19
2.1829669275142313e-05 2.9700304847362236e-19
2.1859491227703983e-05 3.1017717125083614e-19
2.1889313180265653e-05 3.101745065595493e-19
2.1919135132827323e-05 2.942277283998348e-19
2.1948957085388993e-05 3.021210270854249e-19
2.1978779037950664e-05 2.988303310654753e-19
2.2008600990512334e-05 2.963252774702308e-19
2.2038422943074e-05 3.0030809171219837e-19
2.206824489563567e-05 2.8572798304244786e-19
2.209806684819734e-05 2.9190688951865276e-19
2.212788880075901e-05 3.002124597621544e-19
2.215771075332068e-05 2.8365380890815866e-19
2.2187532705882352e-05 2.8454534083363735e-19
2.2217354658444022e-05 2.8776162968378466e-19
2.2247176611005692e-05 2.8200744663957345e-19
2.227699856356736e-05 2.8653154778122684e-19
2.230682051612903e-05 2.7537550947262125e-19
2.23366424686907e-05 2.719782658793843e-19
2.2366464421252373e-05 2.857683145566411e-19
2.239628637381404e-05 2.716981587711174e-19
2.242610832637571e-05 2.6537095837882884e-19
2.245593027893738e-05 2.7286192515370394e-19
2.248575223149905e-05 2.657012572603117e-19
2.2515574184060717e-05 2.700198026031112e-19
2.2545396136622388e-05 2.6334350655418754e-19
2.257521808918406e-05 2.5167531279627003e-19
2.260504004174573e-05 2.6767259418956565e-19
2.26348619943074e-05 2.613233629262133e-19
2.266468394686907e-05 2.4513333396584307e-19
2.269450589943074e-05 2.531366819126912e-19
2.272432785199241e-05 2.4964972992132337e-19
2.2754149804554076e-05 2.488736440507163e-19
2.278397175711575e-05 2.474233145475553e-19
2.281379370967742e-05 2.331730305062059e-19
2.284361566223909e-05 2.4429387915796684e-19
2.2873437614800757e-05 2.458593143969722e-19
2.2903259567362427e-05 2.2589476855659766e-19
2.2933081519924097e-05 2.3141129242301232e-19
2.2962903472485764e-05 2.3259470651863934e-19
2.2992725425047438e-05 2.260596742983664e-19
2.3022547377609108e-05 2.2867771834093443e-19
2.3052369330170778e-05 2.147014208966652e-19
2.3082191282732445e-05 2.177895290553016e-19
2.3112013235294115e-05 2.2739986731686384e-19
2.3141835187855785e-05 2.0693179047736804e-19
2.3171657140417455e-05 2.071726136394513e-19
2.3201479092979126e-05 2.114542982783696e-19
2.3231301045540796e-05 2.0292532715245009e-19
2.3261122998102466e-05 2.0864525744215586e-19
2.3290944950664136e-05 1.9606613390017952e-19
2.3320766903225803e-05 1.906633861085883e-19
2.3350588855787473e-05 2.042523302212199e-19
2.3380410808349144e-05 1.8896768518664999e-19
2.3410232760910817e-05 1.795242778509217e-19
2.3440054713472484e-05 1.8789674486673892e-19
2.3469876666034154e-05 1.8189194757026947e-19
2.3499698618595825e-05 1.808064580174496e-19
2.3529520571157495e-05 1.7456105535980748e-19
2.355934252371916e-05 1.6417986731890067e-19
2.3589164476280832e-05 1.7607508314262363e-19
2.3618986428842505e-05 1.7056084060576734e-19
2.3648808381404176e-05 1.541184923329912e-19
2.3678630333965842e-05 1.6083609646574502e-19
2.3708452286527513e-05 1.5922909623184318e-19
2.3738274239089183e-05 1.538908361979451e-19
2.3768096191650853e-05 1.5178801965054934e-19
2.379791814421252e-05 1.3866891462574233e-19
2.3827740096774194e-05 1.4428821650898252e-19
2.3857562049335864e-05 1.4829610162244508e-19
2.388738400189753e-05 1.282264127153925e-19
2.39172059544592e-05 1.295936324027544e-19
2.394702790702087e-05 1.3293765520967058e-19
2.397684985958254e-05 1.253628071150748e-19
2.4006671812144208e-05 1.2720441286313263e-19
2.403649376470588e-05 1.128038963219065e-19
2.4066315717267552e-05 1.130102274678592e-19
2.4096137669829222e-05 1.2378025667204064e-19
2.412595962239089e-05 1.0294605332182456e-19
2.415578157495256e-05 9.800457646962529e-20
2.418560352751423e-05 1.0519140306431902e-19
2.42154254800759e-05 9.624077405580111e-20
2.424524743263757e-05 9.617605088363374e-20
2.427506938519924e-05 8.707118427335972e-20
2.430489133776091e-05 7.90582840609782e-20
2.433471329032258e-05 9.23001107938782e-20
2.4364535242884247e-05 8.050826989108189e-20
2.4394357195445918e-05 6.608088449471586e-20
2.4424179148007588e-05 7.366274260532103e-20
2.4454001100569258e-05 6.817623765813358e-20
2.4483823053130928e-05 6.610139100885468e-20
2.45136450056926e-05 5.982449385082814e-20
2.454346695825427e-05 4.623989456079487e-20
2.457328891081594e-05 5.935274990328517e-20
2.4603110863377606e-05 5.456075313143353e-20
2.4632932815939276e-05 3.039741060567236e-20
2.4662754768500946e-05 4.018883059057528e-20
2.469257672106262e-05 4.2311580420715585e-20
2.4722398673624287e-05 3.0996035043489333e-20
2.4752220626185957e-05 3.1503840342614036e-20
2.4782042578747627e-05 1.66841405663886e-20
2.4811864531309297e-05 2.0984129813912984e-20
2.4841686483870964e-05 2.7920204817055906e-20
2.4871508436432634e-05 3.6006849929837682e-22
2.4901330388994308e-05 2.8265528361304754e-21
2.4931152341555975e-05 1.0707205661883674e-20
2.4960974294117645e-05 -3.007420734360786e-21
2.4990796246679315e-05 -2.300644906037955e-21
2.5020618199240985e-05 -1.486384359117707e-20
2.5050440151802652e-05 -1.674471008285583e-20
2.5080262104364322e-05 -4.651468391535514e-21
2.5110084056925996e-05 -2.721251989010602e-20
2.5139906009487666e-05 -3.4889012762296343e-20
2.5169727962049333e-05 -2.3161755736314803e-20
2.5199549914611003e-05 -3.395956446364649e-20
2.5229371867172674e-05 -3.8956838807709474e-20
2.5259193819734344e-05 -4.681165018513798e-20
2.528901577229601e-05 -5.502152703398046e-20
2.5318837724857684e-05 -4.2243266637206573e-20
2.5348659677419354e-05 -5.606837084438614e-20
2.5378481629981025e-05 -7.323077331161956e-20
2.540830358254269e-05 -6.034035130721513e-20
2.543812553510436e-05 -6.658468308640584e-20
2.5467947487666032e-05 -7.586001958521044e-20
2.5497769440227702e-05 -7.859257012116635e-20
2.5527591392789372e-05 -9.018143316592395e-20
2.5557413345351043e-05 -8.15984495805718e-20
2.5587235297912713e-05 -8.604512035998997e-20
2.5617057250474383e-05 -1.0897364413581741e-19
2.564687920303605e-05 -1.0146968853257247e-19
2.567670115559772e-05 -9.940730377449241e-20
2.570652310815939e-05 -1.1237979307633475e-19
2.5736345060721064e-05 -1.1372635149257875e-19
2.576616701328273e-05 -1.2393449841690167e-19
2.57959889658444e-05 -1.2113398879585241e-19
2.582581091840607e-05 -1.1651233710890543e-19
2.5855632870967738e-05 -1.4118895704472645e-19
2.5885454823529408e-05 -1.4032768359367436e-19
2.591527677609108e-05 -1.320137682220249e-19
2.5945098728652752e-05 -1.4652110986216357e-19
2.597492068121442e-05 -1.4786419230453132e-19
2.600474263377609e-05 -1.5820256569707915e-19
2.603456458633776e-05 -1.6170621731955747e-19
2.606438653889943e-05 -1.5026438821069607e-19
2.6094208491461096e-05 -1.7143896598031748e-19
2.6124030444022767e-05 -1.7895167477847278e-19
2.615385239658444e-05 -1.6548133256486505e-19
2.618367434914611e-05 -1.7867261309867343e-19
2.6213496301707777e-05 -1.8462173289053369e-19
2.6243318254269447e-05 -1.8760797353392715e-19
2.6273140206831118e-05 -1.9550918258477948e-19
2.6302962159392788e-05 -1.8510116708940434e-19
2.6332784111954455e-05 -1.9779246576150467e-19
2.6362606064516128e-05 -2.1582256643833282e-19
2.63924280170778e-05 -2.0279320020732193e-19
2.642224996963947e-05 -2.071403184131831e-19
2.6452071922201136e-05 -2.181920546256658e-19
2.6481893874762806e-05 -2.187807820009795e-19
2.6511715827324476e-05 -2.2797823623586974e-19
2.6541537779886146e-05 -2.1995341084164435e-19
2.6571359732447816e-05 -2.2329732587169757e-19
2.6601181685009487e-05 -2.4579543030234435e-19
2.6631003637571157e-05 -2.3530456668812653e-19
2.6660825590132827e-05 -2.3120216562806263e-19
2.6690647542694494e-05 -2.4790410989427038e-19
2.6720469495256164e-05 -2.489414023086586e-19
2.6750291447817834e-05 -2.5425833020797087e-19
2.6780113400379505e-05 -2.5290106694239328e-19
2.6809935352941175e-05 -2.4948851571812454e-19
2.6839757305502845e-05 -2.7144701652305434e-19
2.6869579258064515e-05 -2.698666358091853e-19
2.6899401210626182e-05 -2.570269337997053e-19
2.6929223163187852e-05 -2.719454839716025e-19
2.6959045115749523e-05 -2.7634084749126165e-19
2.6988867068311196e-05 -2.787906466129331e-19
2.7018689020872863e-05 -2.826570366346977e-19
2.7048510973434533e-05 -2.749337291981469e-19
2.7078332925996203e-05 -2.9077112839361617e-19
2.7108154878557874e-05 -2.986695140626923e-19
2.713797683111954e-05 -2.835480597289326e-19
2.716779878368121e-05 -2.9492306901264374e-19
2.7197620736242884e-05 -3.0291202169235723e-19
2.7227442688804554e-05 -3.002440452139506e-19
2.725726464136622e-05 -3.077132052507572e-19
2.728708659392789e-05 -2.982202577984833e-19
2.7316908546489562e-05 -3.0724780514329057e-19
2.7346730499051232e-05 -3.2508248264989916e-19
2.73765524516129e-05 -3.062649503425695e-19
2.7406374404174572e-05 -3.1035583577076004e-19
2.7436196356736243e-05 -3.27897801261743e-19
2.7466018309297913e-05 -3.205848024563533e-19
2.749584026185958e-05 -3.2722476730372316e-19
2.752566221442125e-05 -3.252115190535581e-19
2.755548416698292e-05 -3.218590018712102e-19
2.758530611954459e-05 -3.437599574674653e-19
2.761512807210626e-05 -3.3398639288848e-19
2.764495002466793e-05 -3.2516823127391964e-19
2.76747719772296e-05 -3.452362690970598e-19
2.7704593929791268e-05 -3.4044423404520254e-19
2.7734415882352938e-05 -3.419105754564418e-19
2.7764237834914608e-05 -3.4704919069820204e-19
2.779405978747628e-05 -3.3743748932304385e-19
2.782388174003795e-05 -3.562305023648372e-19
2.785370369259962e-05 -3.573204692742971e-19
2.788352564516129e-05 -3.409212937354923e-19
2.791334759772296e-05 -3.569972715281619e-19
2.7943169550284626e-05 -3.597116061888739e-19
2.7972991502846296e-05 -3.569778182958603e-19
2.8002813455407967e-05 -3.6235796327249967e-19
2.803263540796964e-05 -3.5240941157088985e-19
2.8062457360531307e-05 -3.642749003200489e-19
2.8092279313092977e-05 -3.7504485938489847e-19
2.8122101265654648e-05 -3.5506948985987273e-19
2.8151923218216318e-05 -3.6368326655913048e-19
2.8181745170777985e-05 -3.7756542375833283e-19
2.8211567123339655e-05 -3.656796670730145e-19
2.824138907590133e-05 -3.724835379332501e-19
2.8271211028463e-05 -3.7137448016351195e-19
2.8301032981024665e-05 -3.6982495268450253e-19
2.8330854933586336e-05 -3.86644422942917e-19
2.8360676886148006e-05 -3.715846478675964e-19
2.8390498838709676e-05 -3.67877414064618e-19
2.8420320791271343e-05 -3.848830727926868e-19
2.8450142743833017e-05 -3.765312479310626e-19
2.8479964696394687e-05 -3.790122287675727e-19
2.8509786648956357e-05 -3.805622159043174e-19
2.8539608601518024e-05 -3.7491525208266404e-19
2.8569430554079694e-05 -3.9036102496089966e-19
2.8599252506641364e-05 -3.835092848088405e-19
2.862907445920303e-05 -3.7263314993106375e-19
2.8658896411764705e-05 -3.9029540984629687e-19
2.8688718364326375e-05 -3.868513778856786e-19
2.8718540316888045e-05 -3.807290322696699e-19
2.8748362269449712e-05 -3.873941513216598e-19
2.8778184222011382e-05 -3.785397360530074e-19
2.8808006174573052e-05 -3.8834770591877384e-19
2.8837828127134723e-05 -3.933075762662013e-19
2.8867650079696393e-05 -3.7391575961333455e-19
2.8897472032258063e-05 -3.8543837170528914e-19
2.8927293984819733e-05 -3.9154905528452737e-19
2.8957115937381403e-05 -3.802126729127343e-19
2.898693788994307e-05 -3.87991519776919e-19
2.901675984250474e-05 -3.8293426984727785e-19
2.904658179506641e-05 -3.8399999832714672e-19
2.9076403747628084e-05 -3.9373728189413215e-19
2.910622570018975e-05 -3.7574519254741855e-19
2.913604765275142e-05 -3.7890244349969835e-19
2.916586960531309e-05 -3.911956899614853e-19
2.9195691557874762e-05 -3.7797399773819366e-19
2.922551351043643e-05 -3.8210848299703073e-19
2.92553354629981e-05 -3.81473939009306e-19
2.9285157415559773e-05 -3.7469754032697294e-19
2.9314979368121443e-05 -3.88684777959738e-19
2.934480132068311e-05 -3.7682503679559495e-19
2.937462327324478e-05 -3.6916808242644925e-19
2.940444522580645e-05 -3.8561065015898437e-19
2.943426717836812e-05 -3.7501105573037504e-19
2.9464089130929787e-05 -3.715818737846744e-19
2.949391108349146e-05 -3.751744011303896e-19
2.952373303605313e-05 -3.652841151481002e-19
2.95535549886148e-05 -3.764198830014926e-19
2.9583376941176468e-05 -3.721925601607607e-19
2.9613198893738138e-05 -3.578038332605751e-19
2.964302084629981e-05 -3.727772289464948e-19
2.967284279886148e-05 -3.671007617082778e-19
2.970266475142315e-05 -3.5840234011041733e-19
2.9732486703984816e-05 -3.674012844692769e-19
2.9762308656546486e-05 -3.5580366743000687e-19
2.9792130609108156e-05 -3.589121445388394e-19
2.9821952561669826e-05 -3.638824226369533e-19
2.9851774514231497e-05 -3.4487794545570275e-19
2.9881596466793167e-05 -3.522141777357843e-19
2.9911418419354837e-05 -3.5653676355709924e-19
2.994124037191651e-05 -3.4390092243986684e-19
2.9971062324478174e-05 -3.486300864798217e-19
3.0000884277039844e-05 -3.42164170323987e-19
3.0030706229601514e-05 -3.3889887989566606e-19
3.0060528182163185e-05 -3.473774641117206e-19
3.0090350134724855e-05 -3.3320854152282015e-19
3.0120172087286525e-05 -3.2933359001794265e-19
3.01499940398482e-05 -3.3909434462105325e-19
3.017981599240987e-05 -3.2876918131379285e-19
3.0209637944971532e-05 -3.2439877961037895e-19
3.0239459897533203e-05 -3.253865609563813e-19
3.0269281850094873e-05 -3.1637648570483364e-19
3.0299103802656543e-05 -3.2224870174573616e-19
3.0328925755218213e-05 -3.1813023640001294e-19
3.0358747707779887e-05 -3.02967541025393e-19
3.0388569660341557e-05 -3.150120864292375e-19
3.0418391612903227e-05 -3.091363823875113e-19
3.044821356546489e-05 -2.9862830091403936e-19
3.047803551802656e-05 -3.047139072455142e-19
3.050785747058823e-05 -2.9109849917500277e-19
3.0537679423149905e-05 -2.9709424041572467e-19
3.056750137571157e-05 -2.970263256433666e-19
3.0597323328273245e-05 -2.763668014675461e-19
3.062714528083491e-05 -2.8624173615764016e-19
3.065696723339658e-05 -2.8292559612651004e-19
3.068678918595825e-05 -2.7182185414736555e-19
3.071661113851992e-05 -2.7656035536723503e-19
3.074643309108159e-05 -2.6440093985153537e-19
3.077625504364326e-05 -2.646561709908906e-19
3.080607699620493e-05 -2.7066276890001034e-19
3.08358989487666e-05 -2.516273162877783e-19
3.0865720901328274e-05 -2.516297696524268e-19
3.089554285388994e-05 -2.580852316104617e-19
3.092536480645161e-05 -2.44078193133251e-19
3.095518675901328e-05 -2.4405405389247197e-19
3.098500871157495e-05 -2.3765607125589485e-19
3.101483066413662e-05 -2.2937743916830845e-19
3.104465261669829e-05 -2.395298684638326e-19
3.107447456925996e-05 -2.2576710341757972e-19
3.1104296521821636e-05 -2.159929234865681e-19
3.1134118474383296e-05 -2.253593739731518e-19
3.116394042694497e-05 -2.1469336097556244e-19
3.1193762379506636e-05 -2.1113145545177731e-19
3.122358433206831e-05 -2.0782391989421414e-19
3.1253406284629977e-05 -1.9599472860601352e-19
3.128322823719165e-05 -2.0641891334591642e-19
3.1313050189753324e-05 -1.9710931725894179e-19
3.134287214231499e-05 -1.7959795846585702e-19
3.137269409487666e-05 -1.899289530533857e-19
