0.0 -2.2376221431827078e-20
2.981722255489022e-08 -6.751084488909928e-21
5.963444510978044e-08 -4.170722328188607e-21
8.945166766467065e-08 -1.2733831795323486e-20
1.1926889021956087e-07 -1.6398781840504017e-20
1.490861127744511e-07 -1.7874680699936612e-20
1.789033353293413e-07 -5.270202748361831e-21
2.0872055788423153e-07 -8.588294340574033e-21
2.3853778043912174e-07 -2.6996430445795997e-20
2.6835500299401193e-07 -1.7337838467668048e-20
2.981722255489022e-07 -6.837829505748002e-21
3.279894481037924e-07 -1.578555313825599e-20
3.578066706586826e-07 -2.0986905791826213e-20
3.876238932135728e-07 -2.33600931239944e-20
4.1744111576846305e-07 -1.212260759835916e-20
4.4725833832335324e-07 -5.819872713289111e-21
4.770755608782435e-07 -2.864628788881455e-20
5.068927834331336e-07 -2.568421396718302e-20
5.367100059880239e-07 -6.910121998384942e-21
5.665272285429141e-07 -1.7112304775832435e-20
5.963444510978044e-07 -2.4564405153154497e-20
6.261616736526946e-07 -2.6560439513039755e-20
6.559788962075848e-07 -2.148935761407379e-20
6.85796118762475e-07 -1.0178057196597107e-20
7.156133413173652e-07 -2.6839372054912743e-20
7.454305638722554e-07 -3.3983957232035984e-20
7.752477864271456e-07 -1.391312904007948e-20
8.050650089820359e-07 -1.6505763241987157e-20
8.348822315369261e-07 -2.813633845932555e-20
8.646994540918162e-07 -2.8581650072007056e-20
8.945166766467065e-07 -2.5318621731961593e-20
9.243338992015967e-07 -1.4979678512727352e-20
9.54151121756487e-07 -2.496023457048833e-20
9.839683443113771e-07 -4.0021337439823964e-20
1.0137855668662672e-06 -2.2088970436317078e-20
1.0436027894211576e-06 -1.5397713779797605e-20
1.0734200119760477e-06 -3.068498017497558e-20
1.103237234530938e-06 -3.2846969860605595e-20
1.1330544570858282e-06 -2.920273408970571e-20
1.1628716796407184e-06 -1.8442124501321984e-20
1.1926889021956087e-06 -2.118578851318165e-20
1.2225061247504989e-06 -4.146367024575674e-20
1.2523233473053892e-06 -2.961543053877712e-20
1.2821405698602793e-06 -1.6567876328599825e-20
1.3119577924151697e-06 -3.009848000144423e-20
1.3417750149700598e-06 -3.598654260494138e-20
1.37159223752495e-06 -3.4586311062602445e-20
1.4014094600798403e-06 -2.3950961951270788e-20
1.4312266826347305e-06 -2.1411635095430592e-20
1.4610439051896208e-06 -4.016163667567769e-20
1.4908611277445107e-06 -3.5996159736854326e-20
1.520678350299401e-06 -1.938403780004127e-20
1.5504955728542912e-06 -2.807770883246247e-20
1.5803127954091814e-06 -3.659992682684442e-20
1.6101300179640717e-06 -3.429158311622347e-20
1.6399472405189619e-06 -2.8562003163112644e-20
1.6697644630738522e-06 -2.2341156238746422e-20
1.6995816856287423e-06 -3.630171436692024e-20
1.7293989081836325e-06 -4.2896092147188886e-20
1.7592161307385228e-06 -2.2931497608466734e-20
1.789033353293413e-06 -2.3722002525132128e-20
1.8188505758483033e-06 -3.7917341526125e-20
1.8486677984031935e-06 -3.6891815251567256e-20
1.8784850209580838e-06 -3.0122558666977294e-20
1.908302243512974e-06 -2.0928127413359082e-20
1.938119466067864e-06 -3.07771508818629e-20
1.9679366886227542e-06 -4.4498513270164746e-20
1.9977539111776444e-06 -2.6567552921431088e-20
2.0275711337325345e-06 -1.9848676494736555e-20
2.057388356287425e-06 -3.674125091937706e-20
2.087205578842315e-06 -3.6817106954919754e-20
2.1170228013972053e-06 -3.108915209755163e-20
2.1468400239520955e-06 -2.3955907524765555e-20
2.1766572465069856e-06 -2.543839183525996e-20
2.206474469061876e-06 -4.311739186301454e-20
2.2362916916167663e-06 -3.067469273455506e-20
2.2661089141716565e-06 -1.589095338650373e-20
2.2959261367265466e-06 -3.1681515756124245e-20
2.3257433592814367e-06 -3.6609014036185944e-20
2.3555605818363273e-06 -3.1944148373339467e-20
2.3853778043912174e-06 -2.2825674736931355e-20
2.4151950269461076e-06 -2.0485010889093366e-20
2.4450122495009977e-06 -3.957503753565196e-20
2.4748294720558883e-06 -3.479579522395182e-20
2.5046466946107784e-06 -1.5687541886885925e-20
2.5344639171656685e-06 -2.6279910691153643e-20
2.5642811397205587e-06 -3.7135445234224456e-20
2.594098362275449e-06 -2.936054614765892e-20
2.6239155848303394e-06 -2.0715535750482092e-20
2.6537328073852295e-06 -1.8383321248478173e-20
2.6835500299401197e-06 -3.217996085829072e-20
2.71336725249501e-06 -3.686325977221371e-20
2.7431844750499e-06 -1.5336017366206086e-20
2.7730016976047905e-06 -1.767380154034068e-20
2.8028189201596806e-06 -3.492135617044197e-20
2.8326361427145708e-06 -2.892569159040843e-20
2.862453365269461e-06 -2.0183133958944933e-20
2.892270587824351e-06 -1.66043346758179e-20
2.9220878103792416e-06 -2.579357749181099e-20
2.9519050329341313e-06 -3.617844257306544e-20
2.9817222554890215e-06 -1.7708895579146335e-20
3.0115394780439116e-06 -1.0941505767482744e-20
3.041356700598802e-06 -3.008026959339123e-20
3.0711739231536923e-06 -2.8735824425490656e-20
3.1009911457085824e-06 -1.7546139827269612e-20
3.1308083682634726e-06 -1.5313695165814618e-20
3.1606255908183627e-06 -1.9117865939928167e-20
3.1904428133732533e-06 -3.229927987194728e-20
3.2202600359281434e-06 -2.2978919184517796e-20
3.2500772584830336e-06 -5.750068162125539e-21
3.2798944810379237e-06 -2.2524013467475638e-20
3.309711703592814e-06 -2.941397498030468e-20
3.3395289261477044e-06 -1.6214492778926146e-20
3.3693461487025945e-06 -1.1562957451432253e-20
3.3991633712574847e-06 -1.348727748689539e-20
3.428980593812375e-06 -2.707685059379594e-20
3.458797816367265e-06 -2.160303389490392e-20
3.4886150389221555e-06 -2.6974058229156935e-21
3.5184322614770457e-06 -1.5132440190993738e-20
3.548249484031936e-06 -2.6579599527740806e-20
3.578066706586826e-06 -1.6700051104872218e-20
3.6078839291417165e-06 -8.712519670077794e-21
3.6377011516966066e-06 -8.293935915453326e-21
3.6675183742514968e-06 -2.1078534347741525e-20
3.697335596806387e-06 -2.299554967969148e-20
3.727152819361277e-06 -2.2973842584528782e-21
3.7569700419161676e-06 -6.476678855846878e-21
3.7867872644710578e-06 -2.208744568244411e-20
3.816604487025948e-06 -1.2886489267176411e-20
3.846421709580838e-06 -5.208444013449478e-21
3.876238932135728e-06 -5.247628390983842e-21
3.906056154690618e-06 -1.2245044647565677e-20
3.9358733772455084e-06 -1.8978362751607435e-20
3.965690599800399e-06 -3.896718597643634e-21
3.995507822355289e-06 5.970612705791098e-22
4.025325044910179e-06 -1.5364113794843533e-20
4.055142267465069e-06 -1.3023246406984912e-20
4.0849594900199596e-06 -6.015965853750889e-22
4.11477671257485e-06 6.097732743717047e-22
4.14459393512974e-06 -5.8271484557890294e-21
4.17441115768463e-06 -1.36885488905976e-20
4.20422838023952e-06 -3.849599926447763e-21
4.234045602794411e-06 8.23045856278764e-21
4.263862825349301e-06 -6.794198043644261e-21
4.293680047904191e-06 -1.3616191808404615e-20
4.3234972704590815e-06 9.56374648419758e-22
4.353314493013971e-06 4.7932707223363105e-21
4.383131715568862e-06 -2.7967856207647285e-22
4.412948938123752e-06 -7.35139022359668e-21
4.442766160678642e-06 -4.090604475864879e-21
4.472583383233533e-06 1.2632600203584195e-20
4.502400605788422e-06 4.603059562230261e-21
4.532217828343313e-06 -9.331887548704468e-21
4.5620350508982035e-06 3.3787671676927332e-21
4.591852273453093e-06 9.812977607790421e-21
4.621669496007984e-06 6.42848031114376e-21
4.6514867185628735e-06 -5.299042821756295e-22
4.681303941117764e-06 -3.703572314969341e-21
4.711121163672655e-06 1.3518718750221197e-20
4.740938386227544e-06 1.2402870808912245e-20
4.770755608782435e-06 -3.3099116667721765e-21
4.8005728313373246e-06 4.4037427066423736e-21
4.830390053892215e-06 1.403083293756223e-20
4.860207276447106e-06 1.2892631237581811e-20
4.890024499001995e-06 6.427160462712227e-21
4.919841721556886e-06 1.316094474386245e-21
4.9496589441117765e-06 1.4176019072965156e-20
4.979476166666666e-06 2.0442337294373034e-20
5.009293389221557e-06 2.7809807221735483e-21
5.0391106117764465e-06 3.598166804809137e-21
5.068927834331337e-06 1.7508234679620055e-20
5.098745056886228e-06 1.6458445148395104e-20
5.128562279441117e-06 1.1422385601183567e-20
5.158379501996008e-06 4.736985325552177e-21
5.188196724550898e-06 1.4244478491145437e-20
5.218013947105788e-06 2.5825974192151018e-20
5.247831169660679e-06 1.0488676635091503e-20
5.2776483922155685e-06 5.799498801190616e-21
5.307465614770459e-06 2.0229714372749235e-20
5.337282837325349e-06 2.1839835114434795e-20
5.367100059880239e-06 1.5077650518201252e-20
5.39691728243513e-06 1.0680033010369604e-20
5.42673450499002e-06 1.2813775680790233e-20
5.45655172754491e-06 2.5319808780521876e-20
5.4863689500998e-06 1.9587549459163888e-20
5.5161861726546904e-06 6.272520729375758e-21
5.546003395209581e-06 2.0109749932956224e-20
5.575820617764471e-06 2.6422350704554532e-20
5.605637840319361e-06 1.9407665746122543e-20
5.635455062874251e-06 1.5759961803791377e-20
5.6652722854291416e-06 1.4328578029291897e-20
5.695089507984032e-06 2.758584743211673e-20
5.724906730538922e-06 2.6178632456573068e-20
5.754723953093812e-06 1.0918064470352026e-20
5.784541175648702e-06 1.7801552505775374e-20
5.814358398203593e-06 2.75443523999901e-20
5.844175620758483e-06 2.4941420236219523e-20
5.873992843313373e-06 1.8020537686602697e-20
5.903810065868263e-06 1.5050335034355963e-20
5.933627288423152e-06 2.645033121283008e-20
5.963444510978043e-06 3.27402136060542e-20
5.9932617335329335e-06 1.7567923776651913e-20
6.023078956087823e-06 1.6100072384682083e-20
6.052896178642714e-06 2.986431906362102e-20
6.082713401197604e-06 2.828273953939943e-20
6.112530623752494e-06 2.185842747111324e-20
6.142347846307385e-06 1.7880590036396572e-20
6.172165068862274e-06 2.3965266453390207e-20
6.201982291417165e-06 3.4097491404945194e-20
6.2317995139720555e-06 2.256268362834328e-20
6.261616736526945e-06 1.5667373459988304e-20
6.291433959081836e-06 2.9012698475915606e-20
6.3212511816367255e-06 3.20882360083968e-20
6.351068404191616e-06 2.4696275409951637e-20
6.3808856267465066e-06 1.890705158389246e-20
6.410702849301396e-06 2.431758906237763e-20
6.440520071856287e-06 3.672500133569882e-20
6.4703372944111766e-06 2.754966975623378e-20
6.500154516966067e-06 1.6453434362512922e-20
6.529971739520958e-06 2.742410453023575e-20
6.559788962075847e-06 3.3070468761015567e-20
6.589606184630738e-06 2.7136732980827485e-20
6.619423407185628e-06 2.2118508465528272e-20
6.649240629740518e-06 2.2682853307712656e-20
6.679057852295409e-06 3.323875133849346e-20
6.7088750748502985e-06 3.397785997110445e-20
6.738692297405189e-06 1.946769647858845e-20
6.768509519960079e-06 2.290301177781748e-20
6.798326742514969e-06 3.437247744208445e-20
6.82814396506986e-06 2.988247333693561e-20
6.85796118762475e-06 2.369470119150469e-20
6.88777841017964e-06 2.139957025302631e-20
6.91759563273453e-06 2.942233990667259e-20
6.9474128552894205e-06 3.4609416094586374e-20
6.977230077844311e-06 2.0916497275838222e-20
7.007047300399201e-06 1.952186546193455e-20
7.036864522954091e-06 3.330908864848932e-20
7.066681745508981e-06 3.2289047615028215e-20
7.096498968063872e-06 2.3020151883918287e-20
7.126316190618762e-06 2.0358866891237453e-20
7.156133413173652e-06 2.570955624903137e-20
7.1859506357285424e-06 3.374084457410832e-20
7.215767858283433e-06 2.4834368573986522e-20
7.245585080838323e-06 1.5023897908529647e-20
7.275402303393213e-06 2.613629294971939e-20
7.305219525948103e-06 3.092994634127589e-20
7.3350367485029935e-06 2.3072706731693636e-20
7.364853971057884e-06 1.7547400266536e-20
7.394671193612774e-06 2.2030117288508143e-20
7.424488416167664e-06 3.3186465754194267e-20
7.454305638722554e-06 2.5393146886533632e-20
7.484122861277445e-06 1.2746607097251466e-20
7.513940083832335e-06 2.342448200952919e-20
7.543757306387225e-06 2.9927277771307003e-20
7.5735745289421155e-06 2.0856364324850095e-20
7.603391751497005e-06 1.6273876332153618e-20
7.633208974051896e-06 1.7364434263258363e-20
7.663026196606786e-06 2.6034839929213424e-20
7.692843419161675e-06 2.63071755911519e-20
7.722660641716566e-06 1.0648227003595692e-20
7.752477864271456e-06 1.6027165432217653e-20
7.782295086826347e-06 2.933750845060883e-20
7.812112309381236e-06 2.1385450258147478e-20
7.841929531936126e-06 1.5816622185714033e-20
7.871746754491017e-06 1.4800607977155115e-20
7.901563977045907e-06 2.0516456563240782e-20
7.931381199600798e-06 2.5822433262214362e-20
7.961198422155687e-06 1.136469476329535e-20
7.991015644710577e-06 9.705582424622684e-21
8.020832867265468e-06 2.258930564606369e-20
8.050650089820359e-06 2.0843045651194954e-20
8.080467312375249e-06 1.349372277964626e-20
8.110284534930138e-06 1.0162030063834747e-20
8.140101757485029e-06 1.5538175086930588e-20
8.169918980039919e-06 2.3437768847105092e-20
8.19973620259481e-06 1.2857333573182598e-20
8.2295534251497e-06 4.470307782931823e-21
8.259370647704589e-06 1.7873011675150978e-20
8.28918787025948e-06 2.0504262853576416e-20
8.31900509281437e-06 9.746967539415181e-21
8.34882231536926e-06 6.3791025271577004e-21
8.378639537924151e-06 8.520807073965832e-21
8.40845676047904e-06 1.7763110689345492e-20
8.43827398303393e-06 1.4615370759533986e-20
8.468091205588821e-06 5.955328344436843e-22
8.497908428143712e-06 9.38797146010796e-21
8.527725650698602e-06 1.8349808528277715e-20
8.557542873253491e-06 7.82391177129285e-21
8.587360095808382e-06 4.003527970104813e-21
8.617177318363272e-06 5.55508199126444e-21
8.646994540918163e-06 1.090937267961817e-20
8.676811763473054e-06 1.436223448374418e-20
8.706628986027942e-06 -8.228458191821241e-22
8.736446208582833e-06 -4.492545919270534e-22
8.766263431137724e-06 1.3454597353531278e-20
8.796080653692614e-06 7.001246676877156e-21
8.825897876247505e-06 1.4723196116710875e-22
8.855715098802394e-06 1.1239169459410114e-21
8.885532321357284e-06 6.225148246493324e-21
8.915349543912175e-06 1.1276463874616511e-20
8.945166766467065e-06 -1.4066479051840884e-21
8.974983989021956e-06 -6.5881449435497666e-21
9.004801211576845e-06 8.655386617237784e-21
9.034618434131735e-06 7.00522714463843e-21
9.064435656686626e-06 -5.248490372012377e-21
9.094252879241516e-06 -5.322701398185183e-21
9.124070101796407e-06 -9.31741994854865e-22
9.153887324351296e-06 6.48519192788252e-21
9.183704546906186e-06 -1.5516817429457013e-21
9.213521769461077e-06 -1.418594284049441e-20
9.243338992015967e-06 1.0615655961804884e-21
9.273156214570858e-06 6.35562127619177e-21
9.302973437125747e-06 -7.402344389066258e-21
9.332790659680637e-06 -1.0775727857555525e-20
9.362607882235528e-06 -6.6540524691204684e-21
9.392425104790419e-06 1.7185155718944047e-21
9.42224232734531e-06 -2.9605003555813604e-21
9.452059549900198e-06 -1.715022776242333e-20
9.481876772455089e-06 -8.976887382192629e-21
9.51169399500998e-06 1.3326891300093432e-21
9.54151121756487e-06 -8.952246631241757e-21
9.57132844011976e-06 -1.4343667914901723e-20
9.601145662674649e-06 -1.1502436638939263e-20
9.63096288522954e-06 -6.668989172796438e-21
9.66078010778443e-06 -4.040660270541612e-21
9.69059733033932e-06 -1.7962961417468207e-20
9.720414552894211e-06 -1.7972972760543088e-20
9.7502317754491e-06 -3.555726591997348e-21
9.78004899800399e-06 -9.735313054895386e-21
9.809866220558881e-06 -1.966103570376705e-20
9.839683443113772e-06 -1.860453152335812e-20
9.869500665668663e-06 -1.0241735172010651e-20
9.899317888223553e-06 -8.178677893378922e-21
9.929135110778442e-06 -2.018752051006902e-20
9.958952333333333e-06 -2.3484961957770936e-20
9.988769555888223e-06 -1.1017628643002239e-20
1.0018586778443114e-05 -9.649153330163792e-21
1.0048404000998004e-05 -2.259837306237414e-20
1.0078221223552893e-05 -2.3220231216481994e-20
1.0108038446107784e-05 -1.5457614402814398e-20
1.0137855668662674e-05 -1.1172073785121614e-20
1.0167672891217565e-05 -1.8560293209987786e-20
1.0197490113772455e-05 -3.079748916787442e-20
1.0227307336327344e-05 -1.8128591160246514e-20
1.0257124558882235e-05 -9.73715364786085e-21
1.0286941781437125e-05 -2.484242431742825e-20
1.0316759003992016e-05 -2.73552860161046e-20
1.0346576226546906e-05 -2.0311332909554638e-20
1.0376393449101795e-05 -1.4994193562202496e-20
1.0406210671656686e-05 -1.8253305815321323e-20
1.0436027894211576e-05 -3.175205976849966e-20
1.0465845116766467e-05 -2.4834641198621364e-20
1.0495662339321358e-05 -1.1653258133745423e-20
1.0525479561876246e-05 -2.3944453724129166e-20
1.0555296784431137e-05 -3.310957513385671e-20
1.0585114006986028e-05 -2.622963646404092e-20
1.0614931229540918e-05 -1.767646525372054e-20
1.0644748452095809e-05 -1.7265819255055088e-20
1.0674565674650698e-05 -3.338377080665038e-20
1.0704382897205588e-05 -3.1453803610285e-20
1.0734200119760479e-05 -1.343909207390404e-20
1.076401734231537e-05 -2.2748373209389058e-20
1.079383456487026e-05 -3.4163329824641947e-20
1.0823651787425149e-05 -2.8980129635057237e-20
1.085346900998004e-05 -2.206947565097311e-20
1.088328623253493e-05 -2.1031419132185787e-20
1.091310345508982e-05 -3.260511173035713e-20
1.0942920677644711e-05 -3.625126816432211e-20
1.09727379001996e-05 -2.130241930150373e-20
1.100255512275449e-05 -2.0529939527816412e-20
1.1032372345309381e-05 -3.525648398586573e-20
1.1062189567864271e-05 -3.363078526435351e-20
1.1092006790419162e-05 -2.5584615784680455e-20
1.1121824012974051e-05 -2.2124293353879622e-20
1.1151641235528941e-05 -2.874147202015749e-20
1.1181458458083832e-05 -4.053823788624292e-20
1.1211275680638723e-05 -2.7424539303807025e-20
1.1241092903193613e-05 -1.9734329887741496e-20
1.1270910125748502e-05 -3.426731883382498e-20
1.1300727348303393e-05 -3.6970115014264774e-20
1.1330544570858283e-05 -2.987171564729285e-20
1.1360361793413174e-05 -2.316003420398969e-20
1.1390179015968064e-05 -2.937919895124178e-20
1.1419996238522953e-05 -4.135209656383218e-20
1.1449813461077844e-05 -3.1276656271414964e-20
1.1479630683632734e-05 -1.9358895757239112e-20
1.1509447906187625e-05 -3.065984838502368e-20
1.1539265128742515e-05 -4.0260070131485457e-20
1.1569082351297404e-05 -3.2496912568487685e-20
1.1598899573852295e-05 -2.501475023772369e-20
1.1628716796407185e-05 -2.8021991255061346e-20
1.1658534018962076e-05 -3.999034619646253e-20
1.1688351241516966e-05 -3.819969454335504e-20
1.1718168464071855e-05 -2.23098955599409e-20
1.1747985686626746e-05 -2.75402637850829e-20
1.1777802909181635e-05 -4.064462319519482e-20
1.1807620131736525e-05 -3.54565946689643e-20
1.1837437354291416e-05 -2.487766480927328e-20
1.1867254576846305e-05 -2.495506358359823e-20
1.1897071799401195e-05 -3.7715700415601406e-20
1.1926889021956086e-05 -3.939875746678634e-20
1.1956706244510976e-05 -2.3763695737845282e-20
1.1986523467065867e-05 -2.5156081976009547e-20
1.2016340689620758e-05 -3.868851607321624e-20
1.2046157912175646e-05 -3.7785551623862915e-20
1.2075975134730537e-05 -2.81331058326212e-20
1.2105792357285428e-05 -2.2963717131197705e-20
1.2135609579840318e-05 -3.358522400169711e-20
1.2165426802395209e-05 -4.1280487405852515e-20
1.2195244024950098e-05 -2.5838529511514232e-20
1.2225061247504988e-05 -2.017380238884642e-20
1.2254878470059879e-05 -3.47448248564972e-20
1.228469569261477e-05 -3.76747401920248e-20
1.231451291516966e-05 -2.8486656026331967e-20
1.2344330137724549e-05 -2.1332342048793044e-20
1.237414736027944e-05 -2.7546094950639995e-20
1.240396458283433e-05 -4.109936078426415e-20
1.243378180538922e-05 -2.9459266696069423e-20
1.2463599027944111e-05 -1.6529367615514855e-20
1.2493416250499e-05 -3.0207394121175795e-20
1.252323347305389e-05 -3.6808466026787667e-20
1.2553050695608781e-05 -2.8226423767868025e-20
1.2582867918163671e-05 -1.8568945822177186e-20
1.2612685140718562e-05 -2.1743016268181867e-20
1.2642502363273451e-05 -3.6114785092395996e-20
1.2672319585828341e-05 -2.992686375225819e-20
1.2702136808383232e-05 -1.5041555876515378e-20
1.2731954030938123e-05 -2.2936284605975704e-20
1.2761771253493013e-05 -3.4802336799279806e-20
1.2791588476047902e-05 -2.9666704838658795e-20
1.2821405698602793e-05 -1.8134040691728052e-20
1.2851222921157683e-05 -1.8122169167553253e-20
1.2881040143712574e-05 -3.1059311080934775e-20
1.2910857366267464e-05 -3.2032696894344116e-20
1.2940674588822353e-05 -1.434206200474339e-20
1.2970491811377244e-05 -1.4663077280997e-20
1.3000309033932134e-05 -3.280793311946624e-20
1.3030126256487025e-05 -2.92383616534528e-20
1.3059943479041915e-05 -1.6083744881488547e-20
1.3089760701596804e-05 -1.5023392503765147e-20
1.3119577924151695e-05 -2.5004381589689543e-20
1.3149395146706585e-05 -3.414618210850277e-20
1.3179212369261476e-05 -1.7660031405590335e-20
1.3209029591816366e-05 -9.259033530442844e-21
1.3238846814371255e-05 -2.882885756579959e-20
1.3268664036926146e-05 -2.9219901590359703e-20
1.3298481259481036e-05 -1.536390939492635e-20
1.3328298482035927e-05 -1.1814474795222709e-20
1.3358115704590818e-05 -1.9332096597021472e-20
1.3387932927145706e-05 -3.12277166287818e-20
1.3417750149700597e-05 -2.0185543585496225e-20
1.3447567372255488e-05 -5.3517768893240654e-21
1.3477384594810378e-05 -2.0705233923591678e-20
1.3507201817365269e-05 -3.071793631825129e-20
1.3537019039920158e-05 -1.7051739876490762e-20
1.3566836262475048e-05 -1.0161795885001425e-20
1.3596653485029939e-05 -1.5430875598342763e-20
1.362647070758483e-05 -2.709053078424004e-20
1.365628793013972e-05 -2.3155260570278666e-20
1.3686105152694609e-05 -2.6552850506646297e-21
1.37159223752495e-05 -1.3201146514133025e-20
1.374573959780439e-05 -2.993097116398072e-20
1.377555682035928e-05 -1.710592366823654e-20
1.3805374042914171e-05 -7.632315418335629e-21
1.383519126546906e-05 -1.1249540330108938e-20
1.386500848802395e-05 -2.303029229973801e-20
1.3894825710578841e-05 -2.431481854964835e-20
1.3924642933133732e-05 -4.578465245008824e-21
1.3954460155688622e-05 -6.699239170343119e-21
1.3984277378243511e-05 -2.5528644236441612e-20
1.4014094600798402e-05 -1.9794402269897576e-20
1.4043911823353292e-05 -7.351058835799954e-21
1.4073729045908183e-05 -6.703954272387871e-21
1.4103546268463073e-05 -1.680439811541602e-20
1.4133363491017962e-05 -2.4836877707029353e-20
1.4163180713572853e-05 -7.196975302811772e-21
1.4192997936127743e-05 1.1217532229313172e-21
1.4222815158682634e-05 -2.181193290212469e-20
1.4252632381237524e-05 -2.2570391287958278e-20
1.4282449603792415e-05 -5.260779288451589e-21
1.4312266826347304e-05 -5.0360222233636106e-21
1.4342084048902194e-05 -1.1640817002922763e-20
1.4371901271457085e-05 -2.2158065385407778e-20
1.4401718494011975e-05 -1.1425973249134206e-20
1.4431535716566866e-05 6.177028234820856e-21
1.4461352939121755e-05 -1.4734802324020643e-20
1.4491170161676645e-05 -2.4275159194859358e-20
1.4520987384231536e-05 -4.340358820639868e-21
1.4550804606786427e-05 -1.5986521843226984e-21
1.4580621829341317e-05 -1.0360496880587801e-20
1.4610439051896206e-05 -1.9000096518923557e-20
1.4640256274451097e-05 -1.404517743780439e-20
1.4670073497005987e-05 5.602198907622439e-21
1.4699890719560878e-05 -6.320209784365872e-21
1.4729707942115768e-05 -2.4834598349167662e-20
1.4759525164670657e-05 -6.6483939423426845e-21
1.4789342387225548e-05 3.981419761301575e-21
1.4819159609780438e-05 -6.221311333403718e-21
1.4848976832335329e-05 -1.5358426130469784e-20
1.487879405489022e-05 -1.4318316442684142e-20
1.4908611277445108e-05 3.559996551851508e-21
1.4938428499999999e-05 1.0292050781187247e-21
1.496824572255489e-05 -2.115184108157679e-20
1.499806294510978e-05 -1.2579744930883198e-20
1.502788016766467e-05 4.8637652007219736e-21
1.505769739021956e-05 -2.1024195941001378e-21
1.508751461277445e-05 -1.4054587206023327e-20
1.511733183532934e-05 -1.4766801821897853e-20
1.5147149057884231e-05 -4.945685409894426e-22
1.5176966280439122e-05 6.93012565062761e-21
1.520678350299401e-05 -1.4266534721995555e-20
1.5236600725548901e-05 -1.8959881198247445e-20
1.526641794810379e-05 4.253920403077656e-21
1.529623517065868e-05 2.9249428859566115e-21
1.5326052393213573e-05 -1.1709829278482826e-20
1.535586961576846e-05 -1.426900820066212e-20
1.538568683832335e-05 -4.898822666942986e-21
1.5415504060878243e-05 7.910126911068445e-21
1.544532128343313e-05 -8.696568431738947e-21
1.5475138505988024e-05 -1.994130381529988e-20
1.5504955728542913e-05 3.5118190166485476e-21
1.55347729510978e-05 6.455270864454852e-21
1.5564590173652694e-05 -1.0499391588276012e-20
1.5594407396207583e-05 -1.3841538413971205e-20
1.562422461876247e-05 -5.297845310599883e-21
1.5654041841317364e-05 7.391742820315949e-21
1.5683859063872253e-05 -1.9414149105846436e-21
1.5713676286427145e-05 -2.108784283253002e-20
1.5743493508982034e-05 -5.500229034278247e-21
1.5773310731536926e-05 1.0402483508556423e-20
1.5803127954091815e-05 -5.6752725002175346e-21
1.5832945176646707e-05 -1.552463274023995e-20
1.5862762399201596e-05 -6.785777369097513e-21
1.5892579621756485e-05 7.334176701614788e-21
1.5922396844311374e-05 2.690422391853108e-21
1.5952214066866266e-05 -1.8098951707862425e-20
1.5982031289421155e-05 -9.04241727887045e-21
1.6011848511976047e-05 9.943644877128804e-21
1.6041665734530936e-05 -1.530689162466543e-21
1.6071482957085828e-05 -1.673091265495651e-20
1.6101300179640717e-05 -1.0440878150535405e-20
1.613111740219561e-05 5.666885546739681e-21
1.6160934624750498e-05 5.6042398678718155e-21
1.6190751847305387e-05 -1.4454014176550264e-20
1.6220569069860276e-05 -1.403101278855756e-20
1.6250386292415168e-05 8.63155930496092e-21
1.6280203514970057e-05 4.97413716841788e-21
1.631002073752495e-05 -1.3208991608984315e-20
1.6339837960079838e-05 -1.1308861763060766e-20
1.636965518263473e-05 1.726436401031322e-21
1.639947240518962e-05 6.03902255465995e-21
1.642928962774451e-05 -9.944820563423879e-21
1.64591068502994e-05 -1.779367984910973e-20
1.648892407285429e-05 3.579933706248842e-21
1.6518741295409178e-05 8.336197736463734e-21
1.654855851796407e-05 -1.2949242193619448e-20
1.657837574051896e-05 -1.277695906546616e-20
1.660819296307385e-05 1.1986089132355395e-21
1.663801018562874e-05 6.183850164893272e-21
1.6667827408183633e-05 -2.9429033285858473e-21
1.669764463073852e-05 -1.7546137187412676e-20
1.6727461853293414e-05 -2.969702852829167e-21
1.6757279075848303e-05 1.0983275430829808e-20
1.678709629840319e-05 -7.689760208742386e-21
1.681691352095808e-05 -1.7049298233329098e-20
1.6846730743512973e-05 -4.281496613516021e-21
1.687654796606786e-05 5.893484900426168e-21
1.6906365188622754e-05 -1.8200800729091165e-21
1.6936182411177643e-05 -1.8833913956975083e-20
1.6965999633732535e-05 -9.698123001542936e-21
1.6995816856287424e-05 1.0251295580770253e-20
1.7025634078842316e-05 -3.692404033837551e-21
1.7055451301397205e-05 -1.9830273882430515e-20
1.7085268523952094e-05 -7.687112235071231e-21
1.7115085746506983e-05 4.3937877454232916e-21
1.7144902969061875e-05 -1.2628069839316129e-21
1.7174720191616764e-05 -1.786738235408243e-20
1.7204537414171656e-05 -1.652803110850271e-20
1.7234354636726545e-05 4.135464673860928e-21
1.7264171859281437e-05 -4.617563612137664e-22
1.7293989081836326e-05 -2.023378731206658e-20
1.732380630439122e-05 -1.555130282639537e-20
1.7353623526946107e-05 4.6483634285678015e-22
1.7383440749500996e-05 -4.647968399433276e-22
1.7413257972055885e-05 -1.729106509520288e-20
1.7443075194610777e-05 -2.0057823837666254e-20
1.7472892417165666e-05 -1.6625738566399682e-21
1.7502709639720558e-05 -2.1675989369220983e-22
1.7532526862275447e-05 -2.051720558916018e-20
1.756234408483034e-05 -2.214740199760711e-20
1.7592161307385228e-05 -5.320490494444105e-21
1.762197852994012e-05 -2.144425558291387e-21
1.765179575249501e-05 -1.7444162417001285e-20
1.76816129750499e-05 -2.500507685535237e-20
1.7711430197604787e-05 -8.402785054393413e-21
1.774124742015968e-05 -7.239482136303879e-22
1.7771064642714568e-05 -1.9167876848211947e-20
1.780088186526946e-05 -2.6306712195890596e-20
1.783069908782435e-05 -1.2107498743021036e-20
1.786051631037924e-05 -4.6904645294310604e-21
1.789033353293413e-05 -1.5858475021420462e-20
1.7920150755489023e-05 -2.8459229565833864e-20
1.794996797804391e-05 -1.7632413363344114e-20
1.7979785200598804e-05 -3.366164389714241e-21
1.800960242315369e-05 -1.7830112737817576e-20
1.803941964570858e-05 -3.10913637196518e-20
1.806923686826347e-05 -1.8239690402455836e-20
1.8099054090818363e-05 -6.012819329781476e-21
1.812887131337325e-05 -1.6241421905601302e-20
1.8158688535928144e-05 -3.057744020566541e-20
1.8188505758483033e-05 -2.2746848371622912e-20
1.8218322981037925e-05 -8.517278446368835e-21
1.8248140203592814e-05 -1.5835436762546093e-20
1.8277957426147706e-05 -3.153551161626223e-20
1.830777464870259e-05 -2.5424193070218572e-20
1.8337591871257484e-05 -1.06870423859772e-20
1.8367409093812373e-05 -1.580540404329712e-20
1.8397226316367265e-05 -3.040066819671244e-20
1.8427043538922154e-05 -2.920999845688421e-20
1.8456860761477046e-05 -1.326461570916094e-20
1.8486677984031935e-05 -1.3091329775217594e-20
1.8516495206586827e-05 -3.115185150508779e-20
1.8546312429141716e-05 -3.1766163844224555e-20
1.857612965169661e-05 -1.488519335626683e-20
1.8605946874251494e-05 -1.4433462846293632e-20
1.8635764096806386e-05 -3.129603392115364e-20
1.8665581319361275e-05 -3.572975232355237e-20
1.8695398541916167e-05 -1.8626552271022248e-20
1.8725215764471056e-05 -1.3622161777309303e-20
1.875503298702595e-05 -3.1627277812505115e-20
1.8784850209580837e-05 -3.4242547551212375e-20
1.881466743213573e-05 -2.021987164621152e-20
1.884448465469062e-05 -1.5332024804566674e-20
1.887430187724551e-05 -2.76882439088214e-20
1.8904119099800396e-05 -3.784001574543215e-20
1.8933936322355285e-05 -2.3182621345660675e-20
1.8963753544910177e-05 -1.4740025279665576e-20
1.8993570767465066e-05 -2.9558470999829376e-20
1.902338799001996e-05 -3.746164795847468e-20
1.9053205212574847e-05 -2.571930534863121e-20
1.908302243512974e-05 -1.6244310076175667e-20
1.911283965768463e-05 -2.8358806025595634e-20
1.914265688023952e-05 -3.8931995101717384e-20
1.917247410279441e-05 -2.860245692817409e-20
1.9202291325349298e-05 -1.6216716605492422e-20
1.9232108547904187e-05 -2.6082705245256866e-20
1.926192577045908e-05 -4.080623273323338e-20
1.9291742993013968e-05 -3.0309738914640735e-20
1.932156021556886e-05 -1.9197416277378033e-20
1.935137743812375e-05 -2.7093750563097478e-20
1.938119466067864e-05 -3.920534026099908e-20
1.941101188323353e-05 -3.4998927266397475e-20
1.9440829105788423e-05 -2.0021922324983205e-20
1.947064632834331e-05 -2.6405799089806204e-20
1.95004635508982e-05 -3.995447979196273e-20
1.953028077345309e-05 -3.5030799394003983e-20
1.956009799600798e-05 -2.3110818001159658e-20
1.958991521856287e-05 -2.449413498855054e-20
1.9619732441117763e-05 -3.903937487789192e-20
1.964954966367265e-05 -3.8874989871948975e-20
1.9679366886227544e-05 -2.4516789052683537e-20
1.9709184108782433e-05 -2.6354491975990332e-20
1.9739001331337325e-05 -3.997398779555614e-20
1.9768818553892214e-05 -3.860307734903255e-20
1.9798635776447106e-05 -2.758872062814461e-20
1.982845299900199e-05 -2.6681177837685063e-20
1.9858270221556884e-05 -3.7565514194976304e-20
1.9888087444111773e-05 -4.358113509969456e-20
1.9917904666666665e-05 -2.9821447973621254e-20
1.9947721889221554e-05 -2.2578796814306304e-20
1.9977539111776446e-05 -3.791945674058459e-20
2.0007356334331335e-05 -4.308439116756371e-20
2.0037173556886227e-05 -3.0792540597129935e-20
2.0066990779441116e-05 -2.6530584071605473e-20
2.009680800199601e-05 -3.6448640470264013e-20
2.0126625224550894e-05 -4.469908039376504e-20
2.0156442447105786e-05 -3.540087755454079e-20
2.0186259669660675e-05 -2.5494423947658856e-20
2.0216076892215567e-05 -3.6487019749388597e-20
2.0245894114770456e-05 -4.5293557480554935e-20
2.027571133732535e-05 -3.559931547261339e-20
2.0305528559880237e-05 -2.7075222037492035e-20
2.033534578243513e-05 -3.4764699558927303e-20
2.036516300499002e-05 -4.550322647192335e-20
2.039498022754491e-05 -3.836676269961853e-20
2.0424797450099796e-05 -2.6210394073131604e-20
2.045461467265469e-05 -3.477141157413836e-20
2.0484431895209577e-05 -4.783948714254137e-20
2.051424911776447e-05 -3.9182900284892365e-20
2.054406634031936e-05 -2.922630151662328e-20
2.057388356287425e-05 -3.473394948608595e-20
2.060370078542914e-05 -4.347245839262664e-20
2.0633518007984032e-05 -4.302880871803972e-20
2.066333523053892e-05 -3.0771295000204634e-20
2.0693152453093813e-05 -3.0856455781694924e-20
2.07229696756487e-05 -4.4634291313826453e-20
2.075278689820359e-05 -4.2761766953618754e-20
2.078260412075848e-05 -3.244761066623743e-20
2.0812421343313372e-05 -3.3429200216192096e-20
2.084223856586826e-05 -4.2238832573688247e-20
2.0872055788423153e-05 -4.5371756817940076e-20
2.0901873010978042e-05 -3.5512827115351926e-20
2.0931690233532934e-05 -3.0430026619577314e-20
2.0961507456087823e-05 -4.256405121662612e-20
2.0991324678642715e-05 -4.6024881689117434e-20
2.10211419011976e-05 -3.46983204652523e-20
2.1050959123752493e-05 -3.2925468608681054e-20
2.108077634630738e-05 -4.133131405080765e-20
2.1110593568862274e-05 -4.601022100359432e-20
2.1140410791417163e-05 -3.770674872158995e-20
2.1170228013972055e-05 -3.2110195190237845e-20
2.1200045236526944e-05 -4.225805336407961e-20
2.1229862459081836e-05 -4.7225700072239016e-20
2.1259679681636725e-05 -3.944849262731195e-20
2.1289496904191617e-05 -3.4456988397921224e-20
2.1319314126746503e-05 -3.981674083829325e-20
2.1349131349301395e-05 -4.643948328147992e-20
2.1378948571856284e-05 -4.1409328376114884e-20
2.1408765794411176e-05 -3.1240515133536356e-20
2.1438583016966065e-05 -3.8220707836882144e-20
2.1468400239520957e-05 -4.8288315991349603e-20
2.1498217462075846e-05 -3.944182034463722e-20
2.152803468463074e-05 -3.348946403417164e-20
2.1557851907185627e-05 -3.910362624506422e-20
2.158766912974052e-05 -4.564053070259389e-20
2.1617486352295405e-05 -4.58399141765413e-20
2.1647303574850297e-05 -3.4935611186544674e-20
2.1677120797405186e-05 -3.405336462211928e-20
2.170693801996008e-05 -4.613498384600304e-20
2.1736755242514967e-05 -4.3520198160275595e-20
2.176657246506986e-05 -3.3876292661653e-20
2.179638968762475e-05 -3.5417335600068293e-20
2.182620691017964e-05 -4.2170494337567783e-20
2.185602413273453e-05 -4.511078055183574e-20
2.1885841355289422e-05 -3.714729686508424e-20
2.191565857784431e-05 -3.151302626165522e-20
2.19454758003992e-05 -4.24086214352093e-20
2.197529302295409e-05 -4.5740585760852225e-20
2.200511024550898e-05 -3.483273753519507e-20
2.203492746806387e-05 -3.39429016771549e-20
2.2064744690618762e-05 -3.94797587978654e-20
2.209456191317365e-05 -4.2666271449318855e-20
2.2124379135728543e-05 -3.8712661707641384e-20
2.2154196358283432e-05 -3.0987521680587116e-20
2.2184013580838324e-05 -3.698404664997116e-20
2.2213830803393213e-05 -4.332477420514897e-20
2.2243648025948102e-05 -3.573435822814066e-20
2.227346524850299e-05 -3.113480894829174e-20
2.2303282471057883e-05 -3.5342925773326627e-20
2.2333099693612772e-05 -4.0037280333706176e-20
2.2362916916167664e-05 -3.913239791920638e-20
2.2392734138722553e-05 -2.9595902585129464e-20
2.2422551361277445e-05 -3.1692378912700566e-20
2.2452368583832334e-05 -4.1171661822123767e-20
2.2482185806387226e-05 -3.512027467840368e-20
2.2512003028942115e-05 -2.907281859740256e-20
2.2541820251497004e-05 -2.963360504582171e-20
2.2571637474051893e-05 -3.532438705606393e-20
2.2601454696606785e-05 -3.8304283843735975e-20
2.2631271919161674e-05 -2.6857157713920943e-20
2.2661089141716566e-05 -2.632732758151371e-20
2.2690906364271455e-05 -3.7991263566886575e-20
2.2720723586826347e-05 -3.4151715320520917e-20
2.2750540809381236e-05 -2.6692812590951797e-20
2.278035803193613e-05 -2.758294509897263e-20
2.2810175254491017e-05 -3.113251406780638e-20
2.2839992477045906e-05 -3.4191900202176475e-20
2.2869809699600795e-05 -2.5597294912407584e-20
2.2899626922155687e-05 -1.9989359568064874e-20
2.2929444144710576e-05 -3.1327911236126207e-20
2.295926136726547e-05 -3.2617474035404446e-20
2.2989078589820357e-05 -2.3384024963276657e-20
2.301889581237525e-05 -2.3358102076177165e-20
2.304871303493014e-05 -2.746650949897084e-20
2.307853025748503e-05 -3.044682203561718e-20
2.310834748003992e-05 -2.6378930294906796e-20
2.313816470259481e-05 -1.7918227830141467e-20
2.3167981925149697e-05 -2.3749040528854306e-20
2.319779914770459e-05 -3.047597438726285e-20
2.322761637025948e-05 -2.1790624560747917e-20
2.325743359281437e-05 -1.931200000066011e-20
2.328725081536926e-05 -2.2582779067620124e-20
2.3317068037924152e-05 -2.4591005234212337e-20
2.334688526047904e-05 -2.552308941049127e-20
2.3376702483033933e-05 -1.543760104363137e-20
2.3406519705588822e-05 -1.748133945355879e-20
2.343633692814371e-05 -2.903356598561305e-20
2.34661541506986e-05 -2.1067231781476383e-20
2.3495971373253492e-05 -1.439512383948744e-20
2.352578859580838e-05 -1.8609066141011636e-20
2.355560581836327e-05 -2.1321477732647966e-20
2.3585423040918162e-05 -2.3684842019163784e-20
2.361524026347305e-05 -1.504209438494456e-20
2.3645057486027943e-05 -1.0109596212912723e-20
2.3674874708582832e-05 -2.352128270841393e-20
2.3704691931137724e-05 -2.0964587913329552e-20
2.373450915369261e-05 -1.16267037906466e-20
2.3764326376247502e-05 -1.5665058373662645e-20
2.379414359880239e-05 -1.6483963372548616e-20
2.3823960821357283e-05 -2.124644856754979e-20
2.3853778043912172e-05 -1.6152371975504517e-20
2.3883595266467064e-05 -5.862428245690147e-21
2.3913412489021953e-05 -1.858925135441481e-20
2.3943229711576845e-05 -2.0903956722058518e-20
2.3973046934131734e-05 -8.786135419197608e-21
2.4002864156686626e-05 -8.965989869474359e-21
2.4032681379241515e-05 -1.2771671839978417e-20
2.4062498601796404e-05 -1.6603635296072716e-20
2.4092315824351293e-05 -1.3995572646124337e-20
2.4122133046906185e-05 -4.121858356494432e-21
2.4151950269461074e-05 -1.0378124938978953e-20
2.4181767492015966e-05 -2.034477654766128e-20
2.4211584714570855e-05 -9.959328030958913e-21
2.4241401937125747e-05 -5.416968953533457e-21
2.4271219159680636e-05 -9.575752231660545e-21
2.430103638223553e-05 -1.2053069997130282e-20
2.4330853604790417e-05 -1.3535713760841459e-20
2.4360670827345306e-05 -1.2609148720114249e-21
2.4390488049900195e-05 -2.8969487979351153e-21
2.4420305272455087e-05 -1.6699665084620984e-20
2.4450122495009976e-05 -7.839389993000086e-21
2.447993971756487e-05 7.204799151517109e-22
2.4509756940119757e-05 -5.67329374677429e-21
2.453957416267465e-05 -9.794996204146265e-21
2.456939138522954e-05 -9.249247530725093e-21
2.459920860778443e-05 -2.9859648845715804e-21
2.462902583033932e-05 2.1550546638738773e-21
2.465884305289421e-05 -8.883531013842083e-21
2.4688660275449097e-05 -9.904660142913449e-21
2.471847749800399e-05 4.252862694802572e-21
2.474829472055888e-05 5.97280796418958e-22
2.477811194311377e-05 -4.366708757369538e-21
2.480792916566866e-05 -4.101650729334851e-21
2.4837746388223552e-05 -1.2055940759473986e-21
2.486756361077844e-05 8.305419455534539e-21
2.4897380833333333e-05 -2.3150190742204608e-21
2.4927198055888222e-05 -8.530523217985171e-21
2.495701527844311e-05 6.248853000081208e-21
2.4986832500998e-05 6.6858829106164555e-21
2.5016649723552892e-05 7.2308178978992295e-22
2.504646694610778e-05 -3.502448563748793e-22
2.5076284168662673e-05 2.571141400525073e-21
2.5106101391217562e-05 1.2013917896086661e-20
2.5135918613772454e-05 7.40778372121705e-21
2.5165735836327343e-05 -3.734101161403072e-21
2.5195553058882235e-05 5.563130557023237e-21
2.5225370281437124e-05 1.4283893133683247e-20
2.5255187503992013e-05 6.658971810611445e-21
2.5285004726546902e-05 1.9191170342407437e-21
2.5314821949101794e-05 5.2319087298882806e-21
2.5344639171656683e-05 1.4345157508687646e-20
2.5374456394211575e-05 1.4079838087744404e-20
2.5404273616766464e-05 9.080864788639941e-22
2.5434090839321356e-05 6.6552027280091966e-21
2.5463908061876245e-05 2.0550076713297774e-20
2.5493725284431137e-05 1.3136867026510141e-20
2.5523542506986026e-05 5.552074220612472e-21
2.5553359729540915e-05 1.0436735521211108e-20
2.5583176952095804e-05 1.612217455270354e-20
2.5612994174650696e-05 1.9872280731199637e-20
2.5642811397205585e-05 1.0155808708037628e-20
2.5672628619760477e-05 6.3696004470204944e-21
2.5702445842315366e-05 2.3475423530747608e-20
2.573226306487026e-05 2.0434119234681815e-20
2.5762080287425147e-05 9.706995265179668e-21
2.579189750998004e-05 1.4412632405399924e-20
2.582171473253493e-05 1.9075206895573095e-20
2.5851531955089817e-05 2.4936088102770093e-20
2.5881349177644706e-05 1.7068586705823297e-20
2.59111664001996e-05 1.0544668688052229e-20
2.5940983622754487e-05 2.5178067782092377e-20
2.597080084530938e-05 2.643555252111934e-20
2.600061806786427e-05 1.581159887097647e-20
2.603043529041916e-05 1.7304729755952177e-20
2.606025251297405e-05 2.4153364216260475e-20
2.6090069735528942e-05 2.914396012298549e-20
2.611988695808383e-05 2.3269004987112108e-20
2.614970418063872e-05 1.440974988659506e-20
2.617952140319361e-05 2.5650642973404284e-20
2.62093386257485e-05 3.383218447983216e-20
2.623915584830339e-05 2.263551254600016e-20
2.6268973070858282e-05 2.025582015162977e-20
2.629879029341317e-05 2.6471850897140318e-20
2.6328607515968063e-05 3.161168404580083e-20
2.6358424738522952e-05 3.0744259011129863e-20
2.6388241961077844e-05 1.9772314747288945e-20
2.6418059183632733e-05 2.519898221333617e-20
2.6447876406187625e-05 3.85537668015491e-20
2.647769362874251e-05 2.963503696573852e-20
2.6507510851297403e-05 2.2949485701811982e-20
2.6537328073852292e-05 3.026223682055564e-20
2.6567145296407184e-05 3.52856823713037e-20
2.6596962518962073e-05 3.6187569754772384e-20
2.6626779741516965e-05 2.6364437386791008e-20
2.6656596964071854e-05 2.657039947486137e-20
2.6686414186626746e-05 4.1621037359488947e-20
2.6716231409181635e-05 3.573353016373352e-20
2.6746048631736527e-05 2.5815272785473206e-20
2.6775865854291413e-05 3.173983341056251e-20
2.6805683076846305e-05 3.843451900449147e-20
2.6835500299401194e-05 4.0183186140123806e-20
2.6865317521956086e-05 3.0711863511992513e-20
2.6895134744510975e-05 2.756476916485289e-20
2.6924951967065867e-05 4.259666529561385e-20
2.6954769189620756e-05 4.318627357837078e-20
2.698458641217565e-05 3.1730912715923314e-20
2.7014403634730537e-05 3.2143181675866183e-20
2.704422085728543e-05 3.957943847494253e-20
2.7074038079840315e-05 4.3008453884744874e-20
2.7103855302395207e-05 3.503843663897317e-20
2.7133672524950096e-05 3.012189432355887e-20
2.716348974750499e-05 4.050863051183139e-20
2.7193306970059877e-05 4.59192166649414e-20
2.722312419261477e-05 3.5962341684472286e-20
2.725294141516966e-05 3.2051926735503326e-20
2.728275863772455e-05 4.208115176151382e-20
2.731257586027944e-05 4.55774862100628e-20
2.7342393082834332e-05 3.814506158401789e-20
2.7372210305389217e-05 3.2684589622213597e-20
2.740202752794411e-05 3.928804251306861e-20
2.7431844750499e-05 4.779786913384976e-20
2.746166197305389e-05 3.888750171216085e-20
2.749147919560878e-05 3.1392949838921495e-20
2.7521296418163672e-05 3.969888813522182e-20
2.755111364071856e-05 4.531341009565615e-20
2.7580930863273453e-05 4.2145058659482527e-20
2.7610748085828342e-05 3.4892042330557603e-20
2.7640565308383234e-05 3.597666260154368e-20
2.767038253093812e-05 4.780587621081742e-20
2.7700199753493012e-05 4.409077694429718e-20
2.77300169760479e-05 3.302874958969268e-20
2.7759834198602793e-05 3.919072345775755e-20
2.7789651421157682e-05 4.59130643954087e-20
2.7819468643712574e-05 4.260017896559061e-20
2.7849285866267463e-05 3.5917728089607114e-20
2.7879103088822355e-05 3.57162175863017e-20
2.7908920311377244e-05 4.658036102805041e-20
2.7938737533932136e-05 4.633410449428991e-20
2.7968554756487022e-05 3.4637116127719475e-20
2.7998371979041914e-05 3.687691003232562e-20
2.8028189201596803e-05 4.591195612411194e-20
2.8058006424151695e-05 4.628744635775211e-20
2.8087823646706584e-05 3.780136945577683e-20
2.8117640869261476e-05 3.365927669046999e-20
2.8147458091816365e-05 4.5441014524380283e-20
2.8177275314371258e-05 4.892546202431915e-20
2.8207092536926146e-05 3.7149154448741275e-20
2.823690975948104e-05 3.571146724174703e-20
2.8266726982035924e-05 4.461936743700526e-20
2.8296544204590813e-05 4.7310552504294594e-20
2.8326361427145705e-05 3.856588517234399e-20
2.8356178649700594e-05 3.521833909663813e-20
2.8385995872255486e-05 4.5268477139552064e-20
2.8415813094810375e-05 4.995159875614925e-20
2.8445630317365267e-05 4.1550309595327305e-20
2.8475447539920156e-05 3.641753635931626e-20
2.850526476247505e-05 4.37325400987987e-20
2.8535081985029937e-05 4.8298271412966857e-20
2.856489920758483e-05 4.317304582316002e-20
2.8594716430139715e-05 3.7185655658543247e-20
2.8624533652694607e-05 4.1593384203974606e-20
2.8654350875249496e-05 5.1247567731597644e-20
2.868416809780439e-05 4.3674563974674757e-20
2.8713985320359277e-05 3.588556155382653e-20
2.874380254291417e-05 4.441920663262841e-20
2.877361976546906e-05 4.946861518106734e-20
2.880343698802395e-05 4.677368859073629e-20
2.883325421057884e-05 4.010688988519218e-20
2.8863071433133732e-05 4.1690736172945523e-20
2.8892888655688617e-05 5.175371518318646e-20
2.892270587824351e-05 4.796010405133228e-20
2.89525231007984e-05 3.9465268737085944e-20
2.898234032335329e-05 4.1948336690018946e-20
2.901215754590818e-05 4.7947858113881013e-20
2.9041974768463072e-05 4.9513187965343617e-20
2.907179199101796e-05 4.17837062213213e-20
2.9101609213572853e-05 4.0362687616949185e-20
2.9131426436127742e-05 5.3163095641276675e-20
2.9161243658682634e-05 5.095778255597299e-20
2.919106088123752e-05 3.9331959424152995e-20
2.9220878103792412e-05 4.3713923439262056e-20
2.92506953263473e-05 4.9563856669370385e-20
2.9280512548902193e-05 5.080105175229209e-20
2.9310329771457082e-05 4.5000547855746595e-20
2.9340146994011974e-05 3.9786381679612456e-20
2.9369964216566863e-05 5.027617901703733e-20
2.9399781439121755e-05 5.3121421073175355e-20
2.9429598661676644e-05 4.316208735378962e-20
2.9459415884231536e-05 4.184289812093113e-20
2.9489233106786422e-05 5.1082181172365887e-20
2.9519050329341314e-05 5.358389421280334e-20
2.9548867551896203e-05 4.5504470332539274e-20
2.9578684774451095e-05 4.157626864541407e-20
2.9608501997005984e-05 4.7354621874181124e-20
2.9638319219560876e-05 5.477616758657667e-20
2.9668136442115765e-05 4.697098847657064e-20
2.9697953664670658e-05 3.944904027441421e-20
2.9727770887225546e-05 4.877314706846083e-20
2.975758810978044e-05 5.196273647178005e-20
2.9787405332335324e-05 4.700352246027245e-20
2.9817222554890216e-05 4.2446245866266947e-20
