0.0 7.033225678411931e-20
2.9808902255639104e-08 7.839316065450961e-20
5.961780451127821e-08 6.195255720163658e-20
8.942670676691729e-08 6.126171361970842e-20
1.1923560902255642e-07 7.388256707943698e-20
1.490445112781955e-07 7.228965237927456e-20
1.7885341353383458e-07 6.710346418504948e-20
2.086623157894737e-07 5.948179103423538e-20
2.3847121804511283e-07 6.661638538994868e-20
2.682801203007519e-07 7.811997506840207e-20
2.98089022556391e-07 6.468595418786964e-20
3.278979248120301e-07 5.805269003865548e-20
3.5770682706766917e-07 6.981501743456884e-20
3.875157293233083e-07 7.357853870235289e-20
4.173246315789474e-07 6.769745998757912e-20
4.471335338345865e-07 5.95031842067384e-20
4.769424360902257e-07 6.349234388610758e-20
5.067513383458648e-07 7.66282863016445e-20
5.365602406015038e-07 6.822341626034066e-20
5.663691428571429e-07 5.491864705441212e-20
5.96178045112782e-07 6.624681021129745e-20
6.259869473684211e-07 7.403802782625012e-20
6.557958496240602e-07 6.688462203476032e-20
6.856047518796993e-07 6.03011986991688e-20
7.154136541353383e-07 5.947997812995114e-20
7.452225563909774e-07 7.284265295212657e-20
7.750314586466166e-07 7.194665963060229e-20
8.048403609022557e-07 5.448910587004516e-20
8.346492631578948e-07 6.209030738961384e-20
8.644581654135339e-07 7.387357490717039e-20
8.94267067669173e-07 6.701540129252213e-20
9.240759699248121e-07 5.769149744430671e-20
9.538848721804513e-07 5.670351968713333e-20
9.836937744360903e-07 6.914806339421431e-20
1.0135026766917295e-06 7.273151610556575e-20
1.0433115789473685e-06 5.570167954545931e-20
1.0731204812030076e-06 5.408090673785926e-20
1.1029293834586468e-06 7.02796654935079e-20
1.1327382857142858e-06 6.920868883379076e-20
1.162547187969925e-06 5.672116923737406e-20
1.192356090225564e-06 5.465887431092243e-20
1.2221649924812032e-06 6.4501208072175e-20
1.2519738947368422e-06 7.016283212281593e-20
1.2817827969924814e-06 5.596726287466844e-20
1.3115916992481204e-06 4.944625703538866e-20
1.3414006015037597e-06 6.46343284563278e-20
1.3712095037593987e-06 6.722867628416832e-20
1.4010184060150379e-06 5.572061824339786e-20
1.4308273082706767e-06 5.057815439111243e-20
1.4606362105263159e-06 5.811263364346481e-20
1.4904451127819549e-06 6.845585765869518e-20
1.520254015037594e-06 5.759149532942992e-20
1.5500629172932331e-06 4.4959894929164354e-20
1.5798718195488723e-06 5.734309995294258e-20
1.6096807218045113e-06 6.670527390797905e-20
1.6394896240601505e-06 5.597598425571422e-20
1.6692985263157896e-06 4.5883452511868565e-20
1.6991074285714288e-06 5.1769221759777676e-20
1.7289163308270678e-06 6.348154536357694e-20
1.758725233082707e-06 5.653106985322128e-20
1.788534135338346e-06 3.9799937048786107e-20
1.8183430375939852e-06 4.8880018499596576e-20
1.8481519398496242e-06 6.366558145573632e-20
1.8779608421052634e-06 5.355225480162349e-20
1.9077697443609026e-06 4.191795825325524e-20
1.9375786466165414e-06 4.5413772429955095e-20
1.9673875488721807e-06 5.878212822264248e-20
1.9971964511278194e-06 5.718983274840524e-20
2.027005353383459e-06 3.686181926473633e-20
2.056814255639098e-06 4.0033312993457434e-20
2.086623157894737e-06 5.682755221928348e-20
2.116432060150376e-06 5.110369411230045e-20
2.146240962406015e-06 3.763940019008936e-20
2.1760498646616543e-06 3.676427218000535e-20
2.2058587669172935e-06 5.041232643725299e-20
2.2356676691729323e-06 5.3228284645009496e-20
2.2654765714285715e-06 3.59106298784099e-20
2.2952854736842108e-06 3.409279400924427e-20
2.32509437593985e-06 4.8808143327742694e-20
2.3549032781954888e-06 4.8240578261514846e-20
2.384712180451128e-06 3.4244545684264046e-20
2.414521082706767e-06 3.187770305779978e-20
2.4443299849624064e-06 4.241567148858019e-20
2.4741388872180452e-06 4.637525023599183e-20
2.5039477894736844e-06 3.3213550578326016e-20
2.5337566917293236e-06 2.4826037837123487e-20
2.563565593984963e-06 3.8901727510684444e-20
2.5933744962406017e-06 4.372963621621429e-20
2.623183398496241e-06 3.0760650717621226e-20
2.65299230075188e-06 2.573996015606135e-20
2.6828012030075193e-06 3.405257605064555e-20
2.712610105263158e-06 4.229996159545143e-20
2.7424190075187973e-06 3.0708990506904557e-20
2.7722279097744365e-06 1.7083162666093164e-20
2.8020368120300758e-06 2.980762914599835e-20
2.8318457142857145e-06 3.9928649045863126e-20
2.8616546165413533e-06 2.5498569127753136e-20
2.891463518796993e-06 1.6055901786975656e-20
2.9212724210526318e-06 2.3376339063130557e-20
2.951081323308271e-06 3.393171386841004e-20
2.9808902255639098e-06 2.806206914871753e-20
3.0106991278195494e-06 1.195374416491699e-20
3.040508030075188e-06 1.8839823488753256e-20
3.0703169323308274e-06 3.245914384490733e-20
3.1001258345864662e-06 2.51932513113366e-20
3.129934736842106e-06 1.0173964338712655e-20
3.1597436390977447e-06 1.2241772581157071e-20
3.189552541353384e-06 2.6855738272334387e-20
3.2193614436090227e-06 2.2813646831549706e-20
3.249170345864662e-06 6.65584535822533e-21
3.278979248120301e-06 8.363513865488308e-21
3.3087881503759403e-06 2.1764033844562123e-20
3.338597052631579e-06 1.913307598587959e-20
3.3684059548872183e-06 4.5457716219154124e-21
3.3982148571428575e-06 4.63381642537132e-21
3.4280237593984968e-06 1.743858652930186e-20
3.4578326616541355e-06 2.0340510396486982e-20
3.4876415639097748e-06 3.631641648059902e-21
3.517450466165414e-06 -3.441991109803138e-21
3.547259368421053e-06 1.4965025943948336e-20
3.577068270676692e-06 1.585192951263492e-20
3.606877172932331e-06 -2.3134917643061935e-21
3.6366860751879704e-06 -3.47323025969621e-21
3.6664949774436096e-06 7.43631090052605e-21
3.6963038796992484e-06 1.2921458996464694e-20
3.7261127819548876e-06 4.247497762401186e-22
3.755921684210527e-06 -1.0873655345616299e-20
3.785730586466166e-06 5.333288801103192e-21
3.815539488721805e-06 1.2927692255035302e-20
3.845348390977444e-06 -4.962089699652727e-21
3.875157293233083e-06 -1.0910337370891114e-20
3.904966195488722e-06 -1.0076482185523744e-21
3.934775097744361e-06 7.110239176828112e-21
3.9645840000000005e-06 -2.0063858649306825e-21
3.994392902255639e-06 -1.7332068197034265e-20
4.024201804511278e-06 -4.575945865588279e-21
4.054010706766918e-06 7.561541270298098e-21
4.083819609022557e-06 -6.898503306528316e-21
4.113628511278196e-06 -1.5313897108148002e-20
4.143437413533835e-06 -7.867060615729834e-21
4.173246315789474e-06 2.009339764259673e-21
4.203055218045113e-06 -2.5868463503332904e-21
4.232864120300752e-06 -1.871077896947627e-20
4.262673022556391e-06 -1.3412212919154502e-20
4.29248192481203e-06 2.0739947850718767e-21
4.32229082706767e-06 -7.286728827657898e-21
4.352099729323309e-06 -2.0519978790731604e-20
4.381908631578948e-06 -1.456162511445978e-20
4.411717533834587e-06 -5.172977240820511e-21
4.441526436090226e-06 -3.634750445040676e-21
4.471335338345865e-06 -1.7560771303977226e-20
4.501144240601504e-06 -2.4204205885917998e-20
4.530953142857143e-06 -3.418576998951029e-21
4.560762045112783e-06 -4.3997559132105826e-21
4.5905709473684215e-06 -2.408921247771441e-20
4.620379849624061e-06 -2.0977711612385447e-20
4.6501887518797e-06 -1.0544986469649939e-20
4.679997654135339e-06 -6.67564258775785e-21
4.7098065563909776e-06 -1.945973552985161e-20
4.739615458646617e-06 -2.7641285548900384e-20
4.769424360902256e-06 -9.347044738720074e-21
4.799233263157895e-06 -6.5967569592814134e-21
4.829042165413534e-06 -2.3801528914575145e-20
4.858851067669174e-06 -2.344615979614529e-20
4.888659969924813e-06 -1.3955081899455684e-20
4.918468872180451e-06 -1.1810086064106426e-20
4.9482777744360904e-06 -1.790391246449784e-20
4.97808667669173e-06 -2.8668424095298976e-20
5.007895578947369e-06 -1.9880735162623152e-20
5.037704481203008e-06 -8.469447342289084e-21
5.067513383458647e-06 -2.3600121849786317e-20
5.0973222857142865e-06 -2.9862740208767575e-20
5.127131187969926e-06 -1.8765505608360475e-20
5.156940090225564e-06 -1.4577415533505085e-20
5.186748992481203e-06 -1.860996309504536e-20
5.2165578947368425e-06 -3.0470609149714846e-20
5.246366796992482e-06 -2.5929018093854957e-20
5.27617569924812e-06 -1.014392618956908e-20
5.30598460150376e-06 -2.184382442228598e-20
5.335793503759399e-06 -3.312115944628336e-20
5.365602406015039e-06 -2.356203508080237e-20
5.395411308270677e-06 -1.827764651664426e-20
5.425220210526316e-06 -2.150714207244492e-20
5.455029112781955e-06 -3.165761847765047e-20
5.484838015037595e-06 -3.169489476838443e-20
5.514646917293233e-06 -1.5492996088337515e-20
5.544455819548873e-06 -1.8700921005023144e-20
5.574264721804512e-06 -3.51160527870798e-20
5.6040736240601515e-06 -2.9085333442981634e-20
5.63388252631579e-06 -1.9315241834998117e-20
5.663691428571429e-06 -2.27294749801146e-20
5.693500330827068e-06 -3.087428662792797e-20
5.723309233082707e-06 -3.5201113265920614e-20
5.753118135338346e-06 -2.196734801136105e-20
5.782927037593986e-06 -1.8816826041077787e-20
5.812735939849625e-06 -3.5644495391690445e-20
5.8425448421052635e-06 -3.5079675267695e-20
5.872353744360903e-06 -2.4153314922416502e-20
5.902162646616542e-06 -2.2708786110616204e-20
5.931971548872181e-06 -2.945169298521519e-20
5.9617804511278196e-06 -3.6626582429283186e-20
5.991589353383459e-06 -2.775787321624031e-20
6.021398255639099e-06 -1.9005996263784104e-20
6.051207157894738e-06 -3.2186512003264553e-20
6.081016060150376e-06 -3.634911046390405e-20
6.110824962406016e-06 -2.567845138667879e-20
6.140633864661655e-06 -2.62875750589852e-20
6.170442766917294e-06 -2.9838277812712596e-20
6.2002516691729324e-06 -3.584336618411619e-20
6.230060571428572e-06 -3.3359970477014906e-20
6.259869473684212e-06 -1.940103135031502e-20
6.289678375939851e-06 -2.803275585459431e-20
6.319487278195489e-06 -3.9266793204068693e-20
6.3492961804511285e-06 -2.79802090622459e-20
6.379105082706768e-06 -2.192522802312595e-20
6.408913984962407e-06 -2.770662058386375e-20
6.438722887218045e-06 -3.525250468502642e-20
6.4685317894736845e-06 -3.4593458923743354e-20
6.498340691729324e-06 -2.2057945731508645e-20
6.528149593984964e-06 -2.4974878967950055e-20
6.557958496240602e-06 -3.825491360208124e-20
6.587767398496241e-06 -3.045949656010445e-20
6.617576300751881e-06 -2.1539002043406848e-20
6.64738520300752e-06 -2.6534381935813287e-20
6.677194105263158e-06 -3.063220289552741e-20
6.707003007518797e-06 -3.224634695330215e-20
6.736811909774437e-06 -2.386270765360687e-20
6.766620812030076e-06 -1.873206737877974e-20
6.796429714285715e-06 -3.2290219222659004e-20
6.826238616541354e-06 -3.188798257837953e-20
6.8560475187969935e-06 -1.9600097500772936e-20
6.885856421052632e-06 -2.3486040608438788e-20
6.915665323308271e-06 -2.777722687510232e-20
6.94547422556391e-06 -2.8696447271611723e-20
6.9752831278195495e-06 -2.5356777497227126e-20
7.005092030075189e-06 -1.5849482314710167e-20
7.034900932330828e-06 -2.4203742614505276e-20
7.064709834586467e-06 -3.0403216188219196e-20
7.094518736842106e-06 -1.9039588595371924e-20
7.124327639097745e-06 -1.674873872373169e-20
7.154136541353384e-06 -2.0693496768064102e-20
7.183945443609023e-06 -2.6108380927815708e-20
7.213754345864662e-06 -2.4355828948837755e-20
7.243563248120302e-06 -1.304923619904845e-20
7.273372150375941e-06 -1.886235464890102e-20
7.30318105263158e-06 -2.7063018873092446e-20
7.332989954887219e-06 -1.7391677687364043e-20
7.362798857142858e-06 -1.1960536511368171e-20
7.392607759398497e-06 -1.5356425469650685e-20
7.422416661654136e-06 -1.8814312032060718e-20
7.452225563909775e-06 -2.0577530544432683e-20
7.482034466165414e-06 -1.0515577160182609e-20
7.511843368421054e-06 -6.85473125389961e-21
7.541652270676693e-06 -2.130973902618396e-20
7.571461172932332e-06 -1.787764706025749e-20
7.6012700751879705e-06 -5.688771679487862e-21
7.63107897744361e-06 -9.96023709531207e-21
7.66088787969925e-06 -1.403299742928916e-20
7.690696781954887e-06 -1.4646681924115355e-20
7.720505684210527e-06 -7.235424184308764e-21
7.750314586466166e-06 -7.524406930971375e-22
7.780123488721805e-06 -1.1195165589562787e-20
7.809932390977444e-06 -1.2663141980402628e-20
7.839741293233083e-06 -1.1766261400117154e-21
7.869550195488723e-06 -6.33034832551612e-22
7.899359097744362e-06 -7.118847637919058e-21
7.929168000000001e-06 -8.365705669437656e-21
7.95897690225564e-06 -2.3314378335890597e-21
7.988785804511278e-06 4.384739295692444e-21
8.018594706766917e-06 -1.914535931655375e-21
8.048403609022556e-06 -8.427878193727782e-21
8.078212511278195e-06 3.313916053065124e-21
8.108021413533836e-06 7.007297894379897e-21
8.137830315789476e-06 1.8633370008769294e-22
8.167639218045115e-06 -1.3112032136141815e-22
8.197448120300754e-06 1.3057914569685162e-21
8.227257022556392e-06 1.1371394715066e-20
8.25706592481203e-06 9.614889792262146e-21
8.28687482706767e-06 -3.1471547585636013e-21
8.31668372932331e-06 6.449332829970753e-21
8.346492631578948e-06 1.5110166614040817e-20
8.376301533834588e-06 8.826813789460964e-21
8.406110436090227e-06 5.226484348030042e-21
8.435919338345866e-06 6.564971346781818e-21
8.465728240601504e-06 1.5626178680785344e-20
8.495537142857143e-06 1.920115411796678e-20
8.525346045112782e-06 7.371564331602372e-21
8.555154947368421e-06 7.556663394479365e-21
8.58496384962406e-06 2.1274902102259746e-20
8.614772751879701e-06 1.9443355580625442e-20
8.64458165413534e-06 1.3244123698113222e-20
8.674390556390978e-06 1.2665596942273982e-20
8.704199458646617e-06 1.724548493937923e-20
8.734008360902257e-06 2.6921537086116922e-20
8.763817263157896e-06 1.6831504215176278e-20
8.793626165413535e-06 1.0601232298721724e-20
8.823435067669174e-06 2.5694814554201038e-20
8.853243969924813e-06 2.754173210452193e-20
8.883052872180453e-06 2.1097886799324868e-20
8.91286177443609e-06 1.851397396216856e-20
8.94267067669173e-06 2.233302737175963e-20
8.972479578947369e-06 3.403746141411303e-20
9.002288481203008e-06 2.7099766286914695e-20
9.032097383458647e-06 1.6138497277464582e-20
9.061906285714286e-06 2.8029229260127394e-20
9.091715187969927e-06 3.375076894123775e-20
9.121524090225566e-06 2.708326896948836e-20
9.151332992481204e-06 2.4357659643518274e-20
9.181141894736843e-06 2.52500857880449e-20
9.210950796992482e-06 3.4628873735415047e-20
9.240759699248121e-06 3.612475512168925e-20
9.27056860150376e-06 2.3846922353120064e-20
9.3003775037594e-06 2.763887812652139e-20
9.330186406015039e-06 3.9994960069600485e-20
9.359995308270678e-06 3.560646408960388e-20
9.389804210526316e-06 2.6866253426579818e-20
9.419613112781955e-06 2.8775023692490126e-20
9.449422015037594e-06 3.7760629730935375e-20
9.479230917293234e-06 4.143269267136927e-20
9.509039819548873e-06 2.9863428575502616e-20
9.538848721804512e-06 2.885524314750254e-20
9.568657624060153e-06 4.400525048199431e-20
9.59846652631579e-06 4.1233718472659776e-20
9.62827542857143e-06 3.344245905006592e-20
9.658084330827069e-06 3.3996819253140215e-20
9.687893233082708e-06 3.853586162475313e-20
9.717702135338347e-06 4.7700459682145777e-20
9.747511037593986e-06 3.705312078601439e-20
9.777319939849626e-06 2.8630295714796277e-20
9.807128842105265e-06 4.604407447073759e-20
9.836937744360902e-06 4.813183658228244e-20
9.866746646616542e-06 3.800993012551295e-20
9.896555548872181e-06 3.6602872684312046e-20
9.92636445112782e-06 3.98985127407268e-20
9.95617335338346e-06 5.155206130481537e-20
9.985982255639099e-06 4.650912197214782e-20
1.0015791157894738e-05 3.269657613445159e-20
1.0045600060150377e-05 4.5261250830750255e-20
1.0075408962406016e-05 5.570610968812179e-20
1.0105217864661655e-05 4.54156130143193e-20
1.0135026766917295e-05 3.808286016230427e-20
1.0164835669172934e-05 4.3728644575136055e-20
1.0194644571428573e-05 5.429897106657216e-20
1.0224453473684212e-05 5.23159959381877e-20
1.0254262375939851e-05 3.839117695663206e-20
1.028407127819549e-05 4.267773609635961e-20
1.0313880180451128e-05 5.934686689574044e-20
1.0343689082706767e-05 5.402490947893247e-20
1.0373497984962407e-05 4.25666534884085e-20
1.0403306887218046e-05 4.660776837100382e-20
1.0433115789473685e-05 5.729609063247047e-20
1.0462924691729324e-05 6.009181878328291e-20
1.0492733593984964e-05 4.5763468574545915e-20
1.0522542496240601e-05 4.367338890140162e-20
1.055235139849624e-05 6.265568131096951e-20
1.0582160300751881e-05 6.158602290640276e-20
1.061196920300752e-05 4.620765052691172e-20
1.064177810526316e-05 4.80141715031752e-20
1.0671587007518799e-05 6.04752205373373e-20
1.0701395909774438e-05 6.542864961958893e-20
1.0731204812030077e-05 5.4019957866853424e-20
1.0761013714285715e-05 4.641377964528218e-20
1.0790822616541354e-05 6.300095006463138e-20
1.0820631518796993e-05 6.996889899792926e-20
1.0850440421052632e-05 5.455280509601753e-20
1.0880249323308272e-05 5.0807673044978427e-20
1.091005822556391e-05 6.144317850071345e-20
1.093986712781955e-05 7.020596131403473e-20
1.096967603007519e-05 6.151056624597077e-20
1.0999484932330827e-05 4.896172028351466e-20
1.1029293834586466e-05 6.210694615532366e-20
1.1059102736842107e-05 7.459429382020785e-20
1.1088911639097746e-05 6.281405832951779e-20
1.1118720541353385e-05 5.2946121741817504e-20
1.1148529443609025e-05 6.165186326214373e-20
1.1178338345864664e-05 7.333483789377738e-20
1.1208147248120303e-05 6.91938017489629e-20
1.123795615037594e-05 5.3612936840319854e-20
1.126776505263158e-05 5.857097883574188e-20
1.1297573954887219e-05 7.758490322725725e-20
1.1327382857142858e-05 6.725522013460567e-20
1.1357191759398497e-05 5.296226885582948e-20
1.1387000661654137e-05 6.286341580396706e-20
1.1416809563909776e-05 7.418339076991758e-20
1.1446618466165413e-05 7.37629326070017e-20
1.1476427368421053e-05 5.853307235003317e-20
1.1506236270676692e-05 5.720270789190927e-20
1.1536045172932333e-05 7.788539111979758e-20
1.1565854075187972e-05 7.58007869917596e-20
1.1595662977443611e-05 5.744408829324588e-20
1.162547187969925e-05 5.990922280529626e-20
1.165528078195489e-05 7.270691564096346e-20
1.1685089684210527e-05 7.547627487941564e-20
1.1714898586466166e-05 6.222343956827318e-20
1.1744707488721806e-05 5.466636361151793e-20
1.1774516390977445e-05 7.434036550149187e-20
1.1804325293233084e-05 7.932985633020754e-20
1.1834134195488723e-05 5.97562512938953e-20
1.1863943097744362e-05 5.810152966461169e-20
1.1893752000000002e-05 7.10196719664931e-20
1.1923560902255639e-05 7.809479356136631e-20
1.1953369804511278e-05 6.515023978336345e-20
1.1983178706766918e-05 5.2696249534683396e-20
1.2012987609022557e-05 6.946309002366199e-20
1.2042796511278198e-05 8.023502997312459e-20
1.2072605413533837e-05 6.329278034944768e-20
1.2102414315789476e-05 5.313200911828686e-20
1.2132223218045115e-05 6.730051868571468e-20
1.2162032120300753e-05 7.883619614756972e-20
1.2191841022556392e-05 6.680139764485039e-20
1.2221649924812031e-05 5.207125764035959e-20
1.225145882706767e-05 6.388608480340693e-20
1.228126772932331e-05 7.942963709126581e-20
1.2311076631578949e-05 6.521010858884876e-20
1.2340885533834588e-05 5.114130760831221e-20
1.2370694436090227e-05 6.190452018531041e-20
1.2400503338345865e-05 7.431877565497491e-20
1.2430312240601504e-05 6.701229797517603e-20
1.2460121142857143e-05 5.012295662623674e-20
1.2489930045112783e-05 5.589792186985328e-20
1.2519738947368423e-05 7.343225981011867e-20
1.2549547849624063e-05 6.74864981888919e-20
1.2579356751879702e-05 5.0666426000002684e-20
1.260916565413534e-05 5.416731438451527e-20
1.2638974556390979e-05 7.112392617613039e-20
1.2668783458646618e-05 6.773427293999074e-20
1.2698592360902257e-05 4.9254876708510354e-20
1.2728401263157896e-05 4.969110621807605e-20
1.2758210165413535e-05 6.583245211651174e-20
1.2788019067669175e-05 6.737119017402182e-20
1.2817827969924814e-05 4.786976091239397e-20
1.2847636872180451e-05 4.456534759890309e-20
1.287744577443609e-05 6.48004984671672e-20
1.290725467669173e-05 6.624977045161206e-20
1.2937063578947369e-05 4.776474544352699e-20
1.2966872481203008e-05 4.2822552274989396e-20
1.2996681383458648e-05 5.906725138293438e-20
1.3026490285714288e-05 6.528897285291737e-20
1.3056299187969928e-05 4.591537987277885e-20
1.3086108090225565e-05 3.808219812335469e-20
1.3115916992481204e-05 5.3924717725453413e-20
1.3145725894736844e-05 6.121304242690689e-20
1.3175534796992483e-05 4.6645324956453034e-20
1.3205343699248122e-05 3.443802393967889e-20
1.3235152601503761e-05 4.75721374472182e-20
1.32649615037594e-05 6.081224161762774e-20
1.329477040601504e-05 4.452851280721084e-20
1.3324579308270677e-05 3.0881145336752685e-20
1.3354388210526316e-05 4.4361812457307547e-20
1.3384197112781956e-05 5.534361753853997e-20
1.3414006015037595e-05 4.525046260909882e-20
1.3443814917293234e-05 2.8997490093455904e-20
1.3473623819548873e-05 3.5931314824791276e-20
1.3503432721804514e-05 5.2885554396474625e-20
1.3533241624060152e-05 4.189673782561946e-20
1.3563050526315791e-05 2.4755755375177477e-20
1.359285942857143e-05 3.2597493993828535e-20
1.362266833082707e-05 4.737165272195154e-20
1.3652477233082709e-05 4.191390665177768e-20
1.3682286135338348e-05 2.419442499226878e-20
1.3712095037593987e-05 2.5970469446956198e-20
1.3741903939849626e-05 4.384427341567071e-20
1.3771712842105264e-05 4.0094899158693784e-20
1.3801521744360903e-05 2.0555847618420914e-20
1.3831330646616542e-05 2.2678850318507616e-20
1.3861139548872181e-05 3.868191784095492e-20
1.389094845112782e-05 3.735900559214846e-20
1.392075735338346e-05 1.8775296591484358e-20
1.3950566255639099e-05 1.5377387034070158e-20
1.3980375157894738e-05 3.320339541680256e-20
1.4010184060150377e-05 3.512612449271413e-20
1.4039992962406017e-05 1.627965176713685e-20
1.4069801864661656e-05 1.1276320558573518e-20
1.4099610766917295e-05 2.755135358061355e-20
1.4129419669172934e-05 3.2571408664248177e-20
1.4159228571428574e-05 1.4800050173018538e-20
1.4189037473684213e-05 6.28387955979961e-21
1.4218846375939852e-05 2.1311730541616897e-20
1.424865527819549e-05 3.00794150563134e-20
1.4278464180451129e-05 1.2558055624567727e-20
1.4308273082706768e-05 2.7660865743492953e-22
1.4338081984962407e-05 1.59338474078864e-20
1.4367890887218046e-05 2.6371044049208296e-20
1.4397699789473686e-05 1.1965934841711544e-20
1.4427508691729325e-05 -1.797968951149745e-21
1.4457317593984962e-05 9.695222717835655e-21
1.4487126496240603e-05 2.3723783727928464e-20
1.4516935398496242e-05 8.700690108235993e-21
1.4546744300751882e-05 -6.123634879581591e-21
1.4576553203007521e-05 3.993978555869281e-21
1.460636210526316e-05 1.6512631768689372e-20
1.46361710075188e-05 8.32531982812514e-21
1.4665979909774439e-05 -1.0222091906481387e-20
1.4695788812030076e-05 -5.272679053423109e-21
1.4725597714285715e-05 1.302933285954145e-20
1.4755406616541355e-05 6.102971890645284e-21
1.4785215518796994e-05 -1.3655203864547118e-20
1.4815024421052633e-05 -8.934920928746526e-21
1.4844833323308272e-05 7.30039962967095e-21
1.4874642225563911e-05 2.386775073484227e-21
1.490445112781955e-05 -1.5412776812550358e-20
1.4934260030075188e-05 -1.637480735323276e-20
1.4964068932330827e-05 2.026053426775986e-21
1.4993877834586468e-05 -5.972883762056165e-22
1.5023686736842107e-05 -2.1681377253917415e-20
1.5053495639097747e-05 -1.9957212382820125e-20
1.5083304541353386e-05 -5.583224182059232e-21
1.5113113443609025e-05 -5.128755011936251e-21
1.5142922345864664e-05 -2.160907150572789e-20
1.5172731248120302e-05 -2.875299089519015e-20
1.5202540150375941e-05 -1.1984199763122542e-20
1.523234905263158e-05 -8.703238912472169e-21
1.526215795488722e-05 -2.8067911461288887e-20
1.529196685714286e-05 -3.321278107610297e-20
1.53217757593985e-05 -2.0147514141337654e-20
1.535158466165414e-05 -1.5799866282440278e-20
1.5381393563909775e-05 -2.8717678216508167e-20
1.5411202466165414e-05 -4.037296372318756e-20
1.5441011368421053e-05 -3.164549106179999e-20
1.5470820270676692e-05 -1.7709198650692623e-20
1.550062917293233e-05 -3.18476337902182e-20
1.553043807518797e-05 -4.846071298683945e-20
1.556024697744361e-05 -3.4303024806077416e-20
1.559005587969925e-05 -2.5627835605701014e-20
1.561986478195489e-05 -3.8226086111449504e-20
1.5649673684210528e-05 -5.0690261133954286e-20
1.5679482586466167e-05 -4.7114064947829985e-20
1.5709291488721806e-05 -3.19805682790458e-20
1.5739100390977445e-05 -4.0258221097224757e-20
1.5768909293233084e-05 -5.922287950334179e-20
1.5798718195488724e-05 -5.325165952455495e-20
1.5828527097744363e-05 -3.9396530398281524e-20
1.5858336000000002e-05 -4.48701341021778e-20
1.588814490225564e-05 -6.29874827755547e-20
1.591795380451128e-05 -6.170425501972705e-20
1.594776270676692e-05 -4.5170342618677074e-20
1.5977571609022556e-05 -4.9261012068794703e-20
1.6007380511278195e-05 -6.990853911241197e-20
1.6037189413533834e-05 -6.994200277740653e-20
1.6066998315789473e-05 -5.420369194479139e-20
1.6096807218045112e-05 -5.67758976449576e-20
1.612661612030075e-05 -7.291214948582539e-20
1.615642502255639e-05 -7.69477867929464e-20
1.618623392481203e-05 -6.254927487727126e-20
1.6216042827067673e-05 -5.919660289891786e-20
1.6245851729323312e-05 -7.891732556632147e-20
1.627566063157895e-05 -8.34317402637082e-20
1.630546953383459e-05 -6.84675427496134e-20
1.633527843609023e-05 -6.757847342509594e-20
1.636508733834587e-05 -8.143634120760294e-20
1.6394896240601508e-05 -9.008778092696636e-20
1.6424705142857144e-05 -8.062420310370859e-20
1.6454514045112783e-05 -7.065802991717711e-20
1.6484322947368422e-05 -8.677231819125017e-20
1.651413184962406e-05 -9.80459402470073e-20
1.65439407518797e-05 -8.544937853957633e-20
1.657374965413534e-05 -7.906618848798602e-20
1.660355855639098e-05 -8.929091862658008e-20
1.663336745864662e-05 -1.0117866130330345e-19
1.6663176360902258e-05 -9.509947283313461e-20
1.6692985263157897e-05 -8.371947788485865e-20
1.6722794165413536e-05 -9.314341015258394e-20
1.6752603067669175e-05 -1.0839885168800336e-19
1.6782411969924814e-05 -1.0191687355880085e-19
1.6812220872180454e-05 -8.957505951386232e-20
1.6842029774436093e-05 -9.839967298881095e-20
1.6871838676691732e-05 -1.1271050321769212e-19
1.6901647578947368e-05 -1.0968525238215464e-19
1.6931456481203007e-05 -9.614891078138628e-20
1.6961265383458646e-05 -9.920658002298186e-20
1.6991074285714286e-05 -1.1759182981094154e-19
1.7020883187969925e-05 -1.160937855843254e-19
1.7050692090225564e-05 -1.0135021433874434e-19
1.7080500992481203e-05 -1.0409662738894228e-19
1.7110309894736842e-05 -1.2072666916366168e-19
1.714011879699248e-05 -1.2536777103300617e-19
1.716992769924812e-05 -1.0914145350059235e-19
1.7199736601503763e-05 -1.067724021214094e-19
1.7229545503759403e-05 -1.274064579914017e-19
1.7259354406015042e-05 -1.2883921328198972e-19
1.728916330827068e-05 -1.1288037870904394e-19
1.731897221052632e-05 -1.1341796367227073e-19
1.7348781112781956e-05 -1.2735827979773636e-19
1.7378590015037595e-05 -1.3353908831500596e-19
1.7408398917293235e-05 -1.224387943484765e-19
1.7438207819548874e-05 -1.1299214998350823e-19
1.7468016721804513e-05 -1.3002730940380567e-19
1.7497825624060152e-05 -1.4190311571629018e-19
1.752763452631579e-05 -1.260872369384144e-19
1.755744342857143e-05 -1.2096889109674141e-19
1.758725233082707e-05 -1.330471913735138e-19
1.761706123308271e-05 -1.423281843316585e-19
1.764687013533835e-05 -1.3578919746226325e-19
1.7676679037593988e-05 -1.2241917724645376e-19
1.7706487939849627e-05 -1.3449653303168542e-19
1.7736296842105266e-05 -1.4823078736179034e-19
1.7766105744360905e-05 -1.3609934018485956e-19
1.7795914646616544e-05 -1.2772976595423555e-19
1.782572354887218e-05 -1.3709525015137223e-19
1.785553245112782e-05 -1.4901824211656608e-19
1.788534135338346e-05 -1.460235963827823e-19
1.7915150255639098e-05 -1.332755908953839e-19
1.7944959157894737e-05 -1.3816788727473541e-19
1.7974768060150376e-05 -1.5408796361131248e-19
1.8004576962406016e-05 -1.4951684251295458e-19
1.8034385864661655e-05 -1.3505945864983481e-19
1.8064194766917294e-05 -1.4028205319759267e-19
1.8094003669172933e-05 -1.538074197937546e-19
1.8123812571428572e-05 -1.547271876647855e-19
1.8153621473684215e-05 -1.421001094861992e-19
1.8183430375939854e-05 -1.37626186774254e-19
1.8213239278195493e-05 -1.5611503722396853e-19
1.8243048180451133e-05 -1.597234124377172e-19
1.827285708270677e-05 -1.4281156747847162e-19
1.8302665984962408e-05 -1.438689014785743e-19
1.8332474887218047e-05 -1.5580864305439747e-19
1.8362283789473686e-05 -1.5979182994125982e-19
1.8392092691729325e-05 -1.5100704779282633e-19
1.8421901593984965e-05 -1.4184918808002645e-19
1.8451710496240604e-05 -1.5610695692708424e-19
1.8481519398496243e-05 -1.665834659570741e-19
1.8511328300751882e-05 -1.4964265060523095e-19
1.854113720300752e-05 -1.446596914000119e-19
1.857094610526316e-05 -1.5808600908904487e-19
1.86007550075188e-05 -1.6394669008004317e-19
1.863056390977444e-05 -1.5846623789276933e-19
1.8660372812030078e-05 -1.448071371438219e-19
1.8690181714285718e-05 -1.5444832431302865e-19
1.8719990616541357e-05 -1.7166502809048043e-19
1.8749799518796993e-05 -1.5670083322992175e-19
1.8779608421052632e-05 -1.4675590696860138e-19
1.880941732330827e-05 -1.5682851985678927e-19
1.883922622556391e-05 -1.6577509778598675e-19
1.886903512781955e-05 -1.6329782632388313e-19
1.889884403007519e-05 -1.4933738088382203e-19
1.8928652932330828e-05 -1.5228622148493084e-19
1.8958461834586467e-05 -1.7047391493634614e-19
1.8988270736842106e-05 -1.6378223175317683e-19
1.9018079639097745e-05 -1.479462327396584e-19
1.9047888541353385e-05 -1.578279409983384e-19
1.9077697443609024e-05 -1.6774779596821248e-19
1.9107506345864663e-05 -1.643476422823496e-19
1.9137315248120306e-05 -1.554819874092531e-19
1.9167124150375945e-05 -1.488292610764734e-19
1.919693305263158e-05 -1.6630657142879397e-19
1.922674195488722e-05 -1.7059771762135116e-19
1.925655085714286e-05 -1.4935372837676587e-19
1.92863597593985e-05 -1.534732019190578e-19
1.9316168661654138e-05 -1.6659046632203173e-19
1.9345977563909777e-05 -1.666829067717547e-19
1.9375786466165416e-05 -1.5927053619505984e-19
1.9405595368421055e-05 -1.4956693769512677e-19
1.9435404270676695e-05 -1.6263726355824012e-19
1.9465213172932334e-05 -1.733187720102785e-19
1.9495022075187973e-05 -1.54849019345542e-19
1.9524830977443612e-05 -1.4908056574740944e-19
1.955463987969925e-05 -1.6387100255451884e-19
1.958444878195489e-05 -1.673487217631876e-19
1.961425768421053e-05 -1.5882566778969266e-19
1.964406658646617e-05 -1.4969562128398065e-19
1.9673875488721805e-05 -1.554002027261018e-19
1.9703684390977444e-05 -1.7111320918947347e-19
1.9733493293233083e-05 -1.597314484233943e-19
1.9763302195488723e-05 -1.4418444871975802e-19
1.9793111097744362e-05 -1.578984674684481e-19
1.982292e-05 -1.6619548334905247e-19
1.985272890225564e-05 -1.5815911882147095e-19
1.988253780451128e-05 -1.4720166355374364e-19
1.991234670676692e-05 -1.4940865733754947e-19
1.9942155609022558e-05 -1.6590396581357078e-19
1.9971964511278197e-05 -1.5899702721818614e-19
2.0001773413533836e-05 -1.4172821744352215e-19
2.0031582315789475e-05 -1.4902919863612848e-19
2.0061391218045115e-05 -1.6074590452532763e-19
2.0091200120300754e-05 -1.5709348732521243e-19
2.012100902255639e-05 -1.4638583133965986e-19
2.0150817924812032e-05 -1.4341573759853017e-19
2.018062682706767e-05 -1.5694620311926989e-19
2.021043572932331e-05 -1.5904286264947772e-19
2.024024463157895e-05 -1.375537230463932e-19
2.027005353383459e-05 -1.370777426990804e-19
2.029986243609023e-05 -1.5364867165386364e-19
2.0329671338345868e-05 -1.501456451757837e-19
2.0359480240601507e-05 -1.3924405528217425e-19
2.0389289142857146e-05 -1.35750805249434e-19
2.0419098045112785e-05 -1.4368002328627896e-19
2.0448906947368424e-05 -1.509805768488127e-19
2.0478715849624064e-05 -1.3566063603255616e-19
2.0508524751879703e-05 -1.2884766041158135e-19
2.0538333654135342e-05 -1.427110693398489e-19
2.056814255639098e-05 -1.4352155020621812e-19
2.0597951458646617e-05 -1.3309318310225654e-19
2.0627760360902256e-05 -1.243882783165039e-19
2.0657569263157896e-05 -1.3010055558065256e-19
2.0687378165413535e-05 -1.4222605447592497e-19
2.0717187067669174e-05 -1.2874491555961876e-19
2.0746995969924813e-05 -1.1501812743095452e-19
2.0776804872180452e-05 -1.2787841912775836e-19
2.0806613774436092e-05 -1.3421387588753763e-19
2.083642267669173e-05 -1.23928767918151e-19
2.086623157894737e-05 -1.151661331217413e-19
2.089604048120301e-05 -1.1626632143552022e-19
2.092584938345865e-05 -1.2790213781401181e-19
2.0955658285714288e-05 -1.2289111487568303e-19
2.0985467187969927e-05 -1.0399613723258861e-19
2.1015276090225566e-05 -1.0991741556687573e-19
2.1045084992481202e-05 -1.2167812118509491e-19
2.107489389473684e-05 -1.1317954613210733e-19
2.110470279699248e-05 -1.0182008116134732e-19
2.1134511699248123e-05 -1.0207901443334532e-19
2.1164320601503762e-05 -1.1053096609869934e-19
2.11941295037594e-05 -1.1075583383991033e-19
2.122393840601504e-05 -9.528401301231626e-20
2.125374730827068e-05 -9.108904702560811e-20
2.128355621052632e-05 -1.0706821235968937e-19
2.131336511278196e-05 -1.0320602866733229e-19
2.1343174015037598e-05 -8.83488480194298e-20
2.1372982917293237e-05 -8.727788359006316e-20
2.1402791819548876e-05 -9.206781861144404e-20
2.1432600721804515e-05 -9.856243149925553e-20
2.1462409624060154e-05 -8.328579738548753e-20
2.1492218526315794e-05 -7.304516108137828e-20
2.152202742857143e-05 -8.892065898078283e-20
2.155183633082707e-05 -8.991635387849341e-20
2.1581645233082708e-05 -7.77578315761091e-20
2.1611454135338347e-05 -7.03371861367704e-20
2.1641263037593986e-05 -7.485649200976932e-20
2.1671071939849626e-05 -8.339314469876838e-20
2.1700880842105265e-05 -7.328180491870583e-20
2.1730689744360904e-05 -5.851587246449667e-20
2.1760498646616543e-05 -6.730166392951219e-20
2.1790307548872182e-05 -7.589160191242847e-20
2.182011645112782e-05 -6.045095342401198e-20
2.184992535338346e-05 -5.3343180709416096e-20
2.18797342556391e-05 -5.916936199104801e-20
2.190954315789474e-05 -6.283920576916629e-20
2.193935206015038e-05 -5.977842108289502e-20
2.1969160962406014e-05 -4.497169379539119e-20
2.1998969864661654e-05 -4.671610060927247e-20
2.2028778766917293e-05 -5.845480078631345e-20
2.2058587669172932e-05 -4.935070400912741e-20
2.208839657142857e-05 -3.7570038770444025e-20
2.2118205473684214e-05 -3.842759069320075e-20
2.2148014375939853e-05 -4.595620737502661e-20
2.2177823278195492e-05 -4.5076333337504874e-20
2.220763218045113e-05 -2.9642249855200276e-20
2.223744108270677e-05 -2.6734558987657172e-20
2.226724998496241e-05 -3.901938621477565e-20
2.229705888721805e-05 -3.6837699931820206e-20
2.232686778947369e-05 -2.3023955109021317e-20
2.2356676691729328e-05 -1.9147137830618495e-20
2.2386485593984967e-05 -2.743225279229535e-20
2.2416294496240606e-05 -2.9986774712036636e-20
2.2446103398496242e-05 -1.5617975820185252e-20
2.247591230075188e-05 -7.006229403081237e-21
2.250572120300752e-05 -1.8463732107719178e-20
2.253553010526316e-05 -2.214103305088569e-20
2.25653390075188e-05 -7.190049645285089e-21
2.2595147909774438e-05 6.520239267213206e-22
2.2624956812030077e-05 -6.990256569215525e-21
2.2654765714285716e-05 -1.352998387646125e-20
2.2684574616541356e-05 -2.9237058106894543e-21
2.2714383518796995e-05 1.0218313864502703e-20
2.2744192421052634e-05 1.8102144999581448e-21
2.2774001323308273e-05 -5.7717070695289994e-21
2.2803810225563912e-05 6.271771281700347e-21
2.283361912781955e-05 1.682611156202051e-20
2.286342803007519e-05 1.3723051347565682e-20
2.2893236932330827e-05 6.1213475023633e-21
2.2923045834586466e-05 1.1996504283253877e-20
2.2952854736842105e-05 2.7071782596513433e-20
2.2982663639097744e-05 2.388051886338222e-20
2.3012472541353384e-05 1.253206611738259e-20
2.3042281443609023e-05 2.0258907403393076e-20
2.3072090345864665e-05 3.381017740704778e-20
2.3101899248120305e-05 3.2903408296095473e-20
2.3131708150375944e-05 2.432620550892125e-20
2.3161517052631583e-05 2.7115985925491273e-20
2.3191325954887222e-05 4.184216057306212e-20
2.322113485714286e-05 4.512438548680103e-20
2.32509437593985e-05 3.407776262843079e-20
2.328075266165414e-05 3.4546351372895396e-20
2.331056156390978e-05 4.9427421649763896e-20
2.334037046616542e-05 5.401028217812229e-20
2.3370179368421054e-05 4.4719450752794596e-20
2.3399988270676693e-05 4.2117598137242324e-20
2.3429797172932333e-05 5.578365549316545e-20
2.3459606075187972e-05 6.402529260655738e-20
2.348941497744361e-05 5.2718982322173726e-20
2.351922387969925e-05 5.0484376660530226e-20
2.354903278195489e-05 6.497423927671259e-20
2.357884168421053e-05 7.190560544373758e-20
2.3608650586466168e-05 6.635032521239492e-20
2.3638459488721807e-05 6.094141850027881e-20
2.3668268390977446e-05 6.943730415402499e-20
2.3698077293233086e-05 8.244601901968175e-20
2.3727886195488725e-05 7.61483685648483e-20
2.3757695097744364e-05 6.653599346625738e-20
2.3787504000000003e-05 7.855441246667533e-20
2.3817312902255642e-05 8.963940505489897e-20
2.3847121804511278e-05 8.56277823898094e-20
2.3876930706766917e-05 7.846006361127793e-20
2.3906739609022557e-05 8.337244159310595e-20
2.3936548511278196e-05 1.0094122463755439e-19
2.3966357413533835e-05 9.87146174239467e-20
2.3996166315789474e-05 8.500331164437925e-20
2.4025975218045114e-05 9.402039937016456e-20
2.4055784120300756e-05 1.0830024221505276e-19
2.4085593022556395e-05 1.0785092207665356e-19
2.4115401924812035e-05 9.807010319879788e-20
2.4145210827067674e-05 9.744561660461169e-20
2.4175019729323313e-05 1.1494406602022416e-19
2.4204828631578952e-05 1.1963982396308364e-19
2.423463753383459e-05 1.0469410559309886e-19
2.426444643609023e-05 1.0729582561116754e-19
2.4294255338345866e-05 1.246082602896834e-19
2.4324064240601506e-05 1.2833482841439184e-19
2.4353873142857145e-05 1.1885038756428825e-19
2.4383682045112784e-05 1.1482214935130252e-19
2.4413490947368423e-05 1.3100624229436597e-19
2.4443299849624063e-05 1.4104185569933585e-19
2.4473108751879702e-05 1.267450984524071e-19
2.450291765413534e-05 1.229102129296571e-19
2.453272655639098e-05 1.372726654282457e-19
2.456253545864662e-05 1.4578164678723608e-19
2.459234436090226e-05 1.399732798447589e-19
2.4622153263157898e-05 1.3141707115174775e-19
2.4651962165413537e-05 1.4322457924382526e-19
2.4681771067669176e-05 1.5812710173827113e-19
2.4711579969924815e-05 1.4897039348761026e-19
2.4741388872180455e-05 1.4129438569913244e-19
2.477119777443609e-05 1.5219774651634454e-19
2.480100667669173e-05 1.6476168106614945e-19
2.483081557894737e-05 1.6052034961702112e-19
2.4860624481203008e-05 1.4788432519325814e-19
2.4890433383458647e-05 1.5706744242678478e-19
2.4920242285714287e-05 1.7304475862005898e-19
2.4950051187969926e-05 1.6796772789580504e-19
2.4979860090225565e-05 1.5662786979172233e-19
2.5009668992481204e-05 1.6327868814271942e-19
2.5039477894736847e-05 1.8070790684817636e-19
2.5069286796992486e-05 1.7953832637378065e-19
2.5099095699248125e-05 1.6756671737039388e-19
2.5128904601503765e-05 1.6900761972904955e-19
2.5158713503759404e-05 1.8605422884476818e-19
2.5188522406015043e-05 1.9133923580126851e-19
2.521833130827068e-05 1.7283362445007373e-19
2.5248140210526318e-05 1.7482113671030519e-19
2.5277949112781957e-05 1.9295560068036147e-19
2.5307758015037596e-05 1.9452836028953044e-19
2.5337566917293236e-05 1.8452313693876275e-19
2.5367375819548875e-05 1.781174879961332e-19
2.5397184721804514e-05 1.9572176648960567e-19
2.5426993624060153e-05 2.0616052393423355e-19
2.5456802526315793e-05 1.8898967695786775e-19
2.5486611428571432e-05 1.85767223596673e-19
2.551642033082707e-05 2.0294925905073971e-19
2.554622923308271e-05 2.1085771299286926e-19
2.557603813533835e-05 1.9843372063569962e-19
2.560584703759399e-05 1.8999954693703156e-19
2.5635655939849628e-05 2.0442643465043984e-19
2.5665464842105267e-05 2.1613883638932143e-19
2.5695273744360903e-05 2.038411509044973e-19
2.5725082646616542e-05 1.9505371675059425e-19
2.575489154887218e-05 2.098498649105226e-19
2.578470045112782e-05 2.205417247018127e-19
2.581450935338346e-05 2.127748064551935e-19
2.58443182556391e-05 2.0217898100798053e-19
2.5874127157894738e-05 2.0882271036192026e-19
2.5903936060150377e-05 2.2731287149651557e-19
2.5933744962406017e-05 2.202688383662121e-19
2.5963553864661656e-05 2.0216013266381144e-19
2.5993362766917295e-05 2.1333325005044631e-19
2.6023171669172938e-05 2.286123513204779e-19
2.6052980571428577e-05 2.2278345754835384e-19
2.6082789473684216e-05 2.1019416482817824e-19
2.6112598375939855e-05 2.1190803598772053e-19
2.614240727819549e-05 2.325886413313597e-19
2.617221618045113e-05 2.316803633450232e-19
2.620202508270677e-05 2.1000585008254888e-19
2.623183398496241e-05 2.1637396165799003e-19
2.6261642887218048e-05 2.3485623357987343e-19
2.6291451789473687e-05 2.331159933413897e-19
2.6321260691729326e-05 2.1871667450246096e-19
2.6351069593984966e-05 2.1548273143381198e-19
2.6380878496240605e-05 2.3319952864488766e-19
2.6410687398496244e-05 2.391989952138807e-19
2.6440496300751883e-05 2.197869967301145e-19
2.6470305203007522e-05 2.1628294418665758e-19
2.6500114105263162e-05 2.3713473553331257e-19
2.65299230075188e-05 2.4138633582238653e-19
2.655973190977444e-05 2.24929060874712e-19
2.658954081203008e-05 2.192898570793928e-19
2.6619349714285715e-05 2.3400823721813537e-19
2.6649158616541354e-05 2.454661835413378e-19
2.6678967518796994e-05 2.292922292570531e-19
2.6708776421052633e-05 2.1815392958546035e-19
2.6738585323308272e-05 2.3683679898806777e-19
2.676839422556391e-05 2.444191608109688e-19
2.679820312781955e-05 2.306535812612868e-19
2.682801203007519e-05 2.2177805497130654e-19
2.685782093233083e-05 2.3090998077704024e-19
2.6887629834586468e-05 2.486868913702601e-19
2.6917438736842107e-05 2.370058075867876e-19
2.6947247639097747e-05 2.184978492391164e-19
2.6977056541353386e-05 2.354338975664423e-19
2.700686544360903e-05 2.4881539848977153e-19
2.7036674345864668e-05 2.3790697056302954e-19
2.7066483248120303e-05 2.2450511788100954e-19
2.7096292150375943e-05 2.284522687431923e-19
2.7126101052631582e-05 2.4720455752570073e-19
2.715590995488722e-05 2.422136833911019e-19
2.718571885714286e-05 2.2033984386096067e-19
2.72155277593985e-05 2.297063342253585e-19
2.724533666165414e-05 2.4940686273225175e-19
2.7275145563909778e-05 2.3981357499409514e-19
2.7304954466165417e-05 2.2576172898171e-19
2.7334763368421056e-05 2.2803761388226744e-19
2.7364572270676696e-05 2.428885533930318e-19
2.7394381172932335e-05 2.4673948159173826e-19
2.7424190075187974e-05 2.2257820148733675e-19
2.7453998977443613e-05 2.2190291639886467e-19
2.7483807879699252e-05 2.453170384081481e-19
2.751361678195489e-05 2.404861534761416e-19
2.7543425684210527e-05 2.2619832268271094e-19
2.7573234586466167e-05 2.2367338850267573e-19
2.7603043488721806e-05 2.348554461609996e-19
2.7632852390977445e-05 2.46264074396886e-19
2.7662661293233084e-05 2.280846173684805e-19
2.7692470195488724e-05 2.1677812122809802e-19
2.7722279097744363e-05 2.378589017093233e-19
2.7752088000000002e-05 2.4305157204838654e-19
2.778189690225564e-05 2.249741998930618e-19
2.781170580451128e-05 2.183040247561546e-19
2.784151470676692e-05 2.2948000921595703e-19
2.787132360902256e-05 2.409567053261194e-19
2.7901132511278198e-05 2.277306614081891e-19
2.7930941413533837e-05 2.1057599069434945e-19
2.7960750315789477e-05 2.2722878974866007e-19
2.7990559218045116e-05 2.4075596391882883e-19
2.8020368120300755e-05 2.2430353660090254e-19
2.8050177022556394e-05 2.1325722981128018e-19
2.8079985924812033e-05 2.2185653539943103e-19
2.8109794827067673e-05 2.341594846695563e-19
2.8139603729323312e-05 2.274786597648499e-19
2.816941263157895e-05 2.066992568296748e-19
2.819922153383459e-05 2.139606494373696e-19
2.822903043609023e-05 2.3385507457286624e-19
2.825883933834587e-05 2.211209438334408e-19
2.8288648240601508e-05 2.0381986906819314e-19
2.8318457142857147e-05 2.1075376034351854e-19
2.8348266045112786e-05 2.2519031561321267e-19
2.8378074947368426e-05 2.2262496833594973e-19
2.8407883849624065e-05 1.9994762483268322e-19
2.8437692751879704e-05 2.0214929029948512e-19
2.846750165413534e-05 2.260795546408269e-19
2.849731055639098e-05 2.1506314794324955e-19
2.8527119458646618e-05 1.964658308355463e-19
2.8556928360902257e-05 2.0092085935254746e-19
2.8586737263157897e-05 2.1014387406432266e-19
2.8616546165413536e-05 2.1429911780828685e-19
2.8646355067669175e-05 1.9535103767169968e-19
2.8676163969924814e-05 1.8789198985685957e-19
2.8705972872180454e-05 2.106212273732397e-19
2.8735781774436093e-05 2.091931639892783e-19
2.8765590676691732e-05 1.8877541156285544e-19
2.879539957894737e-05 1.8609668051148403e-19
2.882520848120301e-05 1.9713217380308057e-19
2.885501738345865e-05 2.0337185674846595e-19
2.888482628571429e-05 1.8891901843411435e-19
2.8914635187969925e-05 1.739732247658626e-19
2.8944444090225564e-05 1.9057757184397761e-19
2.8974252992481206e-05 2.0095715606919654e-19
2.9004061894736846e-05 1.7704816148948253e-19
2.9033870796992485e-05 1.683127649828946e-19
2.9063679699248124e-05 1.8258586978875215e-19
2.9093488601503763e-05 1.8882143809896322e-19
2.9123297503759403e-05 1.7826213984427193e-19
2.9153106406015042e-05 1.6040836842252668e-19
2.918291530827068e-05 1.6970250807333547e-19
2.921272421052632e-05 1.8716395836536814e-19
2.924253311278196e-05 1.6744367201842815e-19
2.92723420150376e-05 1.5142001889055074e-19
2.9302150917293238e-05 1.642774122661753e-19
2.9331959819548877e-05 1.717800366407188e-19
2.9361768721804516e-05 1.637844146241547e-19
2.9391577624060152e-05 1.4558973648922973e-19
2.942138652631579e-05 1.4683253075474128e-19
2.945119542857143e-05 1.6703939065912865e-19
2.948100433082707e-05 1.5577638497711875e-19
2.951081323308271e-05 1.3376605660754597e-19
2.9540622135338348e-05 1.413633235310575e-19
2.9570431037593987e-05 1.5214627775502704e-19
2.9600239939849627e-05 1.4711491790897284e-19
2.9630048842105266e-05 1.3145200464492964e-19
2.9659857744360905e-05 1.233437824201626e-19
2.9689666646616544e-05 1.42328974784982e-19
2.9719475548872184e-05 1.4228255815061925e-19
2.9749284451127823e-05 1.1335101977878537e-19
2.9779093353383462e-05 1.1729461134280123e-19
2.98089022556391e-05 1.3227533708672424e-19
2.9838711157894737e-05 1.2735432698264317e-19
2.9868520060150376e-05 1.1443107618363025e-19
2.9898328962406015e-05 1.0173627943104305e-19
2.9928137864661655e-05 1.170159114171928e-19
2.9957946766917297e-05 1.2475743416654458e-19
2.9987755669172936e-05 9.737011954514082e-20
3.0017564571428576e-05 9.344871439342384e-20
3.0047373473684215e-05 1.0668819843270417e-19
3.0077182375939854e-05 1.0519160387538103e-19
3.0106991278195493e-05 9.546848193366995e-20
3.0136800180451133e-05 8.115934135838528e-20
3.0166609082706772e-05 8.903499754367917e-20
3.019641798496241e-05 1.0198448068733222e-19
3.022622688721805e-05 8.242626387087607e-20
3.025603578947369e-05 6.951733050260131e-20
3.028584469172933e-05 8.327358502980421e-20
3.0315653593984964e-05 8.563207432466194e-20
3.0345462496240604e-05 7.424645314276759e-20
3.0375271398496243e-05 6.236122487584752e-20
3.0405080300751882e-05 6.144304704025577e-20
3.043488920300752e-05 7.77596194166879e-20
3.046469810526316e-05 6.647383648943497e-20
3.04945070075188e-05 4.332886885285865e-20
3.052431590977444e-05 5.671026378252339e-20
3.055412481203008e-05 6.375736971187475e-20
3.058393371428572e-05 5.194817226036835e-20
3.061374261654136e-05 4.360539487590258e-20
3.0643551518797e-05 3.938606932735088e-20
3.067336042105264e-05 5.139055556246671e-20
3.070316932330828e-05 4.8618652443698163e-20
3.073297822556392e-05 2.4352662530398422e-20
3.076278712781955e-05 2.9127247769500383e-20
3.079259603007519e-05 4.0847671592958984e-20
3.082240493233083e-05 3.142726969541714e-20
3.085221383458647e-05 2.1804010862983943e-20
3.0882022736842106e-05 1.533505921636266e-20
3.0911831639097745e-05 2.4296780312500255e-20
3.0941640541353385e-05 2.980880960506919e-20
3.0971449443609024e-05 5.638366750639562e-21
3.100125834586466e-05 2.896937590816773e-21
3.10310672481203e-05 1.9169771506675893e-20
3.106087615037594e-05 1.07393875486993e-20
3.109068505263158e-05 7.582095380071827e-22
3.112049395488722e-05 -5.856136242886605e-21
3.115030285714286e-05 -2.7968874301570173e-21
3.11801117593985e-05 6.842643564924588e-21
3.120992066165414e-05 -1.2042444314731594e-20
3.123972956390978e-05 -2.152047795115843e-20
3.1269538466165416e-05 -6.519679204437071e-21
3.1299347368421055e-05 -9.874440750704512e-21
3.1329156270676694e-05 -2.026173731813537e-20
3.1358965172932334e-05 -2.6985601665328336e-20
3.138877407518797e-05 -2.8131993320166965e-20
3.141858297744361e-05 -1.7788618613849326e-20
3.144839187969925e-05 -2.798617989499167e-20
3.147820078195489e-05 -4.651664441808854e-20
3.150800968421053e-05 -3.5368376033657034e-20
3.153781858646617e-05 -3.057459249906783e-20
3.156762748872181e-05 -4.391910876601799e-20
3.159743639097745e-05 -4.9579801425900714e-20
3.1627245293233087e-05 -5.235062005600384e-20
3.1657054195488726e-05 -4.454054914563505e-20
3.1686863097744365e-05 -4.738487708218177e-20
3.1716672000000004e-05 -6.745469092811736e-20
3.1746480902255643e-05 -6.106273934842982e-20
3.177628980451128e-05 -5.2956063576507235e-20
3.180609870676692e-05 -6.43242675671036e-20
3.183590760902256e-05 -7.038861275886499e-20
3.18657165112782e-05 -7.600840120290166e-20
3.189552541353384e-05 -7.24714020472886e-20
3.192533431578947e-05 -6.871326202148075e-20
3.195514321804511e-05 -8.659653429865295e-20
3.198495212030075e-05 -9.070306568401331e-20
3.201476102255639e-05 -7.731650593530134e-20
3.204456992481203e-05 -8.354448875681643e-20
3.207437882706767e-05 -9.63931162515463e-20
3.210418772932331e-05 -9.824194035235913e-20
3.2133996631578946e-05 -9.61503276884647e-20
3.2163805533834586e-05 -9.239406027538152e-20
3.2193614436090225e-05 -1.0537182645330748e-19
3.2223423338345864e-05 -1.1740260113597765e-19
3.22532322406015e-05 -1.0424132216405483e-19
3.228304114285714e-05 -1.0653156197894434e-19
3.231285004511278e-05 -1.1957524982876294e-19
3.234265894736842e-05 -1.2164255991354678e-19
3.237246784962406e-05 -1.221142517863441e-19
3.2402276751879706e-05 -1.1683269517410897e-19
3.2432085654135345e-05 -1.2594656272615484e-19
3.2461894556390985e-05 -1.395344394114508e-19
3.2491703458646624e-05 -1.3034230600544343e-19
3.252151236090226e-05 -1.2766036134000263e-19
3.25513212631579e-05 -1.391059793273191e-19
3.258113016541354e-05 -1.447790723542208e-19
3.261093906766918e-05 -1.4652613509614126e-19
3.264074796992482e-05 -1.429033983992474e-19
3.267055687218046e-05 -1.4583624703643334e-19
3.27003657744361e-05 -1.6037997096579262e-19
3.273017467669174e-05 -1.5722197866137346e-19
3.275998357894738e-05 -1.4912913630947687e-19
3.2789792481203016e-05 -1.6035268049049483e-19
3.2819601383458655e-05 -1.6648466890291277e-19
3.284941028571429e-05 -1.6693256096393855e-19
3.287921918796993e-05 -1.6696069022872003e-19
3.2909028090225566e-05 -1.6500043237838097e-19
3.2938836992481205e-05 -1.7966393670997355e-19
3.2968645894736845e-05 -1.8285472387356837e-19
3.2998454796992484e-05 -1.7164604577790753e-19
3.302826369924812e-05 -1.818267615584096e-19
3.305807260150376e-05 -1.8902757702580325e-19
3.30878815037594e-05 -1.877357217688173e-19
3.311769040601504e-05 -1.9087724405926423e-19
3.314749930827068e-05 -1.865277474981916e-19
3.317730821052632e-05 -1.9391830514712036e-19
3.320711711278196e-05 -2.063333588860413e-19
3.32369260150376e-05 -1.9501800030656466e-19
3.326673491729324e-05 -1.9585100571773495e-19
3.3296543819548876e-05 -2.101255421613632e-19
3.3326352721804515e-05 -2.0795248162933696e-19
3.3356161624060154e-05 -2.1032022857033788e-19
3.3385970526315794e-05 -2.1008626665192116e-19
3.341577942857143e-05 -2.1084945798821048e-19
3.344558833082707e-05 -2.2487619473005832e-19
3.347539723308271e-05 -2.195071356339504e-19
3.350520613533835e-05 -2.1308709156578748e-19
3.353501503759399e-05 -2.240346452510493e-19
3.356482393984963e-05 -2.2748992072132186e-19
3.359463284210527e-05 -2.2961119914643863e-19
3.362444174436091e-05 -2.2773765372261225e-19
3.3654250646616547e-05 -2.2611766742437457e-19
3.3684059548872186e-05 -2.394411902621868e-19
3.3713868451127825e-05 -2.409177950769249e-19
3.3743677353383464e-05 -2.324166708309075e-19
3.3773486255639097e-05 -2.384986634865498e-19
3.3803295157894736e-05 -2.4589345709230135e-19
3.3833104060150375e-05 -2.461503783804922e-19
3.3862912962406014e-05 -2.448294792423601e-19
3.3892721864661653e-05 -2.4319736013002896e-19
3.392253076691729e-05 -2.5075999091843775e-19
3.395233966917293e-05 -2.565648440183447e-19
3.398214857142857e-05 -2.4873378850135234e-19
3.401195747368421e-05 -2.5094599130522135e-19
3.404176637593985e-05 -2.5909971927846365e-19
3.407157527819549e-05 -2.592281613626281e-19
3.410138418045113e-05 -2.606478504509271e-19
3.413119308270677e-05 -2.568537116342832e-19
3.4161001984962406e-05 -2.6117181427665462e-19
3.4190810887218046e-05 -2.7112945299772356e-19
3.4220619789473685e-05 -2.63691233097465e-19
3.4250428691729324e-05 -2.6212497807117557e-19
3.428023759398496e-05 -2.6933187158311368e-19
3.43100464962406e-05 -2.7020694046845927e-19
3.433985539849624e-05 -2.725432711375476e-19
3.436966430075189e-05 -2.685439965729328e-19
3.439947320300753e-05 -2.6865470111181927e-19
3.4429282105263166e-05 -2.813592249997552e-19
3.4459091007518805e-05 -2.7843054719531343e-19
3.4488899909774445e-05 -2.7144267661923673e-19
3.4518708812030084e-05 -2.769213939461695e-19
3.454851771428572e-05 -2.790475195793835e-19
3.457832661654136e-05 -2.825623047788881e-19
3.4608135518797e-05 -2.801790313770845e-19
3.463794442105264e-05 -2.7416713413124815e-19
3.466775332330828e-05 -2.8471516697674337e-19
3.469756222556391e-05 -2.8697652900582943e-19
3.472737112781955e-05 -2.785957385424541e-19
3.475718003007519e-05 -2.811476356361618e-19
3.478698893233083e-05 -2.8629659767208035e-19
3.481679783458647e-05 -2.8827821871186854e-19
3.484660673684211e-05 -2.861403880716535e-19
3.487641563909775e-05 -2.823527383353414e-19
3.490622454135339e-05 -2.8831277392044677e-19
3.4936033443609026e-05 -2.9398416422990354e-19
3.4965842345864665e-05 -2.8535411528371313e-19
3.4995651248120304e-05 -2.835808646676478e-19
3.5025460150375944e-05 -2.8993037917981653e-19
3.505526905263158e-05 -2.9147424102060485e-19
3.508507795488722e-05 -2.917017779448222e-19
3.511488685714286e-05 -2.8365122389927647e-19
3.51446957593985e-05 -2.8869075797925067e-19
3.517450466165414e-05 -3.00196396676849e-19
3.520431356390978e-05 -2.892139623346493e-19
3.523412246616542e-05 -2.864082323536623e-19
3.526393136842106e-05 -2.917714637433246e-19
3.52937402706767e-05 -2.936792988818831e-19
3.5323549172932336e-05 -2.9567320968050697e-19
3.5353358075187975e-05 -2.868744594868131e-19
3.5383166977443614e-05 -2.8737698049446586e-19
3.5412975879699254e-05 -2.981398161278507e-19
3.544278478195489e-05 -2.9383294352521895e-19
3.547259368421053e-05 -2.862677493998297e-19
3.550240258646617e-05 -2.908591232148167e-19
3.553221148872181e-05 -2.950522375792658e-19
3.556202039097745e-05 -2.9582918758947404e-19
3.559182929323309e-05 -2.9115785645970586e-19
3.562163819548872e-05 -2.852320940543915e-19
3.565144709774436e-05 -2.966998607793069e-19
3.5681256e-05 -2.9897284120553514e-19
3.571106490225564e-05 -2.84198694231352e-19
3.574087380451128e-05 -2.8828329104139964e-19
3.577068270676692e-05 -2.951898768408904e-19
3.5800491609022557e-05 -2.9270130940058074e-19
3.5830300511278196e-05 -2.9140309382335123e-19
3.5860109413533835e-05 -2.839687262943894e-19
3.5889918315789474e-05 -2.906351079734915e-19
3.5919727218045113e-05 -3.0004733137149487e-19
3.594953612030075e-05 -2.859983819046691e-19
3.597934502255639e-05 -2.831600439566169e-19
3.600915392481203e-05 -2.9220526751735682e-19
3.603896282706767e-05 -2.919105245535078e-19
3.606877172932331e-05 -2.9019942832343723e-19
3.609858063157895e-05 -2.8119740569745446e-19
3.612838953383459e-05 -2.824802888169238e-19
3.615819843609023e-05 -2.9640820545290873e-19
3.6188007338345866e-05 -2.850063394705149e-19
3.6217816240601506e-05 -2.758315055453952e-19
3.6247625142857145e-05 -2.873800744671314e-19
3.6277434045112784e-05 -2.877115674414252e-19
3.630724294736843e-05 -2.848736449401043e-19
3.633705184962407e-05 -2.787560871215383e-19
3.636686075187971e-05 -2.7620849346473803e-19
3.639666965413535e-05 -2.8967834258446183e-19
3.642647855639099e-05 -2.83700463005184e-19
3.6456287458646626e-05 -2.697080705208878e-19
3.6486096360902265e-05 -2.776271975424528e-19
3.6515905263157905e-05 -2.815713813086113e-19
3.654571416541354e-05 -2.769757166059705e-19
3.6575523067669176e-05 -2.726277734528344e-19
3.6605331969924815e-05 -2.671412469533525e-19
3.6635140872180455e-05 -2.7644616147855956e-19
3.6664949774436094e-05 -2.7897171995056777e-19
3.669475867669173e-05 -2.6120716184023654e-19
3.672456757894737e-05 -2.6440496485229166e-19
3.675437648120301e-05 -2.734438410695094e-19
3.678418538345865e-05 -2.6722896211604583e-19
3.681399428571429e-05 -2.6345772764979774e-19
3.684380318796993e-05 -2.54781419821294e-19
3.687361209022557e-05 -2.6008618395080926e-19
3.690342099248121e-05 -2.695287390746519e-19
3.693322989473685e-05 -2.5178658177034975e-19
3.6963038796992486e-05 -2.4870155270991736e-19
3.6992847699248125e-05 -2.59982721081034e-19
3.7022656601503764e-05 -2.549912715319204e-19
3.7052465503759404e-05 -2.5146235203789445e-19
3.708227440601504e-05 -2.438315915125959e-19
3.711208330827068e-05 -2.4328677458251786e-19
3.714189221052632e-05 -2.563199701840265e-19
3.717170111278196e-05 -2.414843677479979e-19
3.72015100150376e-05 -2.299049835146286e-19
3.723131891729324e-05 -2.432449321565783e-19
3.726112781954888e-05 -2.4029267655204785e-19
3.729093672180452e-05 -2.34266748400356e-19
3.7320745624060157e-05 -2.2964411591983807e-19
3.7350554526315796e-05 -2.236782248307603e-19
3.7380363428571435e-05 -2.3486570122342205e-19
3.7410172330827074e-05 -2.298546874105984e-19
3.7439981233082713e-05 -2.1182302551913304e-19
3.7469790135338346e-05 -2.214267894334492e-19
3.7499599037593985e-05 -2.258795582118708e-19
3.7529407939849624e-05 -2.1522594121779864e-19
3.7559216842105264e-05 -2.1061907308551232e-19
3.75890257443609e-05 -2.0473790262845742e-19
3.761883464661654e-05 -2.1361917680659907e-19
3.764864354887218e-05 -2.1406717198623338e-19
3.767845245112782e-05 -1.929584794801037e-19
3.770826135338346e-05 -1.9660103260159034e-19
3.77380702556391e-05 -2.0652154719357305e-19
3.776787915789474e-05 -1.9726426792479175e-19
3.779768806015038e-05 -1.8987355344958485e-19
3.7827496962406016e-05 -1.8568729422220283e-19
3.7857305864661656e-05 -1.8890251648429494e-19
3.7887114766917295e-05 -1.9463964011123839e-19
3.7916923669172934e-05 -1.780683262066902e-19
3.794673257142857e-05 -1.6891643011632143e-19
3.797654147368421e-05 -1.8334993052848788e-19
3.800635037593985e-05 -1.785503317378253e-19
3.803615927819549e-05 -1.6616934338113624e-19
3.806596818045113e-05 -1.6355470199144374e-19
3.809577708270677e-05 -1.6308228293407285e-19
3.812558598496241e-05 -1.7076476341082917e-19
3.815539488721805e-05 -1.5931307964201473e-19
3.818520378947369e-05 -1.4443549246418167e-19
3.8215012691729326e-05 -1.573357730256327e-19
3.8244821593984966e-05 -1.5566297229680808e-19
3.827463049624061e-05 -1.420567637087044e-19
3.830443939849625e-05 -1.4078237681418396e-19
3.833424830075189e-05 -1.3869604376573995e-19
3.836405720300753e-05 -1.4399653314670148e-19
3.839386610526316e-05 -1.375143673000548e-19
3.84236750075188e-05 -1.2080692043223157e-19
3.845348390977444e-05 -1.2899131287491022e-19
3.848329281203008e-05 -1.3268846503871491e-19
3.851310171428572e-05 -1.206209263298587e-19
3.854291061654136e-05 -1.157323471654788e-19
3.8572719518797e-05 -1.1196881913720248e-19
3.8602528421052636e-05 -1.16718246555098e-19
3.8632337323308275e-05 -1.167823771149079e-19
3.8662146225563915e-05 -9.779035133205355e-20
3.8691955127819554e-05 -9.836805609385918e-20
3.872176403007519e-05 -1.0804653920521575e-19
3.875157293233083e-05 -9.669179445707574e-20
3.878138183458647e-05 -8.786047543387527e-20
3.881119073684211e-05 -8.725685915484771e-20
3.884099963909775e-05 -8.976382447713378e-20
3.887080854135339e-05 -9.142149052643498e-20
3.890061744360903e-05 -7.63628653918505e-20
3.893042634586467e-05 -6.939655621007195e-20
3.896023524812031e-05 -8.189977127171445e-20
3.8990044150375946e-05 -7.560138804399656e-20
3.9019853052631585e-05 -6.202853044335084e-20
3.9049661954887224e-05 -6.150970294385262e-20
3.9079470857142864e-05 -6.059213172460312e-20
3.91092797593985e-05 -6.432924537405909e-20
3.913908866165414e-05 -5.447061858152818e-20
3.916889756390978e-05 -4.0726142625712035e-20
3.919870646616542e-05 -5.3021198853913777e-20
3.922851536842106e-05 -5.251065993142045e-20
3.92583242706767e-05 -3.7991765914831455e-20
3.928813317293234e-05 -3.5671521122017146e-20
3.931794207518797e-05 -3.557833137083551e-20
3.934775097744361e-05 -3.8680093686237125e-20
3.937755987969925e-05 -3.151230607694388e-20
3.940736878195489e-05 -1.6896244980449318e-20
3.943717768421053e-05 -2.3412410169114522e-20
3.9466986586466167e-05 -2.7071472668759026e-20
3.9496795488721806e-05 -1.3149016746920904e-20
3.9526604390977445e-05 -9.829062123958052e-21
3.9556413293233084e-05 -9.604298264324826e-21
3.9586222195488723e-05 -9.801010042666927e-21
3.961603109774436e-05 -1.062367841980459e-20
3.964584e-05 5.813873526152287e-21
3.967564890225564e-05 5.7203465036391505e-21
3.970545780451128e-05 -5.091951897448666e-21
3.973526670676692e-05 8.954524935308526e-21
3.976507560902256e-05 1.6152542749324244e-20
3.97948845112782e-05 1.56463754626074e-20
3.982469341353384e-05 1.6961973370571072e-20
3.9854502315789476e-05 1.348664708819245e-20
3.9884311218045116e-05 2.745373832280759e-20
3.9914120120300755e-05 3.4823506478711747e-20
3.9943929022556394e-05 2.089097493433904e-20
3.997373792481203e-05 2.8360023424143317e-20
4.000354682706767e-05 4.1346344606774026e-20
4.003335572932331e-05 3.804182590439532e-20
4.006316463157895e-05 4.052733421636657e-20
4.009297353383459e-05 4.10500303675452e-20
4.012278243609023e-05 4.7480071153377346e-20
4.015259133834587e-05 5.974915596972422e-20
4.018240024060151e-05 4.9100769865466135e-20
4.021220914285715e-05 5.0280056185431835e-20
4.024201804511278e-05 6.649748549485266e-20
4.0271826947368425e-05 6.367685088363904e-20
4.0301635849624065e-05 6.515772250602778e-20
4.0331444751879704e-05 6.61700024221759e-20
4.036125365413534e-05 6.863122011370198e-20
4.039106255639098e-05 8.313478925607064e-20
4.042087145864662e-05 7.619022896860561e-20
4.045068036090226e-05 7.204321856613794e-20
4.04804892631579e-05 8.753863115450985e-20
4.051029816541354e-05 8.985687860713458e-20
4.054010706766918e-05 8.98286062063499e-20
4.056991596992482e-05 9.070283052144623e-20
4.059972487218046e-05 9.146162848824011e-20
4.0629533774436096e-05 1.0616580558821885e-19
4.0659342676691735e-05 1.0510082482673008e-19
4.0689151578947374e-05 9.42196124944204e-20
4.0718960481203014e-05 1.0784704000748247e-19
4.074876938345865e-05 1.1570367450594542e-19
4.077857828571429e-05 1.1187354360033353e-19
4.080838718796993e-05 1.1487015132397244e-19
4.083819609022557e-05 1.1438750286237306e-19
4.086800499248121e-05 1.2611139243518199e-19
4.089781389473685e-05 1.3454813701876453e-19
4.092762279699249e-05 1.1925656949153802e-19
4.095743169924813e-05 1.266064730094714e-19
4.098724060150377e-05 1.4231915655800136e-19
4.1017049503759406e-05 1.3560809928982467e-19
4.1046858406015045e-05 1.3792428875252904e-19
4.1076667308270684e-05 1.4007310495064844e-19
4.1106476210526324e-05 1.4439277749951157e-19
4.113628511278196e-05 1.5574025786908762e-19
4.1166094015037595e-05 1.456466638125663e-19
4.1195902917293234e-05 1.46587154799892e-19
4.1225711819548874e-05 1.642966937078299e-19
4.125552072180451e-05 1.6023598225886503e-19
4.128532962406015e-05 1.5910561506249294e-19
4.131513852631579e-05 1.6459257267792502e-19
4.134494742857143e-05 1.6308512113369387e-19
4.137475633082707e-05 1.76710237931908e-19
4.140456523308271e-05 1.7392605606912574e-19
4.143437413533835e-05 1.6314828830282149e-19
4.146418303759399e-05 1.821250095675955e-19
4.1493991939849627e-05 1.8331623872004196e-19
4.1523800842105266e-05 1.7734639106330135e-19
4.1553609744360905e-05 1.8531371332454018e-19
4.1583418646616544e-05 1.8323325372874066e-19
4.1613227548872183e-05 1.9325687446711772e-19
4.164303645112782e-05 1.9605332816075595e-19
4.167284535338346e-05 1.8339268445244308e-19
4.17026542556391e-05 1.9721274389775044e-19
4.173246315789474e-05 2.0629074748501155e-19
4.176227206015038e-05 1.9613101437765338e-19
4.179208096240602e-05 1.9969887088546713e-19
4.182188986466166e-05 2.00722399250308e-19
4.18516987669173e-05 2.0625689091013739e-19
4.1881507669172936e-05 2.156826287548875e-19
4.1911316571428576e-05 2.0130972436372683e-19
4.1941125473684215e-05 2.0674986204559314e-19
4.1970934375939854e-05 2.2376876955317787e-19
4.200074327819549e-05 2.1388901833414722e-19
4.203055218045113e-05 2.1609026246482346e-19
4.206036108270677e-05 2.1965418909862576e-19
4.2090169984962404e-05 2.174377743327999e-19
4.211997888721804e-05 2.2971443925603476e-19
4.214978778947368e-05 2.222751667588507e-19
4.217959669172932e-05 2.1744178911208496e-19
4.220940559398496e-05 2.342664451338033e-19
4.223921449624061e-05 2.3039189944466183e-19
4.2269023398496246e-05 2.2553019649266825e-19
4.2298832300751885e-05 2.3227389187376346e-19
4.2328641203007525e-05 2.3044623269577035e-19
4.2358450105263164e-05 2.3765035931793044e-19
4.23882590075188e-05 2.3894946316528306e-19
4.241806790977444e-05 2.2906256309107395e-19
4.244787681203008e-05 2.4058762139855055e-19
4.247768571428572e-05 2.4516371094068196e-19
4.250749461654136e-05 2.3542744022403166e-19
4.2537303518797e-05 2.4016753575642063e-19
4.256711242105264e-05 2.4256917564114456e-19
4.259692132330828e-05 2.437841477249525e-19
4.262673022556392e-05 2.4756976860156723e-19
4.2656539127819556e-05 2.395462121056653e-19
4.2686348030075195e-05 2.4415479633238167e-19
4.2716156932330834e-05 2.5485033826849616e-19
4.2745965834586474e-05 2.462948388684381e-19
4.277577473684211e-05 2.462633333751456e-19
4.280558363909775e-05 2.4962065842066714e-19
4.283539254135339e-05 2.49302512600308e-19
4.286520144360903e-05 2.5698407937734736e-19
4.289501034586467e-05 2.4740587189828097e-19
4.292481924812031e-05 2.4597812656172785e-19
4.295462815037595e-05 2.6018965256386447e-19
4.298443705263159e-05 2.514520190586427e-19
4.301424595488722e-05 2.503113393304949e-19
4.304405485714286e-05 2.5647833078766383e-19
4.30738637593985e-05 2.5218411397833496e-19
4.310367266165414e-05 2.59872206623403e-19
4.313348156390978e-05 2.5606894330987787e-19
4.3163290466165416e-05 2.489602362668922e-19
4.3193099368421055e-05 2.622592464458538e-19
4.3222908270676694e-05 2.5965418192532373e-19
4.3252717172932334e-05 2.518940687535789e-19
4.328252607518797e-05 2.57112856650494e-19
4.331233497744361e-05 2.556736156200424e-19
4.334214387969925e-05 2.5893808623451812e-19
4.337195278195489e-05 2.6004444602319217e-19
4.340176168421053e-05 2.510201753757079e-19
4.343157058646617e-05 2.583806549439212e-19
4.346137948872181e-05 2.64303342823637e-19
4.349118839097745e-05 2.542783258838739e-19
4.3520997293233086e-05 2.5592990698119193e-19
4.3550806195488726e-05 2.5875578748698636e-19
4.3580615097744365e-05 2.5722947058857817e-19
4.3610424000000004e-05 2.6165891846847123e-19
4.364023290225564e-05 2.5284419343393856e-19
4.367004180451128e-05 2.5202761931689026e-19
4.369985070676692e-05 2.644267310585459e-19
4.372965960902256e-05 2.5522399306665507e-19
4.37594685112782e-05 2.516547007449824e-19
4.378927741353384e-05 2.582309836553675e-19
4.381908631578948e-05 2.5594914361048924e-19
4.384889521804512e-05 2.5822712381747304e-19
4.387870412030076e-05 2.5264203750701787e-19
4.3908513022556396e-05 2.500438505693377e-19
4.393832192481203e-05 2.600898288182598e-19
4.396813082706767e-05 2.5380827878550176e-19
4.399793972932331e-05 2.4799257708319625e-19
4.4027748631578946e-05 2.538716411870662e-19
4.4057557533834586e-05 2.5207970447265576e-19
4.4087366436090225e-05 2.5310760117576006e-19
4.4117175338345864e-05 2.5059455757549814e-19
4.41469842406015e-05 2.432569301407957e-19
4.417679314285714e-05 2.524370154735312e-19
4.420660204511279e-05 2.5424627651855707e-19
4.423641094736843e-05 2.4480441706154146e-19
4.426621984962407e-05 2.4789683263511586e-19
4.4296028751879706e-05 2.4795109931994785e-19
4.4325837654135345e-05 2.474791545723096e-19
4.4355646556390985e-05 2.473655235946599e-19
4.4385455458646624e-05 2.3813223386197487e-19
4.441526436090226e-05 2.4264095748737888e-19
4.44450732631579e-05 2.4806687025429484e-19
4.447488216541354e-05 2.389985179983306e-19
4.450469106766918e-05 2.395365249111853e-19
4.453449996992482e-05 2.4046776855373404e-19
4.456430887218046e-05 2.389881014216759e-19
4.45941177744361e-05 2.4373091925944495e-19
4.462392667669174e-05 2.345331127193847e-19
4.465373557894738e-05 2.3182423908262334e-19
4.4683544481203016e-05 2.422943861342449e-19
4.4713353383458655e-05 2.340220022535767e-19
4.4743162285714294e-05 2.2848365821748753e-19
4.4772971187969934e-05 2.3280994331135267e-19
4.480278009022557e-05 2.301690926130467e-19
4.483258899248121e-05 2.3221216226280624e-19
4.4862397894736844e-05 2.276743469941585e-19
4.4892206796992484e-05 2.2256237919666476e-19
4.492201569924812e-05 2.3208112758339714e-19
4.495182460150376e-05 2.279790739096187e-19
4.49816335037594e-05 2.2014406355555897e-19
4.501144240601504e-05 2.239322862923309e-19
4.504125130827068e-05 2.2115173565425864e-19
4.507106021052632e-05 2.2213114892003414e-19
4.510086911278196e-05 2.2079545106953426e-19
4.51306780150376e-05 2.1198903679637757e-19
4.5160486917293237e-05 2.1769897719708996e-19
4.5190295819548876e-05 2.1772881993906388e-19
4.5220104721804515e-05 2.0898854472489587e-19
4.5249913624060154e-05 2.1258892549237813e-19
4.5279722526315793e-05 2.1069734853637689e-19
4.530953142857143e-05 2.0928418409785964e-19
4.533934033082707e-05 2.1140263446185356e-19
4.536914923308271e-05 2.015289695817371e-19
4.539895813533835e-05 2.0330363304463403e-19
4.542876703759399e-05 2.0762320704455685e-19
4.545857593984963e-05 1.9759862717114354e-19
4.548838484210527e-05 1.9893860277168982e-19
4.551819374436091e-05 1.9888927016011582e-19
4.5548002646616546e-05 1.9424745774209181e-19
4.5577811548872186e-05 1.9855303913170954e-19
4.5607620451127825e-05 1.9034251854627756e-19
4.5637429353383464e-05 1.8736671674497963e-19
4.56672382556391e-05 1.9545238503943187e-19
4.569704715789474e-05 1.8568197250768725e-19
4.572685606015038e-05 1.8276582502369839e-19
4.575666496240602e-05 1.8656436513035677e-19
4.578647386466165e-05 1.788441966804493e-19
4.581628276691729e-05 1.814977466139288e-19
4.584609166917293e-05 1.7678858903225836e-19
4.587590057142857e-05 1.6864222116125787e-19
4.590570947368421e-05 1.778483230237612e-19
4.593551837593985e-05 1.7223864752619478e-19
4.596532727819549e-05 1.6465760175138152e-19
4.599513618045113e-05 1.6824489416216858e-19
4.602494508270677e-05 1.6393517004624371e-19
4.6054753984962406e-05 1.6484329374222684e-19
4.6084562887218046e-05 1.6298072643451844e-19
4.6114371789473685e-05 1.53151550190266e-19
4.614418069172933e-05 1.569295900754309e-19
4.617398959398497e-05 1.570669144943353e-19
4.620379849624061e-05 1.4707143827515753e-19
4.623360739849625e-05 1.4983123441638899e-19
4.626341630075189e-05 1.472644408059967e-19
4.629322520300753e-05 1.4178282072427262e-19
4.6323034105263166e-05 1.4613384660269016e-19
4.6352843007518805e-05 1.3575322993260585e-19
4.6382651909774444e-05 1.3456676897428774e-19
4.6412460812030084e-05 1.418211203576156e-19
4.644226971428572e-05 1.302880105026765e-19
4.647207861654136e-05 1.2966352017402173e-19
4.6501887518797e-05 1.3039396121764162e-19
4.653169642105264e-05 1.2273865830111116e-19
4.656150532330828e-05 1.267550536119784e-19
4.659131422556392e-05 1.1918759113921192e-19
4.662112312781956e-05 1.121545408170818e-19
4.66509320300752e-05 1.2067949111719479e-19
4.668074093233084e-05 1.1311992117884677e-19
4.6710549834586476e-05 1.0829427908484786e-19
4.674035873684211e-05 1.1184138555570261e-19
4.677016763909775e-05 1.0391835280612067e-19
4.679997654135339e-05 1.0690727614218643e-19
4.6829785443609026e-05 1.053002505292516e-19
4.6859594345864665e-05 9.263278050876534e-20
4.6889403248120304e-05 1.0050989268788704e-19
4.6919212150375944e-05 9.867477145007929e-20
4.694902105263158e-05 8.765049542220713e-20
4.697882995488722e-05 9.17271381482787e-20
4.700863885714286e-05 8.500411322774933e-20
4.70384477593985e-05 8.378758643174411e-20
4.706825666165414e-05 8.765496705748016e-20
4.709806556390978e-05 7.444365032251186e-20
4.712787446616542e-05 7.736368830461941e-20
4.715768336842106e-05 8.226884830222064e-20
4.7187492270676697e-05 7.010932084471257e-20
4.7217301172932336e-05 7.22453323109695e-20
4.7247110075187975e-05 6.883736752551944e-20
4.7276918977443614e-05 6.237244018734866e-20
4.7306727879699253e-05 7.120636616343579e-20
4.733653678195489e-05 5.933481508696187e-20
4.736634568421053e-05 5.170678388411675e-20
4.739615458646617e-05 6.374921015130814e-20
4.742596348872181e-05 5.43878428131591e-20
4.745577239097745e-05 4.970166474203991e-20
4.748558129323309e-05 5.269574446779896e-20
4.751539019548873e-05 4.4761605624088326e-20
4.754519909774437e-05 5.104014303260399e-20
4.7575008000000006e-05 4.666927904675522e-20
4.7604816902255646e-05 3.386643281729756e-20
4.7634625804511285e-05 4.3228387954032304e-20
4.766443470676692e-05 3.9962172039626187e-20
4.7694243609022556e-05 2.9869683696414964e-20
4.7724052511278196e-05 3.258103940334365e-20
4.7753861413533835e-05 2.695198568589888e-20
4.7783670315789474e-05 2.893488895450537e-20
4.781347921804511e-05 2.9821094594244953e-20
4.784328812030075e-05 1.492640674647448e-20
4.787309702255639e-05 2.0097423234178475e-20
4.790290592481203e-05 2.5127203211955255e-20
4.793271482706767e-05 1.409323693194084e-20
4.796252372932331e-05 1.3795569191018857e-20
4.799233263157895e-05 9.20529082930661e-21
4.802214153383459e-05 9.01097040051895e-21
4.805195043609023e-05 1.435693793253723e-20
4.8081759338345866e-05 -1.8176837812395334e-21
4.811156824060151e-05 -1.9444816979663883e-21
4.814137714285715e-05 1.0487942401156849e-20
4.817118604511279e-05 -3.687974821078146e-21
4.820099494736843e-05 -7.896222413197483e-21
4.823080384962407e-05 -4.0636146089941435e-21
4.826061275187971e-05 -1.0107440593814994e-20
4.829042165413535e-05 -4.918785545035596e-21
4.832023055639099e-05 -1.2780176281338866e-20
4.8350039458646626e-05 -2.3093919731733772e-20
4.8379848360902265e-05 -9.833486979924369e-21
4.8409657263157904e-05 -1.5081395991065272e-20
4.8439466165413544e-05 -2.7318403458559634e-20
4.846927506766918e-05 -2.3380400919239616e-20
4.849908396992482e-05 -2.6563077709731106e-20
4.852889287218046e-05 -2.3555771517850676e-20
4.85587017744361e-05 -2.8252654370014146e-20
4.858851067669173e-05 -4.202163181081609e-20
4.861831957894737e-05 -2.9211121557261297e-20
4.864812848120301e-05 -2.8805490239389044e-20
4.867793738345865e-05 -4.4705485535056714e-20
4.870774628571429e-05 -4.1022460492211836e-20
4.873755518796993e-05 -4.195595461952219e-20
4.876736409022557e-05 -4.201345951038141e-20
4.879717299248121e-05 -4.273090151176566e-20
4.882698189473685e-05 -5.783503377039384e-20
4.8856790796992486e-05 -5.1561552865667256e-20
4.8886599699248125e-05 -4.217976747703383e-20
4.8916408601503764e-05 -5.784919316394385e-20
4.8946217503759404e-05 -6.051668991697281e-20
4.897602640601504e-05 -5.603570997612887e-20
4.900583530827068e-05 -6.015138558414128e-20
4.903564421052632e-05 -5.716694134276738e-20
4.906545311278196e-05 -6.887279734705025e-20
4.90952620150376e-05 -7.27671455489422e-20
4.912507091729324e-05 -5.766851721624734e-20
4.915487981954888e-05 -7.091579565991919e-20
4.918468872180452e-05 -8.021092767574233e-20
4.9214497624060156e-05 -7.329253158330833e-20
4.9244306526315796e-05 -7.670861940301586e-20
4.9274115428571435e-05 -7.378783192674763e-20
4.9303924330827074e-05 -8.284480524826075e-20
4.933373323308271e-05 -9.146073849402438e-20
4.936354213533835e-05 -7.611256585991553e-20
4.939335103759399e-05 -8.10467050812926e-20
4.942315993984963e-05 -9.683047604011324e-20
4.945296884210527e-05 -9.231824007790391e-20
4.948277774436091e-05 -8.98642418909543e-20
4.951258664661654e-05 -9.002471981475328e-20
4.954239554887218e-05 -9.618872123051537e-20
4.957220445112782e-05 -1.0917414525562589e-19
4.960201335338346e-05 -9.614879829852009e-20
4.96318222556391e-05 -9.08127556700238e-20
4.966163115789474e-05 -1.116472188666491e-19
4.969144006015038e-05 -1.1033038379455745e-19
4.9721248962406016e-05 -1.0467582388789618e-19
4.9751057864661656e-05 -1.0583561484162664e-19
4.9780866766917295e-05 -1.0865938189154382e-19
4.9810675669172934e-05 -1.2334183052598112e-19
4.984048457142857e-05 -1.1433940684315348e-19
4.987029347368421e-05 -1.047095813224167e-19
4.990010237593985e-05 -1.2389527790311655e-19
4.992991127819549e-05 -1.2785796640384966e-19
4.995972018045113e-05 -1.2100106452952168e-19
4.998952908270677e-05 -1.2216786385249378e-19
5.001933798496241e-05 -1.2306940710348886e-19
5.004914688721805e-05 -1.3388173522657667e-19
5.0078955789473694e-05 -1.3340907188369663e-19
5.010876469172933e-05 -1.191269791244458e-19
5.013857359398497e-05 -1.3249618956219717e-19
5.016838249624061e-05 -1.440535524641555e-19
5.019819139849625e-05 -1.3379133175288546e-19
5.022800030075189e-05 -1.345163311887084e-19
5.025780920300753e-05 -1.3717052094654777e-19
5.028761810526317e-05 -1.4487824777424494e-19
5.031742700751881e-05 -1.519463259879596e-19
5.034723590977445e-05 -1.3491783197349171e-19
5.0377044812030086e-05 -1.3984019025155403e-19
5.0406853714285725e-05 -1.5924218066016474e-19
5.043666261654136e-05 -1.4877152385245625e-19
5.0466471518797e-05 -1.4345583325044993e-19
5.0496280421052636e-05 -1.4905595525997916e-19
5.0526089323308275e-05 -1.549324397534422e-19
5.0555898225563914e-05 -1.6215810434007684e-19
5.0585707127819554e-05 -1.5093482988115724e-19
5.061551603007519e-05 -1.4834568390805327e-19
5.064532493233083e-05 -1.6667268648098485e-19
5.067513383458647e-05 -1.6590188836238915e-19
5.070494273684211e-05 -1.549047580458168e-19
5.073475163909775e-05 -1.5819475876070895e-19
5.076456054135339e-05 -1.6477245414579629e-19
5.079436944360903e-05 -1.7162522543105134e-19
5.082417834586467e-05 -1.6462957859248264e-19
5.0853987248120307e-05 -1.5350656118028115e-19
5.0883796150375946e-05 -1.714964463735421e-19
5.0913605052631585e-05 -1.7811130618416202e-19
5.0943413954887224e-05 -1.6331040080769072e-19
5.0973222857142863e-05 -1.6631387029376838e-19
5.10030317593985e-05 -1.729505360807526e-19
5.103284066165414e-05 -1.789145942885666e-19
5.106264956390978e-05 -1.758935908080051e-19
5.109245846616542e-05 -1.615604760924171e-19
5.112226736842106e-05 -1.7643753229938545e-19
5.11520762706767e-05 -1.8881802658234902e-19
5.118188517293234e-05 -1.7144800679900622e-19
5.121169407518798e-05 -1.710710132198855e-19
5.1241502977443616e-05 -1.7835980835404423e-19
5.1271311879699256e-05 -1.8264337333533517e-19
5.1301120781954895e-05 -1.8521975815445944e-19
5.1330929684210534e-05 -1.7011085996784073e-19
5.1360738586466167e-05 -1.7618907290915518e-19
5.1390547488721806e-05 -1.9576144903126846e-19
5.1420356390977445e-05 -1.8312375116614656e-19
5.1450165293233084e-05 -1.73099541251005e-19
5.147997419548872e-05 -1.837942623897986e-19
5.150978309774436e-05 -1.8866862368274046e-19
5.1539592e-05 -1.8903844490624382e-19
5.156940090225564e-05 -1.7834336033394588e-19
5.159920980451128e-05 -1.754195433964152e-19
5.162901870676692e-05 -1.97518779408797e-19
5.165882760902256e-05 -1.9117988869183952e-19
5.16886365112782e-05 -1.7418418676403336e-19
5.171844541353384e-05 -1.858073905027154e-19
5.1748254315789476e-05 -1.9238414326884878e-19
5.1778063218045116e-05 -1.937791325192764e-19
5.1807872120300755e-05 -1.8652663854469762e-19
5.1837681022556394e-05 -1.7741220015045347e-19
5.186748992481203e-05 -1.958868647874951e-19
5.189729882706767e-05 -2.0016870139641378e-19
5.192710772932331e-05 -1.800604687133255e-19
5.195691663157895e-05 -1.852183221504609e-19
5.198672553383459e-05 -1.9573160032715036e-19
5.2016534436090236e-05 -1.9446528030722333e-19
5.2046343338345875e-05 -1.915833428540775e-19
5.2076152240601514e-05 -1.8147914253475801e-19
5.2105961142857154e-05 -1.934457172150795e-19
5.213577004511279e-05 -2.0560148342502182e-19
5.216557894736843e-05 -1.866792465147953e-19
5.219538784962407e-05 -1.8424324133581106e-19
5.222519675187971e-05 -1.9764786112261384e-19
5.225500565413535e-05 -1.9788876749832665e-19
5.228481455639098e-05 -1.9368899790765801e-19
5.231462345864662e-05 -1.853725692715416e-19
5.234443236090226e-05 -1.9051388374102137e-19
5.23742412631579e-05 -2.069408963108114e-19
5.240405016541354e-05 -1.9376351898660617e-19
5.243385906766918e-05 -1.8232692312118403e-19
5.246366796992482e-05 -1.981107945361509e-19
5.249347687218046e-05 -2.0213837327692947e-19
5.2523285774436096e-05 -1.9742633991118908e-19
5.2553094676691735e-05 -1.8953698208989898e-19
5.2582903578947374e-05 -1.876278835990234e-19
5.2612712481203014e-05 -2.072075059734958e-19
5.264252138345865e-05 -2.0126158165637043e-19
5.267233028571429e-05 -1.8168716500952042e-19
5.270213918796993e-05 -1.948800703667514e-19
5.273194809022557e-05 -2.0256821788525863e-19
5.276175699248121e-05 -1.969271019933084e-19
5.279156589473685e-05 -1.9202037259489268e-19
5.282137479699249e-05 -1.8680049853399916e-19
5.285118369924813e-05 -2.0367525347952122e-19
5.2880992601503767e-05 -2.0554867308500885e-19
5.2910801503759406e-05 -1.8326223481038359e-19
5.2940610406015045e-05 -1.9190873454344327e-19
5.2970419308270684e-05 -2.0337163419221633e-19
5.3000228210526323e-05 -1.9657847818547955e-19
5.303003711278196e-05 -1.9276177405643691e-19
5.30598460150376e-05 -1.8609955980441745e-19
5.308965491729324e-05 -1.9700088295777878e-19
5.311946381954888e-05 -2.0777734283902047e-19
5.314927272180452e-05 -1.856633626949068e-19
5.317908162406016e-05 -1.8469297042379192e-19
5.320889052631579e-05 -2.030398208045599e-19
5.323869942857143e-05 -1.9711114935079016e-19
5.326850833082707e-05 -1.9196428537189982e-19
5.329831723308271e-05 -1.8807088377845518e-19
5.332812613533835e-05 -1.9051108422833574e-19
5.335793503759399e-05 -2.0419407426839719e-19
5.3387743939849626e-05 -1.8906716088156747e-19
5.3417552842105266e-05 -1.7797221401742903e-19
5.3447361744360905e-05 -1.9637089025597013e-19
5.3477170646616544e-05 -1.9590919224590543e-19
5.350697954887218e-05 -1.8762009437091582e-19
5.353678845112782e-05 -1.8452474398984765e-19
5.356659735338346e-05 -1.844439324074743e-19
5.35964062556391e-05 -1.991203388006041e-19
5.362621515789474e-05 -1.8953911122554602e-19
5.365602406015038e-05 -1.7400433453390526e-19
5.368583296240602e-05 -1.897854406144796e-19
5.371564186466166e-05 -1.9203116915723276e-19
5.37454507669173e-05 -1.826564313071487e-19
5.3775259669172936e-05 -1.8079405609140597e-19
5.3805068571428575e-05 -1.766480825821587e-19
5.3834877473684215e-05 -1.8955699373592433e-19
5.3864686375939854e-05 -1.908212518036804e-19
5.389449527819549e-05 -1.6825619234820512e-19
5.392430418045113e-05 -1.7690762876383657e-19
5.395411308270677e-05 -1.899663927587197e-19
5.398392198496242e-05 -1.7821825684013562e-19
5.401373088721806e-05 -1.746811746692575e-19
5.4043539789473696e-05 -1.7280281091603397e-19
5.4073348691729335e-05 -1.7676770261976362e-19
5.4103157593984974e-05 -1.8450801971171065e-19
5.413296649624061e-05 -1.6683107942642031e-19
5.4162775398496246e-05 -1.6318181324352203e-19
5.4192584300751885e-05 -1.8046746191018676e-19
5.4222393203007524e-05 -1.7382719941135804e-19
5.4252202105263164e-05 -1.6491977366690038e-19
5.42820110075188e-05 -1.642936205284564e-19
5.431181990977444e-05 -1.6678507717256535e-19
5.434162881203008e-05 -1.7608142277513263e-19
5.437143771428572e-05 -1.6320551536436672e-19
5.440124661654136e-05 -1.5231448612800602e-19
5.4431055518797e-05 -1.678312049815777e-19
5.446086442105264e-05 -1.6644959233527315e-19
5.449067332330828e-05 -1.5435209367500312e-19
5.452048222556392e-05 -1.5438662934401034e-19
5.4550291127819556e-05 -1.5515423693760495e-19
5.4580100030075195e-05 -1.6147795536925568e-19
5.4609908932330834e-05 -1.5498254062651136e-19
5.4639717834586474e-05 -1.4145402907222624e-19
5.466952673684211e-05 -1.537047724371253e-19
5.469933563909775e-05 -1.5614115512585642e-19
5.472914454135339e-05 -1.4434974320794524e-19
5.475895344360903e-05 -1.4406788354755662e-19
5.478876234586467e-05 -1.4232898899610786e-19
5.481857124812031e-05 -1.470777901781655e-19
5.484838015037595e-05 -1.4622423446166972e-19
5.487818905263159e-05 -1.296385898346101e-19
5.4907997954887226e-05 -1.3401185707302396e-19
5.4937806857142866e-05 -1.4443011580946768e-19
5.4967615759398505e-05 -1.3228715369818729e-19
5.4997424661654144e-05 -1.2781151892123969e-19
5.502723356390978e-05 -1.303574690437552e-19
5.5057042466165416e-05 -1.2960572095673977e-19
5.5086851368421055e-05 -1.346664936311851e-19
5.5116660270676694e-05 -1.209147142221166e-19
5.5146469172932333e-05 -1.150456951879616e-19
5.517627807518797e-05 -1.2950735527625126e-19
5.520608697744361e-05 -1.1988015970570445e-19
5.523589587969925e-05 -1.1265219074888057e-19
5.526570478195489e-05 -1.1489793316160804e-19
5.529551368421053e-05 -1.1209084548549373e-19
5.532532258646617e-05 -1.1842377809162774e-19
5.535513148872181e-05 -1.0786483846166287e-19
5.538494039097745e-05 -9.714908803373882e-20
5.5414749293233086e-05 -1.1271310302283275e-19
5.5444558195488726e-05 -1.100168007902885e-19
5.5474367097744365e-05 -9.606989554634618e-20
5.5504176000000004e-05 -9.88012926772531e-20
5.553398490225564e-05 -9.804355008994098e-20
5.556379380451128e-05 -9.899430567284118e-20
5.559360270676692e-05 -9.639361480665903e-20
5.562341160902256e-05 -8.177626998672116e-20
5.56532205112782e-05 -8.932958728998953e-20
5.568302941353384e-05 -9.567444182343539e-20
5.571283831578948e-05 -8.08001150095959e-20
5.574264721804512e-05 -8.1262798658817e-20
5.577245612030076e-05 -8.266882304435903e-20
5.5802265022556396e-05 -8.18239860616527e-20
5.5832073924812035e-05 -8.27937211526044e-20
5.5861882827067675e-05 -6.862087636795675e-20
5.5891691729323314e-05 -7.169356817044302e-20
5.592150063157895e-05 -8.092937132206739e-20
5.59513095338346e-05 -6.697827349908896e-20
5.598111843609023e-05 -6.387431945250322e-20
5.601092733834587e-05 -6.682108351145428e-20
5.604073624060151e-05 -6.438828763512647e-20
5.607054514285715e-05 -6.642867965643257e-20
5.610035404511279e-05 -5.583545334216869e-20
5.613016294736843e-05 -5.288126548632994e-20
5.615997184962407e-05 -6.277270635698503e-20
5.6189780751879706e-05 -5.592218574814347e-20
5.6219589654135345e-05 -4.8523905355840027e-20
5.6249398556390984e-05 -4.9147110968327883e-20
5.6279207458646624e-05 -4.857567121573995e-20
5.630901636090226e-05 -5.04376749808922e-20
5.63388252631579e-05 -4.288144318179693e-20
5.636863416541354e-05 -3.31120850889348e-20
5.639844306766918e-05 -4.347861802889353e-20
5.642825196992482e-05 -4.2545699806035503e-20
5.645806087218046e-05 -2.9926419288088514e-20
5.64878697744361e-05 -3.327391133589436e-20
5.651767867669174e-05 -3.0374474400813113e-20
5.6547487578947377e-05 -3.2123350063502694e-20
5.6577296481203016e-05 -3.2026087965068764e-20
5.6607105383458655e-05 -1.7546889418618108e-20
5.6636914285714294e-05 -2.390252307126231e-20
5.6666723187969933e-05 -2.6608383692770622e-20
5.669653209022557e-05 -1.570565930735283e-20
5.672634099248121e-05 -1.498522847128155e-20
5.675614989473685e-05 -1.2141734044237717e-20
5.678595879699249e-05 -1.3814066135116178e-20
5.681576769924813e-05 -1.4773636591945482e-20
5.684557660150377e-05 -2.104902266116012e-21
5.687538550375941e-05 -1.6897838008384501e-21
5.690519440601504e-05 -1.1899950104844134e-20
5.693500330827068e-05 -1.1310163318552137e-21
5.696481221052632e-05 5.5970182558322574e-21
5.699462111278196e-05 1.146234090392531e-21
5.70244300150376e-05 6.509931052102635e-21
5.7054238917293236e-05 3.1321502340618684e-21
5.7084047819548876e-05 1.0841479461993902e-20
5.7113856721804515e-05 2.053106105493612e-20
5.7143665624060154e-05 7.67385456080234e-21
5.717347452631579e-05 1.416388816620159e-20
5.720328342857143e-05 2.4647609562217188e-20
5.723309233082707e-05 2.1263727857632344e-20
5.726290123308271e-05 2.5699151782003403e-20
5.729271013533835e-05 2.097205331872627e-20
5.732251903759399e-05 2.570982116538876e-20
5.735232793984963e-05 3.965670047618488e-20
5.738213684210527e-05 2.945580174691098e-20
5.741194574436091e-05 3.000858936129639e-20
5.7441754646616546e-05 4.261041662694415e-20
5.7471563548872186e-05 4.076789213461828e-20
5.7501372451127825e-05 4.4647061283664436e-20
5.7531181353383464e-05 4.4608556444684315e-20
5.75609902556391e-05 4.2494731997903925e-20
5.759079915789474e-05 5.716229213117899e-20
5.762060806015038e-05 5.454296857825439e-20
5.765041696240602e-05 4.675428404287804e-20
5.768022586466166e-05 5.951797439307269e-20
5.77100347669173e-05 6.222984542765755e-20
5.773984366917294e-05 6.245926670468654e-20
5.776965257142858e-05 6.536847177452249e-20
5.779946147368422e-05 6.087086382359508e-20
5.782927037593985e-05 7.31200710244611e-20
5.785907927819549e-05 8.000837071800951e-20
5.788888818045113e-05 6.748236127925254e-20
5.791869708270677e-05 7.490840312168259e-20
5.794850598496241e-05 8.412486624693567e-20
5.797831488721805e-05 8.122254044870215e-20
5.800812378947369e-05 8.538548738342581e-20
5.803793269172933e-05 8.079218767612772e-20
5.806774159398497e-05 8.705355659541413e-20
5.809755049624061e-05 1.0027024546013609e-19
5.812735939849625e-05 8.733367107572621e-20
5.815716830075189e-05 9.103784042801278e-20
5.818697720300753e-05 1.0523344450580984e-19
5.8216786105263166e-05 9.99612955838578e-20
5.8246595007518805e-05 1.0457021368699794e-19
5.8276403909774444e-05 1.0271942053274056e-19
5.8306212812030084e-05 1.025486492667945e-19
5.833602171428572e-05 1.2064781356327563e-19
5.836583061654136e-05 1.1067101207022524e-19
5.8395639518797e-05 1.041060620062147e-19
5.842544842105264e-05 1.2232291383874407e-19
5.845525732330828e-05 1.2117270060275777e-19
5.848506622556392e-05 1.204952992506318e-19
5.851487512781956e-05 1.216625948834892e-19
5.85446840300752e-05 1.1900523521415796e-19
5.8574492932330837e-05 1.3555247817360543e-19
5.8604301834586476e-05 1.3455593555796252e-19
5.8634110736842115e-05 1.217898234043619e-19
5.8663919639097754e-05 1.3623608950337642e-19
5.8693728541353393e-05 1.4128453952478176e-19
5.872353744360903e-05 1.371294272764851e-19
5.8753346345864665e-05 1.4016262753383402e-19
5.8783155248120304e-05 1.351404276562473e-19
5.8812964150375943e-05 1.476998202660882e-19
5.884277305263158e-05 1.554305725147864e-19
5.887258195488722e-05 1.3912272131350458e-19
5.890239085714286e-05 1.4765273345296928e-19
5.89321997593985e-05 1.5845262109540832e-19
5.896200866165414e-05 1.5432555641275043e-19
5.899181756390978e-05 1.5747112017800003e-19
5.902162646616542e-05 1.5297277648788863e-19
5.905143536842106e-05 1.5918408370747168e-19
5.9081244270676696e-05 1.7192935881799893e-19
5.9111053172932336e-05 1.5834283666539138e-19
5.9140862075187975e-05 1.561958578155062e-19
5.9170670977443614e-05 1.7339026273812376e-19
5.920047987969925e-05 1.715705687893608e-19
5.923028878195489e-05 1.6826228596504496e-19
5.926009768421053e-05 1.6861977753707947e-19
5.928990658646617e-05 1.6979249040580307e-19
5.931971548872181e-05 1.8557607661155887e-19
5.934952439097745e-05 1.787409116255621e-19
5.937933329323309e-05 1.6637799037694484e-19
5.940914219548873e-05 1.8527929888273587e-19
