0.0 -1.4961663858287978e-19
2.979703642893792e-08 -1.3681242030221526e-19
5.959407285787584e-08 -1.4784924956980065e-19
8.939110928681375e-08 -1.6146022391703237e-19
1.1918814571575169e-07 -1.450458982367991e-19
1.489851821446896e-07 -1.4589931897155092e-19
1.787822185736275e-07 -1.5629437334638645e-19
2.0857925500256543e-07 -1.5519588479197872e-19
2.3837629143150337e-07 -1.5938473749870474e-19
2.6817332786044126e-07 -1.475628510405891e-19
2.979703642893792e-07 -1.5243840541032857e-19
3.277674007183171e-07 -1.7173815327574081e-19
3.57564437147255e-07 -1.5490032214742019e-19
3.8736147357619294e-07 -1.5410248693664764e-19
4.1715851000513086e-07 -1.6728322892355571e-19
4.469555464340688e-07 -1.629674014564289e-19
4.7675258286300674e-07 -1.6830071965276648e-19
5.065496192919446e-07 -1.6073447812169208e-19
5.363466557208825e-07 -1.5775208704394959e-19
5.661436921498204e-07 -1.790012098678826e-19
5.959407285787584e-07 -1.6932996956168469e-19
6.257377650076963e-07 -1.5776020493986712e-19
6.555348014366342e-07 -1.7291835727726331e-19
6.853318378655722e-07 -1.736001345435737e-19
7.1512887429451e-07 -1.7371559286280728e-19
7.44925910723448e-07 -1.7249081051670453e-19
7.747229471523859e-07 -1.6365972875433717e-19
8.045199835813238e-07 -1.8176741542545948e-19
8.343170200102617e-07 -1.8560975147566496e-19
8.641140564391997e-07 -1.6538815046486653e-19
8.939110928681377e-07 -1.7792196884771157e-19
9.237081292970755e-07 -1.8513826402122135e-19
9.535051657260135e-07 -1.7810231661017658e-19
9.833022021549515e-07 -1.8255230843271512e-19
1.0130992385838891e-06 -1.726836529890082e-19
1.0428962750128272e-06 -1.8278940220056136e-19
1.072693311441765e-06 -1.9671573478916057e-19
1.102490347870703e-06 -1.7449060474783325e-19
1.1322873842996408e-06 -1.8017831998064748e-19
1.1620844207285789e-06 -1.9435713265769312e-19
1.1918814571575167e-06 -1.8586242757119142e-19
1.2216784935864546e-06 -1.9087012910562384e-19
1.2514755300153927e-06 -1.8346339256244983e-19
1.2812725664443305e-06 -1.8510287526454215e-19
1.3110696028732684e-06 -2.045287114945755e-19
1.3408666393022063e-06 -1.8588323823924916e-19
1.3706636757311443e-06 -1.801114281692833e-19
1.4004607121600822e-06 -2.0126413510968413e-19
1.43025774858902e-06 -1.9500152424393717e-19
1.460054785017958e-06 -1.9292990502160925e-19
1.489851821446896e-06 -1.9322807487469694e-19
1.5196488578758339e-06 -1.8818557126909095e-19
1.5494458943047717e-06 -2.065647499708985e-19
1.5792429307337098e-06 -1.9968625579132056e-19
1.6090399671626477e-06 -1.8295527208946322e-19
1.6388370035915856e-06 -2.0338990255749958e-19
1.6686340400205234e-06 -2.0303536511840904e-19
1.6984310764494615e-06 -1.9507256684186398e-19
1.7282281128783994e-06 -1.9984290672780667e-19
1.7580251493073372e-06 -1.9123655489578812e-19
1.7878221857362753e-06 -2.0630512691735023e-19
1.8176192221652132e-06 -2.091351745115166e-19
1.847416258594151e-06 -1.871732847549108e-19
1.877213295023089e-06 -2.0329803619988362e-19
1.907010331452027e-06 -2.1161146420845213e-19
1.9368073678809646e-06 -1.9884972734155692e-19
1.966604404309903e-06 -2.0445630199891202e-19
1.9964014407388408e-06 -1.9989109538049415e-19
2.0261984771677782e-06 -2.039394507242262e-19
2.055995513596716e-06 -2.158765075584469e-19
2.0857925500256544e-06 -1.9465967648567136e-19
2.1155895864545922e-06 -1.9747990125609793e-19
2.14538662288353e-06 -2.1684005870375166e-19
2.175183659312468e-06 -2.0308423744347786e-19
2.204980695741406e-06 -2.0340774642849615e-19
2.2347777321703437e-06 -2.0471058443640596e-19
2.2645747685992816e-06 -2.0201072515514194e-19
2.29437180502822e-06 -2.1790876559834565e-19
2.3241688414571577e-06 -2.0507332247022222e-19
2.3539658778860956e-06 -1.9812591218955225e-19
2.3837629143150335e-06 -2.164500276586917e-19
2.4135599507439713e-06 -2.0855615819654276e-19
2.443356987172909e-06 -2.0379394553381798e-19
2.473154023601847e-06 -2.0750985813373522e-19
2.5029510600307853e-06 -2.0409704403475069e-19
2.532748096459723e-06 -2.1585449756593432e-19
2.562545132888661e-06 -2.116021594713569e-19
2.592342169317599e-06 -1.9685639566128244e-19
2.622139205746537e-06 -2.1323917126137317e-19
2.6519362421754747e-06 -2.1551872004247174e-19
2.6817332786044125e-06 -2.0387145881622903e-19
2.711530315033351e-06 -2.111503397924092e-19
2.7413273514622887e-06 -2.0735339991545095e-19
2.7711243878912266e-06 -2.126711290139771e-19
2.8009214243201644e-06 -2.179098218661104e-19
2.8307184607491023e-06 -1.978529701381265e-19
2.86051549717804e-06 -2.0934207102463207e-19
2.890312533606978e-06 -2.203005024804422e-19
2.920109570035916e-06 -2.0423566935369361e-19
2.949906606464854e-06 -2.1094602994315858e-19
2.979703642893792e-06 -2.0977900650995375e-19
3.00950067932273e-06 -2.095895442181272e-19
3.0392977157516678e-06 -2.214029578825485e-19
3.0690947521806056e-06 -2.0393608872259665e-19
3.0988917886095435e-06 -2.0701142236702897e-19
3.1286888250384814e-06 -2.2320218169159817e-19
3.1584858614674196e-06 -2.0687410981443875e-19
3.1882828978963575e-06 -2.092600781306766e-19
3.2180799343252954e-06 -2.1464177144829156e-19
3.2478769707542332e-06 -2.074942898633387e-19
3.277674007183171e-06 -2.2005308525901896e-19
3.307471043612109e-06 -2.106959300155469e-19
3.337268080041047e-06 -2.0357664372068597e-19
3.367065116469985e-06 -2.2236686125706915e-19
3.396862152898923e-06 -2.1265967118138401e-19
3.426659189327861e-06 -2.085178446354079e-19
3.4564562257567987e-06 -2.177022586196295e-19
3.4862532621857366e-06 -2.1043263141215963e-19
3.5160502986146745e-06 -2.16997356909861e-19
3.5458473350436123e-06 -2.1561235865192948e-19
3.5756443714725506e-06 -2.0363634242101635e-19
3.6054414079014885e-06 -2.182127755318022e-19
3.6352384443304263e-06 -2.186000201199927e-19
3.665035480759364e-06 -2.0603099636671218e-19
3.694832517188302e-06 -2.1489654639826614e-19
3.72462955361724e-06 -2.1253033467089167e-19
3.754426590046178e-06 -2.1278389941428348e-19
3.7842236264751157e-06 -2.196017411048535e-19
3.814020662904054e-06 -2.0538444285098141e-19
3.843817699332992e-06 -2.126347746751668e-19
3.873614735761929e-06 -2.216891540413727e-19
3.9034117721908676e-06 -2.057047487177086e-19
3.933208808619806e-06 -2.1211201435074504e-19
3.963005845048743e-06 -2.146408364055598e-19
3.9928028814776816e-06 -2.0853418878608426e-19
4.022599917906619e-06 -2.172851471693646e-19
4.0523969543355565e-06 -2.0663954057179568e-19
4.082193990764495e-06 -2.0567221657432052e-19
4.111991027193432e-06 -2.192828244781612e-19
4.1417880636223705e-06 -2.0611681144182004e-19
4.171585100051309e-06 -2.0678161550262812e-19
4.201382136480246e-06 -2.1357998721989552e-19
4.2311791729091845e-06 -2.0350516718938816e-19
4.260976209338122e-06 -2.117426623719722e-19
4.29077324576706e-06 -2.0856147237423e-19
4.320570282195998e-06 -1.9909977991218115e-19
4.350367318624936e-06 -2.131718406516133e-19
4.380164355053874e-06 -2.0506486036194363e-19
4.409961391482812e-06 -1.9774674470760625e-19
4.43975842791175e-06 -2.1079231799031962e-19
4.469555464340687e-06 -2.0077533176689065e-19
4.499352500769626e-06 -2.0241481450324045e-19
4.529149537198563e-06 -2.0735364421644426e-19
4.5589465736275014e-06 -1.9212694001976157e-19
4.58874361005644e-06 -2.0419251242919499e-19
4.618540646485377e-06 -2.031578960601272e-19
4.6483376829143155e-06 -1.8883707899681722e-19
4.678134719343253e-06 -2.022760837393403e-19
4.707931755772191e-06 -1.949657642076511e-19
4.737728792201129e-06 -1.8986519708494236e-19
4.767525828630067e-06 -1.999781559620037e-19
4.797322865059005e-06 -1.8806715890768152e-19
4.827119901487943e-06 -1.913169808626712e-19
4.856916937916881e-06 -1.9745642296344778e-19
4.886713974345818e-06 -1.8351271292824839e-19
4.916511010774757e-06 -1.8998454878602352e-19
4.946308047203694e-06 -1.9123042494207297e-19
4.976105083632632e-06 -1.7803016325350083e-19
5.005902120061571e-06 -1.9070012556044993e-19
5.035699156490508e-06 -1.8392283889980186e-19
5.065496192919446e-06 -1.7196567164629166e-19
5.095293229348384e-06 -1.8947637850806848e-19
5.125090265777322e-06 -1.7734044710297045e-19
5.15488730220626e-06 -1.737299627522441e-19
5.184684338635198e-06 -1.840160876196845e-19
5.214481375064136e-06 -1.6803918248829868e-19
5.244278411493074e-06 -1.7716844770460923e-19
5.274075447922012e-06 -1.7863762706389467e-19
5.303872484350949e-06 -1.6099698075849439e-19
5.333669520779888e-06 -1.7503730022739719e-19
5.363466557208825e-06 -1.711307321313702e-19
5.393263593637763e-06 -1.59404396966431e-19
5.423060630066702e-06 -1.7148173027411005e-19
5.452857666495639e-06 -1.5949255514964226e-19
5.482654702924577e-06 -1.587011106389118e-19
5.512451739353515e-06 -1.6976178212179579e-19
5.542248775782453e-06 -1.5094451338961284e-19
5.5720458122113905e-06 -1.5671289344616484e-19
5.601842848640329e-06 -1.6445054255558602e-19
5.631639885069266e-06 -1.4755026491312766e-19
5.6614369214982046e-06 -1.571014917106892e-19
5.691233957927143e-06 -1.5315507829917719e-19
5.72103099435608e-06 -1.4183578350907338e-19
5.750828030785019e-06 -1.560024674068896e-19
5.780625067213956e-06 -1.4308694428736263e-19
5.810422103642894e-06 -1.3791690172727524e-19
5.840219140071832e-06 -1.5012238904981822e-19
5.87001617650077e-06 -1.3609572213058027e-19
5.899813212929708e-06 -1.3925918331080348e-19
5.929610249358646e-06 -1.4235569292825115e-19
5.959407285787584e-06 -1.2729350751526222e-19
5.9892043222165215e-06 -1.390168331884188e-19
6.01900135864546e-06 -1.3620823144336915e-19
6.048798395074397e-06 -1.2134886407409155e-19
6.0785954315033355e-06 -1.3403473999580351e-19
6.108392467932274e-06 -1.27727893712167e-19
6.138189504361211e-06 -1.2197368565138434e-19
6.1679865407901495e-06 -1.2929223545581072e-19
6.197783577219087e-06 -1.1460100876237144e-19
6.227580613648025e-06 -1.2078798729306087e-19
6.257377650076963e-06 -1.2698287944530981e-19
6.287174686505901e-06 -1.0612399036043526e-19
6.316971722934839e-06 -1.1447085202822047e-19
6.346768759363777e-06 -1.180658170747686e-19
6.376565795792715e-06 -1.0454984496201242e-19
6.4063628322216525e-06 -1.1422498734113698e-19
6.436159868650591e-06 -1.0451168028166433e-19
6.465956905079528e-06 -9.838231456236312e-20
6.4957539415084665e-06 -1.135578414103182e-19
6.525550977937405e-06 -9.609826531823765e-20
6.555348014366342e-06 -9.177953696034341e-20
6.5851450507952805e-06 -1.0534131178229839e-19
6.614942087224218e-06 -9.180807163807884e-20
6.644739123653156e-06 -9.196325649770354e-20
6.674536160082094e-06 -9.236526195534555e-20
6.704333196511032e-06 -8.240049264563418e-20
6.73413023293997e-06 -9.553513951243304e-20
6.763927269368908e-06 -8.618942090420088e-20
6.793724305797846e-06 -7.143046924231423e-20
6.8235213422267834e-06 -8.767598391992367e-20
6.853318378655722e-06 -8.011778335067428e-20
6.883115415084659e-06 -7.25683124118239e-20
6.9129124515135975e-06 -7.878400537325478e-20
6.942709487942536e-06 -6.45903218438048e-20
6.972506524371473e-06 -7.23050242069048e-20
7.0023035608004115e-06 -7.526653183578725e-20
7.032100597229349e-06 -5.293290112674096e-20
7.061897633658287e-06 -6.464023558586737e-20
7.091694670087225e-06 -6.855745319869769e-20
7.121491706516163e-06 -5.3789892721106894e-20
7.151288742945101e-06 -5.924310104721717e-20
7.181085779374039e-06 -5.0384409932778616e-20
7.210882815802977e-06 -5.095348423688991e-20
7.240679852231914e-06 -5.995341866927316e-20
7.270476888660853e-06 -3.837395786440498e-20
7.30027392508979e-06 -4.1756397485868056e-20
7.330070961518728e-06 -5.178862238355316e-20
7.359867997947666e-06 -3.705097583903048e-20
7.389665034376604e-06 -3.972490521051967e-20
7.4194620708055424e-06 -3.459030907865956e-20
7.44925910723448e-06 -3.064620979570508e-20
7.479056143663418e-06 -4.2252697482091634e-20
7.508853180092356e-06 -2.5545357051496858e-20
7.538650216521294e-06 -1.736052489570335e-20
7.568447252950231e-06 -3.181972032754132e-20
7.59824428937917e-06 -2.246076949182921e-20
7.628041325808108e-06 -1.491151688972715e-20
7.657838362237045e-06 -1.649687558236529e-20
7.687635398665984e-06 -8.895053424822883e-21
7.717432435094922e-06 -1.7686442102068663e-20
7.747229471523859e-06 -1.1789778973744306e-20
7.777026507952797e-06 6.776772574041519e-21
7.806823544381735e-06 -8.690760336297258e-21
7.836620580810673e-06 -6.550121427182855e-21
7.866417617239612e-06 8.055735848950704e-21
7.896214653668548e-06 3.805174543350149e-21
7.926011690097487e-06 1.1222463302454534e-20
7.955808726526425e-06 7.058231635454247e-21
7.985605762955363e-06 7.964784412914633e-21
8.015402799384301e-06 2.799779608727459e-20
8.045199835813238e-06 1.9275732818620796e-20
8.074996872242176e-06 1.303345441560765e-20
8.104793908671113e-06 2.851561189415214e-20
8.134590945100051e-06 3.079302165411048e-20
8.16438798152899e-06 3.35774658363991e-20
8.194185017957928e-06 3.321121749807776e-20
8.223982054386864e-06 2.750558589749963e-20
8.253779090815803e-06 4.7688225117479554e-20
8.283576127244741e-06 5.114477168462163e-20
8.31337316367368e-06 3.435836735207217e-20
8.343170200102618e-06 5.043855180718901e-20
8.372967236531554e-06 5.926566497438948e-20
8.402764272960492e-06 5.531859205457854e-20
8.43256130938943e-06 5.976385414236005e-20
8.462358345818369e-06 5.589918232969811e-20
8.492155382247307e-06 6.948342719474193e-20
8.521952418676244e-06 7.822027630567647e-20
8.551749455105182e-06 6.236391745910766e-20
8.58154649153412e-06 7.16268895522997e-20
8.611343527963059e-06 8.515451436024478e-20
8.641140564391995e-06 8.301298357764755e-20
8.670937600820934e-06 8.738730335749986e-20
8.700734637249872e-06 8.301052758559946e-20
8.73053167367881e-06 9.115444269548963e-20
8.760328710107748e-06 1.0710297750447959e-19
8.790125746536685e-06 9.336441017288875e-20
8.819922782965623e-06 9.515332925165195e-20
8.849719819394562e-06 1.1352360932670412e-19
8.8795168558235e-06 1.1097211981308707e-19
8.909313892252438e-06 1.1250273026994089e-19
8.939110928681375e-06 1.1217139567153842e-19
8.968907965110313e-06 1.143506134536415e-19
8.998705001539251e-06 1.334170495058437e-19
9.02850203796819e-06 1.2644664612171713e-19
9.058299074397126e-06 1.1855419728507274e-19
9.088096110826065e-06 1.3792337594230998e-19
9.117893147255003e-06 1.412719782264337e-19
9.147690183683941e-06 1.4031260864606055e-19
9.17748722011288e-06 1.404184135838652e-19
9.207284256541816e-06 1.3836574302079642e-19
9.237081292970754e-06 1.5879017285280617e-19
9.266878329399693e-06 1.582164235250491e-19
9.296675365828631e-06 1.434488252754646e-19
9.326472402257568e-06 1.60692129766601e-19
9.356269438686506e-06 1.6878852386999574e-19
9.386066475115444e-06 1.6645185632096073e-19
9.415863511544382e-06 1.681701591808961e-19
9.44566054797332e-06 1.652936841389315e-19
9.475457584402257e-06 1.8136121723085493e-19
9.505254620831196e-06 1.8933737356384107e-19
9.535051657260134e-06 1.7391148960682642e-19
9.564848693689072e-06 1.8118025749523893e-19
9.59464573011801e-06 1.9747461765797167e-19
9.624442766546947e-06 1.9413662014630903e-19
9.654239802975885e-06 1.934919990254165e-19
9.684036839404824e-06 1.9422312834797818e-19
9.713833875833762e-06 2.0212668894880265e-19
9.743630912262698e-06 2.1595338875776662e-19
9.773427948691637e-06 2.0264532996036882e-19
9.803224985120575e-06 2.032035935243162e-19
9.833022021549513e-06 2.2301052766061542e-19
9.862819057978452e-06 2.202783497151585e-19
9.892616094407388e-06 2.208011774497111e-19
9.922413130836327e-06 2.203959420060847e-19
9.952210167265265e-06 2.251349220635672e-19
9.982007203694203e-06 2.4268080231466045e-19
1.0011804240123141e-05 2.3183073858417077e-19
1.0041601276552078e-05 2.2552717746427834e-19
1.0071398312981016e-05 2.456470006227462e-19
1.0101195349409955e-05 2.4871265562129876e-19
1.0130992385838893e-05 2.4567907268461437e-19
1.016078942226783e-05 2.4649769399438144e-19
1.0190586458696768e-05 2.4779282572036616e-19
1.0220383495125706e-05 2.652348333604904e-19
1.0250180531554644e-05 2.639461486942297e-19
1.0279977567983583e-05 2.5033801656415285e-19
1.030977460441252e-05 2.665182009439426e-19
1.0339571640841457e-05 2.7660555438497695e-19
1.0369368677270396e-05 2.7011076843697874e-19
1.0399165713699334e-05 2.7124310067902226e-19
1.0428962750128272e-05 2.724402621025542e-19
1.0458759786557209e-05 2.847250106846391e-19
1.0488556822986147e-05 2.925256814147798e-19
1.0518353859415086e-05 2.7634680855669223e-19
1.0548150895844024e-05 2.860912858181042e-19
1.057794793227296e-05 3.026635405142267e-19
1.0607744968701899e-05 2.957760645081957e-19
1.0637542005130837e-05 2.9843378683029574e-19
1.0667339041559775e-05 2.967706342466413e-19
1.0697136077988714e-05 3.060458965275501e-19
1.072693311441765e-05 3.194993823122047e-19
1.0756730150846588e-05 3.026381809789899e-19
1.0786527187275527e-05 3.056913430469875e-19
1.0816324223704465e-05 3.2468466414708865e-19
1.0846121260133403e-05 3.220148457484833e-19
1.087591829656234e-05 3.2106226950130796e-19
1.0905715332991278e-05 3.211698668740392e-19
1.0935512369420216e-05 3.270656713659268e-19
1.0965309405849155e-05 3.424473818149885e-19
1.0995106442278091e-05 3.326028504876405e-19
1.102490347870703e-05 3.253573667058812e-19
1.1054700515135968e-05 3.4614296405151387e-19
1.1084497551564906e-05 3.4931416710067083e-19
1.1114294587993845e-05 3.4213670704198647e-19
1.1144091624422781e-05 3.4485312733995813e-19
1.117388866085172e-05 3.4721156935188983e-19
1.1203685697280658e-05 3.610389497486062e-19
1.1233482733709596e-05 3.593363070404638e-19
1.1263279770138533e-05 3.456748765107043e-19
1.1293076806567471e-05 3.631678567493813e-19
1.1322873842996409e-05 3.7218020538959764e-19
1.1352670879425347e-05 3.64711270258912e-19
1.1382467915854286e-05 3.6787436155498394e-19
1.1412264952283222e-05 3.66818943593994e-19
1.144206198871216e-05 3.7821995861589517e-19
1.1471859025141099e-05 3.8464616215637523e-19
1.1501656061570037e-05 3.682853091110988e-19
1.1531453097998975e-05 3.7791540431370534e-19
1.1561250134427912e-05 3.9358271057408113e-19
1.159104717085685e-05 3.8703311017609723e-19
1.1620844207285789e-05 3.863029523813884e-19
1.1650641243714727e-05 3.8537638783165993e-19
1.1680438280143664e-05 3.9407073995416333e-19
1.1710235316572602e-05 4.083250401192231e-19
1.174003235300154e-05 3.914454542645937e-19
1.1769829389430478e-05 3.891487284389542e-19
1.1799626425859417e-05 4.1150916147670236e-19
1.1829423462288353e-05 4.0789507539862958e-19
1.1859220498717292e-05 4.033212392016633e-19
1.188901753514623e-05 4.045990585752903e-19
1.1918814571575168e-05 4.059815354693891e-19
1.1948611608004106e-05 4.2263778877972425e-19
1.1978408644433043e-05 4.139211371489819e-19
1.2008205680861981e-05 4.0254618817673597e-19
1.203800271729092e-05 4.256758385358285e-19
1.2067799753719858e-05 4.2597029827899086e-19
1.2097596790148794e-05 4.168071956498858e-19
1.2127393826577733e-05 4.218393943339358e-19
1.2157190863006671e-05 4.204544642954143e-19
1.218698789943561e-05 4.335296971559923e-19
1.2216784935864548e-05 4.3191941216819533e-19
1.2246581972293484e-05 4.157054878597206e-19
1.2276379008722423e-05 4.325444462299813e-19
1.230617604515136e-05 4.416628592080907e-19
1.2335973081580299e-05 4.3053838237542965e-19
1.2365770118009237e-05 4.3259632096548996e-19
1.2395567154438174e-05 4.3362240800715207e-19
1.2425364190867112e-05 4.407782527326326e-19
1.245516122729605e-05 4.479834422132305e-19
1.2484958263724989e-05 4.301745729221489e-19
1.2514755300153925e-05 4.351753548505684e-19
1.2544552336582864e-05 4.543871559725727e-19
1.2574349373011802e-05 4.421479164715368e-19
1.260414640944074e-05 4.393013619187268e-19
1.2633943445869679e-05 4.425764433722248e-19
1.2663740482298615e-05 4.445630921107587e-19
1.2693537518727553e-05 4.576268955005892e-19
1.2723334555156492e-05 4.418760589001977e-19
1.275313159158543e-05 4.366008986683646e-19
1.2782928628014368e-05 4.600911834949928e-19
1.2812725664443305e-05 4.530307953969417e-19
1.2842522700872243e-05 4.440764204741847e-19
1.2872319737301182e-05 4.479479206252861e-19
1.290211677373012e-05 4.470310379475635e-19
1.2931913810159056e-05 4.586993281795752e-19
1.2961710846587995e-05 4.524200776769014e-19
1.2991507883016933e-05 4.371516281577571e-19
1.3021304919445871e-05 4.558085062677532e-19
1.305110195587481e-05 4.603514880784952e-19
1.3080898992303746e-05 4.444077168141999e-19
1.3110696028732684e-05 4.479534377263767e-19
1.3140493065161623e-05 4.494003981878395e-19
1.3170290101590561e-05 4.552030356366685e-19
1.3200087138019498e-05 4.576245673914505e-19
1.3229884174448436e-05 4.368355307344953e-19
1.3259681210877374e-05 4.466270635473551e-19
1.3289478247306312e-05 4.615078919324487e-19
1.331927528373525e-05 4.440816711472104e-19
1.3349072320164187e-05 4.418260182368952e-19
1.3378869356593126e-05 4.435300301231624e-19
1.3408666393022064e-05 4.481945542437174e-19
1.3438463429451002e-05 4.556137704460647e-19
1.346826046587994e-05 4.340081900598287e-19
1.3498057502308877e-05 4.349474633268251e-19
1.3527854538737815e-05 4.560958718716283e-19
1.3557651575166754e-05 4.421073756841424e-19
1.3587448611595692e-05 4.3179718329790114e-19
1.3617245648024629e-05 4.35857180331618e-19
1.3647042684453567e-05 4.366287069660555e-19
1.3676839720882505e-05 4.431765349423976e-19
1.3706636757311443e-05 4.281647301898274e-19
1.3736433793740382e-05 4.1833031451359707e-19
1.3766230830169318e-05 4.404334207324585e-19
1.3796027866598257e-05 4.348957485468651e-19
1.3825824903027195e-05 4.1746410564480796e-19
1.3855621939456133e-05 4.2264112804432143e-19
1.3885418975885071e-05 4.2387457267707206e-19
1.3915216012314008e-05 4.288762531504636e-19
1.3945013048742946e-05 4.2153977153733115e-19
1.3974810085171885e-05 4.020814646629145e-19
1.4004607121600823e-05 4.194585079130114e-19
1.403440415802976e-05 4.2511422481801707e-19
1.4064201194458698e-05 4.020580000459235e-19
1.4093998230887636e-05 4.040553211451153e-19
1.4123795267316574e-05 4.0493401003218393e-19
1.4153592303745513e-05 4.0722672563575233e-19
1.418338934017445e-05 4.080255549010411e-19
1.4213186376603388e-05 3.849808988854018e-19
1.4242983413032326e-05 3.9424019795610157e-19
1.4272780449461264e-05 4.0956970791372004e-19
1.4302577485890202e-05 3.869416266916021e-19
1.4332374522319139e-05 3.801296062477434e-19
1.4362171558748077e-05 3.8569384633229368e-19
1.4391968595177016e-05 3.8609425205817833e-19
1.4421765631605954e-05 3.8713731059470883e-19
1.445156266803489e-05 3.667333825860778e-19
1.4481359704463829e-05 3.640823859806546e-19
1.4511156740892767e-05 3.8524842539272313e-19
1.4540953777321705e-05 3.7059107396124295e-19
1.4570750813750644e-05 3.539366861227692e-19
1.460054785017958e-05 3.597437843424144e-19
1.4630344886608519e-05 3.6211938893171943e-19
1.4660141923037457e-05 3.6461906644554777e-19
1.4689938959466395e-05 3.4824268381984766e-19
1.4719735995895332e-05 3.3491185822849853e-19
1.474953303232427e-05 3.548394817356521e-19
1.4779330068753208e-05 3.5068627210684976e-19
1.4809127105182147e-05 3.2652465674152646e-19
1.4838924141611085e-05 3.2961263430125436e-19
1.4868721178040021e-05 3.328410699817932e-19
1.489851821446896e-05 3.3449846416506864e-19
1.4928315250897898e-05 3.2504059922352543e-19
1.4958112287326836e-05 3.0324556152272634e-19
1.4987909323755775e-05 3.2076337693490976e-19
1.5017706360184711e-05 3.271586260469581e-19
1.504750339661365e-05 2.9879293862580016e-19
1.5077300433042588e-05 2.9606432567848687e-19
1.5107097469471526e-05 3.033448266764506e-19
1.5136894505900463e-05 3.031980689727708e-19
1.5166691542329401e-05 2.935981378614848e-19
1.519648857875834e-05 2.751796969651396e-19
1.5226285615187278e-05 2.8233492809986876e-19
1.5256082651616216e-05 2.9309359491798946e-19
1.5285879688045152e-05 2.708435290984361e-19
1.531567672447409e-05 2.5926834497225137e-19
1.534547376090303e-05 2.6749938825323827e-19
1.5375270797331967e-05 2.6622114630302896e-19
1.5405067833760906e-05 2.6268792296275094e-19
1.5434864870189844e-05 2.4378823798570086e-19
1.5464661906618782e-05 2.3811230943369594e-19
1.5494458943047717e-05 2.580923379168409e-19
1.5524255979476655e-05 2.4006537269647968e-19
1.5554053015905594e-05 2.183718998584264e-19
1.5583850052334532e-05 2.271313648209819e-19
1.561364708876347e-05 2.2761490513034805e-19
1.564344412519241e-05 2.241772231870238e-19
1.5673241161621347e-05 2.0898163732293108e-19
1.5703038198050285e-05 1.9588166409042145e-19
1.5732835234479223e-05 2.1295982632188077e-19
1.5762632270908158e-05 2.0861383372430043e-19
1.5792429307337097e-05 1.7997879880730275e-19
1.5822226343766035e-05 1.827486923307296e-19
1.5852023380194973e-05 1.8919665205864283e-19
1.588182041662391e-05 1.8117032426652395e-19
1.591161745305285e-05 1.7086435962608273e-19
1.5941414489481788e-05 1.5233819675213552e-19
1.5971211525910726e-05 1.647446584517761e-19
1.6001008562339665e-05 1.7044870703116282e-19
1.6030805598768603e-05 1.3793119933646585e-19
1.6060602635197538e-05 1.377866896103143e-19
1.6090399671626476e-05 1.4442505628046005e-19
1.6120196708055414e-05 1.3797257484319126e-19
1.6149993744484353e-05 1.3096056372616057e-19
1.6179790780913288e-05 1.0797983872660285e-19
1.6209587817342226e-05 1.1554640956883355e-19
1.6239384853771164e-05 1.264702119763416e-19
1.6269181890200102e-05 9.817943136081244e-20
1.629897892662904e-05 8.831374121320023e-20
1.632877596305798e-05 9.67335443819929e-20
1.6358572999486917e-05 9.212241272894015e-20
1.6388370035915856e-05 8.51731797170656e-20
1.6418167072344794e-05 6.718940031840592e-20
1.644796410877373e-05 6.30567135885834e-20
1.6477761145202667e-05 8.185104567125297e-20
1.6507558181631605e-05 6.093176581074235e-20
1.6537355218060544e-05 3.598415619681526e-20
1.6567152254489482e-05 4.8221159706145267e-20
1.659694929091842e-05 4.7497960077613605e-20
1.662674632734736e-05 3.836334459316511e-20
1.6656543363776297e-05 2.2637746029351687e-20
1.6686340400205235e-05 1.0775817872733804e-20
1.6716137436634173e-05 2.830403845738401e-20
1.6745934473063108e-05 1.778762713872437e-20
1.6775731509492047e-05 -9.954326493772003e-21
1.6805528545920985e-05 -3.0107599430749066e-21
1.6835325582349923e-05 -1.9342225493094947e-22
1.686512261877886e-05 -1.0104607275732431e-20
1.68949196552078e-05 -2.1538814262277955e-20
1.6924716691636738e-05 -3.7837082453108136e-20
1.6954513728065676e-05 -2.7705217929213517e-20
1.6984310764494615e-05 -2.4455052132667785e-20
1.701410780092355e-05 -5.596390380307991e-20
1.7043904837352488e-05 -5.986904383181184e-20
1.7073701873781426e-05 -4.8040817237154004e-20
1.7103498910210364e-05 -5.819961681976055e-20
1.7133295946639303e-05 -6.903135601787552e-20
1.716309298306824e-05 -8.408596651131198e-20
1.719289001949718e-05 -8.246104671910834e-20
1.7222687055926117e-05 -6.941695272408355e-20
1.7252484092355056e-05 -9.68654012247387e-20
1.728228112878399e-05 -1.1311780676598342e-19
1.731207816521293e-05 -9.731948651430908e-20
1.7341875201641867e-05 -1.0495081132938258e-19
1.7371672238070806e-05 -1.1860428434919276e-19
1.7401469274499744e-05 -1.3060656140910785e-19
1.7431266310928682e-05 -1.3623170615921025e-19
1.746106334735762e-05 -1.230806807311117e-19
1.749086038378656e-05 -1.3903050319001835e-19
1.7520657420215497e-05 -1.6171404169921054e-19
1.7550454456644432e-05 -1.5131658110776066e-19
1.758025149307337e-05 -1.5142132618780715e-19
1.761004852950231e-05 -1.6301583325834158e-19
1.7639845565931247e-05 -1.7603780434812744e-19
1.7669642602360185e-05 -1.8672020336675228e-19
1.7699439638789123e-05 -1.7242743261458016e-19
1.772923667521806e-05 -1.80153912923658e-19
1.7759033711647e-05 -2.0949281700256663e-19
1.7788830748075938e-05 -2.027551960780178e-19
1.7818627784504876e-05 -1.9652368798625854e-19
1.784842482093381e-05 -2.0985688257611206e-19
1.787822185736275e-05 -2.205962109060988e-19
1.7908018893791688e-05 -2.326548356795087e-19
1.7937815930220626e-05 -2.2347112563843335e-19
1.7967612966649565e-05 -2.190462898875736e-19
1.7997410003078503e-05 -2.513552713014888e-19
1.802720703950744e-05 -2.5471256746517067e-19
1.805700407593638e-05 -2.3868658695074553e-19
1.8086801112365318e-05 -2.5285814067433974e-19
1.8116598148794253e-05 -2.636574147913255e-19
1.814639518522319e-05 -2.736924460924e-19
1.817619222165213e-05 -2.723344792596357e-19
1.8205989258081067e-05 -2.6032761572639576e-19
1.8235786294510006e-05 -2.8687397738132235e-19
1.8265583330938944e-05 -3.0062148824325716e-19
1.8295380367367882e-05 -2.8343192244826423e-19
1.832517740379682e-05 -2.897267820183993e-19
1.835497444022576e-05 -3.01928060722001e-19
1.8384771476654694e-05 -3.125813832975025e-19
1.8414568513083632e-05 -3.174725321109291e-19
1.844436554951257e-05 -3.0369128339574104e-19
1.847416258594151e-05 -3.1656363242814237e-19
1.8503959622370447e-05 -3.4093359959078654e-19
1.8533756658799385e-05 -3.2840864313301003e-19
1.8563553695228324e-05 -3.2362819442921227e-19
1.8593350731657262e-05 -3.4000312302254434e-19
1.86231477680862e-05 -3.4764467841210896e-19
1.8652944804515135e-05 -3.5537365807229696e-19
1.8682741840944073e-05 -3.448087112559914e-19
1.871253887737301e-05 -3.4310767898742386e-19
1.874233591380195e-05 -3.7385721940222063e-19
1.8772132950230888e-05 -3.703593659983908e-19
1.8801929986659826e-05 -3.566879599220104e-19
1.8831727023088765e-05 -3.7107545426136354e-19
1.8861524059517703e-05 -3.808084302658816e-19
1.889132109594664e-05 -3.8896699379862344e-19
1.892111813237558e-05 -3.821075005681156e-19
1.8950915168804515e-05 -3.745139527039819e-19
1.8980712205233453e-05 -4.011658915547196e-19
1.901050924166239e-05 -4.0633033284977633e-19
1.904030627809133e-05 -3.879688169159887e-19
1.9070103314520268e-05 -3.984302077954644e-19
1.9099900350949206e-05 -4.1060405720883994e-19
1.9129697387378144e-05 -4.15470878845001e-19
1.9159494423807083e-05 -4.1450817019353746e-19
1.918929146023602e-05 -4.0333560699638636e-19
1.9219088496664956e-05 -4.2401991742764945e-19
1.9248885533093894e-05 -4.393762763929212e-19
1.9278682569522832e-05 -4.1843687423537844e-19
1.930847960595177e-05 -4.2300543916863916e-19
1.933827664238071e-05 -4.378638539256249e-19
1.9368073678809647e-05 -4.408168529577455e-19
1.9397870715238585e-05 -4.441573098540836e-19
1.9427667751667524e-05 -4.3083391348626876e-19
1.9457464788096462e-05 -4.401492242992201e-19
1.9487261824525397e-05 -4.644368196944985e-19
1.9517058860954335e-05 -4.501178912838421e-19
1.9546855897383274e-05 -4.441237027899716e-19
1.9576652933812212e-05 -4.582681002326311e-19
1.960644997024115e-05 -4.64976294119233e-19
1.963624700667009e-05 -4.695111679254085e-19
1.9666044043099027e-05 -4.567541838633078e-19
1.9695841079527965e-05 -4.576360924557106e-19
1.9725638115956903e-05 -4.833772886684657e-19
1.975543515238584e-05 -4.7730740490848565e-19
1.9785232188814776e-05 -4.627742133574892e-19
1.9815029225243715e-05 -4.734819531802058e-19
1.9844826261672653e-05 -4.831563800710139e-19
1.987462329810159e-05 -4.88860732128552e-19
1.990442033453053e-05 -4.802889761675872e-19
1.9934217370959468e-05 -4.719405727077088e-19
1.9964014407388406e-05 -4.969169006901898e-19
1.9993811443817344e-05 -5.02119433012462e-19
2.0023608480246283e-05 -4.797496876022584e-19
2.0053405516675218e-05 -4.866480052932567e-19
2.0083202553104156e-05 -4.993838383222109e-19
2.0112999589533094e-05 -5.029755433305953e-19
2.0142796625962033e-05 -4.99773029709177e-19
2.017259366239097e-05 -4.853947954256542e-19
2.020239069881991e-05 -5.0186318262158995e-19
2.0232187735248847e-05 -5.190242550186602e-19
2.0261984771677786e-05 -4.98286322864336e-19
2.0291781808106724e-05 -4.945047784771608e-19
2.032157884453566e-05 -5.083246880989194e-19
2.0351375880964597e-05 -5.163185908239168e-19
2.0381172917393535e-05 -5.146469549764352e-19
2.0410969953822474e-05 -4.962384338242298e-19
2.0440766990251412e-05 -5.057455792178484e-19
2.047056402668035e-05 -5.291062436848846e-19
2.050036106310929e-05 -5.131722132795599e-19
2.0530158099538227e-05 -5.004664211471827e-19
2.0559955135967165e-05 -5.136019700926644e-19
2.05897521723961e-05 -5.215781831656264e-19
2.061954920882504e-05 -5.204319507013053e-19
2.0649346245253977e-05 -5.078147521113232e-19
2.0679143281682915e-05 -5.062965938664653e-19
2.0708940318111853e-05 -5.293992014823165e-19
2.073873735454079e-05 -5.248931102451696e-19
2.076853439096973e-05 -5.035479989876737e-19
2.0798331427398668e-05 -5.128677392807976e-19
2.0828128463827606e-05 -5.230331694431179e-19
2.0857925500256545e-05 -5.239621886450734e-19
2.088772253668548e-05 -5.142445373447294e-19
2.0917519573114418e-05 -5.017721572602896e-19
2.0947316609543356e-05 -5.240282693042476e-19
2.0977113645972294e-05 -5.298636082127212e-19
2.1006910682401233e-05 -5.0497080202441175e-19
2.103670771883017e-05 -5.075902098674338e-19
2.106650475525911e-05 -5.202592910579119e-19
2.1096301791688048e-05 -5.238247795730517e-19
2.1126098828116986e-05 -5.129826971680234e-19
2.115589586454592e-05 -4.967937911932975e-19
2.118569290097486e-05 -5.138349049514484e-19
2.1215489937403797e-05 -5.269626502271814e-19
2.1245286973832736e-05 -5.038414080291885e-19
2.1275084010261674e-05 -4.956759829999997e-19
2.1304881046690612e-05 -5.104927993508686e-19
2.133467808311955e-05 -5.164561560436735e-19
2.136447511954849e-05 -5.086181428596196e-19
2.1394272155977427e-05 -4.911996021567924e-19
2.1424069192406362e-05 -4.976327685361771e-19
2.14538662288353e-05 -5.193188349279793e-19
2.148366326526424e-05 -5.010405289144224e-19
2.1513460301693177e-05 -4.833165349888252e-19
2.1543257338122115e-05 -4.974625960486734e-19
2.1573054374551053e-05 -5.034839648117013e-19
2.1602851410979992e-05 -4.991253096143188e-19
2.163264844740893e-05 -4.818925667328788e-19
2.1662445483837868e-05 -4.772089582095376e-19
2.1692242520266807e-05 -5.030809054768283e-19
2.172203955669574e-05 -4.943105253923388e-19
2.175183659312468e-05 -4.670093861558754e-19
2.1781633629553618e-05 -4.774150735679826e-19
2.1811430665982556e-05 -4.891362722826511e-19
2.1841227702411495e-05 -4.845766037261155e-19
2.1871024738840433e-05 -4.676732475791239e-19
2.190082177526937e-05 -4.556361746726404e-19
2.193061881169831e-05 -4.790558282687126e-19
2.1960415848127248e-05 -4.825307364218928e-19
2.1990212884556183e-05 -4.498394803968236e-19
2.202000992098512e-05 -4.509518219342849e-19
2.204980695741406e-05 -4.682658764159123e-19
2.2079603993842998e-05 -4.638798666152375e-19
2.2109401030271936e-05 -4.50586012363766e-19
2.2139198066700874e-05 -4.362381182678518e-19
2.2168995103129812e-05 -4.511895792898688e-19
2.219879213955875e-05 -4.647750027327118e-19
2.222858917598769e-05 -4.3358129990446306e-19
2.2258386212416624e-05 -4.240140631494784e-19
2.2288183248845562e-05 -4.422240567693212e-19
2.23179802852745e-05 -4.410708239927972e-19
2.234777732170344e-05 -4.297673546505934e-19
2.2377574358132377e-05 -4.1247449036810127e-19
2.2407371394561315e-05 -4.1703766318457287e-19
2.2437168430990254e-05 -4.379312528739494e-19
2.2466965467419192e-05 -4.17081412977899e-19
2.249676250384813e-05 -3.931542557512786e-19
2.2526559540277065e-05 -4.095334395669153e-19
2.2556356576706003e-05 -4.1789996351640196e-19
2.2586153613134942e-05 -4.038078886321227e-19
2.261595064956388e-05 -3.8518213018791494e-19
2.2645747685992818e-05 -3.843824187317047e-19
2.2675544722421757e-05 -4.074192978761209e-19
2.2705341758850695e-05 -3.939467282696914e-19
2.2735138795279633e-05 -3.6171619123502245e-19
2.276493583170857e-05 -3.7453575682871042e-19
2.279473286813751e-05 -3.864737367749754e-19
2.2824529904566445e-05 -3.7507469357654886e-19
2.2854326940995383e-05 -3.5947701651680116e-19
2.288412397742432e-05 -3.489834723625575e-19
2.291392101385326e-05 -3.693115084745345e-19
2.2943718050282198e-05 -3.710816298366855e-19
2.2973515086711136e-05 -3.33654247264725e-19
2.3003312123140074e-05 -3.3330204958095813e-19
2.3033109159569013e-05 -3.545000868991957e-19
2.306290619599795e-05 -3.454651994584513e-19
2.3092703232426886e-05 -3.254274330662038e-19
2.3122500268855824e-05 -3.143429886809356e-19
2.3152297305284762e-05 -3.2895400573315136e-19
2.31820943417137e-05 -3.3948507051279704e-19
2.321189137814264e-05 -3.0549533716758677e-19
2.3241688414571577e-05 -2.936945230420271e-19
2.3271485451000516e-05 -3.1949294782549187e-19
2.3301282487429454e-05 -3.147454651011275e-19
2.3331079523858392e-05 -2.939246929221757e-19
2.3360876560287327e-05 -2.800623602705768e-19
2.3390673596716265e-05 -2.860921372578746e-19
2.3420470633145204e-05 -3.05075450955264e-19
2.3450267669574142e-05 -2.7929843224129597e-19
2.348006470600308e-05 -2.5387197955538206e-19
2.350986174243202e-05 -2.7671041376113253e-19
2.3539658778860957e-05 -2.820755445683949e-19
2.3569455815289895e-05 -2.5998832178985996e-19
2.3599252851718833e-05 -2.4559586970707223e-19
2.362904988814777e-05 -2.477106133721249e-19
2.3658846924576707e-05 -2.6637153763219905e-19
2.3688643961005645e-05 -2.517144022751692e-19
2.3718440997434583e-05 -2.1680077897590863e-19
2.374823803386352e-05 -2.323878395460118e-19
2.377803507029246e-05 -2.4724912529176333e-19
2.3807832106721398e-05 -2.2609350757474496e-19
2.3837629143150336e-05 -2.100908441460288e-19
2.3867426179579275e-05 -2.0610025686312869e-19
2.3897223216008213e-05 -2.2202317244010047e-19
2.3927020252437148e-05 -2.210911750613227e-19
2.3956817288866086e-05 -1.8346823139288967e-19
2.3986614325295024e-05 -1.85765128659493e-19
2.4016411361723963e-05 -2.1088946553624123e-19
2.40462083981529e-05 -1.9444929277249331e-19
2.407600543458184e-05 -1.7260143705100821e-19
2.4105802471010777e-05 -1.6653415511396167e-19
2.4135599507439716e-05 -1.7987528933866484e-19
2.4165396543868654e-05 -1.8740785529498824e-19
2.419519358029759e-05 -1.4887533844266784e-19
2.4224990616726527e-05 -1.389228199683543e-19
2.4254787653155466e-05 -1.6899058835767688e-19
2.4284584689584404e-05 -1.5864658093278558e-19
2.4314381726013342e-05 -1.3384300803119856e-19
2.434417876244228e-05 -1.274225578890541e-19
2.437397579887122e-05 -1.3444109693144714e-19
2.4403772835300157e-05 -1.4738223808166862e-19
2.4433569871729095e-05 -1.211809085613569e-19
2.446336690815803e-05 -9.509018386480034e-20
2.449316394458697e-05 -1.2142776081794334e-19
2.4522960981015907e-05 -1.2406076538199756e-19
2.4552758017444845e-05 -9.515598277128854e-20
2.4582555053873783e-05 -8.526586118657573e-20
2.461235209030272e-05 -8.945242701656773e-20
2.464214912673166e-05 -1.0320300939907144e-19
2.4671946163160598e-05 -8.545517472723161e-20
2.4701743199589536e-05 -5.410695735664126e-20
2.4731540236018475e-05 -7.275382995132236e-20
2.476133727244741e-05 -8.675049422746319e-20
2.4791134308876348e-05 -5.851450318716627e-20
2.4820931345305286e-05 -4.1745555038813984e-20
2.4850728381734225e-05 -4.8006604968783624e-20
2.4880525418163163e-05 -5.636975123126581e-20
2.49103224545921e-05 -4.875462235294688e-20
2.494011949102104e-05 -1.6622022613199996e-20
2.4969916527449978e-05 -1.9097966937603795e-20
2.4999713563878916e-05 -4.5028268243757196e-20
2.502951060030785e-05 -2.1369356946377327e-20
2.505930763673679e-05 2.0271035484058247e-21
2.5089104673165727e-05 -2.4189175912482735e-21
2.5118901709594666e-05 -1.0909783015980024e-20
2.5148698746023604e-05 -1.1666892136449814e-20
2.5178495782452542e-05 2.0746462945999725e-20
2.520829281888148e-05 3.063111217832917e-20
2.523808985531042e-05 3.912228947249034e-21
2.5267886891739357e-05 1.4535927617324936e-20
2.5297683928168292e-05 4.209023115113994e-20
2.532748096459723e-05 4.527692304145955e-20
2.535727800102617e-05 3.548575734280736e-20
2.5387075037455107e-05 2.9717091834254495e-20
2.5416872073884045e-05 5.610287921268104e-20
2.5446669110312984e-05 7.525489140590796e-20
2.5476466146741922e-05 4.9058385293671007e-20
2.550626318317086e-05 4.981109335693203e-20
2.55360602195998e-05 8.13092529624592e-20
2.5565857256028737e-05 8.786874221069024e-20
2.559565429245767e-05 7.959004329597815e-20
2.562545132888661e-05 7.175927027802037e-20
2.5655248365315548e-05 9.118204954056215e-20
2.5685045401744486e-05 1.1775464803227032e-19
2.5714842438173425e-05 9.97244702685592e-20
2.5744639474602363e-05 8.850421158318941e-20
2.57744365110313e-05 1.165080257308781e-19
2.580423354746024e-05 1.3103823459364453e-19
2.5834030583889178e-05 1.207636424516508e-19
2.5863827620318113e-05 1.131968169283181e-19
2.589362465674705e-05 1.2659646578858104e-19
2.592342169317599e-05 1.5387916915597255e-19
2.5953218729604928e-05 1.4685345169322864e-19
2.5983015766033866e-05 1.278278219948073e-19
2.6012812802462804e-05 1.5109112398122014e-19
2.6042609838891743e-05 1.7015428220886584e-19
2.607240687532068e-05 1.654858374571827e-19
2.610220391174962e-05 1.570050000045279e-19
2.6132000948178554e-05 1.5955020563504822e-19
2.6161797984607492e-05 1.8847031930773903e-19
2.619159502103643e-05 1.9118580088791426e-19
2.622139205746537e-05 1.6690800437217475e-19
2.6251189093894307e-05 1.8192774985584446e-19
2.6280986130323245e-05 2.0594670200993413e-19
2.6310783166752184e-05 2.0327921997775188e-19
2.6340580203181122e-05 1.966851785194829e-19
2.637037723961006e-05 1.9537444881662092e-19
2.6400174276038995e-05 2.1817600295187705e-19
2.6429971312467934e-05 2.3374610533811463e-19
2.6459768348896872e-05 2.0803156135943686e-19
2.648956538532581e-05 2.104820996775289e-19
2.651936242175475e-05 2.395489059803428e-19
2.6549159458183687e-05 2.4037483640166706e-19
2.6578956494612625e-05 2.33040418963667e-19
2.6608753531041563e-05 2.2950889441657345e-19
2.66385505674705e-05 2.452640870732831e-19
2.666834760389944e-05 2.676111850507555e-19
2.6698144640328375e-05 2.503733918693058e-19
2.6727941676757313e-05 2.405532115908876e-19
2.675773871318625e-05 2.686793789053387e-19
2.678753574961519e-05 2.7636433502008486e-19
2.6817332786044128e-05 2.667885843489812e-19
2.6847129822473066e-05 2.6371225300187963e-19
2.6876926858902004e-05 2.722175557873817e-19
2.6906723895330943e-05 2.969804489767327e-19
2.693652093175988e-05 2.878616741664809e-19
2.6966317968188816e-05 2.6834959974801945e-19
2.6996115004617754e-05 2.9309404604926225e-19
2.7025912041046693e-05 3.087184111568785e-19
2.705570907747563e-05 2.991076189080317e-19
2.708550611390457e-05 2.9384891378528303e-19
2.7115303150333507e-05 2.985751252145291e-19
2.7145100186762446e-05 3.214898164547478e-19
2.7174897223191384e-05 3.2318860732364087e-19
2.7204694259620322e-05 2.982813436740603e-19
2.7234491296049257e-05 3.138651950675138e-19
2.7264288332478195e-05 3.3761814340679705e-19
2.7294085368907134e-05 3.268393784004891e-19
2.7323882405336072e-05 3.2227984618951954e-19
2.735367944176501e-05 3.243613983314828e-19
2.738347647819395e-05 3.389457342243239e-19
2.7413273514622887e-05 3.534311399072614e-19
2.7443070551051825e-05 3.3027112893955795e-19
2.7472867587480763e-05 3.316140908942091e-19
2.75026646239097e-05 3.6183974345130376e-19
2.7532461660338637e-05 3.559772452406293e-19
2.7562258696767575e-05 3.4722203004081764e-19
2.7592055733196513e-05 3.4906901426751403e-19
2.762185276962545e-05 3.570155614945091e-19
2.765164980605439e-05 3.761298631508168e-19
2.7681446842483328e-05 3.6026589487873347e-19
2.7711243878912266e-05 3.4820353954493527e-19
2.7741040915341205e-05 3.772943212307428e-19
2.7770837951770143e-05 3.8140613880736453e-19
2.7800634988199078e-05 3.694380177198854e-19
2.7830432024628016e-05 3.708270077043192e-19
2.7860229061056954e-05 3.7566058699974423e-19
2.7890026097485893e-05 3.936461096255544e-19
2.791982313391483e-05 3.8814360050275275e-19
2.794962017034377e-05 3.6910730651284865e-19
2.7979417206772708e-05 3.8976411924869645e-19
2.8009214243201646e-05 4.0298087404456853e-19
2.8039011279630584e-05 3.905764937670174e-19
2.806880831605952e-05 3.886298248036496e-19
2.8098605352488457e-05 3.9092875589712093e-19
2.8128402388917396e-05 4.071686414647611e-19
2.8158199425346334e-05 4.1393919802750445e-19
2.8187996461775272e-05 3.8917487954078165e-19
2.821779349820421e-05 3.9882410040863246e-19
2.824759053463315e-05 4.2367834316831955e-19
2.8277387571062087e-05 4.1045633142123826e-19
2.8307184607491025e-05 4.046456815671201e-19
2.833698164391996e-05 4.0908170753887264e-19
2.83667786803489e-05 4.1790376740225944e-19
2.8396575716777837e-05 4.309605163774251e-19
2.8426372753206775e-05 4.0988316432181345e-19
2.8456169789635713e-05 4.069908937951639e-19
2.8485966826064652e-05 4.353211658423119e-19
2.851576386249359e-05 4.287507311757956e-19
2.854556089892253e-05 4.1891106038901253e-19
2.8575357935351467e-05 4.223972542014576e-19
2.8605154971780405e-05 4.2810240431728263e-19
2.863495200820934e-05 4.444408354047371e-19
2.8664749044638278e-05 4.3185331521982957e-19
2.8694546081067216e-05 4.1790440643393413e-19
2.8724343117496155e-05 4.416155344662063e-19
2.8754140153925093e-05 4.449183405806308e-19
2.878393719035403e-05 4.309551457447839e-19
2.881373422678297e-05 4.3333577858836116e-19
2.8843531263211908e-05 4.367901350452778e-19
2.8873328299640846e-05 4.504325298039539e-19
2.890312533606978e-05 4.492706182354925e-19
2.893292237249872e-05 4.283372604332983e-19
2.8962719408927658e-05 4.433575589187913e-19
2.8992516445356596e-05 4.589450804812491e-19
2.9022313481785534e-05 4.437592669721943e-19
2.9052110518214472e-05 4.404609754942053e-19
2.908190755464341e-05 4.451817348966596e-19
2.911170459107235e-05 4.54517584880296e-19
2.9141501627501287e-05 4.591817372854477e-19
2.9171298663930222e-05 4.373111769828557e-19
2.920109570035916e-05 4.4218597461240875e-19
2.92308927367881e-05 4.663258946914109e-19
2.9260689773217037e-05 4.536853552047716e-19
2.9290486809645975e-05 4.45235172713633e-19
2.9320283846074914e-05 4.495672361984023e-19
2.9350080882503852e-05 4.54149349541495e-19
2.937987791893279e-05 4.654737630253578e-19
2.940967495536173e-05 4.486478331374502e-19
2.9439471991790663e-05 4.400106403591731e-19
2.9469269028219602e-05 4.644116355508459e-19
2.949906606464854e-05 4.6090278724634025e-19
2.9528863101077478e-05 4.464880604907636e-19
2.9558660137506417e-05 4.48153466945221e-19
2.9588457173935355e-05 4.514932598817128e-19
2.9618254210364293e-05 4.6469569821964e-19
2.964805124679323e-05 4.547773217629741e-19
2.967784828322217e-05 4.360290419264184e-19
2.9707645319651108e-05 4.577466575297191e-19
2.9737442356080043e-05 4.63986890552993e-19
2.976723939250898e-05 4.45320588936351e-19
2.979703642893792e-05 4.453715685497393e-19
2.9826833465366858e-05 4.468308848157252e-19
2.9856630501795796e-05 4.564840894674789e-19
2.9886427538224734e-05 4.55807024283549e-19
2.9916224574653673e-05 4.3131893734488875e-19
2.994602161108261e-05 4.433515068450959e-19
2.997581864751155e-05 4.61443744267603e-19
3.0005615683940484e-05 4.442714544362591e-19
3.0035412720369422e-05 4.359443133135213e-19
3.006520975679836e-05 4.389401828330066e-19
3.00950067932273e-05 4.485671184107491e-19
3.0124803829656237e-05 4.522762358214469e-19
3.0154600866085176e-05 4.2792023159094777e-19
3.0184397902514114e-05 4.2761501975656896e-19
3.0214194938943052e-05 4.502368122590382e-19
3.024399197537199e-05 4.388898799889187e-19
3.0273789011800925e-05 4.252941402978754e-19
3.0303586048229864e-05 4.28251942869996e-19
3.0333383084658802e-05 4.329582709785786e-19
3.036318012108774e-05 4.405883869883792e-19
3.039297715751668e-05 4.229260445941822e-19
3.0422774193945617e-05 4.1206787859837255e-19
3.0452571230374555e-05 4.353425232061219e-19
3.0482368266803493e-05 4.3090840576741433e-19
3.051216530323243e-05 4.1328800204405617e-19
3.0541962339661367e-05 4.151366026855028e-19
3.0571759376090305e-05 4.1665778453539547e-19
3.060155641251924e-05 4.26260414182296e-19
3.063135344894818e-05 4.1532590793680454e-19
3.066115048537712e-05 3.9432980799581847e-19
3.069094752180606e-05 4.1378743163455896e-19
3.0720744558234996e-05 4.2072336360899986e-19
3.0750541594663935e-05 4.008710607721373e-19
3.078033863109287e-05 3.978142872511279e-19
3.081013566752181e-05 4.001286795603827e-19
3.083993270395075e-05 4.072280260951809e-19
3.086972974037969e-05 4.0494203239166156e-19
3.0899526776808626e-05 3.807768360284836e-19
3.0929323813237564e-05 3.876993051209574e-19
3.0959120849666496e-05 4.054230524031856e-19
3.0988917886095434e-05 3.879900870076636e-19
3.101871492252437e-05 3.776481077983111e-19
3.104851195895331e-05 3.7954062553908116e-19
3.107830899538225e-05 3.8651449033356735e-19
3.110810603181119e-05 3.904826936392784e-19
3.1137903068240126e-05 3.6568500292921355e-19
3.1167700104669064e-05 3.6345509745879204e-19
3.1197497141098e-05 3.8739973174685194e-19
3.122729417752694e-05 3.7618821568815575e-19
3.125709121395588e-05 3.557916703978214e-19
3.128688825038482e-05 3.590897583466698e-19
3.1316685286813755e-05 3.6590186267710573e-19
3.1346482323242694e-05 3.702933396786292e-19
3.137627935967163e-05 3.5252550982886553e-19
3.140607639610057e-05 3.3681736411329792e-19
3.143587343252951e-05 3.6196382831996053e-19
3.146567046895845e-05 3.608644055437669e-19
3.1495467505387385e-05 3.3635698830193507e-19
3.1525264541816317e-05 3.380833148906922e-19
3.1555061578245255e-05 3.421555934952524e-19
3.158485861467419e-05 3.4908191662317164e-19
3.161465565110313e-05 3.371942544218667e-19
3.164445268753207e-05 3.1321452149090225e-19
3.167424972396101e-05 3.3238736872942994e-19
3.1704046760389946e-05 3.424250147673365e-19
3.1733843796818885e-05 3.1513903395616685e-19
3.176364083324782e-05 3.1188409615978283e-19
3.179343786967676e-05 3.189542655659222e-19
3.18232349061057e-05 3.2054017936941256e-19
3.185303194253464e-05 3.192851434537437e-19
3.1882828978963576e-05 2.941185984758949e-19
3.1912626015392514e-05 2.998058831330037e-19
3.194242305182145e-05 3.225119517091628e-19
3.197222008825039e-05 2.978244996078343e-19
3.200201712467933e-05 2.8466986700801746e-19
3.203181416110827e-05 2.9313126654215363e-19
3.2061611197537206e-05 2.9458763998154647e-19
3.209140823396614e-05 2.965185665591905e-19
3.2121205270395076e-05 2.7271308175560486e-19
3.2151002306824014e-05 2.6628120705891547e-19
3.218079934325295e-05 2.93912007848864e-19
3.221059637968189e-05 2.7967992612640845e-19
3.224039341611083e-05 2.5735318424777706e-19
3.227019045253977e-05 2.643025245827058e-19
3.2299987488968705e-05 2.668990563173765e-19
3.2329784525397644e-05 2.69913864417935e-19
3.2359581561826575e-05 2.52944860449257e-19
3.238937859825552e-05 2.361812366743714e-19
3.241917563468445e-05 2.6109220203774704e-19
3.24489726711134e-05 2.5923286728698537e-19
3.247876970754233e-05 2.2913536500257283e-19
3.250856674397127e-05 2.3268159839032174e-19
3.2538363780400205e-05 2.401544695093968e-19
3.256816081682915e-05 2.4081337237043027e-19
3.259795785325808e-05 2.300400308898184e-19
3.262775488968702e-05 2.0710376166515043e-19
3.265755192611596e-05 2.2601456483688512e-19
3.2687348962544896e-05 2.3702925591915255e-19
3.2717145998973835e-05 2.046697154127207e-19
3.274694303540277e-05 2.0096237682740318e-19
3.277674007183171e-05 2.1114402909440554e-19
3.280653710826065e-05 2.099296135872217e-19
3.283633414468959e-05 2.0324392451824372e-19
3.2866131181118526e-05 1.8054141527723728e-19
3.289592821754746e-05 1.8632636014933651e-19
3.29257252539764e-05 2.0602868907098135e-19
3.2955522290405334e-05 1.8247456144105076e-19
3.298531932683428e-05 1.6707420890711447e-19
3.301511636326321e-05 1.7831827724912788e-19
3.3044913399692156e-05 1.8024924590390956e-19
3.307471043612109e-05 1.7654007403277381e-19
3.310450747255003e-05 1.5347556121647146e-19
3.3134304508978964e-05 1.4825917211013884e-19
3.316410154540791e-05 1.7527964682446082e-19
3.319389858183684e-05 1.5717610706779552e-19
3.322369561826578e-05 1.320492988937218e-19
3.325349265469472e-05 1.4418561318328743e-19
3.3283289691123655e-05 1.4783773486076697e-19
3.3313086727552594e-05 1.444927105577418e-19
3.334288376398153e-05 1.277937073996125e-19
3.337268080041047e-05 1.1337736615979742e-19
3.340247783683941e-05 1.3436947501081293e-19
3.343227487326835e-05 1.3344192796977159e-19
3.3462071909697285e-05 1.022317160250905e-19
3.3491868946126216e-05 1.0405707519106506e-19
3.352166598255516e-05 1.14419749442673e-19
3.355146301898409e-05 1.095416210963257e-19
3.358126005541304e-05 9.808582198399724e-20
3.361105709184197e-05 7.828803661196794e-20
3.3640854128270915e-05 9.295314073560867e-20
3.3670651164699846e-05 1.0544387631925058e-19
3.370044820112879e-05 7.130937665180301e-20
3.373024523755772e-05 6.574837528403011e-20
3.376004227398666e-05 8.120640748336474e-20
3.37898393104156e-05 7.535916336502663e-20
3.381963634684454e-05 6.693789403866572e-20
3.3849433383273476e-05 4.787297313629001e-20
3.3879230419702414e-05 5.06185168443457e-20
3.390902745613135e-05 7.035415014804459e-20
3.393882449256029e-05 4.406918720330955e-20
3.396862152898923e-05 2.5813565204374624e-20
3.399841856541817e-05 4.335525950368144e-20
3.40282156018471e-05 4.150214521398069e-20
3.4058012638276044e-05 3.296964062332267e-20
3.4087809674704975e-05 1.7159636808871357e-20
3.411760671113392e-05 9.66619203206979e-21
3.414740374756285e-05 3.327424660506823e-20
3.41772007839918e-05 1.9372631308904148e-20
3.420699782042073e-05 -9.856535362709386e-21
3.4236794856849674e-05 3.86421901533563e-21
3.4266591893278605e-05 9.287966436861712e-21
3.4296388929707544e-05 -2.6096982709951873e-21
3.432618596613648e-05 -1.482807804385352e-20
3.435598300256542e-05 -2.5204868757191957e-20
3.438578003899436e-05 -8.397301334331305e-21
3.44155770754233e-05 -8.137324753877237e-21
3.4445374111852235e-05 -4.094273482115816e-20
3.447517114828117e-05 -3.584213865422425e-20
3.450496818471011e-05 -2.2584140103641836e-20
3.453476522113905e-05 -3.560236021661003e-20
3.456456225756798e-05 -4.354369732542943e-20
3.4594359293996926e-05 -5.854271142816549e-20
3.462415633042586e-05 -4.91599352045089e-20
3.46539533668548e-05 -3.5053025355444684e-20
3.4683750403283734e-05 -6.93589018154532e-20
3.471354743971268e-05 -7.49778521601297e-20
3.474334447614161e-05 -5.630570420256074e-20
3.4773141512570556e-05 -6.603700905660577e-20
3.480293854899949e-05 -7.314036058252582e-20
3.4832735585428426e-05 -8.648254805537112e-20
3.4862532621857364e-05 -8.448140261431484e-20
3.48923296582863e-05 -6.712664090916629e-20
3.492212669471524e-05 -9.170430308181629e-20
3.495192373114418e-05 -1.0796070770311256e-19
3.498172076757312e-05 -9.07592408162736e-20
3.5011517804002056e-05 -9.270238953958835e-20
3.5041314840430994e-05 -1.0381045771324051e-19
3.507111187685993e-05 -1.1483117397942181e-19
3.5100908913288864e-05 -1.1999734129476192e-19
3.513070594971781e-05 -1.0159876772831115e-19
3.516050298614674e-05 -1.1080170565119005e-19
3.5190300022575685e-05 -1.3988835505622673e-19
3.522009705900462e-05 -1.2493504968409973e-19
3.524989409543356e-05 -1.1535096599943304e-19
3.5279691131862493e-05 -1.322602424408128e-19
3.530948816829144e-05 -1.408067751715323e-19
3.533928520472037e-05 -1.4926628460293494e-19
3.5369082241149315e-05 -1.3486895727799848e-19
3.539887927757825e-05 -1.3145266349421098e-19
3.5428676314007185e-05 -1.6473206275342022e-19
3.545847335043612e-05 -1.5926564584330994e-19
3.548827038686506e-05 -1.4353377090002132e-19
3.5518067423294e-05 -1.562205275989998e-19
3.554786445972294e-05 -1.6474634355446395e-19
3.5577661496151876e-05 -1.749335571826399e-19
3.5607458532580815e-05 -1.6498503557762025e-19
3.563725556900975e-05 -1.551268675298576e-19
3.566705260543869e-05 -1.8482874822462666e-19
3.569684964186762e-05 -1.9065790908456214e-19
3.572664667829657e-05 -1.709629983311352e-19
3.57564437147255e-05 -1.7988753114140767e-19
3.5786240751154444e-05 -1.9216527659530134e-19
3.5816037787583376e-05 -1.9941853849939594e-19
3.584583482401232e-05 -1.9713328504812276e-19
3.587563186044125e-05 -1.8153155621887103e-19
3.59054288968702e-05 -2.0119383936372932e-19
3.593522593329913e-05 -2.188728111571753e-19
3.596502296972807e-05 -1.9814255457680845e-19
3.5994820006157006e-05 -2.0001388818476364e-19
3.6024617042585944e-05 -2.1415855308834763e-19
3.605441407901488e-05 -2.1933637932383913e-19
3.608421111544382e-05 -2.2473052481621023e-19
3.611400815187276e-05 -2.0942123861682062e-19
3.61438051883017e-05 -2.1706634289568073e-19
3.6173602224730635e-05 -2.444064882054505e-19
3.6203399261159574e-05 -2.2846026810803474e-19
3.6233196297588505e-05 -2.1940785081868043e-19
3.626299333401745e-05 -2.359790016747259e-19
3.629279037044638e-05 -2.4129296316369073e-19
3.632258740687533e-05 -2.4695695583411284e-19
3.635238444330426e-05 -2.3520826588961607e-19
3.6382181479733203e-05 -2.3172514183622405e-19
3.6411978516162135e-05 -2.6138371791774675e-19
3.644177555259108e-05 -2.56634260406434e-19
3.647157258902001e-05 -2.3970117414100396e-19
3.650136962544895e-05 -2.538121626223725e-19
3.653116666187789e-05 -2.6301817367261335e-19
3.6560963698306826e-05 -2.668748097781046e-19
3.6590760734735765e-05 -2.593522573099306e-19
3.66205577711647e-05 -2.5042972840885627e-19
3.665035480759364e-05 -2.7445333925200474e-19
3.668015184402258e-05 -2.8141124313668816e-19
3.670994888045152e-05 -2.5913931095941975e-19
3.6739745916880456e-05 -2.669535834135708e-19
3.676954295330939e-05 -2.809172392318426e-19
3.679933998973833e-05 -2.823072345317114e-19
3.6829137026167264e-05 -2.822167894798751e-19
3.685893406259621e-05 -2.6898191031234973e-19
3.688873109902514e-05 -2.8509235502396683e-19
3.6918528135454086e-05 -3.0374826488019953e-19
3.694832517188302e-05 -2.806989885540966e-19
3.697812220831196e-05 -2.795226973263154e-19
3.7007919244740894e-05 -2.9533780260722054e-19
3.703771628116984e-05 -2.9854962257545236e-19
3.706751331759877e-05 -3.003880807656878e-19
3.709731035402771e-05 -2.8787179565079645e-19
3.712710739045665e-05 -2.914805830952363e-19
3.7156904426885585e-05 -3.161691463044186e-19
3.7186701463314524e-05 -3.0334358203948404e-19
3.721649849974346e-05 -2.8961163261656797e-19
3.72462955361724e-05 -3.0856281491138937e-19
3.727609257260134e-05 -3.1273330389822736e-19
3.730588960903027e-05 -3.1262675934237085e-19
3.7335686645459215e-05 -3.0484666437737136e-19
3.7365483681888147e-05 -2.986354044542164e-19
3.739528071831709e-05 -3.259407333201113e-19
3.742507775474602e-05 -3.214314859096218e-19
3.745487479117497e-05 -3.0029129965402417e-19
3.74846718276039e-05 -3.1597922994676363e-19
3.7514468864032845e-05 -3.2292226025242007e-19
3.7544265900461776e-05 -3.2367559659918405e-19
3.757406293689072e-05 -3.1926944852432634e-19
3.760385997331965e-05 -3.079516417533422e-19
3.763365700974859e-05 -3.2923531606952366e-19
3.766345404617753e-05 -3.3610060340470134e-19
3.769325108260647e-05 -3.1341745709523186e-19
3.7723048119035406e-05 -3.1960325192890066e-19
3.7752845155464344e-05 -3.3208754019534367e-19
3.778264219189328e-05 -3.319049836684142e-19
3.781243922832222e-05 -3.2890616946271216e-19
3.784223626475116e-05 -3.1594248239279446e-19
3.78720333011801e-05 -3.2859793715731175e-19
3.790183033760903e-05 -3.4673857034595173e-19
3.7931627374037974e-05 -3.2464930968510017e-19
3.7961424410466906e-05 -3.202803548033466e-19
3.799122144689585e-05 -3.3853201216977326e-19
3.802101848332478e-05 -3.391204579298556e-19
3.805081551975373e-05 -3.3583196521264695e-19
3.808061255618266e-05 -3.238650215476704e-19
3.8110409592611604e-05 -3.280291455728605e-19
3.8140206629040535e-05 -3.5092490131284755e-19
3.8170003665469474e-05 -3.354334367004896e-19
3.819980070189841e-05 -3.199113068611463e-19
3.822959773832735e-05 -3.391142773425825e-19
3.825939477475629e-05 -3.4324006704705726e-19
3.828919181118523e-05 -3.379955093026857e-19
3.8318988847614165e-05 -3.3154424094154503e-19
3.83487858840431e-05 -3.264756982774689e-19
3.837858292047204e-05 -3.4815162773136244e-19
3.840837995690098e-05 -3.4495398244372743e-19
3.843817699332991e-05 -3.218806651827535e-19
3.8467974029758857e-05 -3.35063008819543e-19
3.849777106618779e-05 -3.427348070703664e-19
3.852756810261673e-05 -3.3745108803013913e-19
3.8557365139045665e-05 -3.3391368514645084e-19
3.858716217547461e-05 -3.2336553686906415e-19
3.861695921190354e-05 -3.4183671380209335e-19
3.8646756248332486e-05 -3.513333845538016e-19
3.867655328476142e-05 -3.2254940805623e-19
3.8706350321190356e-05 -3.2773612300069837e-19
3.8736147357619294e-05 -3.4296854239958345e-19
3.876594439404823e-05 -3.3570113498182807e-19
3.879574143047717e-05 -3.3409718585627806e-19
3.882553846690611e-05 -3.215033159113993e-19
3.885533550333505e-05 -3.2974558056712985e-19
3.8885132539763986e-05 -3.4799153161881813e-19
3.8914929576192924e-05 -3.2325426487179447e-19
3.894472661262186e-05 -3.1872689527232277e-19
3.8974523649050794e-05 -3.3755232958407854e-19
3.900432068547974e-05 -3.317147534581443e-19
3.903411772190867e-05 -3.289269153726926e-19
3.9063914758337616e-05 -3.2043764144592666e-19
3.909371179476655e-05 -3.1942729888946056e-19
3.912350883119549e-05 -3.415440491582532e-19
3.9153305867624424e-05 -3.252926056002733e-19
3.918310290405337e-05 -3.0692390381432384e-19
3.92128999404823e-05 -3.2759381619289486e-19
3.9242696976911245e-05 -3.2895309758922855e-19
3.927249401334018e-05 -3.1963009422144075e-19
3.9302291049769115e-05 -3.146125297727461e-19
3.933208808619805e-05 -3.0924288600002603e-19
3.936188512262699e-05 -3.2853068022200416e-19
3.939168215905593e-05 -3.2568365365217696e-19
3.942147919548487e-05 -2.9895041586682943e-19
3.9451276231913806e-05 -3.1361013170426405e-19
3.9481073268342745e-05 -3.2383672064371573e-19
3.951087030477168e-05 -3.1313915192637808e-19
3.954066734120062e-05 -3.092731906149996e-19
3.957046437762955e-05 -2.979920241301826e-19
3.96002614140585e-05 -3.143197976807289e-19
3.963005845048743e-05 -3.219824238954487e-19
3.9659855486916375e-05 -2.9026343975637907e-19
3.9689652523345306e-05 -2.9758155683014097e-19
3.971944955977425e-05 -3.143196086928589e-19
3.974924659620318e-05 -3.0429696804274905e-19
3.977904363263213e-05 -3.011384718211432e-19
3.980884066906106e-05 -2.922351509648507e-19
3.983863770549e-05 -2.9868728039073715e-19
3.9868434741918936e-05 -3.1401582821135983e-19
3.9898231778347874e-05 -2.897653795742843e-19
3.992802881477681e-05 -2.8149316514979476e-19
3.995782585120575e-05 -3.0348462172662573e-19
3.998762288763469e-05 -2.964344169061307e-19
4.001741992406363e-05 -2.8855906427423287e-19
4.0047216960492565e-05 -2.8461567507334794e-19
4.0077013996921504e-05 -2.8079478080104924e-19
4.0106811033350435e-05 -3.0040033132946996e-19
4.013660806977938e-05 -2.8817894289451736e-19
4.016640510620831e-05 -2.676078312864726e-19
4.019620214263726e-05 -2.880508152205431e-19
4.022599917906619e-05 -2.8898178768985907e-19
4.0255796215495134e-05 -2.7738051724723363e-19
4.0285593251924065e-05 -2.742783019822437e-19
4.031539028835301e-05 -2.676768602116497e-19
4.034518732478194e-05 -2.849733377793093e-19
4.037498436121088e-05 -2.822553250434511e-19
4.040478139763982e-05 -2.5375752228229426e-19
4.0434578434068756e-05 -2.6968841592966355e-19
4.0464375470497695e-05 -2.806788442571041e-19
4.049417250692663e-05 -2.6417794618017453e-19
4.052396954335557e-05 -2.6374224809383676e-19
4.055376657978451e-05 -2.571427869428766e-19
4.058356361621345e-05 -2.655151437456757e-19
4.0613360652642386e-05 -2.755734788450809e-19
4.064315768907132e-05 -2.465298495870352e-19
4.067295472550026e-05 -2.4831246490754774e-19
4.0702751761929194e-05 -2.6875881981880934e-19
4.073254879835814e-05 -2.5346299918050304e-19
4.076234583478707e-05 -2.4686566248282735e-19
4.0792142871216016e-05 -2.4548884289914e-19
4.082193990764495e-05 -2.4634259544715917e-19
4.085173694407389e-05 -2.5921774321984383e-19
4.0881533980502824e-05 -2.3982532012693183e-19
4.091133101693177e-05 -2.2934169361851305e-19
4.09411280533607e-05 -2.5094421816341367e-19
4.097092508978964e-05 -2.4331885293384276e-19
4.100072212621858e-05 -2.3176432183125016e-19
4.1030519162647515e-05 -2.314235575783776e-19
4.1060316199076454e-05 -2.2906405757520773e-19
4.109011323550539e-05 -2.4157106893164777e-19
4.111991027193433e-05 -2.2923679364316786e-19
4.114970730836327e-05 -2.1053889316499828e-19
4.11795043447922e-05 -2.303200937847151e-19
4.1209301381221145e-05 -2.307554413238732e-19
4.123909841765008e-05 -2.14155565004688e-19
4.126889545407902e-05 -2.152731603202831e-19
4.129869249050795e-05 -2.1233150024631633e-19
4.13284895269369e-05 -2.2065981622153397e-19
4.135828656336583e-05 -2.1870308312174537e-19
4.1388083599794775e-05 -1.932748345243449e-19
4.1417880636223706e-05 -2.0625755252246597e-19
4.144767767265265e-05 -2.1810527448945963e-19
4.147747470908158e-05 -1.9645786123716894e-19
4.150727174551052e-05 -1.9578561259830597e-19
4.153706878193946e-05 -1.955683202990827e-19
4.15668658183684e-05 -1.9707411926282467e-19
4.1596662854797336e-05 -2.042234884194779e-19
4.1626459891226274e-05 -1.8014658672317147e-19
4.165625692765521e-05 -1.808052208321426e-19
4.168605396408415e-05 -2.0032768759187566e-19
4.171585100051309e-05 -1.8277216434803746e-19
4.174564803694203e-05 -1.7560053389616904e-19
4.177544507337096e-05 -1.7747686600336553e-19
4.1805242109799904e-05 -1.7527120618688711e-19
4.1835039146228836e-05 -1.8569665184114046e-19
4.186483618265778e-05 -1.6736229630807087e-19
4.189463321908671e-05 -1.5578413945975223e-19
4.192443025551566e-05 -1.7795394523568825e-19
4.195422729194459e-05 -1.693996138639274e-19
4.1984024328373534e-05 -1.5496888358793783e-19
4.2013821364802465e-05 -1.5915700074516053e-19
4.2043618401231404e-05 -1.5613488608500473e-19
4.207341543766034e-05 -1.624637126191697e-19
4.210321247408928e-05 -1.5379367847275233e-19
4.213300951051822e-05 -1.3445802473250958e-19
4.216280654694716e-05 -1.53467752114197e-19
4.2192603583376095e-05 -1.543766091888051e-19
4.2222400619805033e-05 -1.3235598885324013e-19
4.225219765623397e-05 -1.3888051940584894e-19
4.228199469266291e-05 -1.3560651310857887e-19
4.231179172909184e-05 -1.3655570895429504e-19
4.234158876552079e-05 -1.406934231594903e-19
4.237138580194972e-05 -1.160571313246807e-19
4.240118283837866e-05 -1.244771022814107e-19
4.2430979874807595e-05 -1.3897908575942681e-19
4.246077691123654e-05 -1.1542306120506488e-19
4.249057394766547e-05 -1.1396216764789335e-19
4.2520370984094416e-05 -1.1820689657612975e-19
4.255016802052335e-05 -1.133231204354741e-19
4.2579965056952286e-05 -1.1943069349110093e-19
4.2609762093381224e-05 -1.0086515261099388e-19
4.263955912981016e-05 -9.697363082224466e-20
4.26693561662391e-05 -1.1762525701403156e-19
4.269915320266804e-05 -9.902782700752646e-20
4.272895023909698e-05 -9.006231336141095e-20
4.2758747275525916e-05 -9.997591599556994e-20
4.2788544311954854e-05 -9.111651113020938e-20
4.281834134838379e-05 -9.601198808624896e-20
4.2848138384812724e-05 -8.618705006913775e-20
4.287793542124167e-05 -7.217297624074005e-20
4.29077324576706e-05 -9.218711478772668e-20
4.2937529494099546e-05 -8.309877345786678e-20
4.296732653052848e-05 -6.691685775596381e-20
4.299712356695742e-05 -7.536915590797678e-20
4.3026920603386354e-05 -6.949823179151228e-20
4.30567176398153e-05 -7.345394320421129e-20
4.308651467624423e-05 -6.943488735962948e-20
4.3116311712673175e-05 -5.11062438100773e-20
4.314610874910211e-05 -6.564759602794792e-20
4.3175905785531045e-05 -6.640134450396991e-20
4.3205702821959983e-05 -4.678288977174728e-20
4.323549985838892e-05 -5.1006889057138117e-20
4.326529689481786e-05 -4.886450650274312e-20
4.32950939312468e-05 -4.703530535993942e-20
4.3324890967675737e-05 -5.0982411854280285e-20
4.3354688004104675e-05 -3.191356622767953e-20
4.338448504053361e-05 -3.344411417566676e-20
4.341428207696255e-05 -4.769129006028401e-20
4.344407911339148e-05 -2.971997637761059e-20
4.347387614982043e-05 -2.6381963774611122e-20
4.350367318624936e-05 -3.024143230945027e-20
4.3533470222678305e-05 -2.2403261585511684e-20
4.3563267259107236e-05 -3.051094824047607e-20
4.359306429553618e-05 -1.5371864296804323e-20
4.362286133196511e-05 -5.082565624410219e-21
4.365265836839406e-05 -2.596546995184633e-20
4.368245540482299e-05 -1.1590581907884733e-20
4.371225244125193e-05 -1.3132992764127966e-22
4.3742049477680866e-05 -8.544536642182222e-21
4.3771846514109804e-05 6.100577004186007e-22
4.380164355053874e-05 -6.0594837679630115e-21
4.383144058696768e-05 3.778174107503164e-22
4.386123762339662e-05 1.7049873494894883e-20
4.389103465982556e-05 -1.1584213435765438e-21
4.3920831696254496e-05 4.6909871241290286e-21
4.3950628732683434e-05 2.07811905339258e-20
4.3980425769112365e-05 1.2486642912040636e-20
4.401022280554131e-05 2.0759101339698666e-20
4.404001984197024e-05 1.9225240174397245e-20
4.406981687839919e-05 1.8018955788244523e-20
4.409961391482812e-05 3.804677501363473e-20
4.4129410951257064e-05 2.6873230280229865e-20
4.4159207987685995e-05 2.1477077981616432e-20
4.418900502411494e-05 4.1513006905805524e-20
4.421880206054387e-05 3.648489297785958e-20
4.424859909697281e-05 3.76313744379769e-20
4.427839613340175e-05 4.3759713134880325e-20
4.4308193169830687e-05 3.672039193653393e-20
4.4337990206259625e-05 5.473921734142277e-20
4.436778724268856e-05 5.686295405175521e-20
4.43975842791175e-05 3.97117389710668e-20
4.442738131554644e-05 5.855435722431511e-20
4.445717835197538e-05 6.360633027868364e-20
4.4486975388404316e-05 5.708871008184593e-20
4.451677242483325e-05 6.752074798906644e-20
4.454656946126219e-05 5.9496899544841e-20
4.4576366497691124e-05 6.947766997997103e-20
4.460616353412007e-05 8.232769295905239e-20
4.4635960570549e-05 6.381824801774368e-20
4.4665757606977946e-05 7.441994447900632e-20
4.469555464340688e-05 8.730638001927739e-20
4.472535167983582e-05 7.82732858450893e-20
4.4755148716264754e-05 8.825672423067062e-20
4.47849457526937e-05 8.487686312625341e-20
4.481474278912263e-05 8.567345190738033e-20
4.484453982555157e-05 1.0712330334357968e-19
4.487433686198051e-05 9.222939766938282e-20
4.4904133898409446e-05 9.042764242504793e-20
4.4933930934838384e-05 1.1100436400559454e-19
4.496372797126732e-05 1.0277294162181918e-19
4.499352500769626e-05 1.0824658738491148e-19
4.50233220441252e-05 1.1113685994926933e-19
4.505311908055413e-05 1.0569014792318232e-19
4.5082916116983075e-05 1.2579026220681102e-19
4.511271315341201e-05 1.2115321805613065e-19
4.514251018984095e-05 1.1078652834450453e-19
4.5172307226269883e-05 1.3075854141811136e-19
4.520210426269883e-05 1.3165814170291247e-19
4.523190129912776e-05 1.2871450186247913e-19
4.5261698335556705e-05 1.3504078229576908e-19
4.5291495371985637e-05 1.282316413644986e-19
4.532129240841458e-05 1.4259159344806905e-19
4.535108944484351e-05 1.506401118605966e-19
4.538088648127245e-05 1.3335787672414423e-19
4.541068351770139e-05 1.480065532726203e-19
4.544048055413033e-05 1.5761855066081713e-19
4.5470277590559266e-05 1.4936124768028568e-19
4.5500074626988205e-05 1.5948930558266394e-19
4.552987166341714e-05 1.534313540736375e-19
4.555966869984608e-05 1.605823146841649e-19
4.558946573627502e-05 1.7834836135260135e-19
4.561926277270396e-05 1.5914709558388278e-19
4.564905980913289e-05 1.6454448678966668e-19
4.5678856845561834e-05 1.821825487149323e-19
4.5708653881990766e-05 1.722363657341383e-19
4.573845091841971e-05 1.7813230507907668e-19
4.576824795484864e-05 1.7849411153408256e-19
4.579804499127759e-05 1.786736536873538e-19
4.582784202770652e-05 1.9822615824386048e-19
4.5857639064135464e-05 1.8725092416387644e-19
4.5887436100564396e-05 1.8077291144341576e-19
4.5917233136993334e-05 2.0196429542771896e-19
4.594703017342227e-05 1.9856228578828479e-19
4.597682720985121e-05 1.9780622171981726e-19
4.600662424628015e-05 2.023464257300402e-19
4.603642128270909e-05 1.962979433535355e-19
4.6066218319138025e-05 2.1650591999258166e-19
4.6096015355566964e-05 2.1312218842137873e-19
4.61258123919959e-05 1.9521664543574306e-19
4.615560942842484e-05 2.2017758626437556e-19
4.618540646485377e-05 2.233332446064089e-19
4.621520350128272e-05 2.1383783768648417e-19
4.624500053771165e-05 2.2289532420357146e-19
4.627479757414059e-05 2.1859682481088794e-19
4.6304594610569525e-05 2.2957866274998827e-19
4.633439164699847e-05 2.377669661157181e-19
4.63641886834274e-05 2.198506172890593e-19
4.6393985719856346e-05 2.302241311608921e-19
4.642378275628528e-05 2.4569511544903857e-19
4.6453579792714216e-05 2.340505177535635e-19
4.6483376829143155e-05 2.363645151226951e-19
4.651317386557209e-05 2.388676010757465e-19
4.654297090200103e-05 2.4208704067100003e-19
4.657276793842997e-05 2.5771243351119164e-19
4.660256497485891e-05 2.4074794540266256e-19
4.6632362011287846e-05 2.3977887388754403e-19
4.6662159047716784e-05 2.6453343919541213e-19
4.669195608414572e-05 2.5370108695457983e-19
4.6721753120574654e-05 2.519357641270141e-19
4.67515501570036e-05 2.5687104833815003e-19
4.678134719343253e-05 2.551974942156402e-19
4.6811144229861476e-05 2.7153604389211287e-19
4.684094126629041e-05 2.6160133759953096e-19
4.687073830271935e-05 2.522159309128151e-19
4.6900535339148284e-05 2.7520260367229576e-19
4.693033237557723e-05 2.735505941617306e-19
4.696012941200616e-05 2.6530075902749426e-19
4.6989926448435105e-05 2.7181256193566444e-19
4.701972348486404e-05 2.696452868879306e-19
4.7049520521292975e-05 2.8171067197207094e-19
4.7079317557721914e-05 2.8204489660603884e-19
4.710911459415085e-05 2.636523680413994e-19
4.713891163057979e-05 2.825066957714796e-19
4.716870866700873e-05 2.9042373963595315e-19
4.719850570343767e-05 2.7549986886738344e-19
4.7228302739866605e-05 2.838867032911458e-19
4.725809977629554e-05 2.8257275045591717e-19
4.728789681272448e-05 2.8981840992206885e-19
4.731769384915341e-05 2.9833903360285155e-19
4.734749088558236e-05 2.7667295109112773e-19
4.737728792201129e-05 2.879955121955174e-19
4.7407084958440235e-05 3.063572882792972e-19
4.7436881994869166e-05 2.90437173691137e-19
4.746667903129811e-05 2.9039392767147084e-19
4.749647606772704e-05 2.9403163842865945e-19
4.752627310415599e-05 2.962104247785232e-19
4.755607014058492e-05 3.068105907878638e-19
4.758586717701386e-05 2.906299670303472e-19
4.7615664213442796e-05 2.898272910835038e-19
4.7645461249871734e-05 3.1399725802588396e-19
4.767525828630067e-05 3.0221806201991898e-19
4.770505532272961e-05 2.9524827021985933e-19
4.773485235915855e-05 3.0475938408201145e-19
4.776464939558749e-05 3.0242081293161855e-19
4.7794446432016426e-05 3.1322057938617596e-19
4.7824243468445364e-05 3.0353562947696533e-19
4.7854040504874296e-05 2.916271510012702e-19
4.788383754130324e-05 3.1626413913035607e-19
4.791363457773217e-05 3.1118741500015004e-19
4.794343161416112e-05 2.9796398610273375e-19
4.797322865059005e-05 3.083849828756977e-19
4.8003025687018994e-05 3.061103645006177e-19
4.8032822723447925e-05 3.1461596956147686e-19
4.806261975987687e-05 3.13123008423903e-19
4.80924167963058e-05 2.9499997504600407e-19
4.812221383273474e-05 3.1355632231742073e-19
4.815201086916368e-05 3.1957522069943436e-19
4.818180790559262e-05 3.00291764166328e-19
4.8211604942021555e-05 3.0839525209747237e-19
4.824140197845049e-05 3.096904578176718e-19
4.827119901487943e-05 3.1044876055438743e-19
4.830099605130837e-05 3.1725674605446535e-19
4.833079308773731e-05 2.9714671450249204e-19
4.8360590124166246e-05 3.060456981222016e-19
4.839038716059518e-05 3.2430887573056867e-19
4.842018419702412e-05 3.034060108759702e-19
4.8449981233453055e-05 3.044359263382602e-19
4.8479778269882e-05 3.1216116422960405e-19
4.850957530631093e-05 3.074388036433433e-19
4.8539372342739876e-05 3.161111938392958e-19
4.856916937916881e-05 3.023520124162447e-19
4.859896641559775e-05 2.986735971848964e-19
4.8628763452026684e-05 3.2121448484934774e-19
4.865856048845562e-05 3.062564002771325e-19
4.868835752488456e-05 2.9475330087190005e-19
4.87181545613135e-05 3.0852110573703587e-19
4.874795159774244e-05 3.058790877705685e-19
4.8777748634171376e-05 3.089347703332414e-19
4.8807545670600314e-05 3.0298390178467514e-19
4.883734270702925e-05 2.920730909599086e-19
4.886713974345819e-05 3.133259074098345e-19
4.889693677988713e-05 3.081854827567263e-19
4.892673381631606e-05 2.881303976959933e-19
4.8956530852745005e-05 3.0282944718188823e-19
4.898632788917394e-05 3.0191110901321247e-19
4.901612492560288e-05 2.9918960690857646e-19
4.9045921962031814e-05 3.0004290384663e-19
4.907571899846076e-05 2.8347983836872456e-19
4.910551603488969e-05 3.009874156176282e-19
4.9135313071318635e-05 3.0757788998656206e-19
4.916511010774757e-05 2.8051723013145137e-19
4.919490714417651e-05 2.9057107244169225e-19
4.922470418060544e-05 2.983442331089898e-19
4.925450121703438e-05 2.8922395310899316e-19
4.928429825346332e-05 2.930453313030508e-19
4.931409528989226e-05 2.789698024871915e-19
4.9343892326321196e-05 2.8368037312279505e-19
4.9373689362750135e-05 2.9949878763106196e-19
4.940348639917907e-05 2.7539658135968813e-19
4.943328343560801e-05 2.7485671506058293e-19
4.946308047203695e-05 2.886995464669928e-19
4.949287750846589e-05 2.771714490054345e-19
4.952267454489482e-05 2.8005180931057593e-19
4.9552471581323764e-05 2.737005052136278e-19
4.9582268617752696e-05 2.6890032149464237e-19
4.961206565418164e-05 2.862855497921291e-19
4.964186269061057e-05 2.6962834328964817e-19
4.967165972703952e-05 2.582710072459092e-19
4.970145676346845e-05 2.741360029312149e-19
4.9731253799897394e-05 2.6599238238510003e-19
4.9761050836326326e-05 2.6360683542043014e-19
4.9790847872755264e-05 2.6075041259440067e-19
4.98206449091842e-05 2.4991027164501923e-19
4.985044194561314e-05 2.672151474491442e-19
4.988023898204208e-05 2.6033628359502856e-19
4.991003601847102e-05 2.3935063704350726e-19
4.9939833054899955e-05 2.556479404240784e-19
4.9969630091328894e-05 2.533987242098422e-19
4.999942712775783e-05 2.4363170125074723e-19
5.002922416418677e-05 2.4667166884038146e-19
5.00590212006157e-05 2.327316092755408e-19
5.008881823704465e-05 2.4253863747018644e-19
5.011861527347358e-05 2.464478543981855e-19
5.0148412309902523e-05 2.205552736288935e-19
5.0178209346331455e-05 2.301492162143941e-19
5.02080063827604e-05 2.372578375661756e-19
5.023780341918933e-05 2.2094525666613597e-19
5.0267600455618277e-05 2.2486819139161323e-19
5.029739749204721e-05 2.1836074169992033e-19
5.0327194528476146e-05 2.146321021999667e-19
5.0356991564905085e-05 2.257587232593492e-19
5.038678860133402e-05 2.044590438432054e-19
5.041658563776296e-05 2.008848144765589e-19
5.04463826741919e-05 2.1807892517031147e-19
5.047617971062084e-05 2.008086824277274e-19
5.0505976747049776e-05 1.9714461353643549e-19
5.0535773783478714e-05 1.968545428729189e-19
5.056557081990765e-05 1.8875953161920116e-19
5.0595367856336584e-05 2.0302691999199032e-19
5.062516489276553e-05 1.8610665244757834e-19
5.065496192919446e-05 1.730634791486248e-19
5.0684758965623406e-05 1.9355525674330087e-19
5.071455600205234e-05 1.807206260131047e-19
5.074435303848128e-05 1.7135828881789765e-19
5.0774150074910214e-05 1.7418729924638454e-19
5.080394711133916e-05 1.6376533265340552e-19
5.083374414776809e-05 1.735934771539984e-19
5.0863541184197036e-05 1.6571046787393343e-19
5.089333822062597e-05 1.4732891459703154e-19
5.0923135257054905e-05 1.6288510611756256e-19
5.0952932293483844e-05 1.5898879897935343e-19
5.098272932991278e-05 1.4368120582629006e-19
5.101252636634172e-05 1.4908257125236028e-19
5.104232340277066e-05 1.421910278795395e-19
5.10721204391996e-05 1.4260549658651427e-19
5.1101917475628535e-05 1.445529692204205e-19
5.1131714512057473e-05 1.2372822619064166e-19
5.116151154848641e-05 1.300066200193193e-19
5.119130858491534e-05 1.3732406629252238e-19
5.122110562134429e-05 1.1737916716363928e-19
5.125090265777322e-05 1.1975249759805645e-19
5.1280699694202165e-05 1.1841223661066277e-19
5.1310496730631096e-05 1.1165162069709066e-19
5.134029376706004e-05 1.193674898747795e-19
5.137009080348897e-05 1.0174656705954824e-19
5.139988783991792e-05 9.807422300501133e-20
5.142968487634685e-05 1.1219498279828026e-19
5.145948191277579e-05 9.433631060637273e-20
5.1489278949204726e-05 9.120645416391394e-20
5.1519075985633664e-05 9.418615721860569e-20
5.15488730220626e-05 8.195497700983008e-20
5.157867005849154e-05 9.173826518364472e-20
5.160846709492048e-05 8.151408663680496e-20
5.163826413134942e-05 6.714658078177605e-20
5.1668061167778356e-05 8.364812965267393e-20
5.1697858204207294e-05 7.167590267084711e-20
5.1727655240636226e-05 6.2682123645154e-20
5.175745227706517e-05 7.012787319877291e-20
5.17872493134941e-05 5.751258891480468e-20
5.181704634992305e-05 6.142766701573387e-20
5.184684338635198e-05 5.930572883224276e-20
5.1876640422780924e-05 4.236038335927203e-20
5.1906437459209855e-05 5.3104569055498164e-20
5.19362344956388e-05 5.0332503627242214e-20
5.196603153206773e-05 3.3113796832183053e-20
5.199582856849667e-05 4.0763323890125865e-20
5.202562560492561e-05 3.6501756451549247e-20
5.205542264135455e-05 3.0383249925430306e-20
5.2085219677783485e-05 3.473968955933157e-20
5.211501671421242e-05 1.9475863208361748e-20
5.214481375064136e-05 2.2823797796232634e-20
5.21746107870703e-05 2.875621184217582e-20
5.220440782349924e-05 8.616118877726232e-21
5.2234204859928177e-05 1.3375871220239588e-20
5.226400189635711e-05 1.5259742037393603e-20
5.229379893278605e-05 1.8868022529352592e-21
5.2323595969214985e-05 9.143679042882601e-21
5.235339300564393e-05 -1.5136846126871428e-21
5.238319004207286e-05 -8.900261793239353e-21
5.2412987078501806e-05 4.488741302769351e-21
5.244278411493074e-05 -1.2355071574947178e-20
5.247258115135968e-05 -1.5888312955966835e-20
5.2502378187788614e-05 -6.579210483901082e-21
5.253217522421755e-05 -2.226988669636287e-20
5.256197226064649e-05 -1.74230742690399e-20
5.259176929707543e-05 -2.0226627726615507e-20
5.262156633350437e-05 -3.2968361585564843e-20
5.2651363369933306e-05 -2.1375786019379484e-20
5.2681160406362244e-05 -3.327590285093465e-20
5.271095744279118e-05 -4.2080955938894144e-20
5.274075447922012e-05 -3.065846085070827e-20
5.277055151564906e-05 -4.2859204516370327e-20
5.280034855207799e-05 -4.537980825262567e-20
5.2830145588506936e-05 -4.01164724066039e-20
5.285994262493587e-05 -5.352947553353255e-20
5.288973966136481e-05 -4.9156291255414143e-20
5.2919536697793744e-05 -4.887095348421796e-20
5.294933373422269e-05 -6.428422261280846e-20
5.297913077065162e-05 -5.462065179374606e-20
5.3008927807080565e-05 -5.847176980176171e-20
5.30387248435095e-05 -7.129739527176409e-20
5.306852187993844e-05 -6.125627226986895e-20
5.309831891636737e-05 -7.322093973076906e-20
5.312811595279631e-05 -7.58325920001245e-20
5.315791298922525e-05 -6.529084266435267e-20
5.318771002565419e-05 -8.597084625426287e-20
5.3217507062083127e-05 -8.056117345328499e-20
5.3247304098512065e-05 -7.298914386857111e-20
5.3277101134941e-05 -9.174951116293097e-20
5.330689817136994e-05 -8.360505207026551e-20
5.333669520779888e-05 -8.769997885150515e-20
5.336649224422782e-05 -9.662994605273221e-20
5.339628928065675e-05 -8.547106418573568e-20
5.3426086317085695e-05 -1.0073585888411246e-19
5.3455883353514626e-05 -1.0418973540460537e-19
5.348568038994357e-05 -9.10551688795908e-20
5.35154774263725e-05 -1.0684173060558959e-19
5.354527446280145e-05 -1.0679258881605005e-19
5.357507149923038e-05 -1.0171446120191977e-19
5.3604868535659324e-05 -1.1475126836468079e-19
5.3634665572088256e-05 -1.0566717532259637e-19
5.3664462608517194e-05 -1.115526364432146e-19
5.369425964494613e-05 -1.2352483436286722e-19
5.372405668137507e-05 -1.07637185195111e-19
5.375385371780401e-05 -1.197763370107758e-19
5.378365075423295e-05 -1.2892311173015483e-19
5.3813447790661886e-05 -1.1578800008231714e-19
5.3843244827090824e-05 -1.2916234421345132e-19
5.387304186351976e-05 -1.2717904906676089e-19
5.39028388999487e-05 -1.2205912221507088e-19
5.393263593637763e-05 -1.400276931149056e-19
5.396243297280658e-05 -1.2716076676949215e-19
5.399223000923551e-05 -1.276693936775209e-19
5.4022027045664454e-05 -1.4597186072235136e-19
5.4051824082093385e-05 -1.3116745565463067e-19
5.408162111852233e-05 -1.3847050430861315e-19
5.411141815495126e-05 -1.4594212072405465e-19
5.414121519138021e-05 -1.3505064755739955e-19
5.417101222780914e-05 -1.5129534434425404e-19
5.4200809264238076e-05 -1.4611951509481582e-19
5.4230606300667015e-05 -1.389234871052213e-19
5.426040333709595e-05 -1.5710073018701978e-19
5.429020037352489e-05 -1.4849943976953668e-19
5.431999740995383e-05 -1.4838513469095208e-19
5.434979444638277e-05 -1.5837673130601059e-19
5.4379591482811706e-05 -1.4701892968236955e-19
5.4409388519240645e-05 -1.5675304850161771e-19
5.443918555566958e-05 -1.6209265925387576e-19
5.4468982592098514e-05 -1.4908597780338797e-19
5.449877962852746e-05 -1.6407714663848254e-19
5.452857666495639e-05 -1.650789029527993e-19
5.4558373701385336e-05 -1.5419755730812305e-19
5.458817073781427e-05 -1.6786231110126997e-19
5.461796777424321e-05 -1.6153248886463802e-19
5.4647764810672144e-05 -1.6092145525876472e-19
5.467756184710109e-05 -1.7262181345159916e-19
5.470735888353002e-05 -1.583337041241189e-19
5.4737155919958966e-05 -1.6597850953403298e-19
5.47669529563879e-05 -1.7508421996949685e-19
5.4796749992816835e-05 -1.5966376878565663e-19
5.4826547029245774e-05 -1.7022311081112602e-19
5.485634406567471e-05 -1.7340404860389788e-19
5.488614110210365e-05 -1.6483340397044567e-19
5.491593813853259e-05 -1.7802546329130132e-19
5.494573517496153e-05 -1.688537168460389e-19
5.4975532211390465e-05 -1.6653020209517409e-19
5.50053292478194e-05 -1.8358309668215063e-19
5.503512628424834e-05 -1.6653844024331286e-19
5.506492332067727e-05 -1.6887983339554678e-19
5.509472035710622e-05 -1.808942329289124e-19
5.512451739353515e-05 -1.6575362673289827e-19
5.5154314429964095e-05 -1.7647607095505617e-19
5.5184111466393026e-05 -1.7540264893014791e-19
5.521390850282197e-05 -1.647705438786942e-19
5.52437055392509e-05 -1.8332572850814038e-19
5.527350257567985e-05 -1.7446813293109793e-19
5.530329961210878e-05 -1.6634959859842532e-19
5.533309664853772e-05 -1.8145617557930087e-19
5.5362893684966656e-05 -1.7193378646038608e-19
5.5392690721395594e-05 -1.718168799253216e-19
5.542248775782453e-05 -1.7783883247262598e-19
5.545228479425347e-05 -1.650872465020045e-19
5.548208183068241e-05 -1.7620269810095928e-19
5.551187886711135e-05 -1.788106128451914e-19
5.5541675903540286e-05 -1.6262880357189768e-19
5.5571472939969224e-05 -1.759198624943727e-19
5.5601269976398156e-05 -1.7483374636888287e-19
5.56310670128271e-05 -1.6611121620040665e-19
5.566086404925603e-05 -1.774879912830917e-19
5.569066108568498e-05 -1.6617876199904343e-19
5.572045812211391e-05 -1.686348867551234e-19
5.5750255158542854e-05 -1.7804177750794198e-19
5.5780052194971785e-05 -1.5814460752315847e-19
5.580984923140073e-05 -1.6819373724965864e-19
5.583964626782966e-05 -1.7531115098228827e-19
5.58694433042586e-05 -1.5810594756001243e-19
5.589924034068754e-05 -1.6984322048187155e-19
5.592903737711648e-05 -1.6689881581779112e-19
5.5958834413545415e-05 -1.5882804974430102e-19
5.5988631449974353e-05 -1.7384478537078333e-19
5.601842848640329e-05 -1.6058035013380986e-19
5.604822552283223e-05 -1.5785702965843063e-19
5.607802255926117e-05 -1.7218150982737933e-19
5.610781959569011e-05 -1.5662150115097209e-19
5.613761663211904e-05 -1.5980536485668257e-19
5.616741366854798e-05 -1.640046996090627e-19
5.6197210704976915e-05 -1.5221756356340946e-19
5.622700774140586e-05 -1.6512965600308613e-19
5.625680477783479e-05 -1.5892291879625464e-19
5.6286601814263736e-05 -1.4882103612882042e-19
5.631639885069267e-05 -1.646073796461459e-19
5.634619588712161e-05 -1.5588129995788747e-19
5.6375992923550544e-05 -1.491060417255155e-19
5.640578995997948e-05 -1.6057134039553474e-19
5.643558699640842e-05 -1.5020453669961737e-19
5.646538403283736e-05 -1.5240197106528433e-19
5.64951810692663e-05 -1.5833501357658944e-19
5.6524978105695236e-05 -1.411571879339889e-19
5.6554775142124174e-05 -1.5172247721272442e-19
5.658457217855311e-05 -1.548624678190784e-19
5.661436921498205e-05 -1.3989639415490457e-19
5.664416625141099e-05 -1.5172742853350874e-19
5.667396328783992e-05 -1.4516781582518223e-19
5.6703760324268866e-05 -1.417396155316365e-19
5.67335573606978e-05 -1.529450387442821e-19
5.676335439712674e-05 -1.374146977989125e-19
5.6793151433555674e-05 -1.4203343684841275e-19
5.682294846998462e-05 -1.495352531203561e-19
5.685274550641355e-05 -1.3426954486386024e-19
5.6882542542842495e-05 -1.3987337945141387e-19
5.691233957927143e-05 -1.4031359689386086e-19
5.694213661570037e-05 -1.3296424204126686e-19
5.6971933652129303e-05 -1.4225352958068177e-19
5.700173068855824e-05 -1.3271376313786918e-19
5.703152772498718e-05 -1.282268101902729e-19
5.706132476141612e-05 -1.4279418458349006e-19
5.709112179784506e-05 -1.2891849645409114e-19
5.7120918834273995e-05 -1.2769644376654813e-19
5.715071587070293e-05 -1.374918891536177e-19
5.718051290713187e-05 -1.2388774653552249e-19
5.721030994356081e-05 -1.3222326548891932e-19
5.724010697998975e-05 -1.2890517038721837e-19
5.726990401641868e-05 -1.155739426549983e-19
5.7299701052847625e-05 -1.324166418866007e-19
5.7329498089276556e-05 -1.2376581935760097e-19
5.73592951257055e-05 -1.159781327368003e-19
5.738909216213443e-05 -1.290477610146299e-19
5.741888919856338e-05 -1.1722807648503464e-19
5.744868623499231e-05 -1.184687358368795e-19
5.7478483271421254e-05 -1.242732669135521e-19
5.7508280307850186e-05 -1.0831050520560492e-19
5.7538077344279124e-05 -1.1846768967492398e-19
5.756787438070806e-05 -1.2199131257867971e-19
5.7597671417137e-05 -1.0432036025188376e-19
5.762746845356594e-05 -1.1522261547035727e-19
5.765726548999488e-05 -1.1258731124528634e-19
5.7687062526423816e-05 -1.0448205946117876e-19
5.7716859562852754e-05 -1.1661740051892388e-19
5.774665659928169e-05 -1.02886646580735e-19
5.777645363571063e-05 -1.0314859394549865e-19
5.780625067213956e-05 -1.1472870345983742e-19
5.783604770856851e-05 -9.822959061993025e-20
5.786584474499744e-05 -1.0292765828635696e-19
5.7895641781426384e-05 -1.0686741737294853e-19
5.7925438817855315e-05 -9.408245151146721e-20
5.795523585428426e-05 -1.0410954309446874e-19
5.798503289071319e-05 -9.87621731004605e-20
5.801482992714214e-05 -8.934710330440551e-20
