0.0 2.887608461313718e-19
2.982195256166983e-08 3.0623719614911753e-19
5.964390512333966e-08 2.938683452462908e-19
8.946585768500948e-08 2.9065789547813483e-19
1.1928781024667932e-07 3.052374501631634e-19
1.4910976280834914e-07 2.9570538844873834e-19
1.7893171537001896e-07 2.9936416287288428e-19
2.0875366793168878e-07 3.0322761965672346e-19
2.3857562049335863e-07 2.9175468525775184e-19
2.683975730550285e-07 3.0494672518270465e-19
2.982195256166983e-07 3.04378450334474e-19
3.2804147817836807e-07 2.920328396838639e-19
3.578634307400379e-07 3.054326090128187e-19
3.8768538330170777e-07 3.0097993801945157e-19
4.1750733586337756e-07 2.9778822947149233e-19
4.4732928842504736e-07 3.0622871691948317e-19
4.771512409867173e-07 2.944612001414658e-19
5.069731935483871e-07 3.033218387512127e-19
5.36795146110057e-07 3.088873608961455e-19
5.666170986717266e-07 2.936501494021891e-19
5.964390512333966e-07 3.035421101311028e-19
6.262610037950663e-07 3.0362300529598115e-19
6.560829563567361e-07 2.967793039244041e-19
6.85904908918406e-07 3.0661742549548807e-19
7.157268614800758e-07 2.9592435468295642e-19
7.455488140417457e-07 2.957312172929959e-19
7.753707666034155e-07 3.0852436197036264e-19
8.051927191650853e-07 2.9421960506375047e-19
8.350146717267551e-07 2.955350085776894e-19
8.64836624288425e-07 3.0359541718878644e-19
8.946585768500947e-07 2.9441630593615084e-19
9.244805294117646e-07 3.018872821824658e-19
9.543024819734345e-07 2.979749841131817e-19
9.841244345351043e-07 2.89751841798872e-19
1.0139463870967741e-06 3.0374953644131e-19
1.0437683396584441e-06 2.9585877739339067e-19
1.073590292220114e-06 2.880140137186652e-19
1.1034122447817835e-06 2.980308561056174e-19
1.1332341973434533e-06 2.904485263005659e-19
1.1630561499051233e-06 2.9224401140116984e-19
1.192878102466793e-06 2.949885067078382e-19
1.222700055028463e-06 2.8255674307183904e-19
1.2525220075901327e-06 2.946510331406514e-19
1.2823439601518027e-06 2.945822614071895e-19
1.3121659127134723e-06 2.799238785529999e-19
1.341987865275142e-06 2.903585848775935e-19
1.371809817836812e-06 2.8699178526217585e-19
1.4016317703984819e-06 2.8308159051573417e-19
1.4314537229601517e-06 2.888293097271455e-19
1.4612756755218215e-06 2.762174484557443e-19
1.4910976280834915e-06 2.8101606888646915e-19
1.5209195806451613e-06 2.8830386989753396e-19
1.550741533206831e-06 2.7320187004944375e-19
1.5805634857685007e-06 2.777789728452655e-19
1.6103854383301707e-06 2.8117325852242196e-19
1.6402073908918405e-06 2.7198312593642656e-19
1.6700293434535103e-06 2.7987221990817823e-19
1.6998512960151803e-06 2.720389964503475e-19
1.72967324857685e-06 2.670546827181445e-19
1.7594952011385199e-06 2.8085011443217743e-19
1.7893171537001894e-06 2.665114941358317e-19
1.8191391062618595e-06 2.630982328185665e-19
1.8489610588235292e-06 2.728799736482549e-19
1.878783011385199e-06 2.614168766621652e-19
1.908604963946869e-06 2.6705133419571993e-19
1.938426916508539e-06 2.639142854300422e-19
1.9682488690702086e-06 2.5125853267843887e-19
1.9980708216318784e-06 2.668289596412127e-19
2.0278927741935482e-06 2.6096869797135133e-19
2.057714726755218e-06 2.496525788989152e-19
2.0875366793168882e-06 2.5950685232041486e-19
2.117358631878558e-06 2.514615404559964e-19
2.147180584440228e-06 2.521985120793454e-19
2.1770025370018972e-06 2.528937907568646e-19
2.206824489563567e-06 2.3720964608720634e-19
2.236646442125237e-06 2.5002927332913954e-19
2.2664683946869066e-06 2.509290598365303e-19
2.296290347248577e-06 2.3228335923874433e-19
2.3261122998102466e-06 2.4194016577771134e-19
2.3559342523719164e-06 2.4110005400137414e-19
2.385756204933586e-06 2.3363165485542604e-19
2.415578157495256e-06 2.383912430864557e-19
2.445400110056926e-06 2.2551245498312603e-19
2.4752220626185956e-06 2.2761581070278186e-19
2.5050440151802654e-06 2.377279727408783e-19
2.5348659677419356e-06 2.2000573178526017e-19
2.5646879203036054e-06 2.201248669070175e-19
2.594509872865275e-06 2.2596115583349264e-19
2.6243318254269446e-06 2.1586706079469803e-19
2.6541537779886144e-06 2.2118254700299605e-19
2.683975730550284e-06 2.1110361062728313e-19
2.713797683111954e-06 2.0437618236469196e-19
2.743619635673624e-06 2.220305451343883e-19
2.773441588235294e-06 2.0698549573683732e-19
2.8032635407969638e-06 1.9732637702826036e-19
2.8330854933586336e-06 2.0854059200540438e-19
2.8629074459203034e-06 1.9722847441648915e-19
2.892729398481973e-06 1.9891910795931721e-19
2.922551351043643e-06 1.973716198028002e-19
2.952373303605313e-06 1.8199783127813087e-19
2.982195256166983e-06 1.9557784888896602e-19
3.0120172087286528e-06 1.9238946564304075e-19
3.0418391612903226e-06 1.7436711308564884e-19
3.0716611138519924e-06 1.8439793620806735e-19
3.101483066413662e-06 1.8153771688999903e-19
3.1313050189753315e-06 1.762384170369458e-19
3.1611269715370013e-06 1.77692257174292e-19
3.1909489240986715e-06 1.6178035521634526e-19
3.2207708766603413e-06 1.7097670033652565e-19
3.250592829222011e-06 1.742980032286595e-19
3.280414781783681e-06 1.5032432634189825e-19
3.3102367343453507e-06 1.5873818334080525e-19
3.3400586869070205e-06 1.6103550711188736e-19
3.3698806394686903e-06 1.492232425571812e-19
3.3997025920303605e-06 1.543479947498824e-19
3.4295245445920303e-06 1.4226942933644295e-19
3.4593464971537e-06 1.4151480871782918e-19
3.48916844971537e-06 1.5284611263849957e-19
3.5189904022770397e-06 1.3447185105128885e-19
3.5488123548387095e-06 1.29232594430802e-19
3.578634307400379e-06 1.375987399231816e-19
3.608456259962049e-06 1.2887011793068669e-19
3.638278212523719e-06 1.2715359117734968e-19
3.6681001650853887e-06 1.2037363962498742e-19
3.6979221176470585e-06 1.1159253194613557e-19
3.7277440702087283e-06 1.2437941787104157e-19
3.757566022770398e-06 1.1401649924929467e-19
3.787387975332068e-06 1.0001867677695852e-19
3.817209927893738e-06 1.1171535222947701e-19
3.8470318804554075e-06 1.0542768466455214e-19
3.876853833017078e-06 1.0131688603880394e-19
3.906675785578747e-06 9.760798683724851e-20
3.936497738140417e-06 8.347898534336015e-20
3.9663196907020875e-06 9.679681800832303e-20
3.996141643263757e-06 9.401327958060916e-20
4.025963595825427e-06 7.207096212898886e-20
4.0557855483870965e-06 8.009749933655901e-20
4.085607500948767e-06 8.047372787232909e-20
4.115429453510436e-06 7.068323586266403e-20
4.145251406072106e-06 6.998545149656412e-20
4.1750733586337765e-06 5.98421867931832e-20
4.204895311195446e-06 6.428975378916189e-20
4.234717263757116e-06 7.034842634297531e-20
4.2645392163187855e-06 4.702453410882014e-20
4.294361168880456e-06 4.6349743429423355e-20
4.324183121442124e-06 5.76811067261426e-20
4.3540050740037944e-06 4.251658223282332e-20
4.383827026565465e-06 4.03983613456434e-20
4.413648979127134e-06 3.453971471948395e-20
4.443470931688804e-06 2.9647090642074754e-20
4.473292884250474e-06 4.2966216240504215e-20
4.503114836812144e-06 2.2490177414097438e-20
4.532936789373813e-06 1.3864090193566463e-20
4.562758741935483e-06 2.8484532146308615e-20
4.592580694497154e-06 1.5362441624836735e-20
4.622402647058823e-06 1.385338426998189e-20
4.652224599620493e-06 1.0460760601532733e-20
4.682046552182163e-06 -2.351372549376967e-21
4.711868504743833e-06 1.0580220710970123e-20
4.741690457305502e-06 7.838253274979325e-22
4.771512409867172e-06 -1.6621780233889354e-20
4.801334362428842e-06 -2.6216500542461982e-21
4.831156314990512e-06 -8.545867412026736e-21
4.860978267552182e-06 -1.8205386601063478e-20
4.890800220113852e-06 -1.7186870226466108e-20
4.920622172675522e-06 -2.9099223157107555e-20
4.950444125237191e-06 -1.942048358340295e-20
4.980266077798861e-06 -1.9736011830366494e-20
5.010088030360531e-06 -4.559919663279157e-20
5.039909982922201e-06 -3.551793458131293e-20
5.069731935483871e-06 -3.0085532905287794e-20
5.099553888045541e-06 -4.6807628611432016e-20
5.129375840607211e-06 -4.4797131043650375e-20
5.15919779316888e-06 -5.2900816175207635e-20
5.18901974573055e-06 -5.301909826757236e-20
5.21884169829222e-06 -4.4665175454854337e-20
5.248663650853889e-06 -6.821946552802345e-20
5.278485603415559e-06 -6.780749902875182e-20
5.308307555977229e-06 -5.485219840337658e-20
5.338129508538899e-06 -7.10345181749922e-20
5.367951461100568e-06 -7.155173236232476e-20
5.3977734136622385e-06 -7.585734523602062e-20
5.427595366223908e-06 -8.078112050060978e-20
5.457417318785578e-06 -6.94106632550592e-20
5.487239271347248e-06 -8.761352703632724e-20
5.517061223908918e-06 -9.900705938975776e-20
5.546883176470588e-06 -8.296373217400386e-20
5.576705129032257e-06 -9.05423227477138e-20
5.6065270815939275e-06 -1.0027302332314383e-19
5.636349034155597e-06 -9.919779869785298e-20
5.666170986717267e-06 -1.0736560823126817e-19
5.695992939278937e-06 -9.816554566909056e-20
5.725814891840607e-06 -1.0328385822057936e-19
5.755636844402277e-06 -1.2534575432117866e-19
5.785458796963946e-06 -1.093708930377682e-19
5.8152807495256165e-06 -1.0905537875997607e-19
5.845102702087286e-06 -1.254632946869292e-19
5.874924654648956e-06 -1.2249415000275972e-19
5.904746607210626e-06 -1.3069060345518274e-19
5.934568559772296e-06 -1.24893274018045e-19
5.964390512333966e-06 -1.2324835676250565e-19
5.994212464895635e-06 -1.4639158104631409e-19
6.0240344174573055e-06 -1.3894833984443084e-19
6.053856370018975e-06 -1.3059553320170126e-19
6.083678322580645e-06 -1.4634950786468214e-19
6.1135002751423145e-06 -1.463523936006101e-19
6.143322227703985e-06 -1.493778522971112e-19
6.173144180265655e-06 -1.5135175708503684e-19
6.202966132827324e-06 -1.4428273299916503e-19
6.232788085388994e-06 -1.6410124600523787e-19
6.262610037950663e-06 -1.685259491299914e-19
6.292431990512333e-06 -1.5204261901217352e-19
6.322253943074003e-06 -1.6597332481862536e-19
6.352075895635673e-06 -1.7271131807890807e-19
6.381897848197343e-06 -1.6991984396331655e-19
6.4117198007590125e-06 -1.7602518390932286e-19
6.441541753320683e-06 -1.6678489433427469e-19
6.471363705882352e-06 -1.7887698155514715e-19
6.501185658444022e-06 -1.9300290327268593e-19
6.531007611005692e-06 -1.7494235713774267e-19
6.560829563567362e-06 -1.8202563397664727e-19
6.590651516129032e-06 -1.9372093532489978e-19
6.6204734686907014e-06 -1.9162247224392033e-19
6.650295421252372e-06 -1.9872091642224079e-19
6.680117373814041e-06 -1.887473870500061e-19
6.709939326375711e-06 -1.9453058909763067e-19
6.739761278937381e-06 -2.1496802309528718e-19
6.769583231499051e-06 -1.9973111064230648e-19
6.799405184060721e-06 -1.9690564215476914e-19
6.8292271366223904e-06 -2.1269288795808005e-19
6.859049089184061e-06 -2.1131684151586608e-19
6.88887104174573e-06 -2.1615777859259766e-19
6.9186929943074e-06 -2.12837404800501e-19
6.94851494686907e-06 -2.0990888701705652e-19
6.97833689943074e-06 -2.311037053147708e-19
7.00815885199241e-06 -2.256765883238812e-19
7.0379808045540794e-06 -2.1375619973635291e-19
7.06780275711575e-06 -2.296666983681001e-19
7.097624709677419e-06 -2.3299652715493222e-19
7.127446662239089e-06 -2.3230725959475604e-19
7.157268614800758e-06 -2.3135676280679997e-19
7.187090567362428e-06 -2.261474710105346e-19
7.216912519924098e-06 -2.438600337205587e-19
7.246734472485768e-06 -2.4782553936346075e-19
7.276556425047438e-06 -2.3070680406705665e-19
7.306378377609107e-06 -2.430334833018758e-19
7.336200330170777e-06 -2.5185398516567136e-19
7.366022282732447e-06 -2.4719681705577885e-19
7.395844235294117e-06 -2.524527139315195e-19
7.425666187855787e-06 -2.4243034323796247e-19
7.4554881404174566e-06 -2.5227100139670775e-19
7.485310092979128e-06 -2.694891750933205e-19
7.515132045540796e-06 -2.474738981327981e-19
7.544953998102467e-06 -2.5094904806541076e-19
7.574775950664136e-06 -2.677698450312885e-19
7.604597903225807e-06 -2.612034595644821e-19
7.634419855787476e-06 -2.65895260867653e-19
7.664241808349145e-06 -2.5941465094796134e-19
7.694063760910815e-06 -2.6193993352955953e-19
7.723885713472485e-06 -2.826616888914209e-19
7.753707666034155e-06 -2.6752158513610044e-19
7.783529618595824e-06 -2.6086067802129607e-19
7.813351571157494e-06 -2.7820660176567507e-19
7.843173523719164e-06 -2.749671636383801e-19
7.872995476280835e-06 -2.7599888184245487e-19
7.902817428842503e-06 -2.74794248022274e-19
7.932639381404175e-06 -2.698229212234595e-19
7.962461333965844e-06 -2.884367752173416e-19
7.992283286527514e-06 -2.8317213270613855e-19
8.022105239089182e-06 -2.69273158546729e-19
8.051927191650854e-06 -2.8670220422950897e-19
8.081749144212523e-06 -2.890337454646457e-19
8.111571096774193e-06 -2.8564861146287954e-19
8.141393049335863e-06 -2.855665962529837e-19
8.171215001897533e-06 -2.7879384505801533e-19
8.201036954459202e-06 -2.9475361708180373e-19
8.230858907020872e-06 -2.969024076465051e-19
8.260680859582542e-06 -2.786164406829006e-19
8.290502812144213e-06 -2.887938786661265e-19
8.320324764705881e-06 -2.980254809759112e-19
8.350146717267553e-06 -2.927079817175195e-19
8.379968669829222e-06 -2.9337049681742313e-19
8.409790622390892e-06 -2.876799694655101e-19
8.43961257495256e-06 -2.963964607346352e-19
8.469434527514232e-06 -3.0837541755296612e-19
8.4992564800759e-06 -2.878732581685715e-19
8.529078432637571e-06 -2.890336100114603e-19
8.558900385199241e-06 -3.0762566892613063e-19
8.588722337760911e-06 -2.9878847451792247e-19
8.61854429032258e-06 -2.980493968543173e-19
8.648366242884248e-06 -2.9481713225946237e-19
8.67818819544592e-06 -2.937773357844641e-19
8.708010148007589e-06 -3.120817267487174e-19
8.737832100569259e-06 -2.981250476467639e-19
8.76765405313093e-06 -2.8718188262742964e-19
8.7974760056926e-06 -3.0761189614716467e-19
8.827297958254268e-06 -3.057798924164949e-19
8.857119910815938e-06 -2.9932651330749157e-19
8.886941863377608e-06 -2.9909029471435915e-19
8.916763815939279e-06 -2.9587375964595465e-19
8.946585768500947e-06 -3.1118612354993775e-19
8.976407721062619e-06 -3.0545171203087744e-19
9.006229673624288e-06 -2.8717616235647957e-19
9.036051626185958e-06 -3.046506381276103e-19
9.065873578747626e-06 -3.0892315062503594e-19
9.095695531309298e-06 -2.986480276872327e-19
9.125517483870967e-06 -3.0033903115820836e-19
9.155339436432637e-06 -2.942914098935329e-19
9.185161388994307e-06 -3.0523353942730246e-19
9.214983341555977e-06 -3.1135376961080976e-19
9.244805294117646e-06 -2.8982241219109697e-19
9.274627246679316e-06 -2.964572864678306e-19
9.304449199240986e-06 -3.102077012451989e-19
9.334271151802657e-06 -2.9833185140774657e-19
9.364093104364325e-06 -2.952327835945992e-19
9.393915056925995e-06 -2.941457391954426e-19
9.423737009487666e-06 -2.9814679291464374e-19
9.453558962049336e-06 -3.097721490459944e-19
9.483380914611004e-06 -2.900057716048401e-19
9.513202867172676e-06 -2.8618952884749452e-19
9.543024819734345e-06 -3.0829603636281624e-19
9.572846772296013e-06 -2.974826450843234e-19
9.602668724857684e-06 -2.9198846994354362e-19
9.632490677419354e-06 -2.9211233381895338e-19
9.662312629981024e-06 -2.9088963547943467e-19
9.692134582542693e-06 -3.060016594594814e-19
9.721956535104364e-06 -2.8917194124695824e-19
9.751778487666033e-06 -2.7843639088691826e-19
9.781600440227703e-06 -2.9878004717558864e-19
9.811422392789372e-06 -2.944708280303347e-19
9.841244345351044e-06 -2.865819121450173e-19
9.871066297912712e-06 -2.8746174612066817e-19
9.900888250474382e-06 -2.8473626113999806e-19
9.930710203036053e-06 -2.9502614342196242e-19
9.960532155597723e-06 -2.9112451483827845e-19
9.990354108159391e-06 -2.714104942536296e-19
1.0020176060721062e-05 -2.863987808531327e-19
1.0049998013282732e-05 -2.951005533961471e-19
1.0079819965844402e-05 -2.7668508005335843e-19
1.010964191840607e-05 -2.7984714856661254e-19
1.0139463870967742e-05 -2.7823783024201675e-19
1.0169285823529411e-05 -2.8170134800588887e-19
1.0199107776091081e-05 -2.898796529701557e-19
1.022892972865275e-05 -2.6579880170616777e-19
1.0258751681214422e-05 -2.7278977242102425e-19
1.028857363377609e-05 -2.9051358222270124e-19
1.031839558633776e-05 -2.721819164047723e-19
1.034821753889943e-05 -2.7241182747210346e-19
1.03780394914611e-05 -2.727507180536108e-19
1.040786144402277e-05 -2.689235588712892e-19
1.043768339658444e-05 -2.8249297900180006e-19
1.046750534914611e-05 -2.6472856752969186e-19
1.0497327301707778e-05 -2.5667809802684407e-19
1.0527149254269449e-05 -2.810404980893621e-19
1.0556971206831119e-05 -2.6943551093100693e-19
1.0586793159392789e-05 -2.59387258306185e-19
1.0616615111954457e-05 -2.652672906506856e-19
1.0646437064516128e-05 -2.603429791724779e-19
1.0676259017077798e-05 -2.725832984261729e-19
1.0706080969639468e-05 -2.626921734273031e-19
1.0735902922201137e-05 -2.446609954072664e-19
1.0765724874762809e-05 -2.6694666563589883e-19
1.0795546827324477e-05 -2.656251570762282e-19
1.0825368779886147e-05 -2.479880127904245e-19
1.0855190732447816e-05 -2.537130032246135e-19
1.0885012685009488e-05 -2.5120216977991995e-19
1.0914834637571156e-05 -2.578537739165263e-19
1.0944656590132826e-05 -2.5726226673412584e-19
1.0974478542694497e-05 -2.3425735919974097e-19
1.1004300495256167e-05 -2.4964059308010203e-19
1.1034122447817835e-05 -2.6027243221692687e-19
1.1063944400379506e-05 -2.3927134365017706e-19
1.1093766352941176e-05 -2.409531429577281e-19
1.1123588305502846e-05 -2.4098830937727454e-19
1.1153410258064515e-05 -2.4246711788269404e-19
1.1183232210626187e-05 -2.4861656105537124e-19
1.1213054163187855e-05 -2.2612461679133034e-19
1.1242876115749525e-05 -2.291260890615913e-19
1.1272698068311194e-05 -2.4938380676399895e-19
1.1302520020872866e-05 -2.3112165492574703e-19
1.1332341973434534e-05 -2.238650082410633e-19
1.1362163925996204e-05 -2.3088681836471003e-19
1.1391985878557875e-05 -2.281556346967974e-19
1.1421807831119545e-05 -2.3423663414533035e-19
1.1451629783681213e-05 -2.2007021250123896e-19
1.1481451736242882e-05 -2.1182447529879628e-19
1.1511273688804554e-05 -2.3287917124456663e-19
1.1541095641366222e-05 -2.2077721381093086e-19
1.1570917593927893e-05 -2.0794111510390595e-19
1.1600739546489563e-05 -2.1672209745799027e-19
1.1630561499051233e-05 -2.1191789588784813e-19
1.1660383451612902e-05 -2.171526118024736e-19
1.1690205404174572e-05 -2.0995280715080747e-19
1.1720027356736242e-05 -1.9399293490385767e-19
1.1749849309297912e-05 -2.1277293427426784e-19
1.177967126185958e-05 -2.138582828654744e-19
1.1809493214421253e-05 -1.924395721013239e-19
1.1839315166982921e-05 -1.9687465396934264e-19
1.1869137119544591e-05 -1.9906121180688234e-19
1.189895907210626e-05 -1.9754852071201282e-19
1.1928781024667932e-05 -1.9744851684049294e-19
1.19586029772296e-05 -1.7872321729107281e-19
1.198842492979127e-05 -1.8770634154848626e-19
1.201824688235294e-05 -1.9955019248895689e-19
1.2048068834914611e-05 -1.7699963156531856e-19
1.207789078747628e-05 -1.7793049084168477e-19
1.210771274003795e-05 -1.814211997088072e-19
1.213753469259962e-05 -1.7858751823263522e-19
1.216735664516129e-05 -1.8415381111460867e-19
1.2197178597722959e-05 -1.6413118737263512e-19
1.2227000550284629e-05 -1.6451880495063986e-19
1.22568225028463e-05 -1.830420833218482e-19
1.228664445540797e-05 -1.6494407687268535e-19
1.2316466407969638e-05 -1.5556392777834875e-19
1.234628836053131e-05 -1.6250047216824438e-19
1.2376110313092978e-05 -1.605677535847254e-19
1.2405932265654649e-05 -1.6283970198810086e-19
1.2435754218216317e-05 -1.5064073522771537e-19
1.2465576170777987e-05 -1.4206412771148678e-19
1.2495398123339658e-05 -1.6071357778219603e-19
1.2525220075901326e-05 -1.5327886035452886e-19
1.2555042028462998e-05 -1.355971219556126e-19
1.2584863981024667e-05 -1.4487014001529924e-19
1.2614685933586337e-05 -1.41884267375867e-19
1.2644507886148005e-05 -1.4069277065115212e-19
1.2674329838709677e-05 -1.3920164964545239e-19
1.2704151791271346e-05 -1.2129520902730986e-19
1.2733973743833016e-05 -1.3467400938349808e-19
1.2763795696394686e-05 -1.3914309378756045e-19
1.2793617648956356e-05 -1.1574224384676627e-19
1.2823439601518025e-05 -1.221005977594743e-19
1.2853261554079695e-05 -1.2583219229649378e-19
1.2883083506641365e-05 -1.2009346229319506e-19
1.2912905459203036e-05 -1.2208892476292622e-19
1.2942727411764704e-05 -1.062536826058272e-19
1.2972549364326376e-05 -1.0882090813552581e-19
1.3002371316888045e-05 -1.2180160485896219e-19
1.3032193269449715e-05 -1.0188845482010289e-19
1.3062015222011383e-05 -9.702017707372264e-20
1.3091837174573055e-05 -1.0488982178024713e-19
1.3121659127134724e-05 -9.935798841037375e-20
1.3151481079696394e-05 -1.0216242295349805e-19
1.3181303032258064e-05 -9.09943542867907e-20
1.3211124984819734e-05 -8.508250039395124e-20
1.3240946937381403e-05 -1.0205005637394067e-19
1.3270768889943073e-05 -8.783828694581267e-20
1.3300590842504743e-05 -7.556438480702715e-20
1.3330412795066414e-05 -8.678080121089491e-20
1.3360234747628082e-05 -8.019465014720774e-20
1.3390056700189752e-05 -7.918139369370259e-20
1.3419878652751423e-05 -7.331253812614905e-20
1.3449700605313091e-05 -6.213297533411248e-20
1.3479522557874761e-05 -7.81739014320788e-20
1.3509344510436431e-05 -7.301734175537125e-20
1.3539166462998102e-05 -5.488083308620987e-20
1.356898841555977e-05 -6.32494510062176e-20
1.3598810368121442e-05 -6.187673907944953e-20
1.362863232068311e-05 -5.965145248916087e-20
1.3658454273244781e-05 -5.713035977325316e-20
1.368827622580645e-05 -4.301387939367914e-20
1.3718098178368121e-05 -5.484013612848997e-20
1.374792013092979e-05 -5.814153333726766e-20
1.377774208349146e-05 -3.556245933975102e-20
1.380756403605313e-05 -3.928953831458789e-20
1.38373859886148e-05 -4.440492015009107e-20
1.3867207941176469e-05 -3.670025401132395e-20
1.389702989373814e-05 -3.8340013857477164e-20
1.392685184629981e-05 -2.57156181148714e-20
1.395667379886148e-05 -2.723706733912166e-20
1.3986495751423148e-05 -4.0951355551445146e-20
1.401631770398482e-05 -2.0697781704538805e-20
1.4046139656546489e-05 -1.500755406016414e-20
1.4075961609108159e-05 -2.4441867478755088e-20
1.4105783561669827e-05 -1.7914244463488042e-20
1.41356055142315e-05 -1.9031274001994728e-20
1.4165427466793168e-05 -8.201441275002137e-21
1.4195249419354838e-05 -2.757942694845613e-21
1.4225071371916508e-05 -1.9243482631554047e-20
1.4254893324478178e-05 -6.263853208941169e-21
1.4284715277039847e-05 7.072969218307412e-21
1.4314537229601516e-05 -3.856532235130962e-21
1.4344359182163187e-05 2.598974014946492e-23
1.4374181134724856e-05 1.5273218020556813e-21
1.4404003087286526e-05 5.8292765243737695e-21
1.4433825039848196e-05 1.999483204195915e-20
1.4463646992409867e-05 5.35766709392292e-21
1.4493468944971535e-05 5.5842385394825344e-21
1.4523290897533205e-05 2.755861437133006e-20
1.4553112850094876e-05 1.9064823643454305e-20
1.4582934802656546e-05 1.792107481735161e-20
1.4612756755218214e-05 2.3963689589272757e-20
1.4642578707779886e-05 2.2977616992948154e-20
1.4672400660341555e-05 3.7346101141095624e-20
1.4702222612903225e-05 2.986749881371324e-20
1.4732044565464894e-05 2.1226223574919892e-20
1.4761866518026565e-05 4.366226008317599e-20
1.4791688470588234e-05 4.4299667671838223e-20
1.4821510423149904e-05 3.640678081887838e-20
1.4851332375711574e-05 4.4175414797728915e-20
1.4881154328273243e-05 4.2308825227539915e-20
1.4910976280834913e-05 5.409739248357626e-20
1.4940798233396583e-05 5.85195102261734e-20
1.4970620185958255e-05 4.1186676725731395e-20
1.5000442138519922e-05 5.687695425634802e-20
1.5030264091081592e-05 6.864152886976755e-20
1.5060086043643263e-05 5.682611265477469e-20
1.5089907996204934e-05 6.230192405454674e-20
1.5119729948766601e-05 6.356693859856056e-20
1.5149551901328272e-05 7.047854360482091e-20
1.5179373853889943e-05 8.075134819474217e-20
1.5209195806451614e-05 6.393210171812197e-20
1.523901775901328e-05 7.048110604145694e-20
1.5268839711574952e-05 9.139087453566987e-20
1.5298661664136623e-05 8.071015762449709e-20
1.532848361669829e-05 8.111181192547097e-20
1.535830556925996e-05 8.660151181423329e-20
1.538812752182163e-05 8.779661510042709e-20
1.54179494743833e-05 1.020365509753693e-19
1.544777142694497e-05 8.873740667999487e-20
1.547759337950664e-05 8.613661464049604e-20
1.550741533206831e-05 1.1105122648335843e-19
1.553723728462998e-05 1.0552233417124977e-19
1.5567059237191648e-05 9.937293149589864e-20
1.5596881189753318e-05 1.0630823117351376e-19
1.5626703142314988e-05 1.0997736428549133e-19
1.5656525094876662e-05 1.215257123836153e-19
1.568634704743833e-05 1.1659038855230894e-19
1.5716169e-05 1.0546984600316266e-19
1.574599095256167e-05 1.2642264469832236e-19
1.577581290512334e-05 1.3286144675065286e-19
1.5805634857685006e-05 1.1962285364935121e-19
1.5835456810246676e-05 1.271185925086528e-19
1.586527876280835e-05 1.2913334304980392e-19
1.589510071537002e-05 1.378495344237482e-19
1.5924922667931687e-05 1.429035789613478e-19
1.5954744620493357e-05 1.2562266425988647e-19
1.5984566573055027e-05 1.4242456064140845e-19
1.6014388525616698e-05 1.5700731983073157e-19
1.6044210478178365e-05 1.4213641268498607e-19
1.6074032430740038e-05 1.475472104347831e-19
1.610385438330171e-05 1.5131051935210885e-19
1.613367633586338e-05 1.5598302983907914e-19
1.6163498288425045e-05 1.663210515375861e-19
1.6193320240986716e-05 1.5062629704562756e-19
1.6223142193548386e-05 1.5346012691160296e-19
1.6252964146110053e-05 1.7583820850539732e-19
1.6282786098671726e-05 1.700834846099741e-19
1.6312608051233397e-05 1.6418640080670234e-19
1.6342430003795067e-05 1.6965727068538275e-19
1.6372251956356734e-05 1.7613218094928997e-19
1.6402073908918404e-05 1.8471295725368336e-19
1.6431895861480074e-05 1.7517244820475569e-19
1.6461717814041744e-05 1.7029159026269694e-19
1.6491539766603414e-05 1.918878900788137e-19
1.6521361719165085e-05 1.921520947681857e-19
1.6551183671726755e-05 1.7874755218422074e-19
1.6581005624288425e-05 1.8770389942587837e-19
1.6610827576850092e-05 1.9311285147221388e-19
1.6640649529411762e-05 2.0008408515111175e-19
1.6670471481973432e-05 1.9968588729250385e-19
1.6700293434535106e-05 1.8589818264786993e-19
1.6730115387096773e-05 2.0557015588030611e-19
1.6759937339658443e-05 2.1601539686692173e-19
1.6789759292220113e-05 1.982394047504431e-19
1.6819581244781783e-05 2.0393586376839333e-19
1.684940319734345e-05 2.110472698128074e-19
1.687922514990512e-05 2.1622698153462665e-19
1.6909047102466794e-05 2.1874654645205217e-19
1.6938869055028464e-05 2.0349911178043206e-19
1.696869100759013e-05 2.1609989245141426e-19
1.69985129601518e-05 2.3423221784524977e-19
1.702833491271347e-05 2.179040423561882e-19
1.7058156865275142e-05 2.1526682459452769e-19
1.708797881783681e-05 2.268403289607244e-19
1.7117800770398482e-05 2.323252474578825e-19
1.7147622722960152e-05 2.361242240769711e-19
1.7177444675521823e-05 2.2240669586999715e-19
1.720726662808349e-05 2.2414280279575277e-19
1.723708858064516e-05 2.4741180964618054e-19
1.726691053320683e-05 2.4025525556333187e-19
1.7296732485768497e-05 2.280107553803672e-19
1.732655443833017e-05 2.3869464591344562e-19
1.735637639089184e-05 2.46395509892957e-19
1.738619834345351e-05 2.4975977470894868e-19
1.7416020296015178e-05 2.4132855518386283e-19
1.7445842248576848e-05 2.3589782493413834e-19
1.7475664201138518e-05 2.592154437990755e-19
1.750548615370019e-05 2.597178256823094e-19
1.753530810626186e-05 2.4254967691448767e-19
1.756513005882353e-05 2.511972889662245e-19
1.75949520113852e-05 2.5795883728383755e-19
1.762477396394687e-05 2.638345080524507e-19
1.7654595916508536e-05 2.5921556401274584e-19
1.7684417869070206e-05 2.4598717219968695e-19
1.7714239821631876e-05 2.665254132051581e-19
1.774406177419355e-05 2.7625407106786385e-19
1.7773883726755217e-05 2.565981647066739e-19
1.7803705679316887e-05 2.585563232537131e-19
1.7833527631878557e-05 2.7203637017842614e-19
1.7863349584440228e-05 2.7579412647332407e-19
1.7893171537001894e-05 2.7153358908160723e-19
1.7922993489563565e-05 2.613858831955404e-19
1.7952815442125238e-05 2.7276976766387284e-19
1.798263739468691e-05 2.8964997906873826e-19
1.8012459347248575e-05 2.732027335019928e-19
1.8042281299810246e-05 2.662469622973377e-19
1.8072103252371916e-05 2.808401787288881e-19
1.8101925204933586e-05 2.850564285814919e-19
1.8131747157495253e-05 2.8484387766191504e-19
1.8161569110056926e-05 2.74089055986202e-19
1.8191391062618597e-05 2.775218115473698e-19
1.8221213015180263e-05 2.993992150650465e-19
1.8251034967741934e-05 2.888946454504851e-19
1.8280856920303604e-05 2.7547101206373436e-19
1.8310678872865274e-05 2.870680658001023e-19
1.834050082542694e-05 2.9538776799929906e-19
1.8370322777988615e-05 2.9611878898640087e-19
1.8400144730550285e-05 2.8309837582633226e-19
1.8429966683111955e-05 2.799194718131037e-19
1.8459788635673622e-05 3.0406504881306184e-19
1.8489610588235292e-05 3.0293358234655827e-19
1.8519432540796962e-05 2.8275603117337725e-19
1.8549254493358632e-05 2.900212780278535e-19
1.8579076445920303e-05 3.014596048112072e-19
1.8608898398481973e-05 3.026525156927842e-19
1.8638720351043643e-05 2.9562537993796162e-19
1.8668542303605313e-05 2.8598560106330505e-19
1.869836425616698e-05 3.0353586102468e-19
1.872818620872865e-05 3.1313349868717797e-19
1.875800816129032e-05 2.9081731811159185e-19
1.878783011385199e-05 2.9150611819397865e-19
1.881765206641366e-05 3.0687486812253823e-19
1.884747401897533e-05 3.0714355373535957e-19
1.8877295971537e-05 3.0211551335170102e-19
1.8907117924098672e-05 2.912124176194653e-19
1.893693987666034e-05 3.026154296022082e-19
1.896676182922201e-05 3.1949430579706367e-19
1.899658378178368e-05 2.9952334265980077e-19
1.9026405734345353e-05 2.9181039730122086e-19
1.905622768690702e-05 3.0850649054005267e-19
1.908604963946869e-05 3.123514140513447e-19
1.911587159203036e-05 3.0657924341315164e-19
1.9145693544592027e-05 2.9373843238182325e-19
1.9175515497153697e-05 2.999270463644323e-19
1.9205337449715367e-05 3.2185203993388163e-19
1.923515940227704e-05 3.0669841559800416e-19
1.9264981354838708e-05 2.9139636960781147e-19
1.9294803307400378e-05 3.067872587697681e-19
1.9324625259962048e-05 3.135911761796535e-19
1.9354447212523718e-05 3.115026667361125e-19
1.9384269165085385e-05 2.988264696488313e-19
1.9414091117647055e-05 2.955072555452362e-19
1.944391307020873e-05 3.1873527879773752e-19
1.94737350227704e-05 3.119526436863983e-19
1.9503556975332066e-05 2.8955215597501667e-19
1.9533378927893736e-05 3.0151428035569246e-19
1.9563200880455406e-05 3.1325637613264346e-19
1.9593022833017077e-05 3.08591212223925e-19
1.9622844785578743e-05 3.001654764216771e-19
1.9652666738140417e-05 2.9330354954834237e-19
1.9682488690702087e-05 3.0981205131079905e-19
1.9712310643263757e-05 3.161126363220399e-19
1.9742132595825424e-05 2.912967965895576e-19
1.9771954548387095e-05 2.9426767252829634e-19
1.9801776500948765e-05 3.0909992553702826e-19
1.9831598453510435e-05 3.0495477303891068e-19
1.9861420406072105e-05 2.9858268603905793e-19
1.9891242358633775e-05 2.8673599161893565e-19
1.9921064311195446e-05 2.9892923613743343e-19
1.9950886263757116e-05 3.137051184404852e-19
1.9980708216318783e-05 2.8947619068780565e-19
2.0010530168880453e-05 2.8335194484910555e-19
2.0040352121442123e-05 3.020778668939073e-19
2.0070174074003793e-05 3.00873247073578e-19
2.0099996026565464e-05 2.9207967723770484e-19
2.0129817979127134e-05 2.8233745532821717e-19
2.0159639931688804e-05 2.8630570704726655e-19
2.018946188425047e-05 3.0509448956757314e-19
2.021928383681214e-05 2.876671876919622e-19
2.024910578937381e-05 2.699931053239915e-19
2.0278927741935485e-05 2.8947727853673453e-19
2.0308749694497152e-05 2.924804653855423e-19
2.0338571647058822e-05 2.82447659432639e-19
2.0368393599620492e-05 2.750002900803133e-19
2.0398215552182162e-05 2.725996891203362e-19
2.042803750474383e-05 2.905224840621861e-19
2.04578594573055e-05 2.8335618814297357e-19
2.0487681409867173e-05 2.5885791416777627e-19
2.0517503362428843e-05 2.716248089262008e-19
2.054732531499051e-05 2.8156769956812893e-19
2.057714726755218e-05 2.700018209002872e-19
2.060696922011385e-05 2.6162771347627665e-19
2.063679117267552e-05 2.564290532371668e-19
2.0666613125237188e-05 2.710811735247405e-19
2.069643507779886e-05 2.736676688034592e-19
2.072625703036053e-05 2.45465630675864e-19
2.07560789829222e-05 2.4952117379294075e-19
2.078590093548387e-05 2.670270234518654e-19
2.081572288804554e-05 2.564337137083225e-19
2.084554484060721e-05 2.467149285514374e-19
2.087536679316888e-05 2.4073965588307692e-19
2.090518874573055e-05 2.481151519870858e-19
2.093501069829222e-05 2.584068738522841e-19
2.096483265085389e-05 2.3368866093156443e-19
2.0994654603415557e-05 2.2402614016514474e-19
2.1024476555977227e-05 2.4727938681501483e-19
2.1054298508538897e-05 2.424500259943056e-19
2.1084120461100567e-05 2.2644635041681264e-19
2.1113942413662237e-05 2.222581909678905e-19
2.1143764366223908e-05 2.251775245780537e-19
2.1173586318785578e-05 2.380499730088715e-19
2.1203408271347248e-05 2.206029617476509e-19
2.1233230223908915e-05 2.0326682797973977e-19
2.1263052176470585e-05 2.2162092522707236e-19
2.1292874129032255e-05 2.222501586196652e-19
2.132269608159393e-05 2.0846990866646865e-19
2.1352518034155596e-05 2.0052677596630257e-19
2.1382339986717266e-05 1.9934254899456884e-19
2.1412161939278936e-05 2.1221262916598442e-19
2.1441983891840606e-05 2.042943718523501e-19
2.1471805844402273e-05 1.8283058989737792e-19
2.1501627796963944e-05 1.9185584561048251e-19
2.1531449749525617e-05 2.0275052559262703e-19
2.1561271702087287e-05 1.904389454383913e-19
2.1591093654648954e-05 1.7917956461550993e-19
2.1620915607210624e-05 1.7657309292255251e-19
2.1650737559772295e-05 1.8600448041755138e-19
2.1680559512333965e-05 1.8606213644992781e-19
2.171038146489563e-05 1.6009138853049029e-19
2.1740203417457305e-05 1.6163034993976668e-19
2.1770025370018976e-05 1.7990832646869698e-19
2.1799847322580646e-05 1.6696349583556465e-19
2.1829669275142313e-05 1.5444773282396089e-19
2.1859491227703983e-05 1.5141591228397834e-19
2.1889313180265653e-05 1.5794843891336794e-19
2.1919135132827323e-05 1.6421268160788057e-19
2.1948957085388993e-05 1.4096458386232238e-19
2.1978779037950664e-05 1.335228203503655e-19
2.2008600990512334e-05 1.513956975246515e-19
2.2038422943074e-05 1.4581504389692752e-19
2.206824489563567e-05 1.28930775847223e-19
2.209806684819734e-05 1.244603028059375e-19
2.212788880075901e-05 1.2893315415760604e-19
2.215771075332068e-05 1.3581361012535057e-19
2.2187532705882352e-05 1.2075758182483692e-19
2.2217354658444022e-05 1.036051648301643e-19
2.2247176611005692e-05 1.2080866917383286e-19
2.227699856356736e-05 1.2303175608094812e-19
2.230682051612903e-05 1.03495191527558e-19
2.23366424686907e-05 1.0005510544887584e-19
2.2366464421252373e-05 9.94698611508482e-20
2.239628637381404e-05 1.066532765299863e-19
2.242610832637571e-05 1.0041177642488539e-19
2.245593027893738e-05 7.543285751720035e-20
2.248575223149905e-05 8.510633890936618e-20
2.2515574184060717e-05 9.684291663117413e-20
2.2545396136622388e-05 7.906936363034713e-20
2.257521808918406e-05 7.10454147187034e-20
2.260504004174573e-05 7.014382400808448e-20
2.26348619943074e-05 7.452477499604109e-20
2.266468394686907e-05 7.558096378938078e-20
2.269450589943074e-05 5.148457906615485e-20
2.272432785199241e-05 5.013434789883669e-20
2.2754149804554076e-05 6.881037659865415e-20
2.278397175711575e-05 5.286044716510546e-20
2.281379370967742e-05 3.8182627815802493e-20
2.284361566223909e-05 4.081359184752704e-20
2.2873437614800757e-05 4.1238326014823983e-20
2.2903259567362427e-05 4.5728064056436504e-20
2.2933081519924097e-05 2.804900681871038e-20
2.2962903472485764e-05 1.6486179973173412e-20
2.2992725425047438e-05 3.5152653516319837e-20
2.3022547377609108e-05 2.855540317227888e-20
2.3052369330170778e-05 1.0985261730021823e-20
2.3082191282732445e-05 9.291938372621916e-21
2.3112013235294115e-05 1.0459760822094215e-20
2.3141835187855785e-05 1.5556710806002856e-20
2.3171657140417455e-05 1.3721903201650858e-21
2.3201479092979126e-05 -1.6288515902822683e-20
2.3231301045540796e-05 -1.4189057294926843e-21
2.3261122998102466e-05 1.8675760933156827e-21
2.3290944950664136e-05 -1.855452364422662e-20
2.3320766903225803e-05 -2.2689638829537476e-20
2.3350588855787473e-05 -2.048142431689741e-20
2.3380410808349144e-05 -1.7136993067261487e-20
2.3410232760910817e-05 -2.3410454419886107e-20
2.3440054713472484e-05 -4.629294407525447e-20
2.3469876666034154e-05 -3.8253501905921266e-20
2.3499698618595825e-05 -2.6911147546079344e-20
2.3529520571157495e-05 -4.811150882521288e-20
2.355934252371916e-05 -5.54711176906425e-20
2.3589164476280832e-05 -5.378749829562963e-20
2.3618986428842505e-05 -5.1800811965500375e-20
2.3648808381404176e-05 -5.0600481782397807e-20
2.3678630333965842e-05 -7.365943313007642e-20
2.3708452286527513e-05 -7.541782434806055e-20
2.3738274239089183e-05 -5.741061061784317e-20
2.3768096191650853e-05 -7.25688694430498e-20
2.379791814421252e-05 -8.656839190790865e-20
2.3827740096774194e-05 -8.433251798027581e-20
2.3857562049335864e-05 -8.446129618309509e-20
2.388738400189753e-05 -8.35118306456078e-20
2.39172059544592e-05 -9.942937536092151e-20
2.394702790702087e-05 -1.1048952614540299e-19
2.397684985958254e-05 -9.23833376234756e-20
2.4006671812144208e-05 -9.840296243541616e-20
2.403649376470588e-05 -1.1914805624073899e-19
2.4066315717267552e-05 -1.1461499428536767e-19
2.4096137669829222e-05 -1.1548525862700942e-19
2.412595962239089e-05 -1.1414070322531634e-19
2.415578157495256e-05 -1.215423214571835e-19
2.418560352751423e-05 -1.426089909685715e-19
2.42154254800759e-05 -1.2840706924164097e-19
2.424524743263757e-05 -1.2311434073547373e-19
2.427506938519924e-05 -1.4635805180693983e-19
2.430489133776091e-05 -1.5063715360237382e-19
2.433471329032258e-05 -1.472955688203897e-19
2.4364535242884247e-05 -1.4478816687509078e-19
2.4394357195445918e-05 -1.4988592521101578e-19
2.4424179148007588e-05 -1.6952991901989357e-19
2.4454001100569258e-05 -1.6442499632575945e-19
2.4483823053130928e-05 -1.5069045374165935e-19
2.45136450056926e-05 -1.6929171589186937e-19
2.454346695825427e-05 -1.8024097511112025e-19
2.457328891081594e-05 -1.756587838711179e-19
2.4603110863377606e-05 -1.7598989290744846e-19
2.4632932815939276e-05 -1.762507399532558e-19
2.4662754768500946e-05 -1.9386651044490706e-19
2.469257672106262e-05 -1.9922440798694253e-19
2.4722398673624287e-05 -1.8115730178391506e-19
2.4752220626185957e-05 -1.9322548895452614e-19
2.4782042578747627e-05 -2.1012313248051496e-19
2.4811864531309297e-05 -2.0548264199694697e-19
2.4841686483870964e-05 -2.0430133646936287e-19
2.4871508436432634e-05 -2.026069792547738e-19
2.4901330388994308e-05 -2.1593878895336342e-19
2.4931152341555975e-05 -2.293719932695272e-19
2.4960974294117645e-05 -2.1117535314089657e-19
2.4990796246679315e-05 -2.1437988377227291e-19
2.5020618199240985e-05 -2.373335298191599e-19
2.5050440151802652e-05 -2.33179609054021e-19
2.5080262104364322e-05 -2.293952474638659e-19
2.5110084056925996e-05 -2.2971949787055043e-19
2.5139906009487666e-05 -2.374974026222478e-19
2.5169727962049333e-05 -2.552649724593124e-19
2.5199549914611003e-05 -2.4043837088837297e-19
2.5229371867172674e-05 -2.3386222056518817e-19
2.5259193819734344e-05 -2.5910601845003176e-19
2.528901577229601e-05 -2.5948996797855536e-19
2.5318837724857684e-05 -2.533494474749623e-19
2.5348659677419354e-05 -2.552521593000331e-19
2.5378481629981025e-05 -2.562505749828911e-19
2.540830358254269e-05 -2.744131099689319e-19
2.543812553510436e-05 -2.712885888048372e-19
2.5467947487666032e-05 -2.5560052786613357e-19
2.5497769440227702e-05 -2.7519775342470637e-19
2.5527591392789372e-05 -2.83581665096617e-19
2.5557413345351043e-05 -2.741517539869963e-19
2.5587235297912713e-05 -2.7594474930264915e-19
2.5617057250474383e-05 -2.7549787750235637e-19
2.564687920303605e-05 -2.902333729578711e-19
2.567670115559772e-05 -2.962524459822442e-19
2.570652310815939e-05 -2.7578080038125587e-19
2.5736345060721064e-05 -2.860989944832083e-19
2.576616701328273e-05 -3.053277213944157e-19
2.57959889658444e-05 -2.9610404141101737e-19
2.582581091840607e-05 -2.921580047052689e-19
2.5855632870967738e-05 -2.9434969339597925e-19
2.5885454823529408e-05 -3.031647178786306e-19
2.591527677609108e-05 -3.141076481672316e-19
2.5945098728652752e-05 -2.9755278611248806e-19
2.597492068121442e-05 -2.9450736269647626e-19
2.600474263377609e-05 -3.182397743214557e-19
2.603456458633776e-05 -3.1647360507725427e-19
2.606438653889943e-05 -3.07160256574563e-19
2.6094208491461096e-05 -3.087481517090089e-19
2.6124030444022767e-05 -3.143508226791411e-19
2.615385239658444e-05 -3.2877217963214567e-19
2.618367434914611e-05 -3.1938799803762057e-19
2.6213496301707777e-05 -3.0587172924373387e-19
2.6243318254269447e-05 -3.275161946099712e-19
2.6273140206831118e-05 -3.3372524927808047e-19
2.6302962159392788e-05 -3.1886132459085627e-19
2.6332784111954455e-05 -3.216394317975197e-19
2.6362606064516128e-05 -3.25976636254852e-19
2.63924280170778e-05 -3.3634757773147555e-19
2.642224996963947e-05 -3.35905841742273e-19
2.6452071922201136e-05 -3.157830341030659e-19
2.6481893874762806e-05 -3.325302816043754e-19
2.6511715827324476e-05 -3.488024562857858e-19
2.6541537779886146e-05 -3.315417066601225e-19
2.6571359732447816e-05 -3.3012533735544076e-19
2.6601181685009487e-05 -3.3651437085632076e-19
2.6631003637571157e-05 -3.4357969034696847e-19
2.6660825590132827e-05 -3.482045067762827e-19
2.6690647542694494e-05 -3.2986523057879445e-19
2.6720469495256164e-05 -3.329370991117984e-19
2.6750291447817834e-05 -3.5681475721645996e-19
2.6780113400379505e-05 -3.463576623366556e-19
2.6809935352941175e-05 -3.3548855649193454e-19
2.6839757305502845e-05 -3.436808973739202e-19
2.6869579258064515e-05 -3.4967170968073926e-19
2.6899401210626182e-05 -3.5750759703943117e-19
2.6929223163187852e-05 -3.4306767260682285e-19
2.6959045115749523e-05 -3.363181739265083e-19
2.6988867068311196e-05 -3.60721265142899e-19
2.7018689020872863e-05 -3.5722616287238046e-19
2.7048510973434533e-05 -3.418607560818309e-19
2.7078332925996203e-05 -3.470179773428907e-19
2.7108154878557874e-05 -3.53207887801796e-19
2.713797683111954e-05 -3.606310168105441e-19
2.716779878368121e-05 -3.525236479657171e-19
2.7197620736242884e-05 -3.385361955357978e-19
2.7227442688804554e-05 -3.5883235096901013e-19
2.725726464136622e-05 -3.682847733934329e-19
2.728708659392789e-05 -3.4817150020613214e-19
2.7316908546489562e-05 -3.488503960384975e-19
2.7346730499051232e-05 -3.5662634562240805e-19
2.73765524516129e-05 -3.6275946295322373e-19
2.7406374404174572e-05 -3.591583345213268e-19
2.7436196356736243e-05 -3.403678818436637e-19
2.7466018309297913e-05 -3.5533116186915874e-19
2.749584026185958e-05 -3.7147052717940045e-19
2.752566221442125e-05 -3.523936677170853e-19
2.755548416698292e-05 -3.466072921284733e-19
2.758530611954459e-05 -3.5695439164358954e-19
2.761512807210626e-05 -3.619531549491214e-19
2.764495002466793e-05 -3.606751831061292e-19
2.76747719772296e-05 -3.462815774961482e-19
2.7704593929791268e-05 -3.4747828705093844e-19
2.7734415882352938e-05 -3.6789679944236407e-19
2.7764237834914608e-05 -3.566822361035668e-19
2.779405978747628e-05 -3.417419955090773e-19
2.782388174003795e-05 -3.527141185995301e-19
2.785370369259962e-05 -3.5771573424678895e-19
2.788352564516129e-05 -3.5875980846009283e-19
2.791334759772296e-05 -3.472861714134516e-19
2.7943169550284626e-05 -3.4048115638566144e-19
2.7972991502846296e-05 -3.620544754136056e-19
2.8002813455407967e-05 -3.59405239386472e-19
2.803263540796964e-05 -3.398620153241721e-19
2.8062457360531307e-05 -3.45021260172014e-19
2.8092279313092977e-05 -3.521309519536124e-19
2.8122101265654648e-05 -3.5355822251530053e-19
2.8151923218216318e-05 -3.4476311360522646e-19
2.8181745170777985e-05 -3.332667563956488e-19
2.8211567123339655e-05 -3.492971672472473e-19
2.824138907590133e-05 -3.5598431106607074e-19
2.8271211028463e-05 -3.3643736084733313e-19
2.8301032981024665e-05 -3.334761483756763e-19
2.8330854933586336e-05 -3.4342130852643933e-19
2.8360676886148006e-05 -3.4874794287160087e-19
2.8390498838709676e-05 -3.403625119398571e-19
2.8420320791271343e-05 -3.2545830680577955e-19
2.8450142743833017e-05 -3.3636600338540166e-19
2.8479964696394687e-05 -3.477755580334806e-19
2.8509786648956357e-05 -3.304492354620582e-19
2.8539608601518024e-05 -3.2199389049779187e-19
2.8569430554079694e-05 -3.310729054554258e-19
2.8599252506641364e-05 -3.3691007331177576e-19
2.862907445920303e-05 -3.3315805387807155e-19
2.8658896411764705e-05 -3.1746180268033515e-19
2.8688718364326375e-05 -3.195439767761292e-19
2.8718540316888045e-05 -3.3762975189732305e-19
2.8748362269449712e-05 -3.267742877148726e-19
2.8778184222011382e-05 -3.100123850044184e-19
2.8808006174573052e-05 -3.1727768111276307e-19
2.8837828127134723e-05 -3.254038770964539e-19
2.8867650079696393e-05 -3.2177599818400687e-19
2.8897472032258063e-05 -3.074582937532326e-19
2.8927293984819733e-05 -3.036287829055326e-19
2.8957115937381403e-05 -3.2002957027130937e-19
2.898693788994307e-05 -3.1730926839780575e-19
2.901675984250474e-05 -2.9699557251033056e-19
2.904658179506641e-05 -2.9988510935324726e-19
2.9076403747628084e-05 -3.118461998815853e-19
2.910622570018975e-05 -3.088860682398121e-19
2.913604765275142e-05 -2.957472112409062e-19
2.916586960531309e-05 -2.8734622416629593e-19
2.9195691557874762e-05 -3.0129012894890316e-19
2.922551351043643e-05 -3.056804535671695e-19
2.92553354629981e-05 -2.8374384369683683e-19
2.9285157415559773e-05 -2.8015725179261523e-19
2.9314979368121443e-05 -2.9297347441737276e-19
2.934480132068311e-05 -2.9414707981479393e-19
2.937462327324478e-05 -2.8249570863481516e-19
2.940444522580645e-05 -2.7073506797810094e-19
2.943426717836812e-05 -2.8065426179881684e-19
2.9464089130929787e-05 -2.8940307092784187e-19
2.949391108349146e-05 -2.718678922955338e-19
2.952373303605313e-05 -2.629423332673458e-19
2.95535549886148e-05 -2.7239091806008423e-19
2.9583376941176468e-05 -2.7606656977619513e-19
2.9613198893738138e-05 -2.666359565994037e-19
2.964302084629981e-05 -2.5245746302054452e-19
2.967284279886148e-05 -2.5675417888730218e-19
2.970266475142315e-05 -2.697515120948383e-19
2.9732486703984816e-05 -2.577655940845268e-19
2.9762308656546486e-05 -2.419576327552873e-19
2.9792130609108156e-05 -2.497630935866426e-19
2.9821952561669826e-05 -2.5788794826552093e-19
2.9851774514231497e-05 -2.513234558672422e-19
2.9881596466793167e-05 -2.348222794407376e-19
2.9911418419354837e-05 -2.335867137308076e-19
2.994124037191651e-05 -2.501174387823366e-19
2.9971062324478174e-05 -2.4152770452179543e-19
3.0000884277039844e-05 -2.229296092916429e-19
3.0030706229601514e-05 -2.245362915520649e-19
3.0060528182163185e-05 -2.3450219888270466e-19
3.0090350134724855e-05 -2.334470324321486e-19
3.0120172087286525e-05 -2.1462975914089898e-19
3.01499940398482e-05 -2.1070801174272335e-19
3.017981599240987e-05 -2.2528625186701294e-19
3.0209637944971532e-05 -2.229785601980925e-19
3.0239459897533203e-05 -2.0569366650415264e-19
3.0269281850094873e-05 -1.9971981671282487e-19
3.0299103802656543e-05 -2.114393617810208e-19
3.0328925755218213e-05 -2.127330163432926e-19
3.0358747707779887e-05 -1.9519549713447912e-19
3.0388569660341557e-05 -1.86897671726709e-19
3.0418391612903227e-05 -1.9854913242568814e-19
3.044821356546489e-05 -2.0339299185742753e-19
3.047803551802656e-05 -1.850303223509391e-19
3.050785747058823e-05 -1.7571522566962463e-19
3.0537679423149905e-05 -1.8766158029558639e-19
3.056750137571157e-05 -1.912212902308125e-19
3.0597323328273245e-05 -1.7792622441640687e-19
3.062714528083491e-05 -1.6539549554923862e-19
3.065696723339658e-05 -1.703068569720106e-19
3.068678918595825e-05 -1.8184624658020959e-19
3.071661113851992e-05 -1.6821364106289121e-19
3.074643309108159e-05 -1.516147648795284e-19
3.077625504364326e-05 -1.6129370858853967e-19
3.080607699620493e-05 -1.6801416039415882e-19
3.08358989487666e-05 -1.591460885541033e-19
3.0865720901328274e-05 -1.4470364196632777e-19
3.089554285388994e-05 -1.441036639198123e-19
3.092536480645161e-05 -1.5844184129736148e-19
3.095518675901328e-05 -1.4963950573152416e-19
3.098500871157495e-05 -1.3055699580684527e-19
3.101483066413662e-05 -1.3533329280393874e-19
3.104465261669829e-05 -1.4321792787137484e-19
3.107447456925996e-05 -1.3719830734566362e-19
3.1104296521821636e-05 -1.2413478984257361e-19
3.1134118474383296e-05 -1.1770584207874058e-19
3.116394042694497e-05 -1.3156247235652996e-19
3.1193762379506636e-05 -1.3119243929146025e-19
3.122358433206831e-05 -1.0846457978135088e-19
3.1253406284629977e-05 -1.0859953955846316e-19
3.128322823719165e-05 -1.1920321719746567e-19
3.1313050189753324e-05 -1.1752405959310823e-19
3.134287214231499e-05 -1.0393681469790901e-19
3.137269409487666e-05 -9.090831734393647e-20
