0.0 -1.4818671278431761e-19
2.981638990825688e-08 -1.35888312393215e-19
5.963277981651376e-08 -1.4809866941452917e-19
8.944916972477065e-08 -1.518609069320077e-19
1.1926555963302752e-07 -1.4719434917204115e-19
1.490819495412844e-07 -1.4568087962799328e-19
1.788983394495413e-07 -1.4364083763968702e-19
2.0871472935779817e-07 -1.5415069932958308e-19
2.3853111926605505e-07 -1.5619059318931663e-19
2.683475091743119e-07 -1.4280638255795217e-19
2.981638990825688e-07 -1.4978149944031512e-19
3.279802889908257e-07 -1.5740527501905744e-19
3.577966788990826e-07 -1.536586559875294e-19
3.876130688073394e-07 -1.551793927700437e-19
4.1742945871559635e-07 -1.4849811613967568e-19
4.472458486238533e-07 -1.5445513851600213e-19
4.770622385321101e-07 -1.6538559027137922e-19
5.06878628440367e-07 -1.4937558560291682e-19
5.366950183486238e-07 -1.4892900637240162e-19
5.665114082568808e-07 -1.629346061885255e-19
5.963277981651376e-07 -1.5873115347677856e-19
6.261441880733945e-07 -1.5740846991029022e-19
6.559605779816515e-07 -1.5481888382250148e-19
6.857769678899083e-07 -1.5612361540914378e-19
7.155933577981652e-07 -1.6874410457923013e-19
7.454097477064221e-07 -1.5970852142277614e-19
7.752261376146788e-07 -1.5039411775280953e-19
8.050425275229358e-07 -1.6373173559153573e-19
8.348589174311927e-07 -1.6556191085971895e-19
8.646753073394496e-07 -1.5975681459514844e-19
8.944916972477066e-07 -1.5939338931485108e-19
9.243080871559632e-07 -1.5741088155840698e-19
9.541244770642202e-07 -1.67034284964002e-19
9.839408669724773e-07 -1.6613569003922807e-19
1.013757256880734e-06 -1.5285422593632342e-19
1.0435736467889908e-06 -1.6414416865725371e-19
1.0733900366972477e-06 -1.6905456610736067e-19
1.1032064266055046e-06 -1.6170493933753724e-19
1.1330228165137617e-06 -1.6302267252591882e-19
1.1628392064220183e-06 -1.5838600075620196e-19
1.1926555963302752e-06 -1.6617409588138308e-19
1.2224719862385323e-06 -1.71865126176351e-19
1.252288376146789e-06 -1.5644172190809745e-19
1.282104766055046e-06 -1.5968287111028385e-19
1.311921155963303e-06 -1.687171190005356e-19
1.3417375458715596e-06 -1.6344342412317567e-19
1.3715539357798167e-06 -1.6364872627820113e-19
1.4013703256880733e-06 -1.6073772963175087e-19
1.4311867155963304e-06 -1.6270640633041892e-19
1.4610031055045873e-06 -1.7230180405863947e-19
1.4908194954128441e-06 -1.615247859580247e-19
1.520635885321101e-06 -1.566614410487033e-19
1.5504522752293577e-06 -1.6862219706147702e-19
1.5802686651376148e-06 -1.6543587787369426e-19
1.6100850550458716e-06 -1.6166465811363768e-19
1.6399014449541285e-06 -1.5949048716078948e-19
1.6697178348623854e-06 -1.5863386723895725e-19
1.6995342247706423e-06 -1.7070732133062431e-19
1.7293506146788991e-06 -1.624493253682804e-19
1.759167004587156e-06 -1.5147146050412125e-19
1.788983394495413e-06 -1.6663216516780046e-19
1.81879978440367e-06 -1.6633283294736155e-19
1.8486161743119264e-06 -1.5852602371737863e-19
1.8784325642201835e-06 -1.597905278024419e-19
1.9082489541284404e-06 -1.5645950857338522e-19
1.9380653440366975e-06 -1.6536160419991445e-19
1.9678817339449546e-06 -1.6378756995274867e-19
1.997698123853211e-06 -1.4876301421475282e-19
2.027514513761468e-06 -1.5839724703739732e-19
2.057330903669725e-06 -1.6432068994932245e-19
2.0871472935779816e-06 -1.5630628379505988e-19
2.1169636834862387e-06 -1.5619430358492447e-19
2.1467800733944954e-06 -1.5302260173589133e-19
2.176596463302752e-06 -1.589789951278626e-19
2.206412853211009e-06 -1.6366761277567579e-19
2.2362292431192662e-06 -1.4810743448796595e-19
2.2660456330275233e-06 -1.5151819323217972e-19
2.29586202293578e-06 -1.6242481220913346e-19
2.3256784128440366e-06 -1.5403561675651192e-19
2.3554948027522937e-06 -1.5055945225749442e-19
2.3853111926605504e-06 -1.4905594791907175e-19
2.4151275825688075e-06 -1.5175510424871e-19
2.4449439724770646e-06 -1.5845751389580498e-19
2.4747603623853212e-06 -1.4809826800515191e-19
2.504576752293578e-06 -1.4353078415304046e-19
2.534393142201835e-06 -1.5629197621183283e-19
2.564209532110092e-06 -1.5468700796579977e-19
2.5940259220183487e-06 -1.4543803349285583e-19
2.623842311926606e-06 -1.4606056645891764e-19
2.6536587018348625e-06 -1.460922539673357e-19
2.683475091743119e-06 -1.5284939830470315e-19
2.7132914816513762e-06 -1.4910305432203624e-19
2.7431078715596333e-06 -1.3492412160741532e-19
2.7729242614678904e-06 -1.4706554986104334e-19
2.8027406513761466e-06 -1.5105267329247741e-19
2.8325570412844037e-06 -1.3980338482290284e-19
2.862373431192661e-06 -1.410181020752958e-19
2.8921898211009175e-06 -1.39327423947318e-19
2.9220062110091745e-06 -1.4605310508859433e-19
2.951822600917431e-06 -1.461300612058817e-19
2.9816389908256883e-06 -1.2982945344972774e-19
3.011455380733945e-06 -1.3834567808354502e-19
3.041271770642202e-06 -1.474207393387777e-19
3.071088160550459e-06 -1.3554511745005629e-19
3.1009045504587154e-06 -1.330954425570131e-19
3.1307209403669725e-06 -1.3371203864742528e-19
3.1605373302752295e-06 -1.367968257115532e-19
3.190353720183486e-06 -1.4053092525250464e-19
3.2201701100917433e-06 -1.2639866327992526e-19
3.2499865000000004e-06 -1.2676960976853466e-19
3.279802889908257e-06 -1.3983237999795155e-19
3.3096192798165137e-06 -1.3154208177478227e-19
3.339435669724771e-06 -1.2477767928506996e-19
3.369252059633028e-06 -1.2725212698639664e-19
3.3990684495412845e-06 -1.295347146477918e-19
3.428884839449541e-06 -1.3271691996555652e-19
3.4587012293577983e-06 -1.2225555441445729e-19
3.488517619266055e-06 -1.1737676558947035e-19
3.518334009174312e-06 -1.2938327302540675e-19
3.548150399082569e-06 -1.254866284931526e-19
3.577966788990826e-06 -1.1720461341060163e-19
3.6077831788990825e-06 -1.2000901053987946e-19
3.63759956880734e-06 -1.1897489158497825e-19
3.6674159587155966e-06 -1.2332890839883782e-19
3.697232348623853e-06 -1.190117184671816e-19
3.7270487385321104e-06 -1.0644234931040623e-19
3.756865128440367e-06 -1.1864504761435194e-19
3.786681518348624e-06 -1.2086818170373517e-19
3.816497908256881e-06 -1.0775121830200304e-19
3.8463142981651374e-06 -1.1035119042413185e-19
3.876130688073395e-06 -1.0949568990012804e-19
3.905947077981652e-06 -1.1264095046439492e-19
3.935763467889909e-06 -1.122912560558165e-19
3.965579857798165e-06 -9.828683689737703e-20
3.995396247706422e-06 -1.0539471684033149e-19
4.025212637614679e-06 -1.1258023088570223e-19
4.055029027522936e-06 -1.0226927548749604e-19
4.084845417431193e-06 -1.0042753531649402e-19
4.11466180733945e-06 -1.0088402201771635e-19
4.144478197247707e-06 -1.0332604751528301e-19
4.174294587155963e-06 -1.0459349400608218e-19
4.20411097706422e-06 -9.137749331275079e-20
4.2339273669724775e-06 -9.300670248780705e-20
4.263743756880734e-06 -1.0392755138650922e-19
4.293560146788991e-06 -9.275900155089582e-20
4.323376536697248e-06 -8.91117554149139e-20
4.353192926605504e-06 -9.324691232284546e-20
4.383009316513762e-06 -9.095127486671081e-20
4.412825706422018e-06 -9.689218140145163e-20
4.442642096330276e-06 -8.770922805706494e-20
4.4724584862385324e-06 -7.999895476004332e-20
4.502274876146789e-06 -9.392016317133668e-20
4.532091266055047e-06 -8.868986046405103e-20
4.5619076559633024e-06 -7.802850118433094e-20
4.59172404587156e-06 -8.398110886156995e-20
4.621540435779817e-06 -8.321753192881244e-20
4.651356825688073e-06 -8.430936495090296e-20
4.681173215596331e-06 -8.163664666275974e-20
4.7109896055045874e-06 -7.157315382369281e-20
4.740805995412845e-06 -8.289400182628121e-20
4.770622385321101e-06 -8.301070778670162e-20
4.8004387752293574e-06 -6.937713635350175e-20
4.830255165137615e-06 -7.412582039352832e-20
4.860071555045872e-06 -7.474064689100335e-20
4.889887944954129e-06 -7.551368573296345e-20
4.919704334862386e-06 -7.509326616095553e-20
4.9495207247706424e-06 -6.302130395722913e-20
4.979337114678899e-06 -6.905405221905641e-20
5.009153504587156e-06 -7.537831763176132e-20
5.038969894495413e-06 -6.236420297520019e-20
5.06878628440367e-06 -6.395167642548514e-20
5.098602674311927e-06 -6.904965073279049e-20
5.128419064220184e-06 -6.449112628580409e-20
5.15823545412844e-06 -6.566899840923618e-20
5.1880518440366974e-06 -5.840728060577627e-20
5.217868233944954e-06 -5.713814459202856e-20
5.247684623853212e-06 -6.728698766524782e-20
5.277501013761468e-06 -5.710509881390146e-20
5.307317403669725e-06 -5.1579955892454716e-20
5.3371337935779824e-06 -5.926623485893763e-20
5.366950183486238e-06 -5.48050105183956e-20
5.396766573394496e-06 -5.69080632384823e-20
5.4265829633027524e-06 -5.3548190453009085e-20
5.456399353211009e-06 -4.4727682473564824e-20
5.486215743119267e-06 -5.785901823533562e-20
5.516032133027523e-06 -5.355729244320185e-20
5.545848522935781e-06 -4.197915953965953e-20
5.575664912844037e-06 -5.182276374102487e-20
5.605481302752293e-06 -4.7985852663451915e-20
5.635297692660551e-06 -4.5563849408675666e-20
5.6651140825688074e-06 -4.726933005904025e-20
5.694930472477065e-06 -3.729431375916043e-20
5.724746862385322e-06 -4.5420562247816696e-20
5.754563252293578e-06 -4.6633505435472106e-20
5.784379642201835e-06 -3.362053878971453e-20
5.814196032110092e-06 -4.0986941790136885e-20
5.844012422018349e-06 -4.182385069308809e-20
5.873828811926606e-06 -3.762182519487138e-20
5.903645201834862e-06 -4.067441021637849e-20
5.93346159174312e-06 -3.111839082694489e-20
5.963277981651377e-06 -3.349335153554681e-20
5.993094371559633e-06 -4.1005027164334317e-20
6.02291076146789e-06 -2.7131785383431963e-20
6.052727151376147e-06 -2.8182711911726275e-20
6.082543541284404e-06 -3.555029260175839e-20
6.112359931192661e-06 -2.7014650962660548e-20
6.142176321100918e-06 -3.057235645407674e-20
6.171992711009174e-06 -2.6873173987660264e-20
6.201809100917431e-06 -2.017532010082679e-20
6.231625490825688e-06 -3.28917242674581e-20
6.261441880733945e-06 -2.492303710714071e-20
6.2912582706422024e-06 -1.7936773977322782e-20
6.321074660550459e-06 -2.8327500939885744e-20
6.350891050458717e-06 -1.958276324467467e-20
6.380707440366972e-06 -1.9970963347780952e-20
6.410523830275229e-06 -2.2802402669032426e-20
6.440340220183487e-06 -1.2401734450455311e-20
6.470156610091743e-06 -2.0490294797762157e-20
6.499973000000001e-06 -1.9939125045618062e-20
6.529789389908257e-06 -9.473750024411938e-21
6.559605779816514e-06 -1.7970031108337526e-20
6.589422169724771e-06 -1.5940034634481795e-20
6.619238559633027e-06 -9.801000041056726e-21
6.649054949541285e-06 -1.53018493768387e-20
6.678871339449542e-06 -7.817859209141749e-21
6.708687729357798e-06 -9.62549278683445e-21
6.738504119266056e-06 -1.6255113333364487e-20
6.768320509174312e-06 -2.681430817058106e-21
6.798136899082569e-06 -6.710134123425691e-21
6.827953288990826e-06 -1.0680742153128844e-20
6.857769678899082e-06 -9.447986718948067e-22
6.88758606880734e-06 -7.97692307339269e-21
6.917402458715597e-06 -2.973264552530938e-21
6.947218848623854e-06 8.262426713859226e-22
6.97703523853211e-06 -9.533554669494244e-21
7.0068516284403666e-06 2.519529174570613e-21
7.036668018348624e-06 3.1643155876624942e-21
7.066484408256881e-06 -6.432540753444285e-21
7.096300798165138e-06 6.0013707831943464e-21
7.126117188073395e-06 2.310359178872333e-21
7.155933577981652e-06 8.828352375641119e-22
7.185749967889907e-06 1.1954476677794209e-20
7.215566357798165e-06 4.820383313823007e-22
7.245382747706422e-06 4.488118591246484e-21
7.27519913761468e-06 1.3807576486055687e-20
7.305015527522936e-06 2.175146210927385e-21
7.334831917431193e-06 9.628680459435664e-21
7.364648307339451e-06 1.1362867604467451e-20
7.394464697247706e-06 3.947834855821767e-21
7.424281087155963e-06 1.7161592705520986e-20
7.454097477064221e-06 1.3037066050492614e-20
7.4839138669724766e-06 8.689269825063406e-21
7.513730256880734e-06 1.9503676387266408e-20
7.543546646788992e-06 1.2731379509917078e-20
7.573363036697248e-06 1.513248679116155e-20
7.603179426605504e-06 2.1835024410422965e-20
7.632995816513762e-06 1.3543308891612216e-20
7.662812206422019e-06 1.9763605302231622e-20
7.692628596330275e-06 2.3361926495448644e-20
7.722444986238532e-06 1.6009218242995845e-20
7.75226137614679e-06 2.4241993859632574e-20
7.782077766055047e-06 2.4014093929059742e-20
7.811894155963303e-06 1.8733733021151415e-20
7.84171054587156e-06 2.782033395341158e-20
7.871526935779818e-06 2.2696391957516554e-20
7.901343325688072e-06 2.2911930030222668e-20
7.93115971559633e-06 3.3064205383243843e-20
7.960976105504587e-06 2.3911699140761034e-20
7.990792495412843e-06 2.7035425059320922e-20
8.0206088853211e-06 3.250488971188955e-20
8.050425275229358e-06 2.5708217973959054e-20
8.080241665137616e-06 3.403837793037613e-20
8.110058055045872e-06 3.1546944775830273e-20
8.139874444954129e-06 2.728642861233644e-20
8.169690834862387e-06 4.0505597150303427e-20
8.199507224770642e-06 3.3844914673563213e-20
8.2293236146789e-06 3.067384642939573e-20
8.259140004587157e-06 4.059583357243054e-20
8.288956394495413e-06 3.539028441459249e-20
8.318772784403669e-06 3.9698367688812543e-20
8.348589174311927e-06 4.176785674386518e-20
8.378405564220184e-06 3.444786485423741e-20
8.40822195412844e-06 4.449346443566639e-20
8.438038344036697e-06 4.4294760602278717e-20
8.467854733944955e-06 3.534037458350101e-20
8.49767112385321e-06 4.473359590277723e-20
8.527487513761468e-06 4.4779512275886565e-20
8.557303903669726e-06 4.110758824564783e-20
8.587120293577982e-06 4.7410115186875775e-20
8.616936683486239e-06 4.1194685276999166e-20
8.646753073394497e-06 4.725815004917581e-20
8.676569463302754e-06 5.430380390195991e-20
8.706385853211008e-06 4.21719159841582e-20
8.736202243119266e-06 4.992788363894794e-20
8.766018633027523e-06 5.201935379880378e-20
8.795835022935779e-06 4.634024205316039e-20
8.825651412844037e-06 5.516030672032965e-20
8.855467802752294e-06 4.7363205469021844e-20
8.885284192660552e-06 4.89062855932478e-20
8.915100582568807e-06 5.999186676296871e-20
8.944916972477065e-06 5.003851059481899e-20
8.974733362385322e-06 5.155439031087154e-20
9.004549752293578e-06 5.908470161042161e-20
9.034366142201836e-06 5.436021566183027e-20
9.064182532110093e-06 5.899866110331574e-20
9.093998922018349e-06 5.730942592766348e-20
9.123815311926605e-06 5.07978347918213e-20
9.153631701834862e-06 6.398727010495227e-20
9.18344809174312e-06 6.007377377770341e-20
9.213264481651376e-06 5.1357401912599585e-20
9.243080871559633e-06 6.340941810682099e-20
9.27289726146789e-06 6.034505924025414e-20
9.302713651376147e-06 6.060676400174628e-20
9.332530041284404e-06 6.299663553408043e-20
9.362346431192662e-06 5.635881542243804e-20
9.392162821100917e-06 6.825851316562069e-20
9.421979211009175e-06 6.711467155361288e-20
9.451795600917432e-06 5.604798323286872e-20
9.48161199082569e-06 6.643804067479091e-20
9.511428380733944e-06 6.822391629726042e-20
9.541244770642202e-06 6.430513686819853e-20
9.571061160550459e-06 6.616933799519242e-20
9.600877550458715e-06 6.164366257991744e-20
9.630693940366972e-06 6.957379687913781e-20
9.66051033027523e-06 7.478714068632434e-20
9.690326720183487e-06 6.240204397378143e-20
9.720143110091743e-06 6.773726655599519e-20
9.7499595e-06 7.452536872272274e-20
9.779775889908258e-06 6.925481528576735e-20
9.809592279816514e-06 7.277151042636464e-20
9.839408669724772e-06 6.89364648458913e-20
9.869225059633029e-06 7.109875673719635e-20
9.899041449541285e-06 8.141652485247667e-20
9.92885783944954e-06 6.787933698454717e-20
9.958674229357798e-06 6.662905783169759e-20
9.988490619266056e-06 8.117861024178481e-20
1.0018307009174312e-05 7.519596352469929e-20
1.0048123399082569e-05 7.527320598950915e-20
1.0077939788990827e-05 7.579695373360343e-20
1.0107756178899082e-05 7.236022029987896e-20
1.013757256880734e-05 8.553445095014399e-20
1.0167388958715597e-05 7.870089219841659e-20
1.0197205348623853e-05 6.891224266218408e-20
1.022702173853211e-05 8.390356032044257e-20
1.0256838128440368e-05 8.192725072716812e-20
1.0286654518348626e-05 7.690155247716711e-20
1.031647090825688e-05 8.132904072973429e-20
1.0346287298165137e-05 7.632584253724203e-20
1.0376103688073395e-05 8.590978682041075e-20
1.040592007798165e-05 8.77214207305444e-20
1.0435736467889908e-05 7.309528762299952e-20
1.0465552857798166e-05 8.445471343982106e-20
1.0495369247706423e-05 8.99468972923409e-20
1.0525185637614679e-05 8.103877250861911e-20
1.0555002027522937e-05 8.478015644999239e-20
1.0584818417431194e-05 8.118805569871242e-20
1.061463480733945e-05 8.570656801562436e-20
1.0644451197247707e-05 9.375269904408143e-20
1.0674267587155965e-05 7.800535107398498e-20
1.070408397706422e-05 8.156384990566862e-20
1.0733900366972477e-05 9.506333382479577e-20
1.0763716756880734e-05 8.594187955534589e-20
1.0793533146788992e-05 8.649755562972948e-20
1.0823349536697247e-05 8.496828290766885e-20
1.0853165926605505e-05 8.584403357736718e-20
1.0882982316513762e-05 9.8181953768099e-20
1.0912798706422018e-05 8.487715919942133e-20
1.0942615096330276e-05 8.132723389883483e-20
1.0972431486238533e-05 9.639190697008343e-20
1.1002247876146789e-05 9.073076150329244e-20
1.1032064266055047e-05 8.656347812689867e-20
1.1061880655963304e-05 8.866718803882412e-20
1.1091697045871562e-05 8.823682783363617e-20
1.1121513435779817e-05 9.677862103399719e-20
1.1151329825688073e-05 9.079974918959286e-20
1.118114621559633e-05 8.06334071806494e-20
1.1210962605504587e-05 9.720880829130313e-20
1.1240778995412844e-05 9.807031758928151e-20
1.1270595385321102e-05 8.651650229545761e-20
1.1300411775229357e-05 9.260707568431027e-20
1.1330228165137615e-05 9.041496145070077e-20
1.1360044555045872e-05 9.477788156605685e-20
1.138986094495413e-05 9.792140626520895e-20
1.1419677334862386e-05 8.307173269007374e-20
1.1449493724770643e-05 9.27458279047584e-20
1.14793101146789e-05 1.0214925015260744e-19
1.1509126504587157e-05 8.957853639810143e-20
1.1538942894495412e-05 9.195624746273366e-20
1.156875928440367e-05 9.381231425303462e-20
1.1598575674311927e-05 9.504984616938169e-20
1.1628392064220183e-05 1.0157684457487308e-19
1.165820845412844e-05 8.769889443217284e-20
1.1688024844036698e-05 8.886780812182269e-20
1.1717841233944954e-05 1.0445093051922559e-19
1.1747657623853212e-05 9.369897477965816e-20
1.1777474013761469e-05 8.939715548147108e-20
1.1807290403669725e-05 9.469628775523027e-20
1.1837106793577982e-05 9.399231786728822e-20
1.186692318348624e-05 1.0135964705320816e-19
1.1896739573394497e-05 9.216112136413492e-20
1.1926555963302753e-05 8.640536463525331e-20
1.1956372353211009e-05 1.0263742345091399e-19
1.1986188743119267e-05 9.723758277786716e-20
1.2016005133027522e-05 9.077105040180529e-20
1.204582152293578e-05 9.487396985801014e-20
1.2075637912844037e-05 9.364208370454104e-20
1.2105454302752293e-05 1.0135397296980159e-19
1.213527069266055e-05 9.458743919500279e-20
1.2165087082568808e-05 8.441647257781079e-20
1.2194903472477066e-05 1.0116684009614782e-19
1.2224719862385322e-05 1.009817751442149e-19
1.2254536252293579e-05 8.67663263078042e-20
1.2284352642201837e-05 9.442506279390329e-20
1.2314169032110092e-05 9.583004995632119e-20
1.2343985422018348e-05 9.619059407348261e-20
1.2373801811926606e-05 1.0010085357556547e-19
1.2403618201834861e-05 8.551514565492154e-20
1.2433434591743119e-05 9.338740585558569e-20
1.2463250981651377e-05 1.048886537494294e-19
1.2493067371559634e-05 8.767684585663992e-20
1.252288376146789e-05 8.935187408268979e-20
1.2552700151376147e-05 9.48616384745149e-20
1.2582516541284405e-05 9.32587633900062e-20
1.261233293119266e-05 9.761944225349574e-20
1.2642149321100918e-05 8.552171034005596e-20
1.2671965711009176e-05 8.827775612282962e-20
1.2701782100917433e-05 1.0322551648454396e-19
1.2731598490825689e-05 8.967552962959326e-20
1.2761414880733945e-05 8.525332915600986e-20
1.2791231270642202e-05 9.378355464860371e-20
1.2821047660550458e-05 9.08902189128107e-20
1.2850864050458716e-05 9.355739190570727e-20
1.2880680440366973e-05 8.634707177593645e-20
1.2910496830275229e-05 8.15795627511567e-20
1.2940313220183487e-05 9.729828128004758e-20
1.2970129610091744e-05 9.014064361419514e-20
1.2999946000000002e-05 8.062901657446574e-20
1.3029762389908257e-05 8.988428917679103e-20
1.3059578779816515e-05 8.858128762688469e-20
1.3089395169724772e-05 8.963768600518062e-20
1.3119211559633028e-05 8.651087353792562e-20
1.3149027949541284e-05 7.682881628024398e-20
1.3178844339449541e-05 9.032760192455693e-20
1.3208660729357797e-05 9.081357338148843e-20
1.3238477119266055e-05 7.491719957077888e-20
1.3268293509174312e-05 8.449352295662678e-20
1.329810989908257e-05 8.405151824221984e-20
1.3327926288990826e-05 8.279904450450247e-20
1.3357742678899083e-05 8.742924499171488e-20
1.338755906880734e-05 7.201480983353278e-20
1.3417375458715596e-05 8.295507423681263e-20
1.3447191848623854e-05 9.118784738501985e-20
1.3477008238532112e-05 7.235621648991737e-20
1.3506824628440369e-05 7.791763632963536e-20
1.3536641018348625e-05 8.255657837198957e-20
1.356645740825688e-05 7.763820877329336e-20
1.3596273798165138e-05 8.127308195595307e-20
1.3626090188073394e-05 7.138062064430954e-20
1.3655906577981651e-05 7.298006836995608e-20
1.3685722967889909e-05 8.607383542247386e-20
1.3715539357798165e-05 7.28563761793048e-20
1.3745355747706422e-05 6.936321089564601e-20
1.377517213761468e-05 7.920011231427903e-20
1.3804988527522937e-05 7.373162760115854e-20
1.3834804917431193e-05 7.591103278715468e-20
1.386462130733945e-05 7.15994103979845e-20
1.3894437697247708e-05 6.541322677996788e-20
1.3924254087155964e-05 8.012912544777695e-20
1.395407047706422e-05 7.22919847723247e-20
1.3983886866972477e-05 6.070731104998752e-20
1.4013703256880733e-05 7.331556225837224e-20
1.404351964678899e-05 7.006697531628405e-20
1.4073336036697248e-05 6.75970997553292e-20
1.4103152426605506e-05 6.856620865650983e-20
1.4132968816513761e-05 6.003377690842973e-20
1.4162785206422019e-05 7.177750662363358e-20
1.4192601596330277e-05 7.245638359980881e-20
1.4222417986238532e-05 5.735284028287421e-20
1.425223437614679e-05 6.473025848162689e-20
1.4282050766055047e-05 6.588943509404028e-20
1.4311867155963305e-05 6.232876186272781e-20
1.434168354587156e-05 6.579609430922238e-20
1.4371499935779815e-05 5.523345849300808e-20
1.4401316325688072e-05 6.050067719409393e-20
1.443113271559633e-05 6.991096477595017e-20
1.4460949105504587e-05 5.25312348061002e-20
1.4490765495412845e-05 5.598470461357815e-20
1.4520581885321102e-05 6.500244909060276e-20
1.455039827522936e-05 5.533995436058816e-20
1.4580214665137614e-05 6.020675460221261e-20
1.4610031055045871e-05 5.4027324564196474e-20
1.4639847444954129e-05 4.949037231805765e-20
1.4669663834862386e-05 6.372211985467601e-20
1.4699480224770644e-05 5.1569549578853215e-20
1.4729296614678902e-05 4.4425091720372164e-20
1.4759113004587157e-05 5.685663076247922e-20
1.4788929394495411e-05 5.1478589530994004e-20
1.4818745784403669e-05 5.040587850422514e-20
1.4848562174311926e-05 4.9512174760795925e-20
1.4878378564220184e-05 4.17430307008953e-20
1.4908194954128441e-05 5.507489905768266e-20
1.4938011344036699e-05 5.059025304676579e-20
1.4967827733944953e-05 3.599867337367541e-20
1.499764412385321e-05 4.9949291054291423e-20
1.5027460513761468e-05 4.620679209495852e-20
1.5057276903669726e-05 3.990516561053191e-20
1.5087093293577983e-05 4.5018258269878915e-20
1.511690968348624e-05 3.407682791018834e-20
1.5146726073394496e-05 4.284126109648861e-20
1.5176542463302752e-05 4.5974179517543436e-20
1.5206358853211008e-05 2.914828440823767e-20
1.5236175243119266e-05 3.9214097818363255e-20
1.5265991633027523e-05 4.153142871344941e-20
1.529580802293578e-05 3.3167912963833515e-20
1.5325624412844038e-05 3.75686120306012e-20
1.5355440802752296e-05 2.816989557386559e-20
1.538525719266055e-05 3.0263700107011777e-20
1.5415073582568807e-05 4.1332496512884054e-20
1.5444889972477065e-05 2.4794098895013157e-20
1.5474706362385322e-05 2.4567591562745303e-20
1.550452275229358e-05 3.469669056245725e-20
1.5534339142201837e-05 2.432658981849585e-20
1.5564155532110095e-05 2.78677463424992e-20
1.559397192201835e-05 2.5548155227827843e-20
1.5623788311926606e-05 2.0615340278825392e-20
1.5653604701834864e-05 3.305445875344822e-20
1.568342109174312e-05 2.1834940828812625e-20
1.571323748165138e-05 1.4590961841571938e-20
1.5743053871559637e-05 2.801427871618731e-20
1.577287026146789e-05 2.015738889609445e-20
1.5802686651376145e-05 1.6107245892076535e-20
1.5832503041284402e-05 2.0421914701109998e-20
1.586231943119266e-05 1.182441109216552e-20
1.5892135821100917e-05 1.9661107531528778e-20
1.5921952211009175e-05 2.0228329203865607e-20
1.5951768600917432e-05 4.114864121362612e-21
1.5981584990825686e-05 1.6592004299925363e-20
1.6011401380733944e-05 1.8683575396682196e-20
1.60412177706422e-05 6.97124554362051e-21
1.607103416055046e-05 1.4343846880694365e-20
1.6100850550458716e-05 5.6593572562707744e-21
1.6130666940366974e-05 7.56926236671942e-21
1.616048333027523e-05 1.6989483454236078e-20
1.6190299720183486e-05 -1.1239711640116632e-21
1.6220116110091743e-05 4.149970954396938e-21
1.62499325e-05 1.1346048940669237e-20
1.6279748889908258e-05 -6.258583533389657e-22
1.6309565279816516e-05 6.959850429003219e-21
1.6339381669724773e-05 1.1214765040143099e-21
1.636919805963303e-05 -2.9061698954494674e-21
1.6399014449541285e-05 1.1119724129385138e-20
1.6428830839449542e-05 -4.2426877263364146e-21
1.64586472293578e-05 -7.122552313008231e-21
1.6488463619266057e-05 6.4794870723164266e-21
1.6518280009174315e-05 -6.250000811370234e-21
1.6548096399082572e-05 -3.944632777139718e-21
1.6577912788990826e-05 -3.0876349812502232e-21
1.660772917889908e-05 -1.3723995616713352e-20
1.6637545568807338e-05 1.9295395802961758e-21
1.6667361958715596e-05 -5.638999066689673e-21
1.6697178348623853e-05 -1.877626728265879e-20
1.672699473853211e-05 -1.5713528355967585e-21
1.6756811128440368e-05 -9.10861684796857e-21
1.6786627518348622e-05 -1.4535720473258614e-20
1.681644390825688e-05 -7.721302454659537e-21
1.6846260298165137e-05 -1.8764798668300425e-20
1.6876076688073395e-05 -1.1138187659421329e-20
1.6905893077981652e-05 -9.03386867874443e-21
1.693570946788991e-05 -2.5533174700105706e-20
1.6965525857798167e-05 -1.5293712430763373e-20
1.699534224770642e-05 -1.1903892688798988e-20
1.702515863761468e-05 -2.2502666605545954e-20
1.7054975027522936e-05 -1.640514289899487e-20
1.7084791417431194e-05 -2.28270276105195e-20
1.711460780733945e-05 -2.1912563378441386e-20
1.714442419724771e-05 -1.246223681990661e-20
1.7174240587155963e-05 -3.0034032004126265e-20
1.720405697706422e-05 -2.597873614918539e-20
1.7233873366972478e-05 -1.5817258981002472e-20
1.7263689756880736e-05 -2.982830733478233e-20
1.7293506146788993e-05 -2.503817454240443e-20
1.732332253669725e-05 -2.6961194326510662e-20
1.7353138926605508e-05 -3.3363348484814735e-20
1.7382955316513762e-05 -2.0531786159704176e-20
1.7412771706422016e-05 -3.040369276066517e-20
1.7442588096330274e-05 -3.7025245013187566e-20
1.747240448623853e-05 -2.249243195486069e-20
1.750222087614679e-05 -3.1182750500157815e-20
1.7532037266055046e-05 -3.4548913266309623e-20
1.7561853655963304e-05 -2.97374553655453e-20
1.7591670045871558e-05 -3.89984578568453e-20
1.7621486435779816e-05 -2.981958645489065e-20
1.7651302825688073e-05 -3.299046071785095e-20
1.768111921559633e-05 -4.547340164003263e-20
1.7710935605504588e-05 -3.091357655329489e-20
1.7740751995412846e-05 -3.4605944527455365e-20
1.7770568385321103e-05 -4.134761018187607e-20
1.7800384775229357e-05 -3.546891380025634e-20
1.7830201165137615e-05 -4.430251537453954e-20
1.7860017555045872e-05 -3.729375848167174e-20
1.788983394495413e-05 -3.254608580047623e-20
1.7919650334862387e-05 -4.946555832948467e-20
1.7949466724770645e-05 -4.093284482139166e-20
1.79792831146789e-05 -3.5356691990165984e-20
1.8009099504587156e-05 -4.885861229783761e-20
1.8038915894495414e-05 -4.1857849711396815e-20
1.806873228440367e-05 -4.504426481533541e-20
1.809854867431193e-05 -4.7661995355388614e-20
1.8128365064220186e-05 -3.718744316977826e-20
1.8158181454128444e-05 -5.105359452961931e-20
1.8187997844036698e-05 -5.032362746995275e-20
1.8217814233944952e-05 -3.8293374739339656e-20
1.824763062385321e-05 -5.0900235111813315e-20
1.8277447013761467e-05 -4.954458422551472e-20
1.8307263403669725e-05 -4.5838264048999085e-20
1.8337079793577982e-05 -5.41609645097654e-20
1.836689618348624e-05 -4.370954694014041e-20
1.8396712573394494e-05 -4.988675281528613e-20
1.842652896330275e-05 -6.042959802544772e-20
1.845634535321101e-05 -4.372562515499205e-20
1.8486161743119266e-05 -5.1951389619637773e-20
1.8515978133027524e-05 -5.848096725223559e-20
1.854579452293578e-05 -4.776313943142946e-20
1.857561091284404e-05 -5.826056098131177e-20
1.8605427302752293e-05 -5.234124380256945e-20
1.863524369266055e-05 -4.944696908254248e-20
1.8665060082568808e-05 -6.559997544675583e-20
1.8694876472477066e-05 -5.273222570231839e-20
1.8724692862385323e-05 -5.1425188908429676e-20
1.875450925229358e-05 -6.552898961794021e-20
1.8784325642201835e-05 -5.534389930916242e-20
1.8814142032110092e-05 -6.126916901998374e-20
1.884395842201835e-05 -6.224756095457764e-20
1.8873774811926607e-05 -5.080076627272844e-20
1.8903591201834865e-05 -7.028339842538647e-20
1.8933407591743122e-05 -6.487778237343696e-20
1.896322398165138e-05 -5.259321614897413e-20
1.8993040371559634e-05 -7.013623398899173e-20
1.9022856761467888e-05 -6.291763851912844e-20
1.9052673151376146e-05 -6.371335314246321e-20
1.9082489541284403e-05 -7.147435085006756e-20
1.911230593119266e-05 -5.799489646691685e-20
1.9142122321100918e-05 -7.111047316331462e-20
1.9171938711009176e-05 -7.465810359456763e-20
1.920175510091743e-05 -5.892107575828845e-20
1.9231571490825687e-05 -7.086165490294248e-20
1.9261387880733945e-05 -7.245217991361184e-20
1.9291204270642202e-05 -6.750885071726519e-20
1.932102066055046e-05 -7.57889378475308e-20
1.9350837050458717e-05 -6.641745542677534e-20
1.9380653440366975e-05 -7.030775169615205e-20
1.941046983027523e-05 -8.448748791641634e-20
1.9440286220183486e-05 -6.792551499790415e-20
1.9470102610091744e-05 -7.068262934081155e-20
1.9499919e-05 -8.415123829812299e-20
1.952973538990826e-05 -7.226091390717178e-20
1.9559551779816516e-05 -7.8561166312222e-20
1.958936816972477e-05 -7.855313334875732e-20
1.9619184559633028e-05 -7.147481303933287e-20
1.9649000949541286e-05 -8.733789394585086e-20
1.9678817339449543e-05 -7.718857264663262e-20
1.97086337293578e-05 -7.198354125816191e-20
1.9738450119266058e-05 -8.981554726319034e-20
1.9768266509174316e-05 -7.943100513635672e-20
1.979808289908257e-05 -8.021185627444841e-20
1.9827899288990824e-05 -8.837711015657149e-20
1.985771567889908e-05 -7.711623440166466e-20
1.988753206880734e-05 -8.882053229811537e-20
1.9917348458715596e-05 -8.95404115520716e-20
1.9947164848623854e-05 -7.592123305923373e-20
1.997698123853211e-05 -9.137525023979084e-20
2.0006797628440366e-05 -8.936307762262257e-20
2.0036614018348623e-05 -8.325202972703679e-20
2.006643040825688e-05 -9.28735394169562e-20
2.0096246798165138e-05 -8.309144443483642e-20
2.0126063188073396e-05 -8.975900852974357e-20
2.0155879577981653e-05 -9.753578956402053e-20
2.018569596788991e-05 -8.247311852053093e-20
2.0215512357798165e-05 -9.197771220598535e-20
2.0245328747706422e-05 -9.852823282187052e-20
2.027514513761468e-05 -8.801971517411742e-20
2.0304961527522937e-05 -9.511610080587594e-20
2.0334777917431195e-05 -9.267989522150709e-20
2.0364594307339452e-05 -9.032043588695011e-20
2.0394410697247706e-05 -1.0271778345639601e-19
2.0424227087155964e-05 -9.043799816828673e-20
2.045404347706422e-05 -9.06536308254311e-20
2.048385986697248e-05 -1.0522494685408719e-19
2.0513676256880736e-05 -9.28149534356729e-20
2.0543492646788994e-05 -9.661542140790698e-20
2.057330903669725e-05 -1.0113980554397321e-19
2.0603125426605506e-05 -9.306162967243141e-20
2.063294181651376e-05 -1.0651444185751515e-19
2.0662758206422017e-05 -1.007154111193278e-19
2.0692574596330275e-05 -9.160297002352268e-20
2.0722390986238532e-05 -1.0864241292672659e-19
2.075220737614679e-05 -1.0113258373843933e-19
2.0782023766055047e-05 -9.657245067217036e-20
2.08118401559633e-05 -1.065146293934778e-19
2.084165654587156e-05 -9.760627634992636e-20
2.0871472935779816e-05 -1.0640835760908522e-19
2.0901289325688074e-05 -1.0921654641786216e-19
2.093110571559633e-05 -9.530784841048677e-20
2.096092210550459e-05 -1.0968350387321715e-19
2.0990738495412846e-05 -1.1145696315237678e-19
2.10205548853211e-05 -1.0149145779682946e-19
2.1050371275229358e-05 -1.1149256638911918e-19
2.1080187665137616e-05 -1.0556457330624417e-19
2.1110004055045873e-05 -1.0593738111146983e-19
2.113982044495413e-05 -1.168846916130034e-19
2.1169636834862388e-05 -1.0251028753204633e-19
2.1199453224770642e-05 -1.0832799113522871e-19
2.12292696146789e-05 -1.1822376772037437e-19
2.1259086004587157e-05 -1.0551607922808088e-19
2.1288902394495415e-05 -1.135807394180134e-19
2.1318718784403672e-05 -1.1316405718546615e-19
2.134853517431193e-05 -1.0762683995445587e-19
2.1378351564220187e-05 -1.216948914663374e-19
2.140816795412844e-05 -1.1256867410803432e-19
2.1437984344036696e-05 -1.0902708228651288e-19
2.1467800733944953e-05 -1.2290332974352427e-19
2.149761712385321e-05 -1.130726695547404e-19
2.1527433513761468e-05 -1.1402531778181633e-19
2.1557249903669726e-05 -1.203179867872525e-19
2.1587066293577983e-05 -1.12449131025182e-19
2.1616882683486237e-05 -1.2331616421307413e-19
2.1646699073394495e-05 -1.2120374699112485e-19
2.1676515463302752e-05 -1.1053182296496127e-19
2.170633185321101e-05 -1.258671892904192e-19
2.1736148243119267e-05 -1.234709305738569e-19
2.1765964633027525e-05 -1.1612042061967573e-19
2.179578102293578e-05 -1.2488707249978516e-19
2.1825597412844036e-05 -1.190023632588694e-19
2.1855413802752294e-05 -1.2323885632641966e-19
2.188523019266055e-05 -1.2871828041176227e-19
2.191504658256881e-05 -1.155744459736724e-19
2.1944862972477066e-05 -1.2502117733774056e-19
2.1974679362385324e-05 -1.306660942792791e-19
2.2004495752293578e-05 -1.2079756296541303e-19
2.2034312142201836e-05 -1.2942174941607466e-19
2.2064128532110093e-05 -1.262007895378985e-19
2.209394492201835e-05 -1.2421896991590704e-19
2.2123761311926608e-05 -1.3629490999478455e-19
2.2153577701834866e-05 -1.2495342014671618e-19
2.2183394091743123e-05 -1.2661014870022133e-19
2.2213210481651377e-05 -1.383489036916158e-19
2.2243026871559635e-05 -1.253600863893575e-19
2.227284326146789e-05 -1.3019315090959484e-19
2.2302659651376146e-05 -1.3473035873836872e-19
2.2332476041284404e-05 -1.2687222172675587e-19
2.236229243119266e-05 -1.3898129353753517e-19
2.239210882110092e-05 -1.3329215082695067e-19
2.2421925211009173e-05 -1.2812052539107433e-19
2.245174160091743e-05 -1.425103511861234e-19
2.2481557990825688e-05 -1.3417258767041677e-19
2.2511374380733946e-05 -1.338600754518418e-19
2.2541190770642203e-05 -1.4052228535597604e-19
2.257100716055046e-05 -1.314438471206856e-19
2.2600823550458715e-05 -1.3961244092712717e-19
2.2630639940366972e-05 -1.4115541265446185e-19
2.266045633027523e-05 -1.3162125296835815e-19
2.2690272720183487e-05 -1.4389883768253952e-19
2.2720089110091745e-05 -1.426113888933754e-19
2.2749905500000002e-05 -1.3702484471540997e-19
2.277972188990826e-05 -1.464584587727519e-19
2.2809538279816514e-05 -1.3833250607725732e-19
2.283935466972477e-05 -1.4299132062589764e-19
2.286917105963303e-05 -1.5216213222844726e-19
2.2898987449541286e-05 -1.3721818194969885e-19
2.2928803839449544e-05 -1.4443754330193676e-19
2.29586202293578e-05 -1.5082851215877861e-19
2.298843661926606e-05 -1.4084905483084388e-19
2.3018253009174313e-05 -1.495528588858586e-19
2.304806939908257e-05 -1.4610193063815185e-19
2.3077885788990825e-05 -1.439669370689944e-19
2.3107702178899082e-05 -1.5709684943299514e-19
2.313751856880734e-05 -1.4458942841675535e-19
2.3167334958715597e-05 -1.455862270992862e-19
2.3197151348623855e-05 -1.5944527877453803e-19
2.322696773853211e-05 -1.467023047769309e-19
2.3256784128440366e-05 -1.5051224529662382e-19
2.3286600518348624e-05 -1.5439329940969873e-19
2.331641690825688e-05 -1.4654787605899088e-19
2.334623329816514e-05 -1.5949547540075913e-19
2.3376049688073396e-05 -1.5232476447610423e-19
2.340586607798165e-05 -1.4554855355735662e-19
2.3435682467889908e-05 -1.6279508427155663e-19
2.3465498857798166e-05 -1.5537034838427569e-19
2.3495315247706423e-05 -1.5262625317660584e-19
2.352513163761468e-05 -1.6021584291617279e-19
2.3554948027522938e-05 -1.5085566190251318e-19
2.3584764417431196e-05 -1.610619859262028e-19
2.361458080733945e-05 -1.6371701545942144e-19
2.3644397197247707e-05 -1.4736722554723826e-19
2.3674213587155965e-05 -1.621081189359527e-19
2.3704029977064222e-05 -1.6397858332986895e-19
2.373384636697248e-05 -1.5191713339622003e-19
2.3763662756880737e-05 -1.625225127572937e-19
2.3793479146788995e-05 -1.5632114061849866e-19
2.382329553669725e-05 -1.5911884547408265e-19
2.3853111926605506e-05 -1.6919430098319187e-19
2.388292831651376e-05 -1.523347692310377e-19
2.3912744706422018e-05 -1.5898273451618565e-19
2.3942561096330276e-05 -1.6916918350706418e-19
2.3972377486238533e-05 -1.5677074887157276e-19
2.400219387614679e-05 -1.6216219817371735e-19
2.4032010266055045e-05 -1.6136272304381824e-19
2.4061826655963302e-05 -1.5649529951009221e-19
2.409164304587156e-05 -1.6967001491216935e-19
2.4121459435779817e-05 -1.5884438679086235e-19
2.4151275825688075e-05 -1.5431371512281704e-19
2.4181092215596332e-05 -1.7101841002426556e-19
2.4210908605504586e-05 -1.605342952135031e-19
2.4240724995412844e-05 -1.594827889835728e-19
2.42705413853211e-05 -1.6600436268476277e-19
2.430035777522936e-05 -1.572181349504678e-19
2.4330174165137616e-05 -1.6808209268409024e-19
2.4359990555045874e-05 -1.6519491561486592e-19
2.438980694495413e-05 -1.5107554270831733e-19
2.4419623334862386e-05 -1.6783652724898826e-19
2.4449439724770643e-05 -1.6607158589835691e-19
2.44792561146789e-05 -1.5437543146026297e-19
2.4509072504587158e-05 -1.6378339044657532e-19
2.4538888894495416e-05 -1.5874989259588392e-19
2.4568705284403673e-05 -1.6208566823565105e-19
2.459852167431193e-05 -1.667405172719368e-19
2.4628338064220185e-05 -1.5081373984521127e-19
2.4658154454128442e-05 -1.6276677098823241e-19
2.4687970844036696e-05 -1.692168484658987e-19
2.4717787233944954e-05 -1.5312418277814059e-19
2.474760362385321e-05 -1.6044043494044496e-19
2.477742001376147e-05 -1.6029724308886618e-19
2.4807236403669723e-05 -1.5855767108029595e-19
2.483705279357798e-05 -1.6643058733223145e-19
2.4866869183486238e-05 -1.5151838122069674e-19
2.4896685573394496e-05 -1.5602975292100524e-19
2.4926501963302753e-05 -1.6886704086850247e-19
2.495631835321101e-05 -1.5125459714058738e-19
2.4986134743119268e-05 -1.5533248293268853e-19
2.5015951133027522e-05 -1.6277718339334957e-19
2.504576752293578e-05 -1.5405651352081632e-19
2.5075583912844037e-05 -1.628063704057415e-19
2.5105400302752295e-05 -1.555618309837343e-19
2.5135216692660552e-05 -1.4892614743524812e-19
2.516503308256881e-05 -1.649342730643038e-19
2.5194849472477067e-05 -1.5419304370950018e-19
2.522466586238532e-05 -1.4732034874050122e-19
2.525448225229358e-05 -1.5907162803690053e-19
2.5284298642201836e-05 -1.5253863818398757e-19
2.5314115032110094e-05 -1.5552850044454013e-19
2.534393142201835e-05 -1.5429248245896765e-19
2.537374781192661e-05 -1.4370946908415725e-19
2.5403564201834866e-05 -1.5871562174903497e-19
2.543338059174312e-05 -1.5602741151331346e-19
2.5463196981651378e-05 -1.4208329325774916e-19
2.5493013371559632e-05 -1.5409611863500968e-19
2.552282976146789e-05 -1.516280871577929e-19
2.5552646151376147e-05 -1.4793959139167057e-19
2.5582462541284405e-05 -1.5192057494315569e-19
2.561227893119266e-05 -1.3983074758279769e-19
2.5642095321100916e-05 -1.4829250493686501e-19
2.5671911711009174e-05 -1.543029641577732e-19
2.570172810091743e-05 -1.3901116105250778e-19
2.573154449082569e-05 -1.4439924130933887e-19
2.5761360880733946e-05 -1.4682679218840204e-19
2.5791177270642204e-05 -1.4286337316815669e-19
2.5820993660550458e-05 -1.4702900786229083e-19
2.5850810050458715e-05 -1.3667454934364996e-19
2.5880626440366973e-05 -1.3737440811624483e-19
2.591044283027523e-05 -1.4955649060586928e-19
2.5940259220183488e-05 -1.3598088601934317e-19
2.5970075610091746e-05 -1.3160148351826767e-19
2.5999892000000003e-05 -1.420810324771606e-19
2.6029708389908257e-05 -1.3548313014126756e-19
2.6059524779816515e-05 -1.366800251035226e-19
2.6089341169724772e-05 -1.3389974756174038e-19
2.611915755963303e-05 -1.273442297465406e-19
2.6148973949541287e-05 -1.4160498204083786e-19
2.6178790339449545e-05 -1.3137026503899458e-19
2.6208606729357802e-05 -1.215687468829645e-19
2.6238423119266056e-05 -1.3540850816119028e-19
2.6268239509174314e-05 -1.2733734780414853e-19
2.6298055899082568e-05 -1.2739164808051633e-19
2.6327872288990825e-05 -1.269691404114354e-19
2.6357688678899083e-05 -1.1603285013501667e-19
2.638750506880734e-05 -1.296507039524196e-19
2.6417321458715595e-05 -1.255114461056272e-19
2.6447137848623852e-05 -1.1207952641104737e-19
2.647695423853211e-05 -1.230352012368226e-19
2.6506770628440367e-05 -1.2099769280740626e-19
2.6536587018348625e-05 -1.149198461539427e-19
2.6566403408256882e-05 -1.1728475269224782e-19
2.659621979816514e-05 -1.0791586928419922e-19
2.6626036188073394e-05 -1.1284913823216243e-19
2.665585257798165e-05 -1.1934428177343708e-19
2.668566896788991e-05 -1.0195356558346681e-19
2.6715485357798166e-05 -1.0590688980006564e-19
2.6745301747706424e-05 -1.1225147956791041e-19
2.677511813761468e-05 -1.015370339149792e-19
2.680493452752294e-05 -1.0489276516950826e-19
2.6834750917431193e-05 -9.901000851632066e-20
2.686456730733945e-05 -9.828091838352072e-20
2.6894383697247708e-05 -1.0814747814459464e-19
2.6924200087155966e-05 -9.323310376373955e-20
2.6954016477064223e-05 -8.961913891180448e-20
2.698383286697248e-05 -9.990209036824551e-20
2.7013649256880738e-05 -9.173833615262557e-20
2.7043465646788992e-05 -9.019152696778251e-20
2.707328203669725e-05 -8.888186572065462e-20
2.7103098426605504e-05 -8.162309842290158e-20
2.713291481651376e-05 -9.169667827864998e-20
2.716273120642202e-05 -8.467323086867827e-20
2.7192547596330276e-05 -7.383053785940174e-20
2.722236398623853e-05 -8.680790998159482e-20
2.7252180376146788e-05 -8.013587660896118e-20
2.7281996766055045e-05 -7.334355183164276e-20
2.7311813155963303e-05 -7.694614180610502e-20
2.734162954587156e-05 -6.7440611647651e-20
2.7371445935779818e-05 -7.514898417102812e-20
2.7401262325688076e-05 -7.442007163629292e-20
2.743107871559633e-05 -5.556849165425229e-20
2.7460895105504587e-05 -6.77706837966984e-20
2.7490711495412845e-05 -6.973784638320625e-20
2.7520527885321102e-05 -5.573696429888111e-20
2.755034427522936e-05 -6.010749777958564e-20
2.7580160665137617e-05 -5.3138905588882856e-20
2.7609977055045875e-05 -5.646459456771958e-20
2.763979344495413e-05 -6.102268528092372e-20
2.7669609834862386e-05 -4.027754571396866e-20
2.7699426224770644e-05 -4.838560970338551e-20
2.77292426146789e-05 -5.592255948152922e-20
2.775905900458716e-05 -3.747686164286171e-20
2.7788875394495416e-05 -4.200309172481127e-20
2.7818691784403674e-05 -3.934043896530221e-20
2.7848508174311928e-05 -3.434649129505237e-20
2.7878324564220186e-05 -4.4839568539120513e-20
2.790814095412844e-05 -2.654187284779567e-20
2.7937957344036697e-05 -2.3790842820756758e-20
2.7967773733944955e-05 -4.0869352704719335e-20
2.7997590123853212e-05 -2.4068478018021224e-20
2.8027406513761466e-05 -1.9395214376702625e-20
2.8057222903669724e-05 -2.5572197659308555e-20
2.808703929357798e-05 -1.6028598274453013e-20
2.811685568348624e-05 -2.18179439412275e-20
2.8146672073394496e-05 -1.464331455580355e-20
2.8176488463302754e-05 -2.2382494626835496e-21
2.820630485321101e-05 -1.843525032728041e-20
2.8236121243119265e-05 -9.922441737791389e-21
2.8265937633027523e-05 1.9886928291975354e-21
2.829575402293578e-05 -7.732894783209881e-21
2.8325570412844038e-05 2.5794225231821e-21
2.8355386802752295e-05 -1.2964683614409952e-21
2.8385203192660553e-05 -1.2593769402202252e-21
2.841501958256881e-05 1.8522643047740462e-20
2.8444835972477065e-05 4.12928994488652e-21
2.8474652362385322e-05 4.183173505751043e-21
2.850446875229358e-05 2.226786265943565e-20
2.8534285142201837e-05 1.4149941848610622e-20
2.8564101532110095e-05 1.9753455851878153e-20
2.8593917922018352e-05 2.2095996570896734e-20
2.862373431192661e-05 1.6314330656083324e-20
2.8653550701834864e-05 3.330775111959875e-20
2.868336709174312e-05 2.8605376721429646e-20
2.871318348165138e-05 2.0309726397384706e-20
2.874299987155963e-05 3.867854132274025e-20
2.8772816261467887e-05 3.603694911039356e-20
2.8802632651376145e-05 3.4083229439575043e-20
2.8832449041284402e-05 4.211901613134889e-20
2.886226543119266e-05 3.578505525046738e-20
2.8892081821100917e-05 4.954292489099635e-20
2.8921898211009175e-05 5.2706071164409895e-20
2.8951714600917432e-05 3.6391357500144434e-20
2.898153099082569e-05 5.25043150484398e-20
2.9011347380733947e-05 6.013665182928292e-20
2.9041163770642205e-05 5.0348664720038177e-20
2.9070980160550462e-05 5.750254146091473e-20
2.910079655045872e-05 5.604333243695626e-20
2.913061294036697e-05 6.086333507269626e-20
2.9160429330275228e-05 7.155876750601987e-20
2.9190245720183485e-05 5.849433664127278e-20
2.9220062110091743e-05 6.554420461553907e-20
2.92498785e-05 8.088864090600261e-20
2.9279694889908258e-05 6.917997610060234e-20
2.9309511279816515e-05 7.344553764361457e-20
2.9339327669724773e-05 7.876339834831504e-20
2.936914405963303e-05 7.563286196950789e-20
2.9398960449541288e-05 8.952496123145537e-20
2.9428776839449546e-05 7.879455634325245e-20
2.9458593229357803e-05 7.466587540371853e-20
2.9488409619266057e-05 9.844950269543157e-20
2.9518226009174315e-05 8.842392190941668e-20
2.954804239908257e-05 8.62207375289914e-20
2.9577858788990823e-05 9.849440198464597e-20
2.960767517889908e-05 9.090598289368295e-20
2.9637491568807338e-05 1.0273563319618172e-19
2.9667307958715595e-05 1.0165319837133808e-19
2.9697124348623853e-05 9.062054055176689e-20
2.972694073853211e-05 1.1155771605519968e-19
2.9756757128440368e-05 1.0945943084172056e-19
2.9786573518348625e-05 9.911394430545131e-20
2.9816389908256883e-05 1.1271756195070673e-19
2.984620629816514e-05 1.0985934041092642e-19
2.9876022688073398e-05 1.1350144734094466e-19
2.9905839077981656e-05 1.2140104897861916e-19
2.9935655467889906e-05 1.0791352899923297e-19
2.9965471857798164e-05 1.2074813204076877e-19
2.999528824770642e-05 1.3049461360363455e-19
3.002510463761468e-05 1.161916793654988e-19
3.0054921027522936e-05 1.2806538042772341e-19
3.0084737417431194e-05 1.2876835710164357e-19
3.011455380733945e-05 1.258833655504055e-19
3.014437019724771e-05 1.3951741393564708e-19
3.0174186587155966e-05 1.2530987826488793e-19
3.0204002977064224e-05 1.3006781013180526e-19
3.023381936697248e-05 1.483213904570476e-19
3.026363575688074e-05 1.3285712384197306e-19
3.0293452146788993e-05 1.3742023139540722e-19
3.032326853669725e-05 1.468436956653111e-19
3.0353084926605505e-05 1.4079300801265623e-19
3.038290131651376e-05 1.5255972847261584e-19
3.0412717706422016e-05 1.4652162952776256e-19
3.0442534096330274e-05 1.413732397293244e-19
3.047235048623853e-05 1.6163963510256197e-19
3.050216687614679e-05 1.530913383089623e-19
3.0531983266055046e-05 1.4722521587931065e-19
3.056179965596331e-05 1.6222444513832548e-19
3.059161604587156e-05 1.568485934778693e-19
3.062143243577982e-05 1.611649484106096e-19
3.0651248825688076e-05 1.6392317327662956e-19
3.068106521559634e-05 1.550218770906626e-19
3.071088160550459e-05 1.7235589214487998e-19
3.0740697995412845e-05 1.7186151056491457e-19
3.07705143853211e-05 1.5998078237451389e-19
3.0800330775229354e-05 1.7399238415653238e-19
3.0830147165137615e-05 1.7186652103877068e-19
3.085996355504587e-05 1.7079243438773036e-19
3.088977994495413e-05 1.7894197465667277e-19
3.0919596334862384e-05 1.6970809525744385e-19
3.0949412724770645e-05 1.78859624516975e-19
3.09792291146789e-05 1.8625456625461514e-19
3.100904550458716e-05 1.7196483242901184e-19
3.1038861894495414e-05 1.8248585631894795e-19
3.1068678284403675e-05 1.8841545176750624e-19
3.109849467431193e-05 1.8090316252001695e-19
3.112831106422019e-05 1.9068107020768717e-19
3.115812745412844e-05 1.838238100696868e-19
3.11879438440367e-05 1.8314285928176514e-19
3.121776023394495e-05 1.9923198033888045e-19
3.124757662385321e-05 1.856760371439321e-19
3.127739301376147e-05 1.8631283789381156e-19
3.130720940366973e-05 2.0023243083070084e-19
3.133702579357798e-05 1.9054190897625466e-19
3.136684218348624e-05 1.9691933323959515e-19
3.13966585733945e-05 1.9670500690285664e-19
3.142647496330276e-05 1.9140408560971413e-19
3.145629135321101e-05 2.0793707104038008e-19
3.148610774311927e-05 1.9795575094389618e-19
3.151592413302753e-05 1.9308946333252777e-19
3.154574052293578e-05 2.0887073033379485e-19
3.1575556912844035e-05 2.0006741870796465e-19
3.160537330275229e-05 2.018620081523233e-19
3.163518969266055e-05 2.065808188028838e-19
3.1665006082568805e-05 1.9703132751378553e-19
3.1694822472477065e-05 2.0944022035525833e-19
3.172463886238532e-05 2.1008580753167316e-19
3.175445525229358e-05 1.9837433245927903e-19
3.1784271642201835e-05 2.097910748315873e-19
3.1814088032110095e-05 2.0991780454328978e-19
3.184390442201835e-05 2.0638977436511738e-19
3.187372081192661e-05 2.1352554614531347e-19
3.1903537201834865e-05 2.0514141265209202e-19
3.1933353591743126e-05 2.094614453231684e-19
3.196316998165137e-05 2.1813099171940373e-19
3.1992986371559634e-05 2.0322671803470775e-19
3.202280276146789e-05 2.098751728846427e-19
3.205261915137615e-05 2.1927393639743315e-19
3.20824355412844e-05 2.0730764124165364e-19
3.2112251931192664e-05 2.1398479329247646e-19
3.214206832110092e-05 2.1409066683295304e-19
3.217188471100918e-05 2.092744387625969e-19
3.220170110091743e-05 2.2144896594870606e-19
3.2231517490825694e-05 2.1083418129767592e-19
3.226133388073395e-05 2.0842337329278642e-19
3.229115027064221e-05 2.2333479298500336e-19
3.232096666055046e-05 2.1147216901392719e-19
3.235078305045872e-05 2.1276745493488165e-19
3.238059944036697e-05 2.177092034772728e-19
3.2410415830275225e-05 2.0771692906925544e-19
3.2440232220183486e-05 2.197950893939221e-19
