0.0 1.7916739730331318e-19
2.98149608433735e-08 1.84150504611965e-19
5.9629921686747e-08 1.7464300215100353e-19
8.94448825301205e-08 1.7145172504704136e-19
1.19259843373494e-07 1.6464321480894162e-19
1.490748042168675e-07 1.8042197506497747e-19
1.78889765060241e-07 1.8188447686496834e-19
2.0870472590361448e-07 1.5787555522816983e-19
2.38519686746988e-07 1.678153301334448e-19
2.683346475903615e-07 1.8003184793534435e-19
2.98149608433735e-07 1.6987744460702082e-19
3.279645692771085e-07 1.6523105957728407e-19
3.57779530120482e-07 1.601325762023204e-19
3.875944909638555e-07 1.6788764438307748e-19
4.1740945180722896e-07 1.7602996502095669e-19
4.472244126506025e-07 1.5439348111767654e-19
4.77039373493976e-07 1.534857801164139e-19
5.068543343373495e-07 1.715980471953954e-19
5.36669295180723e-07 1.6371348242175091e-19
5.664842560240965e-07 1.573559988405807e-19
5.9629921686747e-07 1.5270601780637308e-19
6.261141777108435e-07 1.5462040288509444e-19
6.55929138554217e-07 1.6960219853148568e-19
6.857440993975905e-07 1.5373565478390966e-19
7.15559060240964e-07 1.416341811060829e-19
7.453740210843375e-07 1.5935685162177818e-19
7.75188981927711e-07 1.5762422838170014e-19
8.050039427710845e-07 1.480638624623976e-19
8.348189036144579e-07 1.4475520354504137e-19
8.646338644578314e-07 1.4380971636845657e-19
8.94448825301205e-07 1.5779051723320557e-19
9.242637861445785e-07 1.4967721390645628e-19
9.54078746987952e-07 1.3043276391522578e-19
9.838937078313255e-07 1.4618666926338728e-19
1.013708668674699e-06 1.518684387211088e-19
1.0435236295180726e-06 1.3850600027875579e-19
1.073338590361446e-06 1.369685605051071e-19
1.1031535512048196e-06 1.3438524433442639e-19
1.132968512048193e-06 1.4293257028349538e-19
1.1627834728915664e-06 1.4422996861717942e-19
1.19259843373494e-06 1.2299305407016908e-19
1.2224133945783135e-06 1.2977125371113852e-19
1.252228355421687e-06 1.4267498491744214e-19
1.2820433162650605e-06 1.310243343784451e-19
1.311858277108434e-06 1.2603901124480017e-19
1.3416732379518075e-06 1.2336953117931368e-19
1.371488198795181e-06 1.2983090834495804e-19
1.4013031596385546e-06 1.376047667650966e-19
1.431118120481928e-06 1.1607297516942368e-19
1.4609330813253014e-06 1.1379071685720015e-19
1.490748042168675e-06 1.3292971142764937e-19
1.5205630030120487e-06 1.2394734705396608e-19
1.550377963855422e-06 1.143521234685925e-19
1.5801929246987955e-06 1.1348202517667147e-19
1.610007885542169e-06 1.1602195817595846e-19
1.6398228463855425e-06 1.2632590153198135e-19
1.6696378072289158e-06 1.1094763296659887e-19
1.6994527680722896e-06 1.0005483954372522e-19
1.7292677289156629e-06 1.196993208069182e-19
1.7590826897590366e-06 1.167728685918632e-19
1.78889765060241e-06 1.0401297644116375e-19
1.8187126114457837e-06 1.0386581707526401e-19
1.848527572289157e-06 1.0226020638384271e-19
1.8783425331325307e-06 1.1325177756146104e-19
1.908157493975904e-06 1.0584618544338128e-19
1.937972454819277e-06 8.6347572755317e-20
1.967787415662651e-06 1.0317670632924848e-19
1.997602376506024e-06 1.0839067264338878e-19
2.027417337349398e-06 9.274128285743211e-20
2.057232298192771e-06 9.157111092408995e-20
2.087047259036145e-06 8.932568280584293e-20
2.1168622198795182e-06 9.921256204674769e-20
2.146677180722892e-06 1.0014363996641085e-19
2.1764921415662653e-06 7.676418312420291e-20
2.206307102409639e-06 8.528604376465952e-20
2.2361220632530123e-06 9.747491031592938e-20
2.265937024096386e-06 8.257707535689753e-20
2.2957519849397593e-06 7.852171013404263e-20
2.325566945783133e-06 7.815012585612031e-20
2.3553819066265064e-06 8.273639466084441e-20
2.38519686746988e-06 8.803751281091836e-20
2.4150118283132534e-06 6.777458495407487e-20
2.444826789156627e-06 6.715568241366615e-20
2.4746417500000005e-06 8.600200991695432e-20
2.504456710843374e-06 7.427598574011839e-20
2.5342716716867475e-06 6.474610532317896e-20
2.564086632530121e-06 6.62220027693338e-20
2.5939015933734945e-06 6.624842244915925e-20
2.623716554216868e-06 7.46427634791336e-20
2.6535315150602416e-06 6.02202966932997e-20
2.683346475903615e-06 4.843952014594838e-20
2.7131614367469886e-06 6.870071518007617e-20
2.742976397590362e-06 6.495365384799519e-20
2.7727913584337352e-06 4.919452397796975e-20
2.802606319277109e-06 5.25920836330952e-20
2.8324212801204823e-06 5.2451230291479527e-20
2.862236240963856e-06 5.955696476542098e-20
2.8920512018072293e-06 5.400887636573951e-20
2.921866162650603e-06 3.3184523187922804e-20
2.951681123493976e-06 4.803288422185882e-20
2.98149608433735e-06 5.676804108313321e-20
3.0113110451807234e-06 3.679635224585764e-20
3.0411260060240973e-06 3.647065442811712e-20
3.07094096686747e-06 3.852221251729586e-20
3.100755927710844e-06 4.0777942186521344e-20
3.1305708885542175e-06 4.303213681151752e-20
3.160385849397591e-06 2.2435694978772293e-20
3.190200810240964e-06 2.831296747298239e-20
3.220015771084338e-06 4.4902456773613984e-20
3.2498307319277115e-06 2.633627253423405e-20
3.279645692771085e-06 2.0301582844079718e-20
3.309460653614458e-06 2.4714992449266203e-20
3.3392756144578317e-06 2.637022689255465e-20
3.3690905753012056e-06 3.0304235571510084e-20
3.398905536144579e-06 1.2551885474556012e-20
3.4287204969879522e-06 1.0038124427346009e-20
3.4585354578313258e-06 2.883570019305867e-20
3.4883504186746997e-06 1.7773253235592483e-20
3.5181653795180732e-06 4.8001531350672716e-21
3.5479803403614463e-06 9.945642558290184e-21
3.57779530120482e-06 1.242473686648129e-20
3.6076102620481934e-06 1.6829540344738375e-20
3.6374252228915673e-06 4.754847359258722e-21
3.6672401837349404e-06 -5.5071215320301e-21
3.697055144578314e-06 1.1936989851632223e-20
3.7268701054216874e-06 8.043387176992707e-21
3.7566850662650614e-06 -9.955485791231191e-21
3.786500027108434e-06 -3.900552981391102e-21
3.816314987951808e-06 -1.3464003041468588e-21
3.846129948795182e-06 -1.2048158967689974e-21
3.875944909638554e-06 -3.1344728505701947e-21
3.905759870481928e-06 -1.902886555044425e-20
3.935574831325302e-06 -8.739889070854123e-21
3.965389792168676e-06 1.0673184901680438e-21
3.995204753012048e-06 -1.8538708780843107e-20
4.025019713855422e-06 -2.0665076522969847e-20
4.054834674698796e-06 -1.474274691150702e-20
4.084649635542169e-06 -1.4156583613642146e-20
4.114464596385542e-06 -1.520955831274178e-20
4.144279557228916e-06 -3.0154407693191186e-20
4.17409451807229e-06 -2.770506259653774e-20
4.203909478915663e-06 -1.2647008812552304e-20
4.2337244397590364e-06 -2.751172399328842e-20
4.26353940060241e-06 -3.7751818245641345e-20
4.293354361445784e-06 -2.7349088482357474e-20
4.323169322289157e-06 -2.853269247077096e-20
4.3529842831325305e-06 -2.862536085996203e-20
4.3827992439759045e-06 -3.9048808279635196e-20
4.412614204819278e-06 -4.56199928966205e-20
4.4424291656626515e-06 -2.643900062584209e-20
4.472244126506025e-06 -3.6599282061997945e-20
4.5020590873493985e-06 -5.333131129358837e-20
4.531874048192772e-06 -4.4519549693762087e-20
4.5616890090361456e-06 -4.107060490629222e-20
4.591503969879519e-06 -4.1597593988400273e-20
4.621318930722893e-06 -5.199477689223029e-20
4.651133891566266e-06 -6.016763503649808e-20
4.68094885240964e-06 -4.443456511262568e-20
4.710763813253013e-06 -4.502609484653175e-20
4.740578774096387e-06 -6.537856315158729e-20
4.77039373493976e-06 -6.099455684202164e-20
4.800208695783133e-06 -5.384592103574063e-20
4.830023656626507e-06 -5.855717148888373e-20
4.859838617469881e-06 -6.287594962489555e-20
4.889653578313254e-06 -7.434527021825073e-20
4.919468539156627e-06 -6.600617752761957e-20
4.949283500000001e-06 -5.64780963817637e-20
4.979098460843375e-06 -7.656649170866114e-20
5.008913421686748e-06 -7.828328412790894e-20
5.038728382530121e-06 -6.829768185336796e-20
5.068543343373495e-06 -7.176590107573444e-20
5.098358304216868e-06 -7.416694568964757e-20
5.128173265060242e-06 -8.749450235000935e-20
5.157988225903615e-06 -8.509269804631352e-20
5.187803186746989e-06 -6.9934696245716e-20
5.217618147590362e-06 -8.787478568643619e-20
5.247433108433736e-06 -9.556842083404142e-20
5.277248069277109e-06 -8.591173331553414e-20
5.307063030120483e-06 -8.744484151717852e-20
5.336877990963856e-06 -8.766243350433118e-20
5.36669295180723e-06 -1.0041888587789243e-19
5.396507912650603e-06 -1.0183636882625877e-19
5.426322873493977e-06 -8.561803673947552e-20
5.45613783433735e-06 -9.789085076934041e-20
5.485952795180724e-06 -1.112662179783243e-19
5.515767756024097e-06 -1.0230559116021149e-19
5.5455827168674705e-06 -1.0085336374863962e-19
5.575397677710844e-06 -1.0359595394036824e-19
5.605212638554218e-06 -1.108473970558861e-19
5.6350275993975914e-06 -1.1848558663921012e-19
5.6648425602409645e-06 -1.0509859280817807e-19
5.6946575210843385e-06 -1.0672337189387123e-19
5.724472481927712e-06 -1.2563193129304288e-19
5.7542874427710855e-06 -1.1943707329437225e-19
5.784102403614459e-06 -1.139967941117155e-19
5.8139173644578326e-06 -1.1815952621485905e-19
5.843732325301206e-06 -1.2229040496585265e-19
5.87354728614458e-06 -1.3324618121292014e-19
5.903362246987952e-06 -1.2380353154758815e-19
5.933177207831327e-06 -1.1709320959508587e-19
5.9629921686747e-06 -1.374601282700065e-19
5.992807129518074e-06 -1.3766020059046013e-19
6.022622090361447e-06 -1.2730113180786857e-19
6.05243705120482e-06 -1.319420251689513e-19
6.082252012048195e-06 -1.3556278286643938e-19
6.112066972891567e-06 -1.4624260936832549e-19
6.14188193373494e-06 -1.4170394907110898e-19
6.171696894578315e-06 -1.2768404970506076e-19
6.201511855421688e-06 -1.4664414896937963e-19
6.231326816265062e-06 -1.529054923185712e-19
6.261141777108435e-06 -1.4197343609942596e-19
6.290956737951808e-06 -1.4663158206296048e-19
6.320771698795182e-06 -1.4653681903016413e-19
6.350586659638555e-06 -1.5650503553785162e-19
6.380401620481928e-06 -1.6049145422071058e-19
6.410216581325303e-06 -1.4377644313826998e-19
6.440031542168676e-06 -1.539569425249988e-19
6.46984650301205e-06 -1.6806844412966668e-19
6.499661463855423e-06 -1.575846679640961e-19
6.529476424698796e-06 -1.565361631158142e-19
6.55929138554217e-06 -1.6102322520267154e-19
6.589106346385543e-06 -1.666348497478015e-19
6.618921307228916e-06 -1.7447197482681003e-19
6.648736268072291e-06 -1.6061005189013755e-19
6.678551228915663e-06 -1.6193170626418536e-19
6.7083661897590365e-06 -1.8403034143134907e-19
6.738181150602411e-06 -1.7459774194807472e-19
6.767996111445784e-06 -1.6769902503965766e-19
6.797811072289158e-06 -1.745766217046957e-19
6.827626033132531e-06 -1.752306788371048e-19
6.8574409939759045e-06 -1.874260414864363e-19
6.8872559548192784e-06 -1.7709192778593955e-19
6.9170709156626515e-06 -1.680642368223423e-19
6.946885876506025e-06 -1.9220101786381174e-19
6.976700837349399e-06 -1.8928843668351092e-19
7.0065157981927725e-06 -1.7809170880683208e-19
7.0363307590361465e-06 -1.861422591472091e-19
7.0661457198795195e-06 -1.8662056635618274e-19
7.095960680722893e-06 -1.9597677977933984e-19
7.125775641566267e-06 -1.939060978066957e-19
7.15559060240964e-06 -1.7853339679816977e-19
7.185405563253013e-06 -1.9783177019882493e-19
7.215220524096387e-06 -2.0385394846400585e-19
7.24503548493976e-06 -1.8712761181981931e-19
7.274850445783135e-06 -1.9490470131574242e-19
7.304665406626508e-06 -1.9735200879384256e-19
7.334480367469881e-06 -2.0218349637838664e-19
7.364295328313255e-06 -2.0637116172548582e-19
7.394110289156628e-06 -1.894818335673538e-19
7.423925250000001e-06 -2.026290173788993e-19
7.453740210843375e-06 -2.172916375758123e-19
7.483555171686748e-06 -1.998327676662481e-19
7.513370132530123e-06 -2.011132821723976e-19
7.543185093373496e-06 -2.07497924507768e-19
7.573000054216868e-06 -2.0769504603490996e-19
7.602815015060243e-06 -2.161133839401591e-19
7.632629975903616e-06 -2.0326269004327644e-19
7.662444936746989e-06 -2.0106542532284737e-19
7.692259897590364e-06 -2.2342488248338125e-19
7.722074858433737e-06 -2.1362559040710857e-19
7.751889819277108e-06 -2.04768971770021e-19
7.781704780120483e-06 -2.1574256964380749e-19
7.811519740963856e-06 -2.1522076885002332e-19
7.841334701807231e-06 -2.217832776990854e-19
7.871149662650604e-06 -2.1670085090306794e-19
7.900964623493977e-06 -2.070523509933236e-19
7.930779584337352e-06 -2.260184137381212e-19
7.960594545180723e-06 -2.2511720943360864e-19
7.990409506024097e-06 -2.1022418889550013e-19
8.020224466867471e-06 -2.1901899298504127e-19
8.050039427710844e-06 -2.2210204177474716e-19
8.07985438855422e-06 -2.248108627245319e-19
8.109669349397592e-06 -2.258272235635795e-19
8.139484310240965e-06 -2.115326948397013e-19
8.169299271084339e-06 -2.257401008971694e-19
8.199114231927712e-06 -2.3697999085569884e-19
8.228929192771085e-06 -2.1680292404147428e-19
8.25874415361446e-06 -2.207901729794047e-19
8.288559114457833e-06 -2.2802696341694575e-19
8.318374075301207e-06 -2.281323289852501e-19
8.34818903614458e-06 -2.313075569012651e-19
8.378003996987954e-06 -2.1560280862476284e-19
8.407818957831327e-06 -2.244303798416628e-19
8.4376339186747e-06 -2.41564848270989e-19
8.467448879518073e-06 -2.237683091369064e-19
8.497263840361448e-06 -2.2186056254959746e-19
8.52707880120482e-06 -2.325832434221942e-19
8.556893762048196e-06 -2.315761109990074e-19
8.586708722891569e-06 -2.3617662014473316e-19
8.616523683734942e-06 -2.2640297565927e-19
8.646338644578315e-06 -2.2189927663430085e-19
8.676153605421688e-06 -2.4229562804512267e-19
8.705968566265061e-06 -2.341304764194022e-19
8.735783527108436e-06 -2.213349393673555e-19
8.765598487951809e-06 -2.3330014564466927e-19
8.795413448795182e-06 -2.331952586678207e-19
8.825228409638557e-06 -2.357971613243091e-19
8.85504337048193e-06 -2.3264417111963915e-19
8.884858331325303e-06 -2.219276127307882e-19
8.914673292168676e-06 -2.3953276603695687e-19
8.94448825301205e-06 -2.418150681650298e-19
8.974303213855424e-06 -2.2402538404973046e-19
9.004118174698797e-06 -2.324366241430483e-19
9.03393313554217e-06 -2.3618633856726654e-19
9.063748096385543e-06 -2.324765450548716e-19
9.093563057228916e-06 -2.355290426097231e-19
9.123378018072291e-06 -2.23646315923892e-19
9.153192978915664e-06 -2.3271841334694215e-19
9.183007939759037e-06 -2.4593164347926425e-19
9.212822900602412e-06 -2.242738719906841e-19
9.242637861445785e-06 -2.2627685597196423e-19
9.272452822289158e-06 -2.385019210136316e-19
9.302267783132531e-06 -2.322235336678252e-19
9.332082743975905e-06 -2.3687499417560275e-19
9.36189770481928e-06 -2.2589152727745203e-19
9.391712665662652e-06 -2.248060830876698e-19
9.421527626506026e-06 -2.449411173422455e-19
9.4513425873494e-06 -2.275085725733288e-19
9.481157548192773e-06 -2.199386043389886e-19
9.510972509036146e-06 -2.351958476396215e-19
9.54078746987952e-06 -2.300458225778641e-19
9.570602430722893e-06 -2.314482194388823e-19
9.600417391566266e-06 -2.247864122919168e-19
9.63023235240964e-06 -2.1847338526398473e-19
9.660047313253014e-06 -2.377932921396919e-19
9.689862274096388e-06 -2.3039366428798255e-19
9.719677234939762e-06 -2.1545310737110507e-19
9.749492195783135e-06 -2.2639279852704704e-19
9.779307156626508e-06 -2.268025626435952e-19
9.80912211746988e-06 -2.2578825299026883e-19
9.838937078313254e-06 -2.209109193067168e-19
9.868752039156629e-06 -2.1064661075330792e-19
9.898567000000002e-06 -2.271385084078284e-19
9.928381960843377e-06 -2.2779070207883326e-19
9.95819692168675e-06 -2.076501128400965e-19
9.988011882530121e-06 -2.1655687285425795e-19
1.0017826843373496e-05 -2.2266107004499823e-19
1.0047641804216869e-05 -2.167764937717192e-19
1.0077456765060242e-05 -2.177901010353831e-19
1.0107271725903617e-05 -2.050372366483541e-19
1.013708668674699e-05 -2.1130933768524843e-19
1.0166901647590363e-05 -2.2514359442320377e-19
1.0196716608433736e-05 -2.0234316756375024e-19
1.022653156927711e-05 -2.008074791226277e-19
1.0256346530120484e-05 -2.1320972518817566e-19
1.0286161490963857e-05 -2.0638770876449793e-19
1.031597645180723e-05 -2.0807780103671393e-19
1.0345791412650605e-05 -1.9693041675598665e-19
1.0375606373493978e-05 -1.962783361917344e-19
1.0405421334337351e-05 -2.1497905801322e-19
1.0435236295180724e-05 -1.9704745600325176e-19
1.0465051256024097e-05 -1.8622303035309107e-19
1.0494866216867472e-05 -2.0193571138352994e-19
1.0524681177710845e-05 -1.9768236468054874e-19
1.0554496138554218e-05 -1.940663277666204e-19
1.0584311099397593e-05 -1.8773446652934393e-19
1.0614126060240966e-05 -1.8038112245015823e-19
1.064394102108434e-05 -1.989928071549712e-19
1.0673755981927712e-05 -1.9244331792108464e-19
1.0703570942771086e-05 -1.7187778175354136e-19
1.073338590361446e-05 -1.8456343704519297e-19
1.0763200864457833e-05 -1.8756031716534283e-19
1.0793015825301207e-05 -1.8104582460798018e-19
1.0822830786144581e-05 -1.7748307193035394e-19
1.0852645746987954e-05 -1.6623303188886027e-19
1.0882460707831328e-05 -1.7923751800246627e-19
1.09122756686747e-05 -1.8326035923083227e-19
1.0942090629518074e-05 -1.577273477624353e-19
1.0971905590361449e-05 -1.6430091368810684e-19
1.1001720551204822e-05 -1.746655119051524e-19
1.1031535512048195e-05 -1.6391566619870904e-19
1.106135047289157e-05 -1.626345381411874e-19
1.1091165433734941e-05 -1.5400310117025288e-19
1.1120980394578314e-05 -1.5919409035612075e-19
1.1150795355421689e-05 -1.702874816088597e-19
1.1180610316265062e-05 -1.4755797662222365e-19
1.1210425277108437e-05 -1.4266273006531764e-19
1.124024023795181e-05 -1.5796826567073697e-19
1.1270055198795183e-05 -1.5128742978652017e-19
1.1299870159638556e-05 -1.4454182015806646e-19
1.1329685120481929e-05 -1.373096089029835e-19
1.1359500081325302e-05 -1.3653679354701427e-19
1.1389315042168677e-05 -1.5280080144022568e-19
1.141913000301205e-05 -1.3617627978450877e-19
1.1448944963855423e-05 -1.2032463761201839e-19
1.1478759924698798e-05 -1.3991327548289844e-19
1.1508574885542171e-05 -1.3572210263796645e-19
1.1538389846385544e-05 -1.2573270457263892e-19
1.1568204807228917e-05 -1.2268648039156157e-19
1.159801976807229e-05 -1.1479434158388245e-19
1.1627834728915665e-05 -1.3060462695761713e-19
1.1657649689759038e-05 -1.2413682366443573e-19
1.1687464650602411e-05 -9.912001996068083e-20
1.1717279611445786e-05 -1.1384277501498767e-19
1.174709457228916e-05 -1.1942549424271784e-19
1.1776909533132532e-05 -1.0581088432424102e-19
1.1806724493975904e-05 -1.0255315922024248e-19
1.1836539454819278e-05 -9.523064283124239e-20
1.1866354415662653e-05 -1.056143170549274e-19
1.1896169376506028e-05 -1.0903177399026685e-19
1.19259843373494e-05 -8.250332149436014e-20
1.1955799298192774e-05 -8.828069608400592e-20
1.1985614259036147e-05 -1.0107482419736334e-19
1.2015429219879519e-05 -8.630917342663108e-20
1.2045244180722894e-05 -8.191696693576342e-20
1.2075059141566268e-05 -7.479335552321374e-20
1.210487410240964e-05 -7.96764406969206e-20
1.2134689063253015e-05 -9.203882022428551e-20
1.216450402409639e-05 -6.572743829368534e-20
1.219431898493976e-05 -6.032374431356467e-20
1.2224133945783134e-05 -7.979440298911557e-20
1.2253948906626509e-05 -6.911931539666159e-20
1.228376386746988e-05 -6.045785447304142e-20
1.2313578828313255e-05 -5.526477744586273e-20
1.234339378915663e-05 -5.458822238500884e-20
1.2373208750000004e-05 -6.852766201616301e-20
1.2403023710843376e-05 -5.0895633312981195e-20
1.2432838671686749e-05 -3.32387711743522e-20
1.2462653632530124e-05 -5.314729520089523e-20
1.2492468593373495e-05 -5.2607603448030865e-20
1.252228355421687e-05 -3.621022994943092e-20
1.2552098515060245e-05 -3.378939629964828e-20
1.2581913475903616e-05 -3.112038285644001e-20
1.2611728436746991e-05 -4.272561408673223e-20
1.2641543397590364e-05 -3.6493825001537126e-20
1.2671358358433737e-05 -1.0223408563445253e-20
1.270117331927711e-05 -2.648308504450755e-20
1.2730988280120485e-05 -3.4372416919880205e-20
1.2760803240963856e-05 -1.3673055360983334e-20
1.2790618201807231e-05 -1.2327965968739743e-20
1.2820433162650606e-05 -9.536133582516757e-21
1.2850248123493977e-05 -1.6547405771745512e-20
1.2880063084337352e-05 -1.6938157904634224e-20
1.2909878045180725e-05 1.0690329484489523e-20
1.29396930060241e-05 8.794750818800625e-22
1.2969507966867471e-05 -1.4371400885943727e-20
1.2999322927710846e-05 4.694223210725021e-21
1.3029137888554221e-05 1.0038605191803967e-20
1.3058952849397592e-05 1.3180442818166788e-20
1.3088767810240967e-05 1.0833978213158382e-20
1.311858277108434e-05 9.09049074665299e-22
1.3148397731927712e-05 2.608504672333822e-20
1.3178212692771086e-05 3.368290532667494e-20
1.3208027653614461e-05 8.376732195646123e-21
1.3237842614457833e-05 2.1312258085710356e-20
1.3267657575301207e-05 3.760406887426065e-20
1.3297472536144582e-05 3.310838110374433e-20
1.3327287496987954e-05 3.3150450018834144e-20
1.3357102457831327e-05 2.4546928555598014e-20
1.3386917418674702e-05 4.045514222848318e-20
1.3416732379518073e-05 5.826431564106156e-20
1.3446547340361448e-05 3.605287855933394e-20
1.3476362301204823e-05 3.812946368825339e-20
1.3506177262048196e-05 5.792703485677876e-20
1.3535992222891569e-05 5.934325889073373e-20
1.3565807183734942e-05 5.923678693544559e-20
1.3595622144578317e-05 4.822512071712956e-20
1.3625437105421688e-05 5.71406721776424e-20
1.3655252066265063e-05 8.235127490385153e-20
1.3685067027108438e-05 6.48788823828307e-20
1.3714881987951809e-05 5.469255340287208e-20
1.3744696948795184e-05 7.808392180799295e-20
1.3774511909638557e-05 8.280723972392509e-20
1.380432687048193e-05 7.98872934520336e-20
1.3834141831325303e-05 7.283505711969993e-20
1.3863956792168678e-05 7.55390044729972e-20
1.389377175301205e-05 1.0299796501674619e-19
1.3923586713855424e-05 9.489034642456439e-20
1.3953401674698799e-05 7.525586313278548e-20
1.3983216635542172e-05 9.525445452368551e-20
1.4013031596385545e-05 1.0615813791693335e-19
1.4042846557228918e-05 1.0127417386345164e-19
1.4072661518072293e-05 9.747374554469732e-20
1.4102476478915664e-05 9.47251766543963e-20
1.4132291439759039e-05 1.1686869332785636e-19
1.4162106400602414e-05 1.218075693079413e-19
1.4191921361445785e-05 9.770695773739493e-20
1.4221736322289158e-05 1.1136203924712463e-19
1.4251551283132533e-05 1.3133236367974154e-19
1.4281366243975905e-05 1.2348517770876718e-19
1.431118120481928e-05 1.1892696341051547e-19
1.4340996165662654e-05 1.155954677690609e-19
1.4370811126506026e-05 1.3182920293195508e-19
1.44006260873494e-05 1.4645633997277414e-19
1.4430441048192773e-05 1.2128945683667578e-19
1.4460256009036147e-05 1.234592691081499e-19
1.449007096987952e-05 1.4893133403735413e-19
1.4519885930722894e-05 1.4351075863272856e-19
1.454970089156627e-05 1.3875207608439976e-19
1.457951585240964e-05 1.3680718903760933e-19
1.4609330813253015e-05 1.4557191263916335e-19
1.4639145774096389e-05 1.666010481119336e-19
1.4668960734939762e-05 1.4748261196717313e-19
1.4698775695783135e-05 1.3584900789468571e-19
1.472859065662651e-05 1.6383325471937887e-19
1.4758405617469881e-05 1.6520188204827901e-19
1.4788220578313256e-05 1.5572257254885558e-19
1.481803553915663e-05 1.5372026692253822e-19
1.4847850500000002e-05 1.5657204929295371e-19
1.4877665460843377e-05 1.7965594730021545e-19
1.490748042168675e-05 1.7042651440725817e-19
1.4937295382530123e-05 1.4956440782337997e-19
1.4967110343373496e-05 1.7305869874446662e-19
1.499692530421687e-05 1.847505700226809e-19
1.5026740265060246e-05 1.7328232046752147e-19
1.5056555225903617e-05 1.693021700523795e-19
1.5086370186746992e-05 1.6979673603146679e-19
1.5116185147590365e-05 1.8922504379112947e-19
1.5146000108433736e-05 1.9183121454438418e-19
1.5175815069277111e-05 1.652483752474684e-19
1.5205630030120486e-05 1.784819429879042e-19
1.5235444990963857e-05 2.002801479937436e-19
1.5265259951807232e-05 1.8810330335743412e-19
1.5295074912650605e-05 1.8254231165497415e-19
1.5324889873493978e-05 1.8320168164705586e-19
1.535470483433735e-05 1.966487289273968e-19
1.5384519795180728e-05 2.0809724582586539e-19
1.5414334756024097e-05 1.8252649786192486e-19
1.5444149716867474e-05 1.8326738845640609e-19
1.5473964677710847e-05 2.1183638602315776e-19
1.5503779638554217e-05 2.039924260430982e-19
1.5533594599397593e-05 1.9084211007025202e-19
1.5563409560240966e-05 1.9220743479675648e-19
1.5593224521084343e-05 2.0241330258512764e-19
1.5623039481927713e-05 2.1742554058399194e-19
1.565285444277109e-05 1.9926662198580508e-19
1.5682669403614462e-05 1.8758500997539878e-19
1.5712484364457832e-05 2.162887500609139e-19
1.574229932530121e-05 2.171145559120995e-19
1.577211428614458e-05 2.0014577649056044e-19
1.5801929246987955e-05 2.0161428247720553e-19
1.5831744207831328e-05 2.0679749024244303e-19
1.5861559168674704e-05 2.234002987757757e-19
1.5891374129518074e-05 2.134057419016958e-19
1.5921189090361447e-05 1.9247682188005004e-19
1.5951004051204823e-05 2.176813566813901e-19
1.5980819012048193e-05 2.266466776400638e-19
1.601063397289157e-05 2.0851165632597929e-19
1.6040448933734943e-05 2.0774910871765417e-19
1.607026389457832e-05 2.1115250825240425e-19
1.610007885542169e-05 2.2654897640194686e-19
1.6129893816265062e-05 2.2533524355296554e-19
1.615970877710844e-05 1.9780473921447103e-19
1.6189523737951808e-05 2.147059059916925e-19
1.6219338698795185e-05 2.349840499172444e-19
1.6249153659638558e-05 2.1528321822833843e-19
1.627896862048193e-05 2.0997281956201328e-19
1.6308783581325304e-05 2.132909369829305e-19
1.6338598542168677e-05 2.2542202159149995e-19
1.636841350301205e-05 2.326005423098675e-19
1.6398228463855423e-05 2.0604362038738227e-19
1.64280434246988e-05 2.0999544084356962e-19
1.645785838554217e-05 2.364650310688712e-19
1.6487673346385546e-05 2.250301307844876e-19
1.651748830722892e-05 2.118422616726765e-19
1.6547303268072292e-05 2.152524549063546e-19
1.6577118228915665e-05 2.24838984523661e-19
1.6606933189759038e-05 2.3371431520626827e-19
1.6636748150602415e-05 2.1327734511445433e-19
1.6666563111445784e-05 2.0502258415240617e-19
1.669637807228916e-05 2.338625047255171e-19
1.6726193033132534e-05 2.3027980701106107e-19
1.6756007993975907e-05 2.10239180896946e-19
1.678582295481928e-05 2.1360599854587489e-19
1.6815637915662653e-05 2.205825146447058e-19
1.6845452876506026e-05 2.3346691858494316e-19
1.68752678373494e-05 2.2037151134575013e-19
1.6905082798192776e-05 2.001822450277357e-19
1.6934897759036146e-05 2.2684701030610377e-19
1.6964712719879522e-05 2.3431681523766936e-19
1.6994527680722895e-05 2.0932027315851882e-19
1.702434264156627e-05 2.0977129272356778e-19
1.705415760240964e-05 2.177071366173267e-19
1.7083972563253015e-05 2.265330666790895e-19
1.711378752409639e-05 2.232826161471054e-19
1.714360248493976e-05 1.9941056825375466e-19
1.7173417445783137e-05 2.160462418796223e-19
1.720323240662651e-05 2.3582687967751473e-19
1.7233047367469883e-05 2.1019321568570603e-19
1.7262862328313257e-05 2.0508280792202965e-19
1.729267728915663e-05 2.144371491127098e-19
1.7322492250000003e-05 2.1937204162812464e-19
1.7352307210843376e-05 2.2321648469782357e-19
1.7382122171686752e-05 1.9765147334037204e-19
1.7411937132530122e-05 2.0113363869577154e-19
1.74417520933735e-05 2.3082579961344286e-19
1.747156705421687e-05 2.119817578932034e-19
1.7501382015060245e-05 1.964917469794958e-19
1.7531196975903618e-05 2.0750462360932863e-19
1.756101193674699e-05 2.130518803858941e-19
1.7590826897590364e-05 2.187107221266961e-19
1.7620641858433737e-05 1.993412685676059e-19
1.7650456819277114e-05 1.905503636617887e-19
1.7680271780120487e-05 2.190355129716257e-19
1.771008674096386e-05 2.113103464868115e-19
1.7739901701807233e-05 1.889802397543945e-19
1.7769716662650606e-05 1.9858341753637027e-19
1.779953162349398e-05 2.0527410082675453e-19
1.7829346584337352e-05 2.0954940763994874e-19
1.785916154518073e-05 1.9895418829752493e-19
1.78889765060241e-05 1.8018319893452915e-19
1.791879146686747e-05 2.0543161590820972e-19
1.7948606427710848e-05 2.1282044012078717e-19
1.7978421388554218e-05 1.826239871724603e-19
1.8008236349397594e-05 1.8692941555223815e-19
1.8038051310240967e-05 1.9683939729494548e-19
1.806786627108434e-05 1.9842774064754894e-19
1.8097681231927713e-05 1.946876191069005e-19
1.8127496192771087e-05 1.7238224577621583e-19
1.815731115361446e-05 1.8729174468352325e-19
1.8187126114457833e-05 2.062677522940938e-19
1.821694107530121e-05 1.7811484942579272e-19
1.8246756036144582e-05 1.7336877591852843e-19
1.8276570996987955e-05 1.889862970778155e-19
1.830638595783133e-05 1.882046021959501e-19
1.83362009186747e-05 1.8745976656170387e-19
1.8366015879518075e-05 1.6830667501130531e-19
1.8395830840361448e-05 1.695159911216718e-19
1.8425645801204824e-05 1.9734541841013874e-19
1.8455460762048194e-05 1.7547052375960977e-19
1.848527572289157e-05 1.5625682839377106e-19
1.8515090683734944e-05 1.75354501484359e-19
1.8544905644578317e-05 1.775322123479352e-19
1.857472060542169e-05 1.7538156607558511e-19
1.8604535566265063e-05 1.6287878854778483e-19
1.8634350527108436e-05 1.5279373255121415e-19
1.866416548795181e-05 1.7977124194218192e-19
1.8693980448795186e-05 1.724971882252315e-19
1.872379540963856e-05 1.4495210118784983e-19
1.8753610370481932e-05 1.6009924187347134e-19
1.8783425331325305e-05 1.6562137985501372e-19
1.8813240292168678e-05 1.5978179992569043e-19
1.884305525301205e-05 1.540177587589447e-19
1.8872870213855424e-05 1.385923537703737e-19
1.89026851746988e-05 1.5811678431898612e-19
1.893250013554217e-05 1.663080385001139e-19
1.8962315096385547e-05 1.3325705046431228e-19
1.899213005722892e-05 1.3879204929183455e-19
1.9021945018072293e-05 1.5404872119449487e-19
1.9051759978915666e-05 1.4677034160880905e-19
1.908157493975904e-05 1.4398433069133122e-19
1.9111389900602412e-05 1.262884832975647e-19
1.9141204861445785e-05 1.355423544728632e-19
1.9171019822289162e-05 1.568754158913393e-19
1.920083478313253e-05 1.2561385264990313e-19
1.9230649743975908e-05 1.177333452527598e-19
1.926046470481928e-05 1.3872920806350298e-19
1.9290279665662654e-05 1.3222576681684325e-19
1.9320094626506027e-05 1.2924321306342468e-19
1.93499095873494e-05 1.158477541982173e-19
1.9379724548192777e-05 1.143523137763286e-19
1.9409539509036147e-05 1.414404500868375e-19
1.9439354469879523e-05 1.1936982560324577e-19
1.9469169430722896e-05 9.751268227701824e-20
1.949898439156627e-05 1.211217001653188e-19
1.9528799352409642e-05 1.2151622274709835e-19
1.9558614313253015e-05 1.128719013767025e-19
1.958842927409639e-05 1.0508307659063237e-19
1.961824423493976e-05 9.635475003471496e-20
1.9648059195783138e-05 1.1853118852663906e-19
1.9677874156626508e-05 1.14037251009031e-19
1.9707689117469884e-05 8.4548851689493e-20
1.9737504078313257e-05 9.948884254130732e-20
