0.0 -8.626809391241406e-20
2.982191454272864e-08 -8.288923058753838e-20
5.964382908545728e-08 -6.461496890550877e-20
8.94657436281859e-08 -6.083155579348789e-20
1.1928765817091455e-07 -6.310223396902754e-20
1.4910957271364318e-07 -5.776724400053643e-20
1.789314872563718e-07 -4.6758028538180887e-20
2.0875340179910045e-07 -3.590346266230486e-20
2.385753163418291e-07 -4.000301559861111e-20
2.6839723088455773e-07 -3.915820491282224e-20
2.9821914542728635e-07 -2.2397308919356644e-20
3.28041059970015e-07 -1.484821587371272e-20
3.578629745127436e-07 -1.6218485615044752e-20
3.876848890554723e-07 -1.2542970593191523e-20
4.175068035982009e-07 -1.5994921793841827e-21
4.4732871814092953e-07 8.088369049733849e-21
4.771506326836582e-07 8.465617642723506e-21
5.069725472263868e-07 8.609350495229394e-21
5.367944617691155e-07 2.028987377405052e-20
5.666163763118441e-07 3.127156903795886e-20
5.964382908545727e-07 3.027764153589158e-20
6.262602053973013e-07 3.168348285857807e-20
6.5608211994003e-07 4.1161544061136006e-20
6.859040344827587e-07 5.2841478081353414e-20
7.157259490254872e-07 5.685309607254206e-20
7.455478635682159e-07 5.183696413697211e-20
7.753697781109446e-07 6.383637917369701e-20
8.051916926536731e-07 7.927441032919343e-20
8.350136071964018e-07 7.563742338256639e-20
8.648355217391304e-07 7.778049807568283e-20
8.946574362818591e-07 8.558835147234571e-20
9.244793508245878e-07 9.576253454045231e-20
9.543012653673164e-07 1.0432197727980757e-19
9.84123179910045e-07 9.766213032785494e-20
1.0139450944527737e-06 1.0469631648711765e-19
1.0437670089955022e-06 1.233059192565013e-19
1.073588923538231e-06 1.2444692906393503e-19
1.1034108380809596e-06 1.217061582216098e-19
1.1332327526236882e-06 1.2799251792806278e-19
1.1630546671664167e-06 1.4002710290667206e-19
1.1928765817091454e-06 1.4768161294949046e-19
1.2226984962518741e-06 1.4496794888058479e-19
1.2525204107946027e-06 1.4794988285183269e-19
1.2823423253373314e-06 1.6295366081690511e-19
1.31216423988006e-06 1.697835045206615e-19
1.3419861544227884e-06 1.6588035842991594e-19
1.3718080689655174e-06 1.6924543731430183e-19
1.401629983508246e-06 1.813884127068966e-19
1.4314518980509744e-06 1.914013602533531e-19
1.4612738125937031e-06 1.9099549990749864e-19
1.4910957271364319e-06 1.8963258905766015e-19
1.5209176416791604e-06 2.0466208112591796e-19
1.5507395562218891e-06 2.1397556446155815e-19
1.5805614707646176e-06 2.079216700749765e-19
1.6103833853073462e-06 2.1201430810309443e-19
1.640205299850075e-06 2.2281913584920454e-19
1.6700272143928036e-06 2.327004360748997e-19
1.6998491289355324e-06 2.3430632183471953e-19
1.7296710434782609e-06 2.298234755748461e-19
1.7594929580209894e-06 2.4138575948933937e-19
1.7893148725637181e-06 2.5475955506862254e-19
1.8191367871064466e-06 2.52077963371796e-19
1.8489587016491756e-06 2.5247427702337787e-19
1.8787806161919041e-06 2.6278614983090427e-19
1.908602530734633e-06 2.725203470582337e-19
1.9384244452773614e-06 2.75256851712221e-19
1.96824635982009e-06 2.7173901996475467e-19
1.998068274362819e-06 2.773580347266625e-19
2.0278901889055473e-06 2.930826246396342e-19
2.057712103448276e-06 2.9401495878002825e-19
2.0875340179910044e-06 2.886154936454786e-19
2.117355932533733e-06 2.989579628511453e-19
2.147177847076462e-06 3.090706217439578e-19
2.1769997616191904e-06 3.132002943323342e-19
2.2068216761619193e-06 3.114518362498142e-19
2.236643590704648e-06 3.1220838988636213e-19
2.2664655052473763e-06 3.2928137027602573e-19
2.296287419790105e-06 3.344357211935223e-19
2.3261093343328334e-06 3.262969562985847e-19
2.3559312488755623e-06 3.3199477343408406e-19
2.385753163418291e-06 3.4424756527133404e-19
2.4155750779610194e-06 3.4970118446544388e-19
2.4453969925037483e-06 3.459488420344905e-19
2.475218907046477e-06 3.451675859839316e-19
2.5050408215892053e-06 3.6069758557311304e-19
2.5348627361319343e-06 3.6944695705317665e-19
2.564684650674663e-06 3.5964790207556496e-19
2.5945065652173913e-06 3.6351175622008737e-19
2.62432847976012e-06 3.7627353537764274e-19
2.6541503943028484e-06 3.8128658868047855e-19
2.683972308845577e-06 3.821029573623666e-19
2.713794223388306e-06 3.7727619087497487e-19
2.7436161379310348e-06 3.8793782466325414e-19
2.7734380524737633e-06 4.002641268599316e-19
2.803259967016492e-06 3.919965710034501e-19
2.8330818815592203e-06 3.9169653558868005e-19
2.862903796101949e-06 4.0231781626859143e-19
2.8927257106446778e-06 4.095989384482258e-19
2.9225476251874063e-06 4.111215405058284e-19
2.952369539730135e-06 4.0696549129882013e-19
2.9821914542728638e-06 4.1150922887635925e-19
3.0120133688155923e-06 4.246778157188579e-19
3.041835283358321e-06 4.242935829376692e-19
3.0716571979010493e-06 4.174228543590045e-19
3.1014791124437783e-06 4.2645333348383073e-19
3.131301026986507e-06 4.36016184292209e-19
3.1611229415292353e-06 4.34622513629798e-19
3.1909448560719642e-06 4.31878441378675e-19
3.2207667706146923e-06 4.337548013039885e-19
3.2505886851574213e-06 4.465142354232724e-19
3.28041059970015e-06 4.491762648774949e-19
3.3102325142428787e-06 4.401161989413109e-19
3.3400544287856073e-06 4.47818567640524e-19
3.3698763433283358e-06 4.573510398838741e-19
3.3996982578710647e-06 4.574977824501263e-19
3.429520172413793e-06 4.550266764921789e-19
3.4593420869565218e-06 4.531247104625431e-19
3.4891640014992507e-06 4.651603439112232e-19
3.518985916041979e-06 4.711087652896761e-19
3.5488078305847077e-06 4.598145603561783e-19
3.5786297451274363e-06 4.630378339144396e-19
3.608451659670165e-06 4.754545279542851e-19
3.6382735742128933e-06 4.749087488167808e-19
3.6680954887556222e-06 4.739001763761094e-19
3.697917403298351e-06 4.734242818576976e-19
3.7277393178410793e-06 4.777721020526895e-19
3.7575612323838082e-06 4.893384258928961e-19
3.7873831469265363e-06 4.810989294114824e-19
3.817205061469266e-06 4.763577879393878e-19
3.847026976011994e-06 4.907301057649772e-19
3.876848890554723e-06 4.911544299920986e-19
3.906670805097451e-06 4.868182295930672e-19
3.93649271964018e-06 4.8631350140015995e-19
3.966314634182908e-06 4.890118939726301e-19
3.996136548725638e-06 5.004538292673734e-19
4.025958463268366e-06 4.968173065012735e-19
4.055780377811095e-06 4.874857762977425e-19
4.085602292353823e-06 4.987748254369747e-19
4.115424206896552e-06 5.049020859087537e-19
4.14524612143928e-06 4.986855937517073e-19
4.175068035982009e-06 4.988962176734508e-19
4.204889950524738e-06 5.002071914142352e-19
4.234711865067466e-06 5.062768032381462e-19
4.264533779610195e-06 5.080791026610646e-19
4.294355694152924e-06 4.974735976544541e-19
4.324177608695652e-06 5.022706058632473e-19
4.353999523238381e-06 5.137914844872696e-19
4.383821437781109e-06 5.079733185489171e-19
4.413643352323839e-06 5.031770474361443e-19
4.443465266866566e-06 5.067963775159066e-19
4.473287181409296e-06 5.1147792372667745e-19
4.503109095952023e-06 5.147533529896822e-19
4.532931010494753e-06 5.051027535527739e-19
4.562752925037481e-06 5.026195058149783e-19
4.59257483958021e-06 5.1646877076415355e-19
4.622396754122939e-06 5.1277680567094365e-19
4.652218668665667e-06 5.053135338736905e-19
4.682040583208396e-06 5.080308136536279e-19
4.711862497751125e-06 5.103921616959847e-19
4.741684412293853e-06 5.162545871397532e-19
4.771506326836582e-06 5.08518626313843e-19
4.80132824137931e-06 5.016607149774226e-19
4.831150155922039e-06 5.130798731461358e-19
4.860972070464768e-06 5.136199294920559e-19
4.890793985007497e-06 5.044891792053301e-19
4.920615899550225e-06 5.05059722418059e-19
4.950437814092954e-06 5.076704747579586e-19
4.980259728635682e-06 5.097228986074569e-19
5.010081643178411e-06 5.080023235491986e-19
5.039903557721139e-06 4.969560186978051e-19
5.0697254722638686e-06 5.030523401958275e-19
5.099547386806596e-06 5.11749766096504e-19
5.129369301349326e-06 5.000628038229407e-19
5.159191215892054e-06 4.9902095532713825e-19
5.189013130434783e-06 5.012634164969313e-19
5.218835044977511e-06 5.013976486609537e-19
5.24865695952024e-06 5.019873067891898e-19
5.278478874062969e-06 4.910567204058179e-19
5.308300788605697e-06 4.941284487905363e-19
5.338122703148426e-06 5.004094204079326e-19
5.367944617691154e-06 4.923442750861968e-19
5.397766532233883e-06 4.876900007790829e-19
5.427588446776612e-06 4.893431882661233e-19
5.45741036131934e-06 4.914288120502063e-19
5.4872322758620695e-06 4.881153791484047e-19
5.517054190404797e-06 4.839034150003828e-19
5.5468761049475265e-06 4.815620302681376e-19
5.576698019490255e-06 4.864872070304649e-19
5.606519934032984e-06 4.846577767647533e-19
5.636341848575712e-06 4.734308333658618e-19
5.666163763118441e-06 4.756732034743951e-19
5.695985677661169e-06 4.762717836768633e-19
5.725807592203898e-06 4.749017865964268e-19
5.755629506746627e-06 4.714912241968812e-19
5.7854514212893555e-06 4.62926730902976e-19
5.815273335832084e-06 4.700516658102744e-19
5.845095250374813e-06 4.701087132839123e-19
5.874917164917542e-06 4.58960560193427e-19
5.90473907946027e-06 4.594766009344594e-19
5.934560994002998e-06 4.600582249176599e-19
5.9643829085457275e-06 4.587423636550419e-19
5.994204823088456e-06 4.54568417768224e-19
6.0240267376311845e-06 4.468864834883387e-19
6.053848652173912e-06 4.489619308835441e-19
6.083670566716642e-06 4.504579836616389e-19
6.11349248125937e-06 4.410767036907022e-19
6.143314395802099e-06 4.372651551697504e-19
6.173136310344828e-06 4.409453053329863e-19
6.2029582248875565e-06 4.382935794162437e-19
6.232780139430284e-06 4.342131789388432e-19
6.262602053973014e-06 4.293270554096953e-19
6.292423968515742e-06 4.261641082976618e-19
6.322245883058471e-06 4.3158135552386556e-19
6.352067797601199e-06 4.2388186644444083e-19
6.3818897121439285e-06 4.1315867350004853e-19
6.411711626686657e-06 4.176708720537654e-19
6.441533541229385e-06 4.1678750326753925e-19
6.471355455772115e-06 4.120050816523296e-19
6.5011773703148425e-06 4.0635228664025113e-19
6.530999284857571e-06 4.0112061343626664e-19
6.5608211994003e-06 4.052616207767389e-19
6.590643113943029e-06 4.0153580522738196e-19
6.6204650284857575e-06 3.912701133923864e-19
6.650286943028485e-06 3.9258017623713475e-19
6.6801088575712145e-06 3.931725164654735e-19
6.709930772113943e-06 3.8683155420494537e-19
6.7397526866566715e-06 3.815002767074251e-19
6.769574601199401e-06 3.761620886776244e-19
6.7993965157421294e-06 3.7694825021063605e-19
6.829218430284857e-06 3.7549035445218373e-19
6.859040344827586e-06 3.6458876636284465e-19
6.888862259370315e-06 3.6195642331288523e-19
6.9186841739130435e-06 3.6360316453579473e-19
6.948506088455772e-06 3.5864000772199453e-19
6.978328002998501e-06 3.538698137227045e-19
7.00814991754123e-06 3.49824932854017e-19
7.037971832083958e-06 3.46637703001999e-19
7.067793746626686e-06 3.463388123534887e-19
7.0976156611694155e-06 3.3950474722065925e-19
7.127437575712144e-06 3.325506745231768e-19
7.1572594902548725e-06 3.335895474485044e-19
7.187081404797602e-06 3.290700435830854e-19
7.21690331934033e-06 3.224911665323105e-19
7.246725233883058e-06 3.179792693700589e-19
7.276547148425787e-06 3.1398591904623256e-19
7.306369062968516e-06 3.146757457108841e-19
7.3361909775112445e-06 3.0864958671538704e-19
7.366012892053973e-06 2.997960143949443e-19
7.395834806596702e-06 3.005350606993786e-19
7.42565672113943e-06 2.9775280772933035e-19
7.4554786356821585e-06 2.914773787484638e-19
7.485300550224888e-06 2.86419385407944e-19
7.5151224647676164e-06 2.799955223778062e-19
7.544944379310345e-06 2.8076745807460053e-19
7.574766293853073e-06 2.7764727841257325e-19
7.604588208395803e-06 2.6721996082050267e-19
7.634410122938531e-06 2.644986143894078e-19
7.664232037481258e-06 2.6386455067641e-19
7.694053952023988e-06 2.588204863257943e-19
7.723875866566717e-06 2.5210053407486094e-19
7.753697781109445e-06 2.4756983450562223e-19
7.783519695652174e-06 2.4606719525813016e-19
7.813341610194902e-06 2.427681813286472e-19
7.843163524737631e-06 2.337000168251516e-19
7.87298543928036e-06 2.2886033176411905e-19
7.90280735382309e-06 2.3061584356053483e-19
7.932629268365817e-06 2.2301434863726955e-19
7.962451182908545e-06 2.1620624189168243e-19
7.992273097451275e-06 2.1276681751326352e-19
8.022095011994004e-06 2.0673495600923107e-19
8.051916926536732e-06 2.0675445173599999e-19
8.081738841079459e-06 1.997745478281583e-19
8.11156075562219e-06 1.925199449198057e-19
8.141382670164918e-06 1.9342032417054449e-19
8.171204584707646e-06 1.8776604848899021e-19
8.201026499250375e-06 1.8125234761787218e-19
8.230848413793103e-06 1.7646351822742787e-19
8.260670328335832e-06 1.7161450695669707e-19
8.29049224287856e-06 1.695998580707242e-19
8.320314157421289e-06 1.6379613701252625e-19
8.350136071964017e-06 1.5586161484353492e-19
8.379957986506746e-06 1.544923680575773e-19
8.409779901049476e-06 1.5117737290108556e-19
8.439601815592205e-06 1.4482913016649835e-19
8.469423730134932e-06 1.402619110048745e-19
8.49924564467766e-06 1.3275620907487252e-19
8.52906755922039e-06 1.3276870506891447e-19
8.558889473763119e-06 1.3083935639566717e-19
8.588711388305847e-06 1.1903144060524343e-19
8.618533302848576e-06 1.1646806934801705e-19
8.648355217391304e-06 1.1406850655900697e-19
8.678177131934033e-06 1.0662345338310414e-19
8.707999046476761e-06 1.0254436306899097e-19
8.73782096101949e-06 9.58647517157037e-20
8.767642875562218e-06 9.265222684675998e-20
8.797464790104947e-06 9.249136036915698e-20
8.827286704647677e-06 8.298482496464654e-20
8.857108619190404e-06 7.620686670818889e-20
8.886930533733133e-06 7.607766929738184e-20
8.916752448275863e-06 7.026597899492337e-20
8.946574362818591e-06 6.503002637011528e-20
8.97639627736132e-06 5.908802859670676e-20
9.006218191904047e-06 5.248361477767278e-20
9.036040106446777e-06 5.146125879937595e-20
9.065862020989505e-06 4.575896371798018e-20
9.095683935532234e-06 3.7403781268007864e-20
9.125505850074962e-06 3.5367449350711413e-20
9.155327764617691e-06 3.261257842017284e-20
9.18514967916042e-06 2.668631722183928e-20
9.21497159370315e-06 2.124811757793073e-20
9.244793508245878e-06 1.5132227528172398e-20
9.274615422788605e-06 1.3259350406380861e-20
9.304437337331333e-06 9.754345140069479e-21
9.334259251874064e-06 1.3645369726122002e-22
9.364081166416792e-06 -3.463427460911292e-21
9.39390308095952e-06 -6.1639940514197425e-21
9.42372499550225e-06 -1.2535954913022972e-20
9.453546910044978e-06 -1.6319343021065114e-20
9.483368824587706e-06 -2.364587853259988e-20
9.513190739130435e-06 -2.8369259375304076e-20
9.543012653673163e-06 -2.5765374016143246e-20
9.572834568215892e-06 -3.5112820110430586e-20
9.60265648275862e-06 -4.304305324589964e-20
9.63247839730135e-06 -4.141795825966093e-20
9.662300311844077e-06 -4.907015187149823e-20
9.692122226386806e-06 -5.458558690244956e-20
9.721944140929536e-06 -5.879267968388802e-20
9.751766055472265e-06 -6.556279066618348e-20
9.781587970014993e-06 -6.626384110521331e-20
9.81140988455772e-06 -7.132692105291533e-20
9.84123179910045e-06 -7.972083614008387e-20
9.871053713643179e-06 -8.227206985448586e-20
9.900875628185907e-06 -8.41183283164817e-20
9.930697542728636e-06 -8.919747803516051e-20
9.960519457271364e-06 -9.611973326049574e-20
9.990341371814093e-06 -1.0132189098052539e-19
1.0020163286356821e-05 -1.0102500189524496e-19
1.004998520089955e-05 -1.0616069819745083e-19
1.0079807115442278e-05 -1.1622135764300083e-19
1.0109629029985007e-05 -1.1826010275570883e-19
1.0139450944527737e-05 -1.2052753636110116e-19
1.0169272859070466e-05 -1.2537376474219312e-19
1.0199094773613192e-05 -1.3093163628822826e-19
1.0228916688155921e-05 -1.387491297139801e-19
1.0258738602698651e-05 -1.3896534723903752e-19
1.028856051724138e-05 -1.3863788844537816e-19
1.0318382431784108e-05 -1.4831331724792113e-19
1.0348204346326837e-05 -1.5528939083706878e-19
1.0378026260869565e-05 -1.5481539623355941e-19
1.0407848175412294e-05 -1.5776522322019638e-19
1.0437670089955022e-05 -1.6468384688386653e-19
1.046749200449775e-05 -1.718726829405892e-19
1.049731391904048e-05 -1.7448908052712443e-19
1.0527135833583208e-05 -1.7355592097068964e-19
1.0556957748125938e-05 -1.8173849754328821e-19
1.0586779662668665e-05 -1.9006536572428397e-19
1.0616601577211393e-05 -1.8902798209897235e-19
1.0646423491754124e-05 -1.9040031798588306e-19
1.0676245406296852e-05 -1.968701847966357e-19
1.070606732083958e-05 -2.0374567489660222e-19
1.0735889235382307e-05 -2.0706910045471166e-19
1.0765711149925038e-05 -2.0621571477962966e-19
1.0795533064467766e-05 -2.1191549072689518e-19
1.0825354979010495e-05 -2.2267889810340346e-19
1.0855176893553223e-05 -2.234281129446686e-19
1.0884998808095952e-05 -2.235140524672347e-19
1.091482072263868e-05 -2.301606264506101e-19
1.094464263718141e-05 -2.354297357410586e-19
1.0974464551724139e-05 -2.408905297560262e-19
1.1004286466266866e-05 -2.397101146916887e-19
1.1034108380809594e-05 -2.4103643598485275e-19
1.1063930295352325e-05 -2.543196469930592e-19
1.1093752209895053e-05 -2.5574987817339096e-19
1.1123574124437782e-05 -2.5299410214486455e-19
1.115339603898051e-05 -2.609388510274597e-19
1.1183217953523239e-05 -2.662177561058048e-19
1.1213039868065967e-05 -2.71731084253436e-19
1.1242861782608696e-05 -2.7292592986435685e-19
1.1272683697151424e-05 -2.7199824616078997e-19
1.1302505611694153e-05 -2.826964648929643e-19
1.1332327526236881e-05 -2.885537427803577e-19
1.1362149440779611e-05 -2.851644230672156e-19
1.1391971355322338e-05 -2.883766559498746e-19
1.1421793269865067e-05 -2.9586791772664415e-19
1.1451615184407795e-05 -3.0036228525161642e-19
1.1481437098950526e-05 -3.015500597964619e-19
1.1511259013493254e-05 -3.0036252462665783e-19
1.1541080928035981e-05 -3.077547686782352e-19
1.1570902842578711e-05 -3.180297536983238e-19
1.160072475712144e-05 -3.1481272740287627e-19
1.1630546671664168e-05 -3.1408583613095706e-19
1.1660368586206897e-05 -3.235399421432114e-19
1.1690190500749625e-05 -3.2867715366342833e-19
1.1720012415292354e-05 -3.2942009590997475e-19
1.1749834329835084e-05 -3.2860728031358497e-19
1.177965624437781e-05 -3.324911717550298e-19
1.180947815892054e-05 -3.4206051134369744e-19
1.183930007346327e-05 -3.418303246434651e-19
1.1869121988005996e-05 -3.4018307910218087e-19
1.1898943902548726e-05 -3.470790842507526e-19
1.1928765817091455e-05 -3.519660831522979e-19
1.1958587731634182e-05 -3.544340933538113e-19
1.1988409646176912e-05 -3.5313375812474965e-19
1.2018231560719642e-05 -3.5568204595320625e-19
1.2048053475262369e-05 -3.66518960576709e-19
1.2077875389805098e-05 -3.6591320589272657e-19
1.2107697304347824e-05 -3.6194912832712397e-19
1.2137519218890555e-05 -3.684051661539017e-19
1.2167341133433283e-05 -3.7431998656447054e-19
1.2197163047976012e-05 -3.7664498476660497e-19
1.222698496251874e-05 -3.74859589396541e-19
1.225680687706147e-05 -3.753557947664089e-19
1.2286628791604197e-05 -3.843333974211374e-19
1.2316450706146926e-05 -3.887790723319846e-19
1.2346272620689656e-05 -3.845071337906089e-19
1.2376094535232383e-05 -3.859742252606011e-19
1.2405916449775113e-05 -3.94419831687183e-19
1.2435738364317842e-05 -3.969363967943601e-19
1.2465560278860568e-05 -3.94184168909153e-19
1.2495382193403299e-05 -3.94263155700109e-19
1.2525204107946029e-05 -3.9982663504817335e-19
1.2555026022488756e-05 -4.058563536125722e-19
1.2584847937031484e-05 -4.0332080233148226e-19
1.2614669851574211e-05 -4.005701627026326e-19
1.2644491766116941e-05 -4.0856214852176046e-19
1.2674313680659671e-05 -4.1442322319212214e-19
1.2704135595202398e-05 -4.12620470128273e-19
1.2733957509745127e-05 -4.103471994063805e-19
1.2763779424287857e-05 -4.140098810301133e-19
1.2793601338830584e-05 -4.22748896964437e-19
1.2823423253373314e-05 -4.200396304844732e-19
1.2853245167916042e-05 -4.1521834278905977e-19
1.288306708245877e-05 -4.219975632411747e-19
1.29128889970015e-05 -4.270655261949343e-19
1.294271091154423e-05 -4.2662658227451564e-19
1.2972532826086957e-05 -4.229056055640025e-19
1.3002354740629685e-05 -4.256061338918647e-19
1.3032176655172415e-05 -4.354906973399757e-19
1.3061998569715142e-05 -4.351772274306603e-19
1.3091820484257872e-05 -4.290136541978755e-19
1.31216423988006e-05 -4.315739422780105e-19
1.3151464313343328e-05 -4.394369797840031e-19
1.3181286227886058e-05 -4.399451237511585e-19
1.3211108142428785e-05 -4.349346360474126e-19
1.3240930056971515e-05 -4.359535574122201e-19
1.3270751971514243e-05 -4.428095661502688e-19
1.330057388605697e-05 -4.446941677567288e-19
1.33303958005997e-05 -4.387407531504238e-19
1.3360217715142429e-05 -4.398927080435511e-19
1.3390039629685158e-05 -4.476208360669842e-19
1.3419861544227886e-05 -4.488361041587259e-19
1.3449683458770616e-05 -4.454875227653622e-19
1.3479505373313343e-05 -4.418607209544163e-19
1.3509327287856072e-05 -4.483090746433456e-19
1.3539149202398802e-05 -4.560106268870259e-19
1.3568971116941529e-05 -4.475309231983281e-19
1.3598793031484259e-05 -4.440808845925237e-19
1.3628614946026986e-05 -4.51831047653865e-19
1.3658436860569714e-05 -4.549090767334423e-19
1.3688258775112444e-05 -4.512110151282926e-19
1.3718080689655171e-05 -4.464560497592841e-19
1.3747902604197901e-05 -4.518435062315036e-19
1.377772451874063e-05 -4.575377683910936e-19
1.3807546433283357e-05 -4.531673598836028e-19
1.3837368347826087e-05 -4.492501635768113e-19
1.3867190262368817e-05 -4.542561668347132e-19
1.3897012176911544e-05 -4.587634473567693e-19
1.3926834091454273e-05 -4.541177132937091e-19
1.3956656005997003e-05 -4.499377666918663e-19
1.398647792053973e-05 -4.516384686080746e-19
1.401629983508246e-05 -4.590904857138665e-19
1.4046121749625187e-05 -4.561238456203756e-19
1.4075943664167915e-05 -4.465425355748336e-19
1.4105765578710645e-05 -4.527638914734714e-19
1.4135587493253372e-05 -4.581538010442625e-19
1.4165409407796102e-05 -4.555166150146101e-19
1.4195231322338831e-05 -4.495589843895724e-19
1.4225053236881558e-05 -4.4748930339718345e-19
1.4254875151424288e-05 -4.57382859770554e-19
1.4284697065967018e-05 -4.561121510871154e-19
1.4314518980509745e-05 -4.460402131864819e-19
1.4344340895052474e-05 -4.476730787033316e-19
1.4374162809595204e-05 -4.533666093997982e-19
1.440398472413793e-05 -4.526360834983845e-19
1.443380663868066e-05 -4.469693184215543e-19
1.446362855322339e-05 -4.440733791747711e-19
1.4493450467766116e-05 -4.495662915296512e-19
1.4523272382308846e-05 -4.527598912003557e-19
1.4553094296851573e-05 -4.429419711868836e-19
1.4582916211394303e-05 -4.404194067751364e-19
1.4612738125937032e-05 -4.486718405974758e-19
1.4642560040479759e-05 -4.475959898879685e-19
1.4672381955022489e-05 -4.410185793822407e-19
1.4702203869565217e-05 -4.363828151255165e-19
1.4732025784107946e-05 -4.395430183463375e-19
1.4761847698650674e-05 -4.456353689418942e-19
1.4791669613193405e-05 -4.374490097792653e-19
1.4821491527736132e-05 -4.3127436234959624e-19
1.485131344227886e-05 -4.377325550850171e-19
1.488113535682159e-05 -4.382046087055633e-19
1.4910957271364317e-05 -4.3356299384248545e-19
1.4940779185907047e-05 -4.2921829609297398e-19
1.4970601100449776e-05 -4.306952890624967e-19
1.5000423014992503e-05 -4.357690453677159e-19
1.5030244929535233e-05 -4.2953489801367764e-19
1.506006684407796e-05 -4.223753289744224e-19
1.508988875862069e-05 -4.249397763777918e-19
1.5119710673163418e-05 -4.27493777620576e-19
1.5149532587706145e-05 -4.238362355128825e-19
1.5179354502248875e-05 -4.1742449151630615e-19
1.5209176416791606e-05 -4.154987541596817e-19
1.5238998331334332e-05 -4.215211680488575e-19
1.5268820245877063e-05 -4.2080030373308196e-19
1.529864216041979e-05 -4.0803282765165996e-19
1.5328464074962516e-05 -4.09907322668875e-19
1.5358285989505248e-05 -4.1688352420708265e-19
1.5388107904047977e-05 -4.1010363065247747e-19
1.5417929818590705e-05 -4.041054646130081e-19
1.5447751733133434e-05 -3.9974608488186597e-19
1.5477573647676162e-05 -4.036272607050324e-19
1.550739556221889e-05 -4.0731558191541504e-19
1.553721747676162e-05 -3.9439913005496443e-19
1.5567039391304348e-05 -3.8993077855219334e-19
1.5596861305847076e-05 -3.9948881353659967e-19
1.5626683220389805e-05 -3.9591542342554184e-19
1.5656505134932533e-05 -3.8615407760451235e-19
1.5686327049475262e-05 -3.854724538250173e-19
1.571614896401799e-05 -3.864358220148566e-19
1.574597087856072e-05 -3.882673859753929e-19
1.5775792793103448e-05 -3.8041280253638807e-19
1.580561470764618e-05 -3.7129863979734173e-19
1.5835436622188905e-05 -3.777090701531607e-19
1.5865258536731633e-05 -3.7741268323620274e-19
1.5895080451274365e-05 -3.677296681146361e-19
1.592490236581709e-05 -3.6355816215319416e-19
1.5954724280359822e-05 -3.6381360208778455e-19
1.598454619490255e-05 -3.6850976613942607e-19
1.6014368109445276e-05 -3.630906585056257e-19
1.6044190023988008e-05 -3.4844193804804845e-19
1.6074011938530733e-05 -3.5390033875632763e-19
1.6103833853073465e-05 -3.593999414097677e-19
1.6133655767616193e-05 -3.474148928279963e-19
1.6163477682158918e-05 -3.41207022030992e-19
1.619329959670165e-05 -3.4013324551416684e-19
1.622312151124438e-05 -3.4283178069565713e-19
1.6252943425787107e-05 -3.407812628999151e-19
1.6282765340329836e-05 -3.269996334470552e-19
1.6312587254872564e-05 -3.270775442703881e-19
1.6342409169415293e-05 -3.3403596118370657e-19
1.637223108395802e-05 -3.247303589088255e-19
1.640205299850075e-05 -3.17076802607663e-19
1.643187491304348e-05 -3.173821622499796e-19
1.6461696827586207e-05 -3.166767143461474e-19
1.6491518742128935e-05 -3.1766023571649233e-19
1.6521340656671664e-05 -3.0647845896112506e-19
1.6551162571214392e-05 -2.9805812746425034e-19
1.658098448575712e-05 -3.0758744202671197e-19
1.661080640029985e-05 -3.006169153030235e-19
1.6640628314842578e-05 -2.895544558459024e-19
1.6670450229385306e-05 -2.905641113158222e-19
1.6700272143928035e-05 -2.8831233255833176e-19
1.6730094058470767e-05 -2.9024138776302183e-19
1.6759915973013492e-05 -2.81777507041724e-19
1.678973788755622e-05 -2.7023370068027234e-19
1.6819559802098952e-05 -2.789273768968936e-19
1.6849381716641678e-05 -2.769078682556767e-19
1.687920363118441e-05 -2.6403357458083347e-19
1.6909025545727138e-05 -2.6253374773557077e-19
1.6938847460269863e-05 -2.603465034903225e-19
1.6968669374812595e-05 -2.6154025509260285e-19
1.699849128935532e-05 -2.56668235634692e-19
1.7028313203898052e-05 -2.4212897545570718e-19
1.705813511844078e-05 -2.4678166138818075e-19
1.7087957032983506e-05 -2.5080401162881553e-19
1.7117778947526238e-05 -2.378180286954245e-19
1.7147600862068966e-05 -2.3302911032741275e-19
1.7177422776611695e-05 -2.3360434207573363e-19
1.7207244691154423e-05 -2.325415669126143e-19
1.7237066605697152e-05 -2.2929700186451245e-19
1.726688852023988e-05 -2.1590956847511522e-19
1.729671043478261e-05 -2.1433156590861938e-19
1.7326532349325337e-05 -2.221233200455718e-19
1.7356354263868066e-05 -2.1035712861852027e-19
1.7386176178410794e-05 -2.0134326996888162e-19
1.7415998092953523e-05 -2.0402923681521505e-19
1.744582000749625e-05 -2.0266522232794142e-19
1.747564192203898e-05 -2.0098568409660986e-19
1.750546383658171e-05 -1.9070332448055483e-19
1.7535285751124437e-05 -1.8330073272413664e-19
1.7565107665667165e-05 -1.9123695325194414e-19
1.7594929580209894e-05 -1.8432613435976057e-19
1.7624751494752622e-05 -1.7207303639307878e-19
1.7654573409295354e-05 -1.7398655607839289e-19
1.768439532383808e-05 -1.7137499583407824e-19
1.7714217238380808e-05 -1.696421215457892e-19
1.774403915292354e-05 -1.6393710232988287e-19
1.7773861067466265e-05 -1.5224621364074243e-19
1.7803682982008997e-05 -1.5837023301968174e-19
1.7833504896551725e-05 -1.5771301114619525e-19
1.786332681109445e-05 -1.4238980285330717e-19
1.7893148725637183e-05 -1.4298049501034188e-19
1.792297064017991e-05 -1.431987215197566e-19
1.795279255472264e-05 -1.3791040832600674e-19
1.7982614469265368e-05 -1.3599679165013058e-19
1.8012436383808093e-05 -1.2368806290240495e-19
1.8042258298350825e-05 -1.23490683060937e-19
1.8072080212893554e-05 -1.305609603739881e-19
1.8101902127436282e-05 -1.140616804789529e-19
1.813172404197901e-05 -1.0892864475332803e-19
1.816154595652174e-05 -1.139580476172688e-19
1.8191367871064468e-05 -1.0737884660761039e-19
1.8221189785607196e-05 -1.0648747696453232e-19
1.8251011700149925e-05 -9.653779872314419e-20
1.8280833614692653e-05 -9.112479107043829e-20
1.8310655529235382e-05 -9.970946901071116e-20
1.8340477443778114e-05 -8.775264837955041e-20
1.837029935832084e-05 -7.715192459615779e-20
1.8400121272863567e-05 -8.2115602249568e-20
1.84299431874063e-05 -7.721941490667973e-20
1.8459765101949024e-05 -7.27761796748208e-20
1.8489587016491756e-05 -6.881272017548469e-20
1.851940893103448e-05 -5.941015983024841e-20
1.854923084557721e-05 -6.486006641763003e-20
1.8579052760119942e-05 -6.286280976553745e-20
1.8608874674662667e-05 -4.7326014612401325e-20
1.86386965892054e-05 -4.9962968862857524e-20
1.8668518503748127e-05 -4.9930541873883375e-20
1.8698340418290853e-05 -4.19162981318847e-20
1.8728162332833584e-05 -3.831039550307778e-20
1.8757984247376313e-05 -2.980517298589714e-20
1.878780616191904e-05 -3.284456426803222e-20
1.881762807646177e-05 -3.402666961054222e-20
1.88474499910045e-05 -1.7485854865442038e-20
1.8877271905547227e-05 -1.6977616752749857e-20
1.8907093820089956e-05 -2.177664549649806e-20
1.8936915734632684e-05 -1.3168577651318301e-20
1.8966737649175413e-05 -9.816351740309216e-21
1.899655956371814e-05 -3.1728627567299338e-21
1.902638147826087e-05 3.156092551273676e-22
1.9056203392803598e-05 -5.537514984366268e-21
1.9086025307346327e-05 7.210994853163337e-21
1.9115847221889055e-05 1.5192239746454824e-20
1.9145669136431784e-05 7.483756211570796e-21
1.9175491050974512e-05 1.5650877847284215e-20
1.920531296551724e-05 2.0758694103146878e-20
1.923513488005997e-05 2.2966992889576704e-20
1.92649567946027e-05 3.112990475280551e-20
1.9294778709145426e-05 2.5387092710905397e-20
1.9324600623688155e-05 3.0316880245333815e-20
1.9354422538230887e-05 4.383324914600601e-20
1.9384244452773612e-05 3.8760906146097205e-20
1.9414066367316344e-05 3.9940467822198437e-20
1.9443888281859072e-05 4.811734566890909e-20
1.9473710196401797e-05 5.1649758240117455e-20
1.950353211094453e-05 5.82469775346188e-20
1.9533354025487254e-05 5.552422581575312e-20
1.9563175940029986e-05 5.714621765932445e-20
1.9592997854572715e-05 7.038322212102554e-20
1.962281976911544e-05 6.847390836188805e-20
1.9652641683658172e-05 6.635414870746835e-20
1.96824635982009e-05 7.538613065853945e-20
1.971228551274363e-05 7.734336285978911e-20
1.9742107427286357e-05 8.216482071654503e-20
1.9771929341829086e-05 8.482403690265996e-20
1.9801751256371815e-05 8.105105865236052e-20
1.9831573170914543e-05 9.381501943677796e-20
