0.0 1.2952076787586048e-19
2.9799122733612278e-08 1.3474654150819858e-19
5.9598245467224556e-08 1.167255844393232e-19
8.939736820083682e-08 1.15220648007497e-19
1.1919649093444911e-07 1.3513963984980278e-19
1.489956136680614e-07 1.373003139256268e-19
1.7879473640167364e-07 1.2557820214861474e-19
2.0859385913528594e-07 1.2042717388780313e-19
2.3839298186889822e-07 1.3372593152476511e-19
2.681921046025105e-07 1.4595555220342766e-19
2.979912273361228e-07 1.3040630669059263e-19
3.2779035006973506e-07 1.215486456778153e-19
3.575894728033473e-07 1.385689741740863e-19
3.8738859553695956e-07 1.4848738374276175e-19
4.171877182705719e-07 1.357916701052756e-19
4.4698684100418417e-07 1.2568335763241056e-19
4.7678596373779645e-07 1.3957282015463345e-19
5.065850864714087e-07 1.5443892696236967e-19
5.36384209205021e-07 1.4188345377161916e-19
5.661833319386333e-07 1.2768600205374551e-19
5.959824546722456e-07 1.4333517643767878e-19
6.257815774058578e-07 1.572284497661669e-19
6.555807001394701e-07 1.4716704968163301e-19
6.853798228730824e-07 1.361542440909258e-19
7.151789456066946e-07 1.4138402683360596e-19
7.449780683403068e-07 1.5889592395000818e-19
7.747771910739191e-07 1.5583663615263008e-19
8.045763138075315e-07 1.3672280985103144e-19
8.343754365411438e-07 1.4504989854798597e-19
8.641745592747561e-07 1.6320936401953756e-19
8.939736820083683e-07 1.583272648857931e-19
9.237728047419806e-07 1.438279639298105e-19
9.535719274755929e-07 1.462758813227213e-19
9.83371050209205e-07 1.650851291656595e-19
1.0131701729428174e-06 1.6623461946720374e-19
1.0429692956764296e-06 1.4598026166431295e-19
1.072768418410042e-06 1.4724600478679495e-19
1.1025675411436542e-06 1.6781965004962555e-19
1.1323666638772666e-06 1.6695109724878204e-19
1.162165786610879e-06 1.5297338778241454e-19
1.1919649093444911e-06 1.5212205965535196e-19
1.2217640320781033e-06 1.672286858361601e-19
1.2515631548117157e-06 1.7519334011752131e-19
1.2813622775453278e-06 1.5835596834984218e-19
1.3111614002789402e-06 1.5325976625465454e-19
1.3409605230125524e-06 1.71856419729026e-19
1.3707596457461648e-06 1.7545455191866286e-19
1.400558768479777e-06 1.6362087744815777e-19
1.4303578912133891e-06 1.5745784195587184e-19
1.4601570139470015e-06 1.6837864768661046e-19
1.4899561366806137e-06 1.8187249188553638e-19
1.519755259414226e-06 1.6779612605319322e-19
1.5495543821478382e-06 1.5566964620087949e-19
1.5793535048814506e-06 1.722576230261046e-19
1.609152627615063e-06 1.8354130169375187e-19
1.6389517503486754e-06 1.7323994694910698e-19
1.6687508730822876e-06 1.6174313585046213e-19
1.6985499958159e-06 1.704321588949439e-19
1.7283491185495121e-06 1.8721511148320072e-19
1.7581482412831245e-06 1.7811183913310648e-19
1.7879473640167367e-06 1.613081227731986e-19
1.8177464867503488e-06 1.7275587156753724e-19
1.8475456094839612e-06 1.8683974657170684e-19
1.8773447322175734e-06 1.7958015898189034e-19
1.9071438549511858e-06 1.672701709125443e-19
1.936942977684798e-06 1.701313099029281e-19
1.96674210041841e-06 1.8852173380750197e-19
1.9965412231520225e-06 1.8698359131826778e-19
2.026340345885635e-06 1.6560314682818767e-19
2.056139468619247e-06 1.716831681469325e-19
2.0859385913528592e-06 1.913103591691389e-19
2.1157377140864716e-06 1.8523578047379796e-19
2.145536836820084e-06 1.7022816722351828e-19
2.175335959553696e-06 1.7122923500505937e-19
2.2051350822873083e-06 1.8682036517009655e-19
2.2349342050209207e-06 1.89595376740124e-19
2.264733327754533e-06 1.7033795279307835e-19
2.2945324504881455e-06 1.6991834687533699e-19
2.324331573221758e-06 1.8817323016353277e-19
2.35413069595537e-06 1.880400613726086e-19
2.3839298186889822e-06 1.7402982428122447e-19
2.4137289414225946e-06 1.6944061323573113e-19
2.4435280641562066e-06 1.8348301247759385e-19
2.473327186889819e-06 1.9155402031104001e-19
2.5031263096234313e-06 1.7503273906153016e-19
2.5329254323570437e-06 1.6696952782581205e-19
2.5627245550906557e-06 1.8192493564391738e-19
2.592523677824268e-06 1.8783534293434239e-19
2.6223228005578804e-06 1.7580370636584326e-19
2.6521219232914924e-06 1.681046816997555e-19
2.681921046025105e-06 1.7715977453980826e-19
2.711720168758717e-06 1.8903417994164273e-19
2.7415192914923296e-06 1.778019156338426e-19
2.771318414225942e-06 1.6194673469300509e-19
2.801117536959554e-06 1.7520643971154054e-19
2.8309166596931663e-06 1.8802729993457106e-19
2.8607157824267782e-06 1.760648190740441e-19
2.890514905160391e-06 1.638851410410216e-19
2.920314027894003e-06 1.6939982782000495e-19
2.9501131506276154e-06 1.8356108273572553e-19
2.9799122733612274e-06 1.7751828261568742e-19
3.00971139609484e-06 1.5964151031856482e-19
3.039510518828452e-06 1.6683760785013058e-19
3.0693096415620645e-06 1.82374217082056e-19
3.0991087642956765e-06 1.7523119233253078e-19
3.1289078870292893e-06 1.6072863776230998e-19
3.1587070097629012e-06 1.6275370502003093e-19
3.1885061324965136e-06 1.777752602737632e-19
3.218305255230126e-06 1.7578119406736704e-19
3.248104377963738e-06 1.5554530432522483e-19
3.2779035006973508e-06 1.5708078856087678e-19
3.3077026234309627e-06 1.7484147690401708e-19
3.337501746164575e-06 1.715869692013128e-19
3.367300868898187e-06 1.5564872420981566e-19
3.3970999916318e-06 1.544529028799718e-19
3.426899114365412e-06 1.667890683877772e-19
3.4566982370990242e-06 1.7028057474748572e-19
3.486497359832636e-06 1.5531223498264123e-19
3.516296482566249e-06 1.4731360118672778e-19
3.546095605299861e-06 1.638763561815342e-19
3.5758947280334733e-06 1.6823282562589992e-19
3.6056938507670853e-06 1.5086913678742167e-19
3.6354929735006977e-06 1.4653406892718422e-19
3.6652920962343096e-06 1.5521177970230438e-19
3.6950912189679224e-06 1.637007786688714e-19
3.7248903417015344e-06 1.5188667331877263e-19
3.754689464435147e-06 1.3719761927193761e-19
3.7844885871687588e-06 1.535801672611388e-19
3.8142877099023716e-06 1.604736520826723e-19
3.844086832635984e-06 1.4566859695794634e-19
3.873885955369596e-06 1.3927974958645252e-19
3.903685078103208e-06 1.4435709118755676e-19
3.93348420083682e-06 1.550035312902083e-19
3.963283323570433e-06 1.470401807005727e-19
3.993082446304045e-06 1.2994265502726083e-19
4.022881569037658e-06 1.3938790444331992e-19
4.05268069177127e-06 1.509070355565756e-19
4.082479814504882e-06 1.395142943574149e-19
4.112278937238494e-06 1.2791003234241703e-19
4.1420780599721065e-06 1.3290515757608923e-19
4.1718771827057185e-06 1.4353317953879458e-19
4.201676305439331e-06 1.3998895546431063e-19
4.231475428172943e-06 1.232922717539469e-19
4.261274550906556e-06 1.2428245498389882e-19
4.291073673640168e-06 1.4166556779613868e-19
4.32087279637378e-06 1.3457867122249884e-19
4.350671919107392e-06 1.1719349856597325e-19
4.380471041841005e-06 1.2016863633280728e-19
4.410270164574617e-06 1.299238431548341e-19
4.4400692873082295e-06 1.3022233184782819e-19
4.4698684100418415e-06 1.14603708873379e-19
4.499667532775453e-06 1.0934919506041054e-19
4.529466655509066e-06 1.2596203588667137e-19
4.559265778242678e-06 1.2597499362240362e-19
4.589064900976291e-06 1.0956712996310389e-19
4.618864023709903e-06 1.0680418576797755e-19
4.648663146443516e-06 1.1628175765044236e-19
4.678462269177128e-06 1.2035281721574922e-19
4.70826139191074e-06 1.0772040104707944e-19
4.738060514644352e-06 9.545776082626404e-20
4.7678596373779645e-06 1.087855229286782e-19
4.797658760111576e-06 1.1568601107806095e-19
4.827457882845189e-06 9.78959323155718e-20
4.857257005578801e-06 9.306023950375238e-20
4.887056128312413e-06 1.0245801487726399e-19
4.916855251046025e-06 1.06923674579955e-19
4.946654373779638e-06 9.745483561279539e-20
4.97645349651325e-06 8.406597712075274e-20
5.006252619246863e-06 9.236928314906378e-20
5.036051741980475e-06 1.0305193422551858e-19
5.0658508647140874e-06 8.993704511671527e-20
5.095649987447699e-06 7.8209622647201e-20
5.125449110181311e-06 8.648133231716672e-20
5.155248232914924e-06 9.231264049012322e-20
5.185047355648536e-06 8.561899015709266e-20
5.214846478382149e-06 7.43706819547483e-20
5.244645601115761e-06 7.31243203390411e-20
5.274444723849373e-06 8.678617762963573e-20
5.304243846582985e-06 8.012662602454359e-20
5.334042969316598e-06 6.278159581639969e-20
5.36384209205021e-06 7.109625773458556e-20
5.393641214783822e-06 7.685541266885894e-20
5.423440337517434e-06 7.179971430772138e-20
5.453239460251047e-06 6.28959158908744e-20
5.483038582984659e-06 5.545689251762649e-20
5.512837705718271e-06 6.998052035352778e-20
5.542636828451884e-06 6.829840463245749e-20
5.572435951185496e-06 4.905634815952006e-20
5.602235073919108e-06 5.273992655116947e-20
5.63203419665272e-06 5.931849202892191e-20
5.6618333193863326e-06 5.914592611490718e-20
5.6916324421199445e-06 4.9911491849645925e-20
5.7214315648535565e-06 3.9047046223742293e-20
5.75123068758717e-06 5.1018353142338635e-20
5.781029810320782e-06 5.538814230262764e-20
5.810828933054394e-06 3.721019904338473e-20
5.840628055788006e-06 3.32550283331066e-20
5.870427178521619e-06 4.2529097963923756e-20
5.900226301255231e-06 4.1881593811402704e-20
5.930025423988843e-06 3.382421271057414e-20
5.959824546722455e-06 2.517962847577172e-20
5.989623669456068e-06 2.7638142373740703e-20
6.01942279218968e-06 3.8434761949269684e-20
6.049221914923292e-06 2.5473733497164422e-20
6.079021037656904e-06 1.3040359285713552e-20
6.108820160390517e-06 2.5635150576523023e-20
6.138619283124129e-06 2.4650748171609802e-20
6.168418405857741e-06 1.7224590812060092e-20
6.198217528591353e-06 1.1418673250728695e-20
6.228016651324967e-06 6.684282456909471e-21
6.2578157740585786e-06 1.8539228783825957e-20
6.2876148967921905e-06 1.093652270830611e-20
6.3174140195258025e-06 -5.176508729369962e-21
6.347213142259415e-06 3.8076071825083745e-21
6.377012264993027e-06 6.777188544795025e-21
6.406811387726639e-06 -3.3060037147013967e-22
6.436610510460252e-06 -7.09601873800194e-21
6.466409633193864e-06 -1.0953325601236758e-20
6.496208755927476e-06 -2.1142723382127805e-21
6.526007878661088e-06 -4.0730220417234895e-21
6.5558070013947015e-06 -2.202465497798889e-20
6.5856061241283135e-06 -1.9566077140112903e-20
6.6154052468619255e-06 -1.0523518813757853e-20
6.6452043695955374e-06 -2.0016489985117753e-20
6.67500349232915e-06 -2.600017913033517e-20
6.704802615062762e-06 -2.89659979899984e-20
6.734601737796374e-06 -2.597063373452154e-20
6.764400860529986e-06 -1.9836205370165695e-20
6.7941999832636e-06 -3.7269644596312036e-20
6.823999105997212e-06 -4.224044605050503e-20
6.853798228730824e-06 -3.074508572108763e-20
6.883597351464436e-06 -3.7447604440044816e-20
6.9133964741980485e-06 -4.203897501484369e-20
6.94319559693166e-06 -4.857559169294182e-20
6.972994719665272e-06 -4.9499129425296707e-20
7.002793842398886e-06 -3.903477830744603e-20
7.032592965132498e-06 -5.227139150350356e-20
7.06239208786611e-06 -6.324880591520319e-20
7.092191210599722e-06 -5.2964495792190033e-20
7.121990333333335e-06 -5.330836842704525e-20
7.151789456066947e-06 -6.055632783527787e-20
7.181588578800559e-06 -6.52638902544033e-20
7.211387701534171e-06 -6.916702957834183e-20
7.241186824267783e-06 -6.120271648978987e-20
7.270985947001395e-06 -6.426291540414047e-20
7.300785069735007e-06 -8.162378798114423e-20
7.330584192468619e-06 -7.542741740356438e-20
7.360383315202233e-06 -7.026277230766681e-20
7.390182437935845e-06 -7.999385487792453e-20
7.419981560669457e-06 -8.286249313386054e-20
7.449780683403069e-06 -8.830269176809409e-20
7.479579806136682e-06 -8.283737963250461e-20
7.509378928870294e-06 -7.931685558231546e-20
7.5391780516039055e-06 -9.64323532198723e-20
7.5689771743375175e-06 -9.479425901380972e-20
7.598776297071131e-06 -8.663685059976312e-20
7.628575419804743e-06 -9.548138709878332e-20
7.658374542538355e-06 -1.00677370507299e-19
7.688173665271969e-06 -1.0487755817631199e-19
7.71797278800558e-06 -1.0256810009548817e-19
7.747771910739193e-06 -9.852465289928937e-20
7.777571033472805e-06 -1.112412196324187e-19
7.807370156206417e-06 -1.148325692643823e-19
7.837169278940029e-06 -1.063855156473313e-19
7.86696840167364e-06 -1.10521077970207e-19
7.896767524407252e-06 -1.1658984703663113e-19
7.926566647140866e-06 -1.191082441006467e-19
7.956365769874478e-06 -1.2077048820137883e-19
7.98616489260809e-06 -1.152363179858643e-19
8.015964015341702e-06 -1.2200824349008246e-19
8.045763138075316e-06 -1.3309696529242658e-19
8.075562260808928e-06 -1.2589768954499352e-19
8.10536138354254e-06 -1.2403433922701004e-19
8.135160506276152e-06 -1.3280980937968532e-19
8.164959629009763e-06 -1.3695670911104574e-19
8.194758751743375e-06 -1.3610997987175062e-19
8.224557874476987e-06 -1.315077904332678e-19
8.2543569972106e-06 -1.3538350851991582e-19
8.284156119944213e-06 -1.4710692237014025e-19
8.313955242677825e-06 -1.4378664415947567e-19
8.343754365411437e-06 -1.395553938523847e-19
8.37355348814505e-06 -1.459917025134512e-19
8.403352610878663e-06 -1.4940531571063211e-19
8.433151733612275e-06 -1.5528495238239406e-19
8.462950856345886e-06 -1.5087227210819741e-19
8.4927499790795e-06 -1.470562423516803e-19
8.522549101813112e-06 -1.6258963885567272e-19
8.552348224546724e-06 -1.6184852861626078e-19
8.582147347280336e-06 -1.528015408751785e-19
8.611946470013948e-06 -1.5980980832219778e-19
8.64174559274756e-06 -1.6494476285196695e-19
8.671544715481172e-06 -1.6795279739828744e-19
8.701343838214784e-06 -1.6841484670121912e-19
8.731142960948398e-06 -1.6127818730307387e-19
8.76094208368201e-06 -1.7106039995674852e-19
8.790741206415621e-06 -1.8201243865493345e-19
8.820540329149233e-06 -1.7038633089549443e-19
8.850339451882847e-06 -1.7136065996680165e-19
8.880138574616459e-06 -1.8068605615170026e-19
8.909937697350071e-06 -1.8266379477159309e-19
8.939736820083683e-06 -1.8303952828769014e-19
8.969535942817295e-06 -1.7662784725439966e-19
8.999335065550907e-06 -1.8327406862987674e-19
9.029134188284519e-06 -1.9312284780452244e-19
9.058933311018132e-06 -1.8619002666479137e-19
9.088732433751744e-06 -1.8476637817167494e-19
9.118531556485356e-06 -1.9024944812910458e-19
9.148330679218968e-06 -1.9567708371573337e-19
9.178129801952582e-06 -1.989923265460558e-19
9.207928924686194e-06 -1.920537536613893e-19
9.237728047419806e-06 -1.938607812065078e-19
9.267527170153418e-06 -2.0628345380465042e-19
9.297326292887032e-06 -2.0313798023894784e-19
9.327125415620643e-06 -1.9783228850997592e-19
9.356924538354255e-06 -2.0247430179558606e-19
9.386723661087867e-06 -2.057658659024856e-19
9.41652278382148e-06 -2.0975645260644005e-19
9.446321906555091e-06 -2.0613518871783038e-19
9.476121029288703e-06 -2.031542244511667e-19
9.505920152022315e-06 -2.1557706333725564e-19
9.535719274755929e-06 -2.1664836571556197e-19
9.565518397489541e-06 -2.0896061271001504e-19
9.595317520223153e-06 -2.1359366455216813e-19
9.625116642956766e-06 -2.177541101447486e-19
9.654915765690378e-06 -2.2142083586543917e-19
9.68471488842399e-06 -2.1972113188511025e-19
9.714514011157602e-06 -2.122883597229694e-19
9.744313133891214e-06 -2.2215791681661416e-19
9.774112256624826e-06 -2.297766350613329e-19
9.803911379358438e-06 -2.201827600449519e-19
9.83371050209205e-06 -2.2055210085800407e-19
9.863509624825664e-06 -2.271234796444803e-19
9.893308747559276e-06 -2.298053895081656e-19
9.923107870292888e-06 -2.3061565754068806e-19
9.9529069930265e-06 -2.238881514430853e-19
9.982706115760113e-06 -2.290154601283891e-19
1.0012505238493725e-05 -2.398744981829112e-19
1.0042304361227337e-05 -2.314895496740421e-19
1.007210348396095e-05 -2.2641985827416956e-19
1.0101902606694563e-05 -2.347624071808706e-19
1.0131701729428175e-05 -2.3859279766973523e-19
1.0161500852161787e-05 -2.3779984570311736e-19
1.0191299974895399e-05 -2.336793152415695e-19
1.022109909762901e-05 -2.327307231364155e-19
1.0250898220362623e-05 -2.4498459742237444e-19
1.0280697343096235e-05 -2.4498125329073187e-19
1.0310496465829848e-05 -2.327215375295659e-19
1.034029558856346e-05 -2.3949056917981385e-19
1.0370094711297072e-05 -2.458434733269273e-19
1.0399893834030684e-05 -2.439484496183509e-19
1.0429692956764298e-05 -2.423629112785125e-19
1.045949207949791e-05 -2.3628446137835996e-19
1.0489291202231522e-05 -2.4700544038890402e-19
1.0519090324965134e-05 -2.525897971138016e-19
1.0548889447698746e-05 -2.3849575739595552e-19
1.0578688570432358e-05 -2.4327003946082804e-19
1.060848769316597e-05 -2.496021810792048e-19
1.0638286815899582e-05 -2.4829986289876174e-19
1.0668085938633195e-05 -2.5089352005835506e-19
1.0697885061366807e-05 -2.4196216990611984e-19
1.072768418410042e-05 -2.472211199791426e-19
1.0757483306834031e-05 -2.58426708196719e-19
1.0787282429567645e-05 -2.4411437778091523e-19
1.0817081552301257e-05 -2.4160716292806e-19
1.0846880675034869e-05 -2.5248624985067887e-19
1.0876679797768482e-05 -2.5129892184664245e-19
1.0906478920502094e-05 -2.512899663830621e-19
1.0936278043235706e-05 -2.4489086147626873e-19
1.0966077165969318e-05 -2.441413493530926e-19
1.099587628870293e-05 -2.5928718085160233e-19
1.1025675411436542e-05 -2.511843257267591e-19
1.1055474534170156e-05 -2.410471472692783e-19
1.1085273656903768e-05 -2.505736400736038e-19
1.111507277963738e-05 -2.533074699762494e-19
1.1144871902370992e-05 -2.5245109724004896e-19
1.1174671025104604e-05 -2.456319508476749e-19
1.1204470147838216e-05 -2.426074439010045e-19
1.1234269270571828e-05 -2.548986665907808e-19
1.126406839330544e-05 -2.520308814304794e-19
1.1293867516039053e-05 -2.396385046625298e-19
1.1323666638772665e-05 -2.461972939590811e-19
1.1353465761506277e-05 -2.5178554646415873e-19
1.1383264884239889e-05 -2.4967503195060667e-19
1.1413064006973501e-05 -2.4610167136746407e-19
1.1442863129707113e-05 -2.3829610442492595e-19
1.1472662252440725e-05 -2.4894702827056046e-19
1.150246137517434e-05 -2.534801312863397e-19
1.1532260497907952e-05 -2.3573369957664887e-19
1.1562059620641564e-05 -2.374748894031493e-19
1.1591858743375176e-05 -2.4657240748041755e-19
1.1621657866108788e-05 -2.444573423815282e-19
1.16514569888424e-05 -2.409509066229424e-19
1.1681256111576012e-05 -2.3390683672207233e-19
1.1711055234309624e-05 -2.387850151361744e-19
1.1740854357043238e-05 -2.4791790468614254e-19
1.177065347977685e-05 -2.342404143358214e-19
1.1800452602510462e-05 -2.2869570244960693e-19
1.1830251725244074e-05 -2.4054985865811946e-19
1.1860050847977686e-05 -2.3846428105666054e-19
1.1889849970711297e-05 -2.331881568522935e-19
1.191964909344491e-05 -2.2707245850600846e-19
1.1949448216178521e-05 -2.2639105578080963e-19
1.1979247338912137e-05 -2.3919605588133956e-19
1.2009046461645749e-05 -2.299189181896729e-19
1.203884558437936e-05 -2.1724149613776176e-19
1.2068644707112973e-05 -2.284655314787421e-19
1.2098443829846585e-05 -2.2944091698941675e-19
1.2128242952580197e-05 -2.2361674204139083e-19
1.2158042075313809e-05 -2.2074291953132865e-19
1.2187841198047422e-05 -2.169163110001508e-19
1.2217640320781034e-05 -2.2652993299990684e-19
1.2247439443514646e-05 -2.2375296681501237e-19
1.2277238566248258e-05 -2.0808282328886726e-19
1.230703768898187e-05 -2.1498339351830073e-19
1.2336836811715482e-05 -2.19916272064992e-19
1.2366635934449094e-05 -2.1331679486343123e-19
1.2396435057182706e-05 -2.1069246525632999e-19
1.2426234179916321e-05 -2.0368128802928095e-19
1.2456033302649933e-05 -2.1027109523174201e-19
1.2485832425383545e-05 -2.168469045533292e-19
1.2515631548117157e-05 -1.9954165737896387e-19
1.2545430670850769e-05 -1.979186296770587e-19
1.2575229793584381e-05 -2.0938861778921738e-19
1.2605028916317993e-05 -2.0519957740667196e-19
1.2634828039051605e-05 -1.9735165777533333e-19
1.2664627161785219e-05 -1.913075520276119e-19
1.269442628451883e-05 -1.9626976967041358e-19
1.2724225407252443e-05 -2.032759535518189e-19
1.2754024529986054e-05 -1.8902632179595376e-19
1.2783823652719666e-05 -1.813596757687355e-19
1.2813622775453278e-05 -1.9375450631962487e-19
1.284342189818689e-05 -1.9434504897693499e-19
1.2873221020920504e-05 -1.836086531833232e-19
1.2903020143654116e-05 -1.7844728528642561e-19
1.2932819266387728e-05 -1.7939412219061779e-19
1.296261838912134e-05 -1.8755887278150003e-19
1.2992417511854952e-05 -1.804116901017659e-19
1.3022216634588564e-05 -1.6466693464909082e-19
1.3052015757322176e-05 -1.7547386717766648e-19
1.3081814880055788e-05 -1.7968004774119714e-19
1.3111614002789403e-05 -1.6719611531919802e-19
1.3141413125523015e-05 -1.651947883344751e-19
1.3171212248256627e-05 -1.6310316633837604e-19
1.3201011370990239e-05 -1.6857724317903637e-19
1.3230810493723851e-05 -1.6768341597232997e-19
1.3260609616457463e-05 -1.5042994961322535e-19
1.3290408739191075e-05 -1.558467145605272e-19
1.3320207861924687e-05 -1.638620811141947e-19
1.33500069846583e-05 -1.5352506593464098e-19
1.3379806107391912e-05 -1.470470302465085e-19
1.3409605230125524e-05 -1.4378043473374447e-19
1.3439404352859136e-05 -1.498973064609088e-19
1.3469203475592748e-05 -1.506027785799974e-19
1.349900259832636e-05 -1.3320492694996749e-19
1.3528801721059972e-05 -1.3302326309662835e-19
1.3558600843793588e-05 -1.442624987333476e-19
1.35883999665272e-05 -1.3904551346616183e-19
1.3618199089260811e-05 -1.2809616575627818e-19
1.3647998211994423e-05 -1.2393230064485088e-19
1.3677797334728035e-05 -1.2899409876315382e-19
1.3707596457461647e-05 -1.32632534423689e-19
1.373739558019526e-05 -1.1886297017486807e-19
1.3767194702928871e-05 -1.092609615383633e-19
1.3796993825662485e-05 -1.2099415928461656e-19
1.3826792948396097e-05 -1.2082492010675146e-19
1.3856592071129709e-05 -1.063551246153812e-19
1.388639119386332e-05 -1.0323857248547846e-19
1.3916190316596933e-05 -1.0601002041003835e-19
1.3945989439330545e-05 -1.1119460477679268e-19
1.3975788562064157e-05 -1.012390720546916e-19
1.4005587684797772e-05 -8.506910933101362e-20
1.4035386807531384e-05 -9.742962572527257e-20
1.4065185930264996e-05 -1.0106142417105862e-19
1.4094985052998608e-05 -8.564080624324464e-20
1.412478417573222e-05 -7.99047418164219e-20
1.4154583298465832e-05 -8.072406121218031e-20
1.4184382421199444e-05 -8.634666324136344e-20
1.4214181543933056e-05 -7.962327117942781e-20
1.424398066666667e-05 -6.389472660583723e-20
1.4273779789400281e-05 -6.921877626325899e-20
1.4303578912133893e-05 -7.811283621821409e-20
1.4333378034867505e-05 -6.580577604133767e-20
1.4363177157601117e-05 -5.56905402325691e-20
1.439297628033473e-05 -5.694100403873173e-20
1.4422775403068341e-05 -6.07692709361132e-20
1.4452574525801953e-05 -5.939992872075373e-20
1.4482373648535567e-05 -4.199458627804231e-20
1.4512172771269179e-05 -4.122719644444859e-20
1.454197189400279e-05 -5.3468155282563344e-20
1.4571771016736403e-05 -4.2376968813124124e-20
1.4601570139470015e-05 -3.177800151197618e-20
1.4631369262203627e-05 -3.024289599941621e-20
1.4661168384937239e-05 -3.282892407088261e-20
1.4690967507670854e-05 -3.662424616832756e-20
1.4720766630404466e-05 -2.134726036090038e-20
1.4750565753138078e-05 -1.2383849258224096e-20
1.478036487587169e-05 -2.564114135297484e-20
1.4810163998605302e-05 -2.233274471267336e-20
1.4839963121338914e-05 -4.838101158693596e-21
1.4869762244072526e-05 -2.6187748715895643e-21
1.4899561366806138e-05 -6.438596836771254e-21
1.4929360489539751e-05 -8.930233482305044e-21
1.4959159612273363e-05 -8.72625703092468e-22
1.4988958735006975e-05 1.5311904861039604e-20
1.5018757857740587e-05 6.345774815247709e-21
1.5048556980474199e-05 7.637138257052176e-22
1.5078356103207811e-05 1.8242741093765464e-20
1.5108155225941423e-05 2.1537569311148723e-20
1.5137954348675035e-05 2.0537436829865197e-20
1.516775347140865e-05 1.856444593732765e-20
1.5197552594142262e-05 2.3312152652128087e-20
1.5227351716875874e-05 4.163864102776346e-20
1.5257150839609486e-05 3.5332300344646627e-20
1.5286949962343098e-05 2.708946464828995e-20
1.531674908507671e-05 4.3345185625280355e-20
1.5346548207810322e-05 5.0808514743960576e-20
1.5376347330543937e-05 4.8112374909621154e-20
1.540614645327755e-05 4.5759314682212455e-20
1.543594557601116e-05 4.7982165577458236e-20
1.5465744698744773e-05 6.522526551312548e-20
1.5495543821478385e-05 6.526399011660825e-20
1.5525342944211997e-05 5.2504984369127793e-20
1.555514206694561e-05 6.546245202757513e-20
1.558494118967922e-05 7.726662463504847e-20
1.5614740312412833e-05 7.688921603704408e-20
1.5644539435146445e-05 7.462030676696889e-20
1.5674338557880057e-05 7.336446510850881e-20
1.570413768061367e-05 8.863203826786488e-20
1.573393680334728e-05 9.573941700644887e-20
1.5763735926080893e-05 8.213618767330467e-20
1.5793535048814505e-05 8.638072639210549e-20
1.5823334171548117e-05 1.0436853762170439e-19
1.5853133294281732e-05 1.0380315880052379e-19
1.5882932417015344e-05 9.924250898126113e-20
1.5912731539748956e-05 1.0156300415392961e-19
1.5942530662482568e-05 1.1056838752538118e-19
1.597232978521618e-05 1.227332781416763e-19
1.6002128907949792e-05 1.1306503650734155e-19
1.6031928030683404e-05 1.088220021412789e-19
1.606172715341702e-05 1.284836774568687e-19
1.609152627615063e-05 1.328351880294844e-19
1.6121325398884243e-05 1.2620239366032336e-19
1.6151124521617855e-05 1.2767371308382472e-19
1.6180923644351467e-05 1.3389202744423942e-19
1.621072276708508e-05 1.4681804037441505e-19
1.624052188981869e-05 1.434974225777687e-19
1.6270321012552303e-05 1.3331752228378796e-19
1.6300120135285915e-05 1.503762421815552e-19
1.6329919258019527e-05 1.5875521772075757e-19
1.635971838075314e-05 1.5231070907686942e-19
1.638951750348675e-05 1.5454513511553219e-19
1.6419316626220363e-05 1.567088382446233e-19
1.6449115748953975e-05 1.6882806940713384e-19
1.6478914871687587e-05 1.72085102239656e-19
1.65087139944212e-05 1.5740071374695363e-19
1.6538513117154814e-05 1.6734035796904946e-19
1.6568312239888426e-05 1.8477701016918518e-19
1.6598111362622038e-05 1.773856151378071e-19
1.662791048535565e-05 1.7404485687436474e-19
1.6657709608089262e-05 1.8010768098283624e-19
1.6687508730822874e-05 1.8904062681445126e-19
1.6717307853556486e-05 1.9868868952697623e-19
1.67471069762901e-05 1.8505068060028267e-19
1.6776906099023713e-05 1.8550365543026655e-19
1.6806705221757325e-05 2.08258636273693e-19
1.6836504344490937e-05 2.0199152017198756e-19
1.686630346722455e-05 1.9566610280163504e-19
1.689610258995816e-05 2.0303539019721399e-19
1.6925901712691773e-05 2.0826943506329338e-19
1.6955700835425385e-05 2.186995313873014e-19
1.6985499958159e-05 2.1018447673476575e-19
1.7015299080892612e-05 2.049670511591897e-19
1.7045098203626224e-05 2.2574477707608397e-19
1.7074897326359836e-05 2.2804891093795025e-19
1.7104696449093448e-05 2.1900780642845254e-19
1.713449557182706e-05 2.2269279009755975e-19
1.7164294694560672e-05 2.285489361279129e-19
1.7194093817294284e-05 2.388946347979184e-19
1.7223892940027896e-05 2.3662595166158894e-19
1.7253692062761508e-05 2.2524101977468285e-19
1.728349118549512e-05 2.4053289121931496e-19
1.7313290308228732e-05 2.504930583722718e-19
1.7343089430962344e-05 2.3927231370468457e-19
1.7372888553695956e-05 2.424592084331283e-19
1.7402687676429568e-05 2.4853464981134396e-19
1.7432486799163183e-05 2.5464219367521457e-19
1.7462285921896795e-05 2.593054567317999e-19
1.7492085044630407e-05 2.474102156018682e-19
1.752188416736402e-05 2.5534237276311987e-19
1.755168329009763e-05 2.7276939572123206e-19
1.7581482412831243e-05 2.6305125335896823e-19
1.7611281535564855e-05 2.5970428586067444e-19
1.7641080658298467e-05 2.676593932230354e-19
1.7670879781032082e-05 2.7309983484669665e-19
1.7700678903765694e-05 2.7893290850799795e-19
1.7730478026499306e-05 2.7013238233802386e-19
1.7760277149232918e-05 2.693896776974287e-19
1.779007627196653e-05 2.8914927868737835e-19
1.7819875394700142e-05 2.8691015844497388e-19
1.7849674517433754e-05 2.764320571028959e-19
1.7879473640167366e-05 2.8537276330887094e-19
1.7909272762900978e-05 2.9173741676301282e-19
1.793907188563459e-05 2.9615119444800173e-19
1.7968871008368202e-05 2.908102973897493e-19
1.7998670131101814e-05 2.8481425774341352e-19
1.8028469253835426e-05 3.0329378638288507e-19
1.8058268376569038e-05 3.0645766847953346e-19
1.808806749930265e-05 2.938757038255679e-19
1.8117866622036265e-05 3.0015326924514e-19
1.8147665744769877e-05 3.0661759672487454e-19
1.817746486750349e-05 3.1187755386604814e-19
1.82072639902371e-05 3.1211091026661793e-19
1.8237063112970713e-05 3.0169604515007785e-19
1.8266862235704325e-05 3.140342818047077e-19
1.8296661358437937e-05 3.2517365738271294e-19
1.832646048117155e-05 3.11645446772931e-19
1.8356259603905164e-05 3.130304535243454e-19
1.8386058726638776e-05 3.2171012361862863e-19
1.8415857849372388e-05 3.257323271376601e-19
1.8445656972106e-05 3.2717069466385146e-19
1.8475456094839612e-05 3.167090704305681e-19
1.8505255217573224e-05 3.2428060829376804e-19
1.8535054340306836e-05 3.396080709249606e-19
1.856485346304045e-05 3.292043775254702e-19
1.8594652585774063e-05 3.239627602469336e-19
1.8624451708507675e-05 3.3389067982215796e-19
1.8654250831241287e-05 3.387460098091319e-19
1.86840499539749e-05 3.3904237195425273e-19
1.871384907670851e-05 3.3084747181448054e-19
1.8743648199442123e-05 3.324360920023446e-19
1.8773447322175735e-05 3.4845876208854373e-19
1.8803246444909347e-05 3.4328523288136275e-19
1.883304556764296e-05 3.334670403655266e-19
1.886284469037657e-05 3.4249655910667716e-19
1.8892643813110183e-05 3.4848322457154068e-19
1.8922442935843795e-05 3.495946088397336e-19
1.8952242058577407e-05 3.451839188287278e-19
1.898204118131102e-05 3.3966374212343744e-19
1.901184030404463e-05 3.532240721428039e-19
1.9041639426778246e-05 3.5738467539664997e-19
1.9071438549511858e-05 3.432331875659267e-19
1.910123767224547e-05 3.4745595649489774e-19
1.9131036794979082e-05 3.56304146616829e-19
1.9160835917712694e-05 3.5671933182128705e-19
1.9190635040446306e-05 3.5439208513603953e-19
1.9220434163179918e-05 3.4618690736747296e-19
1.9250233285913533e-05 3.5610914061915164e-19
1.9280032408647145e-05 3.644800643886004e-19
1.9309831531380757e-05 3.5244957497374705e-19
1.933963065411437e-05 3.540346010898651e-19
1.936942977684798e-05 3.591274532577869e-19
1.9399228899581593e-05 3.6147478779772886e-19
1.9429028022315205e-05 3.62515040920316e-19
1.9458827145048817e-05 3.521047404239982e-19
1.948862626778243e-05 3.5786137770322624e-19
1.951842539051604e-05 3.6904837046303184e-19
1.9548224513249653e-05 3.5902814201009986e-19
1.9578023635983265e-05 3.5498780898701843e-19
1.9607822758716876e-05 3.620321995765614e-19
1.963762188145049e-05 3.6418833576716e-19
1.96674210041841e-05 3.6491513451668874e-19
1.9697220126917712e-05 3.5912655012817166e-19
1.9727019249651328e-05 3.5685370244016546e-19
1.975681837238494e-05 3.6951460175112914e-19
1.978661749511855e-05 3.6617974039861136e-19
1.9816416617852164e-05 3.542149225691915e-19
1.9846215740585776e-05 3.617940068156429e-19
1.9876014863319388e-05 3.65157255801713e-19
1.9905813986053e-05 3.63383892435342e-19
1.9935613108786615e-05 3.6060621399023707e-19
1.9965412231520227e-05 3.558215911909384e-19
1.999521135425384e-05 3.6735244860182285e-19
2.002501047698745e-05 3.6718838455839364e-19
2.0054809599721063e-05 3.5478651891326224e-19
2.0084608722454675e-05 3.612537346766407e-19
2.0114407845188287e-05 3.6475867407860547e-19
2.01442069679219e-05 3.6338076451009654e-19
2.0174006090655514e-05 3.614765392987028e-19
2.0203805213389126e-05 3.5257014929476024e-19
2.0233604336122738e-05 3.610430309815041e-19
2.026340345885635e-05 3.6702591004661335e-19
2.0293202581589962e-05 3.5294257942338937e-19
2.0323001704323574e-05 3.5394557596203403e-19
2.0352800827057186e-05 3.6099855590446197e-19
2.0382599949790798e-05 3.5990131749026494e-19
2.041239907252441e-05 3.5968888991972384e-19
2.044219819525802e-05 3.5154506173330147e-19
2.0471997317991633e-05 3.523073412178208e-19
2.0501796440725245e-05 3.628305600166548e-19
2.0531595563458857e-05 3.526442633144608e-19
2.056139468619247e-05 3.448124330050831e-19
2.059119380892608e-05 3.546654619420462e-19
2.0620992931659697e-05 3.530521908441657e-19
2.065079205439331e-05 3.5013664369267805e-19
2.068059117712692e-05 3.4802310784460576e-19
2.0710390299860533e-05 3.4307331449848026e-19
2.0740189422594145e-05 3.5316389693629213e-19
2.0769988545327756e-05 3.4965988321661683e-19
2.079978766806137e-05 3.38302571910185e-19
2.082958679079498e-05 3.4539059413274235e-19
2.0859385913528596e-05 3.456498931230486e-19
2.0889185036262208e-05 3.432331374742454e-19
2.091898415899582e-05 3.4099006617925183e-19
2.094878328172943e-05 3.3341337973614385e-19
2.0978582404463044e-05 3.4121030669731707e-19
2.1008381527196656e-05 3.431876374352654e-19
2.1038180649930268e-05 3.28816734223734e-19
2.106797977266388e-05 3.3251697175973557e-19
2.109777889539749e-05 3.380846909436292e-19
2.1127578018131103e-05 3.31007100744237e-19
2.1157377140864715e-05 3.319749478209441e-19
2.1187176263598327e-05 3.2520635095306894e-19
2.121697538633194e-05 3.255237421632873e-19
2.124677450906555e-05 3.3556368585108376e-19
2.1276573631799163e-05 3.205830693140727e-19
2.130637275453278e-05 3.1733702201593804e-19
