0.0 3.779461069697958e-19
2.9807357369255154e-08 3.783708683169579e-19
5.961471473851031e-08 3.828190094273822e-19
8.942207210776545e-08 3.834925222240103e-19
1.1922942947702062e-07 3.879423661225012e-19
1.4903678684627576e-07 3.9217908103798575e-19
1.788441442155309e-07 3.9013935014300235e-19
2.0865150158478604e-07 3.9561205123872705e-19
2.3845885895404123e-07 3.9723357647348238e-19
2.6826621632329637e-07 3.9589651357068115e-19
2.980735736925515e-07 4.033668731683602e-19
3.2788093106180665e-07 4.0172428694955893e-19
3.576882884310618e-07 4.0502635914099193e-19
3.8749564580031694e-07 4.1324720638606276e-19
4.173030031695721e-07 4.075511535455448e-19
4.4711036053882727e-07 4.1301277273314226e-19
4.769177179080825e-07 4.1855355129852376e-19
5.067250752773376e-07 4.154396399910498e-19
5.365324326465927e-07 4.22377495839323e-19
5.663397900158479e-07 4.202823769649431e-19
5.96147147385103e-07 4.201676047101063e-19
6.259545047543582e-07 4.3018222562712754e-19
6.557618621236133e-07 4.2705941349558765e-19
6.855692194928685e-07 4.261739116193165e-19
7.153765768621236e-07 4.335749471077071e-19
7.451839342313788e-07 4.3362712714906987e-19
7.749912916006339e-07 4.355206390567397e-19
8.04798648969889e-07 4.393025817745565e-19
8.346060063391442e-07 4.360700109623385e-19
8.644133637083994e-07 4.426848853815253e-19
8.942207210776545e-07 4.470190150621116e-19
9.240280784469097e-07 4.4009352473240655e-19
9.53835435816165e-07 4.465607403633596e-19
9.8364279318542e-07 4.490262226181508e-19
1.0134501505546752e-06 4.479707937865755e-19
1.0432575079239304e-06 4.522265316180109e-19
1.0730648652931855e-06 4.477045939901153e-19
1.1028722226624406e-06 4.541817345086347e-19
1.1326795800316958e-06 4.600541457418945e-19
1.162486937400951e-06 4.536404710218659e-19
1.192294294770206e-06 4.574744467988404e-19
1.2221016521394612e-06 4.602832286917744e-19
1.2519090095087163e-06 4.607757538992053e-19
1.2817163668779715e-06 4.63344604532158e-19
1.3115237242472266e-06 4.59455500005365e-19
1.3413310816164818e-06 4.616504617988842e-19
1.371138438985737e-06 4.691320461624064e-19
1.400945796354992e-06 4.644061464603393e-19
1.4307531537242472e-06 4.629769556347591e-19
1.4605605110935025e-06 4.7124296091268685e-19
1.4903678684627577e-06 4.682324906020867e-19
1.5201752258320128e-06 4.696219766562955e-19
1.5499825832012677e-06 4.720210465589084e-19
1.579789940570523e-06 4.673044638497186e-19
1.609597297939778e-06 4.759416691123138e-19
1.6394046553090334e-06 4.75673617202028e-19
1.6692120126782883e-06 4.688639766789117e-19
1.6990193700475437e-06 4.749333961677421e-19
1.7288267274167988e-06 4.744729714608379e-19
1.7586340847860542e-06 4.743831738184629e-19
1.788441442155309e-06 4.773594991012981e-19
1.8182487995245644e-06 4.720059867415137e-19
1.8480561568938194e-06 4.779718627128047e-19
1.8778635142630747e-06 4.818038892879712e-19
1.90767087163233e-06 4.73041078203114e-19
1.9374782290015846e-06 4.781062578818607e-19
1.96728558637084e-06 4.801688572325089e-19
1.997092943740095e-06 4.780874466024813e-19
2.0269003011093504e-06 4.800874308848254e-19
2.056707658478605e-06 4.744058432238259e-19
2.0865150158478607e-06 4.786463845846553e-19
2.116322373217116e-06 4.83350699736682e-19
2.146129730586371e-06 4.759858101695745e-19
2.175937087955626e-06 4.765413953309108e-19
2.2057444453248813e-06 4.809334494617436e-19
2.2355518026941364e-06 4.795912020801355e-19
2.2653591600633915e-06 4.794532409964006e-19
2.2951665174326467e-06 4.777620938274429e-19
2.324973874801902e-06 4.768396841792281e-19
2.354781232171157e-06 4.830840025513067e-19
2.384588589540412e-06 4.786930304601585e-19
2.4143959469096673e-06 4.725130677602285e-19
2.4442033042789224e-06 4.793345129557399e-19
2.4740106616481775e-06 4.781057903938142e-19
2.5038180190174327e-06 4.755034193954051e-19
2.533625376386688e-06 4.757013519749094e-19
2.563432733755943e-06 4.713374386929253e-19
2.593240091125198e-06 4.78180183688009e-19
2.6230474484944532e-06 4.787475943734187e-19
2.6528548058637084e-06 4.684114019146439e-19
2.6826621632329635e-06 4.740217425571259e-19
2.712469520602219e-06 4.754710213378042e-19
2.742276877971474e-06 4.705985331596157e-19
2.7720842353407294e-06 4.725319113598079e-19
2.801891592709984e-06 4.647202785022279e-19
2.8316989500792396e-06 4.680526742316824e-19
2.8615063074484944e-06 4.747936495109156e-19
2.8913136648177495e-06 4.615730696984939e-19
2.921121022187005e-06 4.631375653069264e-19
2.95092837955626e-06 4.686664429486875e-19
2.9807357369255154e-06 4.630218776373401e-19
3.01054309429477e-06 4.6300537553787375e-19
3.0403504516640256e-06 4.583687362478928e-19
3.0701578090332804e-06 4.580344287415793e-19
3.0999651664025355e-06 4.633785017809081e-19
3.1297725237717906e-06 4.560572459917748e-19
3.159579881141046e-06 4.493159174232846e-19
3.1893872385103013e-06 4.542517807263775e-19
3.219194595879556e-06 4.548152208323465e-19
3.2490019532488116e-06 4.491880439732864e-19
3.2788093106180668e-06 4.453294544606621e-19
3.3086166679873223e-06 4.446671473300553e-19
3.3384240253565766e-06 4.51326293901687e-19
3.368231382725832e-06 4.456218171434749e-19
3.3980387400950873e-06 4.333905876914838e-19
3.427846097464342e-06 4.414491203727244e-19
3.4576534548335976e-06 4.42563122247744e-19
3.4874608122028527e-06 4.34318125378551e-19
3.5172681695721083e-06 4.33319446625935e-19
3.5470755269413626e-06 4.271609625413189e-19
3.576882884310618e-06 4.321956495124471e-19
3.6066902416798733e-06 4.3320722860189884e-19
3.636497599049129e-06 4.1672816676711385e-19
3.6663049564183836e-06 4.2139162724570117e-19
3.6961123137876387e-06 4.266779160190665e-19
3.725919671156894e-06 4.181145593699064e-19
3.7557270285261494e-06 4.149022471456858e-19
3.785534385895404e-06 4.0883527258278433e-19
3.81534174326466e-06 4.141026832495512e-19
3.845149100633915e-06 4.1697839083288147e-19
3.874956458003169e-06 3.994409959083493e-19
3.904763815372424e-06 3.980088713146956e-19
3.93457117274168e-06 4.071831751446129e-19
3.9643785301109354e-06 4.000404324571514e-19
3.99418588748019e-06 3.9203626627145004e-19
4.023993244849446e-06 3.8915544911418794e-19
4.053800602218701e-06 3.90786492832428e-19
4.083607959587956e-06 3.949350992449907e-19
4.11341531695721e-06 3.8150870022718467e-19
4.143222674326466e-06 3.735928986323017e-19
4.173030031695721e-06 3.8421244563253183e-19
4.2028373890649766e-06 3.8063400200383187e-19
4.232644746434232e-06 3.7107665631469726e-19
4.262452103803487e-06 3.664125340194532e-19
4.292259461172742e-06 3.6507165725786413e-19
4.322066818541996e-06 3.7036559547858916e-19
4.351874175911252e-06 3.610428997535866e-19
4.381681533280507e-06 3.4736251440705606e-19
4.4114888906497625e-06 3.551716916203734e-19
4.441296248019018e-06 3.5778298657390296e-19
4.471103605388273e-06 3.4609987454997493e-19
4.500910962757528e-06 3.4074731798232027e-19
4.530718320126783e-06 3.3863458018060595e-19
4.560525677496038e-06 3.423758857195914e-19
4.590333034865293e-06 3.3874967018694255e-19
4.6201403922345485e-06 3.214888811515297e-19
4.649947749603804e-06 3.24176821092473e-19
4.679755106973059e-06 3.305171558956456e-19
4.709562464342314e-06 3.1911614449247436e-19
4.739369821711569e-06 3.117440315534628e-19
4.769177179080824e-06 3.0796663668317776e-19
4.798984536450079e-06 3.1188445521869853e-19
4.8287918938193345e-06 3.1247138884343733e-19
4.85859925118859e-06 2.9352238003353734e-19
4.888406608557845e-06 2.9130075451737303e-19
4.9182139659271e-06 3.0099295645096567e-19
4.948021323296355e-06 2.913358838666671e-19
4.97782868066561e-06 2.791924593848366e-19
5.007636038034865e-06 2.760489920127541e-19
5.0374433954041205e-06 2.7913392724337093e-19
5.067250752773376e-06 2.791113446694486e-19
5.097058110142632e-06 2.6379447771280707e-19
5.126865467511886e-06 2.5484887199347507e-19
5.156672824881141e-06 2.6410190258302634e-19
5.186480182250396e-06 2.608038165175305e-19
5.216287539619652e-06 2.465849863983966e-19
5.2460948969889065e-06 2.418122798097971e-19
5.275902254358162e-06 2.422459294869787e-19
5.305709611727417e-06 2.4449205644973735e-19
5.335516969096672e-06 2.320911668468269e-19
5.365324326465927e-06 2.1725350378770323e-19
5.395131683835182e-06 2.2617960022860617e-19
5.424939041204438e-06 2.2558341047317527e-19
5.4547463985736925e-06 2.0932826654148387e-19
5.484553755942948e-06 2.0418374466378156e-19
5.514361113312203e-06 2.0327380204173759e-19
5.544168470681459e-06 2.0639801457760842e-19
5.573975828050713e-06 1.990254729138364e-19
5.603783185419968e-06 1.7885912593000717e-19
5.633590542789224e-06 1.8436435578917173e-19
5.663397900158479e-06 1.908961190355867e-19
5.693205257527734e-06 1.7281638202147533e-19
5.723012614896989e-06 1.6523981760419e-19
5.752819972266245e-06 1.642206112363715e-19
5.782627329635499e-06 1.6395515273268436e-19
5.812434687004754e-06 1.6176301136974992e-19
5.84224204437401e-06 1.4110455704091173e-19
5.872049401743265e-06 1.385076461545405e-19
5.90185675911252e-06 1.5060683308238649e-19
5.931664116481775e-06 1.375981985119515e-19
5.961471473851031e-06 1.2443167273990652e-19
5.991278831220286e-06 1.2300389605852797e-19
6.02108618858954e-06 1.220639572828863e-19
6.050893545958796e-06 1.217553341705265e-19
6.080700903328051e-06 1.0579407010385648e-19
6.110508260697306e-06 9.337430772026661e-20
6.140315618066561e-06 1.0524229771383582e-19
6.170122975435817e-06 1.0008909754865545e-19
6.199930332805071e-06 8.081904758229893e-20
6.229737690174327e-06 8.000580396633578e-20
6.259545047543581e-06 8.03149855994331e-20
6.289352404912836e-06 7.903478648088971e-20
6.319159762282092e-06 6.853350895365001e-20
6.348967119651347e-06 5.1349110302380133e-20
6.378774477020603e-06 6.013110337039549e-20
6.408581834389858e-06 6.184370710268116e-20
6.438389191759112e-06 4.0820839041423333e-20
6.468196549128368e-06 3.513893841274628e-20
6.498003906497623e-06 3.7430782365964906e-20
6.5278112638668775e-06 3.5460044635082384e-20
6.5576186212361335e-06 2.729657579766777e-20
6.587425978605389e-06 1.026661745906194e-20
6.617233335974645e-06 1.2561281863699797e-20
6.647040693343899e-06 2.145688450345854e-20
6.676848050713153e-06 2.3001950774827293e-21
6.706655408082409e-06 -1.01265293563178e-20
6.736462765451664e-06 -5.4968482051378594e-21
6.766270122820919e-06 -7.637488143843084e-21
6.796077480190175e-06 -1.3460478835437751e-20
6.82588483755943e-06 -2.9778493016393586e-20
6.855692194928684e-06 -3.465933551704751e-20
6.88549955229794e-06 -2.2365004788163148e-20
6.915306909667195e-06 -3.624623950033911e-20
6.945114267036451e-06 -5.510730103494065e-20
6.9749216244057055e-06 -4.9847307778942354e-20
7.004728981774961e-06 -4.956460030031674e-20
7.034536339144217e-06 -5.699833387584835e-20
7.064343696513471e-06 -6.792999881206443e-20
7.094151053882725e-06 -7.858127428665204e-20
7.123958411251981e-06 -6.947600099628279e-20
7.153765768621236e-06 -7.438623954148423e-20
7.183573125990491e-06 -9.649340216963403e-20
7.213380483359747e-06 -9.596284502494411e-20
7.243187840729002e-06 -9.433595339195012e-20
7.272995198098258e-06 -9.924772953334344e-20
7.302802555467512e-06 -1.0880891458512085e-19
7.332609912836767e-06 -1.2449181787820455e-19
7.362417270206023e-06 -1.159012687423534e-19
7.3922246275752775e-06 -1.1426536252359803e-19
7.422031984944532e-06 -1.3686929455547802e-19
7.451839342313788e-06 -1.4101657273792274e-19
7.481646699683043e-06 -1.3562226246644474e-19
7.511454057052299e-06 -1.3919786547123372e-19
7.541261414421553e-06 -1.498344201284925e-19
7.571068771790808e-06 -1.649508027375195e-19
7.600876129160064e-06 -1.6417898174979372e-19
7.63068348652932e-06 -1.5707566014858609e-19
7.660490843898573e-06 -1.743255125497015e-19
7.69029820126783e-06 -1.8646804350145334e-19
7.720105558637085e-06 -1.7865859018102268e-19
7.749912916006338e-06 -1.817734564427023e-19
7.779720273375595e-06 -1.9088391408945308e-19
7.809527630744849e-06 -2.0389654292010306e-19
7.839334988114105e-06 -2.0826554560261144e-19
7.86914234548336e-06 -1.9711650286488414e-19
7.898949702852614e-06 -2.113743005911253e-19
7.928757060221871e-06 -2.29193436918037e-19
7.958564417591126e-06 -2.221858020227368e-19
7.98837177496038e-06 -2.2156191736863787e-19
8.018179132329636e-06 -2.309685079012741e-19
8.047986489698891e-06 -2.431523322459247e-19
8.077793847068147e-06 -2.5044886787101407e-19
8.107601204437402e-06 -2.417507161065195e-19
8.137408561806657e-06 -2.455704434905965e-19
8.167215919175912e-06 -2.658638795452511e-19
8.197023276545167e-06 -2.652809095045231e-19
8.22683063391442e-06 -2.606174394653305e-19
8.256637991283677e-06 -2.689416414404563e-19
8.286445348652933e-06 -2.7871070044404433e-19
8.316252706022186e-06 -2.890020205269158e-19
8.346060063391443e-06 -2.8390605581035843e-19
8.375867420760698e-06 -2.8260539088289327e-19
8.405674778129953e-06 -3.0148869023421123e-19
8.435482135499208e-06 -3.0594831730223073e-19
8.465289492868463e-06 -2.994866503420043e-19
8.495096850237719e-06 -3.044681502471218e-19
8.524904207606974e-06 -3.143395190712184e-19
8.554711564976229e-06 -3.2312836368778123e-19
8.584518922345484e-06 -3.2314326154452104e-19
8.614326279714739e-06 -3.1635561002833864e-19
8.644133637083993e-06 -3.3005348655367025e-19
8.67394099445325e-06 -3.4518701576933213e-19
8.703748351822505e-06 -3.3655636536805743e-19
8.73355570919176e-06 -3.3790021301222583e-19
8.763363066561015e-06 -3.478632142286053e-19
8.79317042393027e-06 -3.5687303585987334e-19
8.822977781299525e-06 -3.6147757327232234e-19
8.85278513866878e-06 -3.5079220096089985e-19
8.882592496038035e-06 -3.5905000400479845e-19
8.91239985340729e-06 -3.7739349180213456e-19
8.942207210776546e-06 -3.7225132262390417e-19
8.9720145681458e-06 -3.689709257649481e-19
9.001821925515056e-06 -3.774907452877952e-19
9.031629282884311e-06 -3.8675790787864487e-19
9.061436640253566e-06 -3.932505162686597e-19
9.091243997622821e-06 -3.8649313514421055e-19
9.121051354992076e-06 -3.8755360455865756e-19
9.150858712361332e-06 -4.0613283460416083e-19
9.180666069730587e-06 -4.0754122129333484e-19
9.210473427099842e-06 -3.9904814302085057e-19
9.240280784469097e-06 -4.056703773544083e-19
9.270088141838352e-06 -4.1675647374171713e-19
9.299895499207607e-06 -4.2227833818100056e-19
9.329702856576862e-06 -4.1732007963074416e-19
9.359510213946118e-06 -4.149950706498784e-19
9.389317571315373e-06 -4.316245242383584e-19
9.419124928684628e-06 -4.373707222438175e-19
9.448932286053883e-06 -4.284605534944317e-19
9.478739643423138e-06 -4.327405955483595e-19
9.508547000792393e-06 -4.403454987794729e-19
9.538354358161648e-06 -4.486479311094809e-19
9.568161715530904e-06 -4.483468866816008e-19
9.597969072900159e-06 -4.397134276689529e-19
9.627776430269414e-06 -4.523442799413879e-19
9.657583787638669e-06 -4.631439423078833e-19
9.687391145007924e-06 -4.5508255148714e-19
9.71719850237718e-06 -4.559060236114038e-19
9.747005859746434e-06 -4.624450360704722e-19
9.77681321711569e-06 -4.704169924854076e-19
9.806620574484945e-06 -4.745097987418781e-19
9.8364279318542e-06 -4.635642979714966e-19
9.866235289223455e-06 -4.701229210475614e-19
9.89604264659271e-06 -4.859717170306256e-19
9.925850003961965e-06 -4.794891086559363e-19
9.95565736133122e-06 -4.767626213269329e-19
9.985464718700476e-06 -4.818826137507667e-19
1.001527207606973e-05 -4.876112835253549e-19
1.0045079433438986e-05 -4.945173922664614e-19
1.0074886790808241e-05 -4.8594656176726e-19
1.0104694148177496e-05 -4.839247617874146e-19
1.0134501505546751e-05 -5.013319696879185e-19
1.0164308862916006e-05 -5.026978141415527e-19
1.0194116220285263e-05 -4.924925530175725e-19
1.0223923577654517e-05 -4.960336521944492e-19
1.0253730935023772e-05 -5.037635623234426e-19
1.0283538292393027e-05 -5.111768924582023e-19
1.0313345649762282e-05 -5.060760218573815e-19
1.0343153007131537e-05 -4.946065895491565e-19
1.0372960364500792e-05 -5.108506617718512e-19
1.0402767721870048e-05 -5.195039535280211e-19
1.0432575079239304e-05 -5.050367195093689e-19
1.0462382436608558e-05 -5.070744355558795e-19
1.0492189793977813e-05 -5.149431447395176e-19
1.052199715134707e-05 -5.207019991500525e-19
1.0551804508716323e-05 -5.199450303514214e-19
1.0581611866085578e-05 -5.073056861075295e-19
1.0611419223454834e-05 -5.164488190795612e-19
1.0641226580824089e-05 -5.312281896522386e-19
1.0671033938193344e-05 -5.194472433647013e-19
1.0700841295562599e-05 -5.141455607971034e-19
1.0730648652931854e-05 -5.210635674776085e-19
1.0760456010301111e-05 -5.265109908855785e-19
1.0790263367670364e-05 -5.300023294346586e-19
1.082007072503962e-05 -5.166658599879409e-19
1.0849878082408876e-05 -5.178681113217201e-19
1.087968543977813e-05 -5.367932958030804e-19
1.0909492797147385e-05 -5.287875856886999e-19
1.0939300154516642e-05 -5.197553614321595e-19
1.0969107511885895e-05 -5.256799499302244e-19
1.099891486925515e-05 -5.307787670858158e-19
1.1028722226624405e-05 -5.361668252549221e-19
1.105852958399366e-05 -5.249334988317819e-19
1.1088336941362917e-05 -5.180656942415935e-19
1.1118144298732171e-05 -5.353606337454156e-19
1.1147951656101426e-05 -5.369704018816679e-19
1.1177759013470683e-05 -5.2178269689116005e-19
1.1207566370839936e-05 -5.217491245841259e-19
1.1237373728209191e-05 -5.3189149239419e-19
1.1267181085578448e-05 -5.386010268175405e-19
1.1296988442947702e-05 -5.304516146623776e-19
1.1326795800316959e-05 -5.170636838837742e-19
1.1356603157686212e-05 -5.306740296000396e-19
1.1386410515055467e-05 -5.419193040433026e-19
1.1416217872424724e-05 -5.248840985017845e-19
1.1446025229793977e-05 -5.19195891643567e-19
1.1475832587163233e-05 -5.279762975804393e-19
1.150563994453249e-05 -5.359760648160317e-19
1.1535447301901743e-05 -5.320401277883107e-19
1.1565254659270998e-05 -5.128828941891921e-19
1.1595062016640255e-05 -5.220855703679137e-19
1.1624869374009508e-05 -5.418835970700683e-19
1.1654676731378765e-05 -5.260937749560278e-19
1.168448408874802e-05 -5.139247075428137e-19
1.1714291446117274e-05 -5.236921376858164e-19
1.174409880348653e-05 -5.313666366153436e-19
1.1773906160855784e-05 -5.291251427418143e-19
1.180371351822504e-05 -5.11412427108728e-19
1.1833520875594296e-05 -5.1135996143648025e-19
1.186332823296355e-05 -5.337596536778739e-19
1.1893135590332806e-05 -5.246442161974114e-19
1.1922942947702061e-05 -5.058222863439147e-19
1.1952750305071315e-05 -5.139266855796739e-19
1.1982557662440572e-05 -5.232051795965675e-19
1.2012365019809827e-05 -5.224825560022701e-19
1.204217237717908e-05 -5.086923038100676e-19
1.2071979734548337e-05 -4.999228588997495e-19
1.2101787091917592e-05 -5.201003009105312e-19
1.2131594449286846e-05 -5.213422231407662e-19
1.2161401806656103e-05 -4.968241470308016e-19
1.2191209164025356e-05 -4.99705345096072e-19
1.2221016521394613e-05 -5.108734905275638e-19
1.2250823878763868e-05 -5.120118159673678e-19
1.2280631236133121e-05 -5.026535119156014e-19
1.2310438593502378e-05 -4.852218334020167e-19
1.2340245950871633e-05 -5.018813246491542e-19
1.2370053308240887e-05 -5.148963636424844e-19
1.2399860665610142e-05 -4.891204599070227e-19
1.2429668022979399e-05 -4.823910391888336e-19
1.2459475380348654e-05 -4.952716205446668e-19
1.2489282737717907e-05 -5.003030134523256e-19
1.2519090095087163e-05 -4.920352126072131e-19
1.254889745245642e-05 -4.717775280837274e-19
1.2578704809825673e-05 -4.800935586745657e-19
1.2608512167194928e-05 -5.004494074136088e-19
1.2638319524564185e-05 -4.802368608603047e-19
1.266812688193344e-05 -4.626190935960291e-19
1.2697934239302693e-05 -4.766659276721854e-19
1.272774159667195e-05 -4.845979628883362e-19
1.2757548954041205e-05 -4.763216693920047e-19
1.2787356311410459e-05 -4.587512022999749e-19
1.2817163668779716e-05 -4.588510680618222e-19
1.284697102614897e-05 -4.807233044293797e-19
1.2876778383518224e-05 -4.69842024012413e-19
1.2906585740887481e-05 -4.444096829764756e-19
1.2936393098256736e-05 -4.533189351449359e-19
1.296620045562599e-05 -4.656096485758741e-19
1.2996007812995246e-05 -4.584293036485327e-19
1.3025815170364502e-05 -4.405805982423942e-19
1.3055622527733755e-05 -4.343267539561556e-19
1.3085429885103012e-05 -4.558309247676918e-19
1.3115237242472267e-05 -4.554655823813439e-19
1.314504459984152e-05 -4.2609454122168464e-19
1.3174851957210777e-05 -4.276511940140003e-19
1.3204659314580032e-05 -4.453822119915767e-19
1.323446667194929e-05 -4.414325641465279e-19
1.3264274029318541e-05 -4.2307295679420597e-19
1.3294081386687798e-05 -4.113552464508614e-19
1.3323888744057055e-05 -4.269721196375928e-19
1.3353696101426306e-05 -4.378248032472502e-19
1.3383503458795563e-05 -4.09587039274219e-19
1.3413310816164818e-05 -3.979904025224795e-19
1.3443118173534072e-05 -4.2037493978817112e-19
1.3472925530903329e-05 -4.213118677217734e-19
1.3502732888272584e-05 -4.021506778686068e-19
1.3532540245641837e-05 -3.892482706186774e-19
1.3562347603011094e-05 -3.990193898372049e-19
1.359215496038035e-05 -4.152274003522419e-19
1.3621962317749603e-05 -3.9054382190814274e-19
1.365176967511886e-05 -3.712691935137574e-19
1.3681577032488115e-05 -3.9250643054846865e-19
1.3711384389857368e-05 -3.973813969268669e-19
1.3741191747226625e-05 -3.8100696286718093e-19
1.377099910459588e-05 -3.6375155921269397e-19
1.3800806461965137e-05 -3.6768693501104336e-19
1.383061381933439e-05 -3.902994952111158e-19
1.3860421176703646e-05 -3.735087484267169e-19
1.3890228534072902e-05 -3.45770843463947e-19
1.3920035891442156e-05 -3.598888227907732e-19
1.3949843248811411e-05 -3.726040570275851e-19
1.3979650606180668e-05 -3.592221891673801e-19
1.4009457963549921e-05 -3.394930569056084e-19
1.4039265320919176e-05 -3.3651914111539947e-19
1.4069072678288433e-05 -3.5765427058654956e-19
1.4098880035657685e-05 -3.529429865111047e-19
1.4128687393026942e-05 -3.1985519504675056e-19
1.4158494750396197e-05 -3.2419237910384475e-19
1.418830210776545e-05 -3.4390539505483435e-19
1.4218109465134707e-05 -3.343061425320996e-19
1.4247916822503962e-05 -3.152593410134229e-19
1.4277724179873216e-05 -3.06946723454513e-19
1.4307531537242473e-05 -3.2273262094656042e-19
1.4337338894611728e-05 -3.289609893261204e-19
1.4367146251980981e-05 -2.973474326181461e-19
1.4396953609350238e-05 -2.885659174606938e-19
1.4426760966719493e-05 -3.1232903064197563e-19
1.445656832408875e-05 -3.0939488744890924e-19
1.4486375681458004e-05 -2.8505197132280347e-19
1.4516183038827259e-05 -2.748716437360791e-19
1.4545990396196515e-05 -2.8827186915024693e-19
1.4575797753565769e-05 -3.0106717125602027e-19
1.4605605110935024e-05 -2.74126786139631e-19
1.4635412468304281e-05 -2.532954520339287e-19
1.4665219825673534e-05 -2.7880257295839126e-19
1.469502718304279e-05 -2.8320073549991995e-19
1.4724834540412046e-05 -2.567327045650286e-19
1.47546418977813e-05 -2.4368929782223046e-19
1.4784449255150555e-05 -2.5126563527432135e-19
1.4814256612519812e-05 -2.6799327996029533e-19
1.4844063969889064e-05 -2.4964816215133033e-19
1.487387132725832e-05 -2.205935902129776e-19
1.4903678684627575e-05 -2.379550683004845e-19
1.4933486041996829e-05 -2.5275788650535394e-19
1.4963293399366086e-05 -2.3176624343108336e-19
1.4993100756735341e-05 -2.123620797540141e-19
1.5022908114104598e-05 -2.170390560440737e-19
1.5052715471473851e-05 -2.335030075068722e-19
1.5082522828843106e-05 -2.2295463597953387e-19
1.5112330186212363e-05 -1.909111962339971e-19
1.5142137543581617e-05 -1.973156953753493e-19
1.5171944900950872e-05 -2.198549805730872e-19
1.5201752258320129e-05 -2.0191139170026016e-19
1.5231559615689382e-05 -1.796894853036603e-19
1.526136697305864e-05 -1.8042402100461159e-19
1.5291174330427894e-05 -1.941918038283112e-19
1.5320981687797146e-05 -1.9562965312707535e-19
1.5350789045166404e-05 -1.6322522823227575e-19
1.538059640253566e-05 -1.579690360902802e-19
1.541040375990491e-05 -1.8618458458139983e-19
1.544021111727417e-05 -1.7556447988381614e-19
1.5470018474643425e-05 -1.4759175098562763e-19
1.5499825832012677e-05 -1.4524401066838776e-19
1.5529633189381935e-05 -1.5788846161137964e-19
1.555944054675119e-05 -1.6401782014384331e-19
1.5589247904120445e-05 -1.3655322066654161e-19
1.5619055261489697e-05 -1.183794680614275e-19
1.5648862618858956e-05 -1.47126296802556e-19
1.567866997622821e-05 -1.4811995850347035e-19
1.5708477333597463e-05 -1.1587088412597964e-19
1.573828469096672e-05 -1.1010325487079568e-19
1.5768092048335976e-05 -1.212698758939493e-19
1.5797899405705228e-05 -1.3023721448891285e-19
1.5827706763074487e-05 -1.1158423316649607e-19
1.5857514120443742e-05 -8.423579733805208e-20
1.5887321477812993e-05 -1.0334023150426087e-19
1.5917128835182252e-05 -1.1709616203021187e-19
1.5946936192551507e-05 -8.74003156369614e-20
1.597674354992076e-05 -7.308689120930748e-20
1.6006550907290017e-05 -8.546100457685315e-20
1.6036358264659273e-05 -9.43560472472654e-20
1.6066165622028524e-05 -8.16146186510795e-20
1.6095972979397783e-05 -5.296685110841387e-20
1.6125780336767038e-05 -6.145436607743279e-20
1.6155587694136293e-05 -8.46410419522867e-20
1.6185395051505548e-05 -5.992353145693158e-20
1.6215202408874803e-05 -3.8371007274110644e-20
1.624500976624406e-05 -4.683984516987773e-20
1.6274817123613314e-05 -5.712968154131327e-20
1.630462448098257e-05 -5.1429608374510183e-20
1.6334431838351824e-05 -2.1413384897653894e-20
1.636423919572108e-05 -2.184226139979113e-20
1.6394046553090334e-05 -4.632402922173875e-20
1.642385391045959e-05 -3.101517236225636e-20
1.645366126782884e-05 -5.286907230982207e-21
1.64834686251981e-05 -7.36415122767098e-21
1.6513275982567355e-05 -1.9935234306032838e-20
1.6543083339936607e-05 -1.922710301990411e-20
1.6572890697305865e-05 5.734579482394046e-21
1.660269805467512e-05 1.924416003525494e-20
1.6632505412044372e-05 -4.795487654338662e-21
1.666231276941363e-05 -3.76892604224723e-21
1.6692120126782886e-05 2.939738401179486e-20
1.6721927484152137e-05 3.049020924483423e-20
1.6751734841521396e-05 1.7356557482376093e-20
1.678154219889065e-05 1.7346260421730134e-20
1.6811349556259906e-05 3.4470850589063065e-20
1.684115691362916e-05 5.474816247022542e-20
1.6870964270998416e-05 3.6339190362843624e-20
1.690077162836767e-05 2.7837835724752957e-20
1.6930578985736927e-05 5.963709304665248e-20
1.6960386343106182e-05 6.910465036890445e-20
1.6990193700475437e-05 5.691485161170417e-20
1.7020001057844692e-05 5.362341266977282e-20
1.7049808415213947e-05 6.632551777255071e-20
1.7079615772583202e-05 8.825134097055881e-20
1.7109423129952458e-05 8.172330709774349e-20
1.7139230487321713e-05 6.210717047920202e-20
1.7169037844690968e-05 8.483141038376917e-20
1.719884520206022e-05 1.082416580483164e-19
1.7228652559429478e-05 9.31007658273231e-20
1.7258459916798733e-05 8.616695024273917e-20
1.7288267274167985e-05 9.87248364990902e-20
1.7318074631537244e-05 1.1989306939649024e-19
1.73478819889065e-05 1.2151394860565513e-19
1.7377689346275754e-05 9.941103637984416e-20
1.740749670364501e-05 1.140839251298244e-19
1.7437304061014264e-05 1.4167813924103882e-19
1.746711141838352e-05 1.332387964910569e-19
1.7496918775752774e-05 1.2104560608735328e-19
1.752672613312203e-05 1.295984523490929e-19
1.7556533490491285e-05 1.5021250259494395e-19
1.758634084786054e-05 1.5757755539117938e-19
1.7616148205229795e-05 1.383925006724175e-19
1.764595556259905e-05 1.40570508546866e-19
1.7675762919968305e-05 1.7126754999782396e-19
1.770557027733756e-05 1.7099743265515542e-19
1.7735377634706816e-05 1.5770217713946097e-19
1.776518499207607e-05 1.6276027050822692e-19
1.7794992349445326e-05 1.7784630825465168e-19
1.782479970681458e-05 1.9264999232102803e-19
1.7854607064183836e-05 1.7738144102777863e-19
1.788441442155309e-05 1.7033395546102674e-19
1.7914221778922346e-05 1.998069317024003e-19
1.79440291362916e-05 2.0599914270245184e-19
1.7973836493660857e-05 1.9327939830050499e-19
1.8003643851030112e-05 1.9247109855982287e-19
1.8033451208399367e-05 2.0589683769628476e-19
1.8063258565768622e-05 2.2526498328472643e-19
1.8093065923137877e-05 2.1452026890790084e-19
1.8122873280507132e-05 2.021435429552681e-19
1.8152680637876388e-05 2.2538275021955993e-19
1.8182487995245643e-05 2.4045036427888726e-19
1.8212295352614898e-05 2.2831898905259804e-19
1.8242102709984153e-05 2.222377301386198e-19
1.8271910067353408e-05 2.3535167080143454e-19
1.8301717424722663e-05 2.5228778338469347e-19
1.833152478209192e-05 2.499830114835035e-19
1.8361332139461174e-05 2.3433946503636494e-19
1.839113949683043e-05 2.4730470525299136e-19
1.8420946854199684e-05 2.711793814993253e-19
1.845075421156894e-05 2.640305232978732e-19
1.8480561568938194e-05 2.527684929793973e-19
1.851036892630745e-05 2.6127981555922796e-19
1.8540176283676704e-05 2.806744678930097e-19
1.856998364104596e-05 2.8529040815685505e-19
1.8599790998415215e-05 2.660128602833537e-19
1.862959835578447e-05 2.7048302417853214e-19
1.8659405713153725e-05 2.9822274680996056e-19
1.868921307052298e-05 2.950856961811497e-19
1.8719020427892235e-05 2.8220182168245867e-19
1.874882778526149e-05 2.8838698895860957e-19
1.8778635142630745e-05 3.0292617851876704e-19
1.88084425e-05 3.1413663979084197e-19
1.8838249857369256e-05 2.9933743553640646e-19
1.886805721473851e-05 2.9443632310230943e-19
1.8897864572107766e-05 3.2214717349527433e-19
1.892767192947702e-05 3.2581250074681978e-19
1.8957479286846276e-05 3.101478489205796e-19
1.898728664421553e-05 3.129032405943274e-19
1.9017094001584787e-05 3.2491066289362544e-19
1.9046901358954042e-05 3.371671361329231e-19
1.9076708716323297e-05 3.322977331067561e-19
1.9106516073692552e-05 3.182965253412248e-19
1.9136323431061807e-05 3.379167607067606e-19
1.9166130788431062e-05 3.5316599412270205e-19
1.9195938145800317e-05 3.367076279150387e-19
1.9225745503169573e-05 3.364548095929315e-19
1.9255552860538828e-05 3.470805300683074e-19
1.9285360217908083e-05 3.572440147442104e-19
1.9315167575277338e-05 3.5922175127486543e-19
1.9344974932646593e-05 3.427901264848426e-19
1.937478229001585e-05 3.518356858262917e-19
1.9404589647385103e-05 3.7367052465021226e-19
1.943439700475436e-05 3.6453262422326737e-19
1.9464204362123614e-05 3.5540710458758524e-19
1.949401171949287e-05 3.636488797944467e-19
1.9523819076862124e-05 3.762213229648235e-19
1.955362643423138e-05 3.8115938593555304e-19
1.9583433791600634e-05 3.662211305138384e-19
1.961324114896989e-05 3.6631564907643158e-19
1.9643048506339145e-05 3.8961228070086726e-19
1.96728558637084e-05 3.8914001133735667e-19
1.9702663221077655e-05 3.7520340051502355e-19
1.973247057844691e-05 3.792209490522586e-19
1.9762277935816165e-05 3.9115834710847136e-19
1.979208529318542e-05 3.980496169652045e-19
1.9821892650554675e-05 3.8827405421667125e-19
1.985170000792393e-05 3.7954227417047224e-19
1.9881507365293186e-05 4.0031882402726413e-19
1.991131472266244e-05 4.0856472956554843e-19
1.9941122080031696e-05 3.9226861554023933e-19
1.997092943740095e-05 3.9398470865542856e-19
2.0000736794770206e-05 4.0356295554691104e-19
2.003054415213946e-05 4.1206388496495925e-19
2.0060351509508717e-05 4.079840350851666e-19
2.009015886687797e-05 3.9289868706040376e-19
2.0119966224247227e-05 4.0824750254053015e-19
2.0149773581616482e-05 4.233390370157224e-19
2.0179580938985737e-05 4.072690587145523e-19
2.0209388296354992e-05 4.0257771599422096e-19
2.0239195653724247e-05 4.1472613376720664e-19
2.0269003011093503e-05 4.219714222538427e-19
2.029881036846276e-05 4.223137998791948e-19
2.0328617725832013e-05 4.09009388604604e-19
2.0358425083201268e-05 4.1154656683968435e-19
2.0388232440570526e-05 4.340528803075077e-19
2.0418039797939778e-05 4.2390635934685423e-19
2.0447847155309033e-05 4.1046957171209466e-19
2.047765451267829e-05 4.222618389988602e-19
2.0507461870047544e-05 4.290133318399665e-19
2.05372692274168e-05 4.315485514246624e-19
2.0567076584786054e-05 4.202888610608188e-19
2.059688394215531e-05 4.153138665751845e-19
2.0626691299524564e-05 4.376960655739645e-19
2.065649865689382e-05 4.368599589127919e-19
2.0686306014263075e-05 4.192680745795395e-19
2.071611337163233e-05 4.2459981587693176e-19
2.0745920729001585e-05 4.342277474649914e-19
2.077572808637084e-05 4.385541459905068e-19
2.0805535443740095e-05 4.3034114304518144e-19
2.083534280110935e-05 4.187907326366609e-19
2.086515015847861e-05 4.363206006742375e-19
2.089495751584786e-05 4.447853934229283e-19
2.0924764873217116e-05 4.2550300462666044e-19
2.0954572230586374e-05 4.248746844676845e-19
2.0984379587955626e-05 4.360742382291945e-19
2.101418694532488e-05 4.407185702871244e-19
2.104399430269414e-05 4.372337539657993e-19
2.107380166006339e-05 4.2280611440709706e-19
2.1103609017432646e-05 4.309997297388492e-19
2.1133416374801905e-05 4.483310716375071e-19
2.1163223732171157e-05 4.322595355853032e-19
2.1193031089540412e-05 4.214885788822655e-19
2.1222838446909667e-05 4.344689502494973e-19
2.1252645804278922e-05 4.394515814601877e-19
2.1282453161648177e-05 4.360145943650573e-19
2.1312260519017432e-05 4.2387297340400525e-19
2.1342067876386688e-05 4.239499557347916e-19
2.1371875233755943e-05 4.451453961981452e-19
2.1401682591125198e-05 4.357854639536359e-19
2.1431489948494456e-05 4.1717704755845682e-19
2.1461297305863708e-05 4.277126130104735e-19
2.1491104663232963e-05 4.341523287863096e-19
2.1520912020602222e-05 4.337378085207984e-19
2.1550719377971474e-05 4.219700618593144e-19
2.158052673534073e-05 4.1392319922047217e-19
2.1610334092709987e-05 4.363207093951058e-19
2.164014145007924e-05 4.3276217235087945e-19
2.1669948807448494e-05 4.1035708225690405e-19
2.1699756164817753e-05 4.175901314996756e-19
2.1729563522187004e-05 4.255736920720066e-19
2.175937087955626e-05 4.2534721305445192e-19
2.1789178236925518e-05 4.163871272308125e-19
2.181898559429477e-05 4.0648692049434215e-19
2.1848792951664025e-05 4.21468377312203e-19
2.1878600309033284e-05 4.2750267376996466e-19
2.1908407666402535e-05 4.063570997050558e-19
2.193821502377179e-05 4.0125152785423374e-19
2.1968022381141046e-05 4.137827654868925e-19
2.19978297385103e-05 4.1494147052000827e-19
2.2027637095879556e-05 4.0608610695454105e-19
2.205744445324881e-05 3.9495803247021326e-19
2.208725181061807e-05 4.00802405228371e-19
2.211705916798732e-05 4.1448930944068566e-19
2.2146866525356576e-05 3.9875027862006736e-19
2.2176673882725835e-05 3.8538505787266183e-19
2.2206481240095087e-05 3.977627101922612e-19
2.2236288597464342e-05 4.017528141422817e-19
2.22660959548336e-05 3.943612067962168e-19
2.2295903312202852e-05 3.80873693918238e-19
2.2325710669572107e-05 3.782385607180199e-19
2.2355518026941366e-05 3.9778037847835863e-19
2.2385325384310618e-05 3.8836637724679963e-19
2.2415132741679873e-05 3.6574654352825273e-19
2.244494009904913e-05 3.7572262316628424e-19
2.2474747456418383e-05 3.8376953967445325e-19
2.2504554813787638e-05 3.794551465956014e-19
2.2534362171156897e-05 3.6563111302944553e-19
2.256416952852615e-05 3.5643526406448313e-19
2.2593976885895404e-05 3.7526134019599205e-19
2.2623784243264662e-05 3.749722456009736e-19
2.2653591600633917e-05 3.4764801873463294e-19
2.268339895800317e-05 3.500395060122592e-19
2.2713206315372424e-05 3.6293892420127455e-19
2.2743013672741683e-05 3.565956228502598e-19
2.2772821030110934e-05 3.4657579133801506e-19
2.280262838748019e-05 3.343808065743162e-19
2.2832435744849448e-05 3.459066495775034e-19
2.28622431022187e-05 3.561004185664883e-19
2.2892050459587955e-05 3.3024305656629613e-19
2.2921857816957213e-05 3.250777987016448e-19
2.2951665174326465e-05 3.37459036987071e-19
2.298147253169572e-05 3.374607194840794e-19
2.301127988906498e-05 3.2681676488205225e-19
2.304108724643423e-05 3.106786838095022e-19
2.3070894603803486e-05 3.18916642753969e-19
2.3100701961172744e-05 3.286469972752063e-19
2.3130509318541996e-05 3.097098046590105e-19
2.316031667591125e-05 2.971715750538819e-19
2.319012403328051e-05 3.078913452225193e-19
2.3219931390649765e-05 3.1230231272761073e-19
2.3249738748019017e-05 3.0088045323966554e-19
2.3279546105388275e-05 2.8815799369622024e-19
2.330935346275753e-05 2.8718069249389743e-19
2.3339160820126782e-05 3.022986986613555e-19
2.336896817749604e-05 2.9195392463318205e-19
2.3398775534865296e-05 2.667917278032366e-19
2.3428582892234547e-05 2.7723763254310404e-19
2.3458390249603806e-05 2.8341566585452547e-19
2.348819760697306e-05 2.7315833005325808e-19
2.3518004964342313e-05 2.6207363629055544e-19
2.3547812321711568e-05 2.532905326144643e-19
2.3577619679080827e-05 2.693144290051169e-19
2.360742703645008e-05 2.6641165711704285e-19
2.3637234393819333e-05 2.4068112581137365e-19
2.3667041751188592e-05 2.437417136609191e-19
2.3696849108557844e-05 2.5208000543006037e-19
2.37266564659271e-05 2.4692834538897783e-19
2.3756463823296357e-05 2.348506853150709e-19
2.3786271180665613e-05 2.2233435803303303e-19
2.3816078538034864e-05 2.3229306974123767e-19
2.3845885895404123e-05 2.393628518255028e-19
2.3875693252773378e-05 2.1437780304698486e-19
2.390550061014263e-05 2.067680218501871e-19
2.3935307967511888e-05 2.2102079109992414e-19
2.3965115324881143e-05 2.165205095711349e-19
2.3994922682250395e-05 2.0452596285387124e-19
2.4024730039619654e-05 1.9225832516236573e-19
2.405453739698891e-05 1.9583766822064122e-19
2.408434475435816e-05 2.092689751158849e-19
2.411415211172742e-05 1.8855235757313748e-19
2.4143959469096674e-05 1.6964357093176464e-19
2.4173766826465926e-05 1.8575469442415531e-19
2.4203574183835185e-05 1.8789538716077322e-19
2.423338154120444e-05 1.7155149145420296e-19
2.426318889857369e-05 1.613189479778934e-19
2.4292996255942947e-05 1.5972363356238332e-19
2.4322803613312205e-05 1.7323103059001856e-19
2.4352610970681457e-05 1.6312847128422805e-19
2.4382418328050712e-05 1.3835454425723674e-19
2.441222568541997e-05 1.4966745045540351e-19
2.4442033042789226e-05 1.5521793143448799e-19
2.4471840400158477e-05 1.421072862738276e-19
2.4501647757527736e-05 1.3233777016179221e-19
2.453145511489699e-05 1.2470304428534956e-19
2.4561262472266243e-05 1.360000025074218e-19
2.45910698296355e-05 1.3331873562516041e-19
2.4620877187004756e-05 1.0756898532208105e-19
2.4650684544374008e-05 1.1075301236831187e-19
2.4680491901743267e-05 1.2186483820771387e-19
2.4710299259112522e-05 1.107557016333706e-19
2.4740106616481774e-05 1.0030289633301373e-19
2.4769913973851032e-05 9.294919749608286e-20
2.4799721331220284e-05 9.696904472049178e-20
2.482952868858954e-05 1.0445253065460005e-19
2.4859336045958798e-05 8.154136070596166e-20
2.4889143403328053e-05 7.129955613429642e-20
2.4918950760697308e-05 8.66461780791741e-20
2.4948758118066563e-05 8.120325435445537e-20
2.4978565475435815e-05 6.932397430482545e-20
2.500837283280507e-05 5.891073539099501e-20
2.5038180190174325e-05 5.895351391033153e-20
2.5067987547543584e-05 7.243666611989433e-20
2.509779490491284e-05 5.470752219251313e-20
2.5127602262282094e-05 3.477367899961739e-20
2.5157409619651346e-05 5.0643598500151315e-20
2.51872169770206e-05 5.2720525368506545e-20
2.5217024334389856e-05 3.653068225372814e-20
2.5246831691759114e-05 2.711993518921178e-20
2.527663904912837e-05 2.396281030137076e-20
2.5306446406497625e-05 3.647268307290359e-20
2.533625376386688e-05 2.7343284404953447e-20
2.536606112123613e-05 3.4417222209489046e-22
2.5395868478605387e-05 1.1582268845314292e-20
2.5425675835974645e-05 2.0641980113653693e-20
2.54554831933439e-05 4.6437811087399175e-21
2.5485290550713156e-05 -4.946957612913204e-21
2.551509790808241e-05 -1.0002822560964217e-20
2.5544905265451662e-05 -9.55006806818515e-22
2.5574712622820918e-05 -1.0777136517664714e-21
2.5604519980190176e-05 -2.893844175782263e-20
2.563432733755943e-05 -2.8352445006875e-20
2.5664134694928686e-05 -1.2642075818558238e-20
2.569394205229794e-05 -2.6540691665634143e-20
2.5723749409667193e-05 -3.867201956088907e-20
2.575355676703645e-05 -4.301841896950199e-20
2.5783364124405704e-05 -3.923455759530701e-20
2.5813171481774962e-05 -3.2830475434279813e-20
2.5842978839144217e-05 -5.540310379216966e-20
2.5872786196513472e-05 -6.502889415914802e-20
2.590259355388273e-05 -4.8205163685075196e-20
2.593240091125198e-05 -5.580094218033297e-20
2.5962208268621234e-05 -7.02869839559142e-20
2.5992015625990493e-05 -7.532465736541138e-20
2.6021822983359748e-05 -7.583326176765989e-20
2.6051630340729003e-05 -6.606389334504275e-20
2.608143769809826e-05 -8.094486418717784e-20
2.611124505546751e-05 -1.0066296515231235e-19
2.6141052412836765e-05 -8.546342004922524e-20
2.6170859770206024e-05 -8.334052585007744e-20
2.620066712757528e-05 -1.0032164674514407e-19
2.6230474484944534e-05 -1.0522950125799382e-19
2.626028184231379e-05 -1.0782617391248437e-19
2.629008919968304e-05 -1.0151361077258148e-19
2.6319896557052296e-05 -1.0554325484348176e-19
2.6349703914421555e-05 -1.3010753613998747e-19
2.637951127179081e-05 -1.2335737282656205e-19
2.6409318629160065e-05 -1.1123026530393464e-19
2.643912598652932e-05 -1.2861146501452855e-19
2.646893334389858e-05 -1.3635427853722707e-19
2.6498740701267827e-05 -1.3932802553128387e-19
2.6528548058637082e-05 -1.340979995997604e-19
2.655835541600634e-05 -1.2946434798510198e-19
2.6588162773375596e-05 -1.5596520403997953e-19
2.661797013074485e-05 -1.5650043128642976e-19
2.664777748811411e-05 -1.3835253944732051e-19
2.6677584845483358e-05 -1.5390483376360965e-19
2.6707392202852613e-05 -1.6480311550310227e-19
2.673719956022187e-05 -1.6727079968929922e-19
2.6767006917591127e-05 -1.6496513126227356e-19
2.6796814274960382e-05 -1.5636555134082426e-19
2.6826621632329637e-05 -1.7769271347906526e-19
2.685642898969889e-05 -1.8785429713746833e-19
2.6886236347068144e-05 -1.68570200497339e-19
2.6916043704437402e-05 -1.743859175729429e-19
2.6945851061806657e-05 -1.892967956392844e-19
2.6975658419175913e-05 -1.9196671834266022e-19
2.7005465776545168e-05 -1.9108432139195152e-19
2.7035273133914426e-05 -1.8189995015135894e-19
2.7065080491283675e-05 -1.9398557491596762e-19
2.7094887848652933e-05 -2.14428244370962e-19
2.712469520602219e-05 -1.9824561163655048e-19
2.7154502563391443e-05 -1.9235703762952735e-19
2.71843099207607e-05 -2.1346763551914877e-19
2.7214117278129957e-05 -2.163248728142019e-19
2.7243924635499205e-05 -2.1325847490751254e-19
2.7273731992868464e-05 -2.0958235996874845e-19
2.730353935023772e-05 -2.1069431843059805e-19
2.7333346707606974e-05 -2.3230926987230447e-19
2.736315406497623e-05 -2.2698683064614055e-19
2.7392961422345488e-05 -2.0966146798369348e-19
2.7422768779714736e-05 -2.2765338791866485e-19
2.745257613708399e-05 -2.392164837167115e-19
2.748238349445325e-05 -2.357553320649836e-19
2.7512190851822505e-05 -2.310540051671079e-19
2.754199820919176e-05 -2.2843361305385274e-19
2.7571805566561015e-05 -2.49929555141541e-19
2.7601612923930274e-05 -2.5290857798167113e-19
2.7631420281299522e-05 -2.3121568379451514e-19
2.766122763866878e-05 -2.4113027788678707e-19
2.7691034996038036e-05 -2.5673598376104337e-19
2.772084235340729e-05 -2.5496730626880164e-19
2.7750649710776546e-05 -2.501855267612653e-19
2.7780457068145805e-05 -2.4416742104370336e-19
2.7810264425515053e-05 -2.601304232976978e-19
2.784007178288431e-05 -2.7377021036355287e-19
2.7869879140253567e-05 -2.5327775800810387e-19
2.7899686497622822e-05 -2.5254387950724033e-19
2.7929493854992077e-05 -2.7261129419896483e-19
2.7959301212361336e-05 -2.728904056146019e-19
2.7989108569730584e-05 -2.6647083032232323e-19
2.8018915927099843e-05 -2.594084200992617e-19
2.8048723284469098e-05 -2.702625342647634e-19
2.8078530641838353e-05 -2.8898141173366676e-19
2.8108337999207608e-05 -2.711502848703032e-19
2.8138145356576866e-05 -2.608177548032941e-19
2.8167952713946115e-05 -2.823263382935224e-19
2.819776007131537e-05 -2.8742142653956417e-19
2.822756742868463e-05 -2.814328971131969e-19
2.8257374786053884e-05 -2.750387281400145e-19
2.828718214342314e-05 -2.77563994624226e-19
2.8316989500792394e-05 -2.987133070774002e-19
2.8346796858161652e-05 -2.904116720542336e-19
2.83766042155309e-05 -2.7144845895797877e-19
2.840641157290016e-05 -2.8852287239385225e-19
2.8436218930269415e-05 -2.991668995012869e-19
2.846602628763867e-05 -2.93603681237957e-19
2.8495833645007925e-05 -2.856754354259002e-19
2.8525641002377183e-05 -2.8366317657203925e-19
2.855544835974643e-05 -3.0538635183031776e-19
2.858525571711569e-05 -3.0534357557625696e-19
2.8615063074484945e-05 -2.8204662027855894e-19
2.86448704318542e-05 -2.916906802493819e-19
2.8674677789223456e-05 -3.082782764196451e-19
2.8704485146592714e-05 -3.0259202284724043e-19
2.8734292503961963e-05 -2.9461914077727565e-19
2.876409986133122e-05 -2.9122436101235825e-19
2.8793907218700476e-05 -3.0546543275528636e-19
2.882371457606973e-05 -3.1593567906241477e-19
2.8853521933438986e-05 -2.929027877355877e-19
2.8883329290808245e-05 -2.9119436624812024e-19
2.89131366481775e-05 -3.141942470305792e-19
2.894294400554675e-05 -3.110880480612441e-19
2.8972751362916007e-05 -3.006329785999573e-19
2.9002558720285262e-05 -2.960115300538164e-19
2.9032366077654517e-05 -3.060256651772803e-19
2.9062173435023772e-05 -3.2208705612611267e-19
2.909198079239303e-05 -3.02559057582452e-19
2.912178814976228e-05 -2.8992589707368415e-19
2.9151595507131538e-05 -3.1333036409053362e-19
2.9181402864500793e-05 -3.161243329305201e-19
2.9211210221870048e-05 -3.039785424908637e-19
2.9241017579239303e-05 -3.0134706028465683e-19
2.9270824936608562e-05 -3.035060011567078e-19
2.930063229397781e-05 -3.2065996870301574e-19
2.933043965134707e-05 -3.140175437848992e-19
2.9360247008716324e-05 -2.9137978655099034e-19
2.939005436608558e-05 -3.093533142192084e-19
2.9419861723454834e-05 -3.2126246693754267e-19
2.9449669080824093e-05 -3.071553708693327e-19
2.9479476438193348e-05 -3.013928821290992e-19
2.95092837955626e-05 -3.0126889547620947e-19
2.9539091152931855e-05 -3.1677751578956185e-19
2.956889851030111e-05 -3.188754242228586e-19
2.9598705867670365e-05 -2.925995280774871e-19
2.9628513225039624e-05 -3.0142067658252455e-19
2.965832058240888e-05 -3.2363892479724456e-19
2.9688127939778127e-05 -3.095959291912958e-19
2.9717935297147386e-05 -2.999870743286814e-19
2.974774265451664e-05 -3.027163809278247e-19
2.9777550011885896e-05 -3.1113151776653007e-19
2.980735736925515e-05 -3.193070723977038e-19
2.983716472662441e-05 -2.9660554889860814e-19
2.9866972083993658e-05 -2.918922933621244e-19
2.9896779441362916e-05 -3.1819963242890904e-19
2.992658679873217e-05 -3.114843075152052e-19
2.9956394156101427e-05 -2.952301192474937e-19
2.9986201513470682e-05 -2.9824492720524924e-19
3.001600887083994e-05 -3.0497878756858256e-19
3.0045816228209196e-05 -3.139993915627505e-19
3.0075623585578447e-05 -2.996928567812068e-19
3.0105430942947702e-05 -2.8520915524369957e-19
3.0135238300316958e-05 -3.067806456144146e-19
3.0165045657686213e-05 -3.0900145795389435e-19
3.019485301505547e-05 -2.9131531076268107e-19
3.0224660372424726e-05 -2.9172177516095823e-19
3.0254467729793978e-05 -2.9489606717697605e-19
3.0284275087163233e-05 -3.049457982669721e-19
3.031408244453249e-05 -2.986643798449118e-19
3.0343889801901744e-05 -2.764923595142868e-19
3.0373697159271002e-05 -2.924684105007959e-19
3.0403504516640257e-05 -3.0600600351301197e-19
3.0433311874009506e-05 -2.87384567482404e-19
3.0463119231378764e-05 -2.804004591662932e-19
3.049292658874802e-05 -2.8551186482738664e-19
3.052273394611728e-05 -2.946569403592798e-19
3.055254130348653e-05 -2.9149137166327656e-19
3.058234866085579e-05 -2.693585736521012e-19
3.061215601822504e-05 -2.7649349019450876e-19
3.064196337559429e-05 -2.9605619087437686e-19
3.067177073296355e-05 -2.8054065560186497e-19
3.070157809033281e-05 -2.6701000818388034e-19
3.0731385447702064e-05 -2.7281991050636263e-19
3.076119280507132e-05 -2.8069788327226668e-19
3.0791000162440574e-05 -2.8240645221737965e-19
3.082080751980982e-05 -2.6274328626408467e-19
3.085061487717908e-05 -2.59607276595745e-19
3.088042223454834e-05 -2.815233504882396e-19
3.0910229591917595e-05 -2.734710866371936e-19
3.094003694928685e-05 -2.5408903490617666e-19
3.0969844306656105e-05 -2.569466399871401e-19
3.099965166402535e-05 -2.644555007092842e-19
3.102945902139461e-05 -2.6688172023834284e-19
3.105926637876387e-05 -2.5369145144716686e-19
3.1089073736133125e-05 -2.4295121311435897e-19
3.111888109350238e-05 -2.6093118967691933e-19
3.1148688450871636e-05 -2.641042501730131e-19
3.117849580824089e-05 -2.4214439435842754e-19
3.120830316561014e-05 -2.400904422175908e-19
3.1238110522979394e-05 -2.5022318026677246e-19
3.1267917880348656e-05 -2.522778201552603e-19
3.129772523771791e-05 -2.413259726742096e-19
3.1327532595087167e-05 -2.2673451515444056e-19
3.135733995245642e-05 -2.38626275720811e-19
3.138714730982567e-05 -2.4861300985848957e-19
3.1416954667194925e-05 -2.2790566614570706e-19
3.144676202456419e-05 -2.2202219793127767e-19
3.147656938193344e-05 -2.3250791557336745e-19
3.15063767393027e-05 -2.338831567034482e-19
3.153618409667195e-05 -2.2938236604777803e-19
3.15659914540412e-05 -2.1313345236081309e-19
3.1595798811410456e-05 -2.1679527990139535e-19
3.162560616877972e-05 -2.339199056759951e-19
3.165541352614897e-05 -2.177101869743036e-19
3.168522088351823e-05 -2.049249385071064e-19
3.1715028240887483e-05 -2.1287628467223737e-19
3.174483559825674e-05 -2.1618668657118422e-19
3.177464295562599e-05 -2.151156273195911e-19
3.180445031299525e-05 -1.9961062057109165e-19
3.1834257670364504e-05 -1.9604728627843383e-19
3.186406502773376e-05 -2.1590710977014407e-19
3.1893872385103014e-05 -2.0704624047096578e-19
3.192367974247227e-05 -1.8798039260322573e-19
3.195348709984152e-05 -1.9454679904282552e-19
3.198329445721077e-05 -1.9994662852859563e-19
3.2013101814580035e-05 -1.9790968670117974e-19
3.204290917194929e-05 -1.8682114063487554e-19
3.2072716529318545e-05 -1.7638755491909748e-19
3.21025238866878e-05 -1.9151463613529309e-19
3.213233124405705e-05 -1.94280995555252e-19
3.2162138601426304e-05 -1.7390924369942867e-19
3.2191945958795566e-05 -1.733392125132824e-19
3.222175331616482e-05 -1.8156561254161955e-19
3.2251560673534076e-05 -1.8168805187904187e-19
3.228136803090333e-05 -1.7291288610337922e-19
3.2311175388272586e-05 -1.6003080321238014e-19
3.2340982745641835e-05 -1.7110907398396892e-19
3.2370790103011096e-05 -1.7981249516467454e-19
3.240059746038035e-05 -1.6016817042516972e-19
3.243040481774961e-05 -1.5437292245729397e-19
3.246021217511886e-05 -1.630441754254727e-19
3.249001953248812e-05 -1.6413996218615615e-19
3.2519826889857365e-05 -1.5834592682825168e-19
3.254963424722663e-05 -1.4536843331374864e-19
3.257944160459588e-05 -1.498621019531078e-19
3.260924896196514e-05 -1.613865733093478e-19
3.263905631933439e-05 -1.4641637286001493e-19
3.266886367670365e-05 -1.3607108697405385e-19
3.2698671034072896e-05 -1.457630186175141e-19
3.272847839144216e-05 -1.4690250855132491e-19
3.275828574881141e-05 -1.4131579742123884e-19
3.278809310618067e-05 -1.3242954023467605e-19
3.2817900463549924e-05 -1.2758248825660713e-19
3.284770782091918e-05 -1.4049836066910742e-19
3.2877515178288434e-05 -1.3615072294090337e-19
3.290732253565768e-05 -1.1923319111512317e-19
3.2937129893026944e-05 -1.2465796534494585e-19
3.29669372503962e-05 -1.2816602796599193e-19
3.2996744607765454e-05 -1.2442835112423628e-19
3.302655196513471e-05 -1.1789806441699413e-19
3.3056359322503965e-05 -1.099282072232237e-19
3.308616667987321e-05 -1.196917034376556e-19
3.3115974037242475e-05 -1.209856037369227e-19
3.314578139461173e-05 -1.0476006900287762e-19
3.3175588751980985e-05 -1.034056943408589e-19
3.320539610935024e-05 -1.097908695188139e-19
3.3235203466719496e-05 -1.087435113532768e-19
3.3265010824088744e-05 -1.0060518989856585e-19
3.3294818181458006e-05 -9.172016565623739e-20
3.332462553882726e-05 -9.86496115401404e-20
3.3354432896196516e-05 -1.0482164985804073e-19
3.338424025356577e-05 -9.049387690939638e-20
3.3414047610935026e-05 -8.496254314938539e-20
3.3443854968304275e-05 -9.181881532235841e-20
3.347366232567354e-05 -9.018122209734607e-20
3.350346968304279e-05 -8.576704906124054e-20
3.353327704041205e-05 -7.679718182355125e-20
3.35630843977813e-05 -7.555257368976643e-20
3.359289175515056e-05 -8.653838027670604e-20
3.362269911251981e-05 -7.722889526047987e-20
3.365250646988906e-05 -6.589451307850033e-20
3.368231382725832e-05 -7.359195572234448e-20
3.371212118462758e-05 -7.37711077771591e-20
3.374192854199683e-05 -6.987420704319985e-20
3.377173589936609e-05 -6.382286783840261e-20
3.380154325673534e-05 -5.860029334752503e-20
3.383135061410459e-05 -6.814057435487545e-20
3.3861157971473854e-05 -6.47207977769935e-20
3.389096532884311e-05 -4.9727450960267197e-20
3.3920772686212364e-05 -5.4031300289367383e-20
3.395058004358162e-05 -5.823091163092582e-20
3.3980387400950874e-05 -5.172607911421263e-20
3.401019475832012e-05 -4.75204122813479e-20
3.4040002115689384e-05 -4.219155773586374e-20
3.406980947305864e-05 -4.660306710770812e-20
3.4099616830427895e-05 -5.157523032083584e-20
3.412942418779715e-05 -3.822989141703104e-20
3.4159231545166405e-05 -3.53981067466507e-20
3.418903890253566e-05 -4.1993448015984385e-20
3.4218846259904915e-05 -3.6977301250822116e-20
3.424865361727417e-05 -3.382575625884489e-20
3.4278460974643425e-05 -2.7457444892890087e-20
3.430826833201268e-05 -2.7013396568751422e-20
3.4338075689381936e-05 -3.550446264196215e-20
3.436788304675119e-05 -2.4931491596374394e-20
3.439769040412044e-05 -1.832042466386925e-20
3.44274977614897e-05 -2.3511094988304314e-20
3.4457305118858956e-05 -2.340235066018706e-20
3.448711247622821e-05 -2.2200699329814644e-20
3.451691983359747e-05 -1.267240620409552e-20
3.454672719096672e-05 -1.1537167281912855e-20
3.457653454833597e-05 -2.0675432278774993e-20
3.460634190570523e-05 -1.3253159061337268e-20
3.463614926307449e-05 -3.1895002390973052e-21
3.466595662044374e-05 -6.836419471335621e-21
3.4695763977813e-05 -8.503883322452313e-21
3.472557133518225e-05 -5.631679699189017e-21
3.475537869255151e-05 2.4741378869494722e-22
3.478518604992076e-05 6.296966635003889e-21
3.481499340729002e-05 -2.7839242857693696e-21
3.484480076465927e-05 -3.3692000695509835e-21
3.487460812202853e-05 9.2077085657311e-21
3.4904415479397783e-05 8.78550053634396e-21
3.493422283676704e-05 5.706974971488546e-21
3.4964030194136294e-05 4.984808102206986e-21
3.499383755150555e-05 1.1724275976569127e-20
3.5023644908874804e-05 2.038755058290684e-20
3.505345226624406e-05 1.3630793550287473e-20
3.5083259623613314e-05 9.3984507321614e-21
3.511306698098257e-05 2.021391552029885e-20
3.514287433835182e-05 2.458061556207228e-20
3.517268169572108e-05 1.8342336956187647e-20
3.5202489053090335e-05 1.8083471393108283e-20
3.523229641045959e-05 2.1496011280986248e-20
3.5262103767828845e-05 3.073386441410963e-20
3.52919111251981e-05 2.983097541556391e-20
3.5321718482567355e-05 1.8368795888007656e-20
3.535152583993661e-05 2.8627252668285554e-20
3.5381333197305866e-05 3.7321460595306304e-20
3.541114055467512e-05 3.292175980700838e-20
3.5440947912044376e-05 3.056583095115578e-20
3.547075526941363e-05 2.9745315304383626e-20
3.5500562626782886e-05 3.9549301011952856e-20
3.553036998415214e-05 4.2935596609120765e-20
3.5560177341521397e-05 3.079200938383876e-20
3.558998469889065e-05 3.3570628470677794e-20
3.561979205625991e-05 4.658155989657834e-20
3.564959941362916e-05 4.4613283617849344e-20
3.567940677099842e-05 3.79218097925785e-20
3.570921412836767e-05 3.836537168304847e-20
3.573902148573693e-05 4.6094021082615064e-20
3.576882884310618e-05 5.33554878105658e-20
3.579863620047544e-05 4.33737265238903e-20
3.582844355784469e-05 3.9143167565494835e-20
3.585825091521395e-05 5.381410740740603e-20
3.58880582725832e-05 5.375739453321001e-20
3.591786562995246e-05 4.719273803976373e-20
3.594767298732171e-05 4.6050937502375177e-20
3.597748034469097e-05 4.973982182162028e-20
3.6007287702060224e-05 6.178516451108393e-20
3.603709505942948e-05 5.2361444616420267e-20
3.6066902416798734e-05 4.181937432700955e-20
3.609670977416799e-05 5.776300397461431e-20
3.6126517131537244e-05 6.376525104918045e-20
3.61563244889065e-05 5.601191665831275e-20
3.6186131846275755e-05 5.097051584743567e-20
3.621593920364501e-05 5.525678625136902e-20
3.6245746561014265e-05 6.777688267512979e-20
3.627555391838352e-05 6.278775135328474e-20
3.6305361275752775e-05 4.8794258184834384e-20
3.633516863312203e-05 5.81344350098932e-20
3.6364975990491285e-05 7.043932186467172e-20
3.639478334786054e-05 6.303122734175412e-20
3.6424590705229796e-05 5.628242185602779e-20
3.645439806259905e-05 5.921491576930221e-20
3.6484205419968306e-05 6.980099787620067e-20
3.651401277733756e-05 7.313796324164954e-20
3.6543820134706816e-05 5.657501329387058e-20
3.657362749207607e-05 5.896384100581645e-20
3.6603434849445326e-05 7.726484044049194e-20
3.663324220681458e-05 7.087876108065013e-20
3.666304956418384e-05 6.151152695603313e-20
3.669285692155309e-05 6.211983767613395e-20
3.672266427892235e-05 7.067026979409795e-20
3.67524716362916e-05 7.954922573756027e-20
3.678227899366086e-05 6.408416884484674e-20
3.681208635103011e-05 6.011524606438067e-20
3.684189370839937e-05 8.017599696324334e-20
3.687170106576862e-05 7.898441843812536e-20
3.690150842313788e-05 6.796183904864e-20
3.693131578050713e-05 6.641887829068807e-20
3.696112313787639e-05 7.369977524058972e-20
3.699093049524564e-05 8.60618610153358e-20
3.70207378526149e-05 7.398639483518145e-20
3.7050545209984154e-05 6.134933836406298e-20
3.708035256735341e-05 7.997940405358091e-20
3.7110159924722664e-05 8.657352625836986e-20
3.713996728209192e-05 7.291181818537608e-20
3.7169774639461174e-05 7.093092997698787e-20
3.719958199683043e-05 7.730951180226055e-20
3.7229389354199684e-05 8.772458817619901e-20
3.725919671156894e-05 8.415139009086877e-20
3.7289004068938195e-05 6.518076176422057e-20
3.731881142630745e-05 7.887796613624252e-20
3.7348618783676705e-05 9.549141783487855e-20
3.737842614104596e-05 7.934788964440078e-20
3.7408233498415215e-05 7.413047369239547e-20
3.743804085578447e-05 8.007908037222957e-20
3.7467848213153726e-05 8.947701301018998e-20
3.749765557052298e-05 9.200689648294421e-20
3.7527462927892236e-05 7.155852713173604e-20
3.755727028526149e-05 7.558629192830961e-20
