0.0 -1.903414084143087e-19
2.9799530817610058e-08 -1.870057671153917e-19
5.9599061635220116e-08 -1.9376750113429294e-19
8.939859245283017e-08 -2.1412454355853885e-19
1.1919812327044023e-07 -2.218071271777695e-19
1.489976540880503e-07 -2.0982429961597268e-19
1.7879718490566035e-07 -2.1777787793930746e-19
2.0859671572327042e-07 -2.399509152302987e-19
2.3839624654088046e-07 -2.4443525436827836e-19
2.6819577735849056e-07 -2.392172232232962e-19
2.979953081761006e-07 -2.425423710992503e-19
3.2779483899371065e-07 -2.616564562946073e-19
3.575943698113207e-07 -2.7475663851894917e-19
3.873939006289308e-07 -2.651121786662707e-19
4.1719343144654084e-07 -2.6521027343255626e-19
4.4699296226415094e-07 -2.8786763497730395e-19
4.7679249308176093e-07 -2.9919269315136984e-19
5.06592023899371e-07 -2.9124804173105924e-19
5.363915547169811e-07 -2.9073980697624624e-19
5.661910855345911e-07 -3.079107974199469e-19
5.959906163522012e-07 -3.246821405657454e-19
6.257901471698112e-07 -3.1966142863207976e-19
6.555896779874213e-07 -3.118002653875182e-19
6.853892088050314e-07 -3.3112212674501887e-19
7.151887396226414e-07 -3.501242427557322e-19
7.449882704402515e-07 -3.4371389157880547e-19
7.747878012578616e-07 -3.38922337881667e-19
8.045873320754716e-07 -3.5262894060657747e-19
8.343868628930817e-07 -3.71957612096681e-19
8.641863937106918e-07 -3.7268863114307954e-19
8.939859245283019e-07 -3.5958603852913097e-19
9.237854553459118e-07 -3.7316170178152496e-19
9.535849861635219e-07 -3.9628304469956177e-19
9.83384516981132e-07 -3.9280948131502233e-19
1.013184047798742e-06 -3.8578482955949364e-19
1.0429835786163521e-06 -3.949198942286175e-19
1.0727831094339622e-06 -4.1543587270067734e-19
1.1025826402515723e-06 -4.215463736934957e-19
1.1323821710691822e-06 -4.0675945052580877e-19
1.1621817018867923e-06 -4.1414821155452613e-19
1.1919812327044024e-06 -4.386952423004597e-19
1.2217807635220123e-06 -4.404713011789275e-19
1.2515802943396224e-06 -4.3243961307802826e-19
1.2813798251572325e-06 -4.368792537972063e-19
1.3111793559748426e-06 -4.544985296381256e-19
1.3409788867924527e-06 -4.658966700542673e-19
1.3707784176100628e-06 -4.531493511470295e-19
1.400577948427673e-06 -4.532068463780518e-19
1.4303774792452828e-06 -4.771937609793077e-19
1.460177010062893e-06 -4.839474573268084e-19
1.489976540880503e-06 -4.761051529371569e-19
1.5197760716981129e-06 -4.752396629641503e-19
1.5495756025157232e-06 -4.906619748932221e-19
1.579375133333333e-06 -5.064671969327513e-19
1.6091746641509432e-06 -4.983761824483199e-19
1.6389741949685533e-06 -4.908429750718939e-19
1.6687737257861634e-06 -5.084742683609375e-19
1.6985732566037732e-06 -5.253659609199483e-19
1.7283727874213835e-06 -5.1593103726035435e-19
1.7581723182389934e-06 -5.078133817413685e-19
1.7879718490566037e-06 -5.239908727279281e-19
1.8177713798742136e-06 -5.403262485118514e-19
1.8475709106918235e-06 -5.36863057068408e-19
1.8773704415094338e-06 -5.251415716236588e-19
1.9071699723270437e-06 -5.38873311756482e-19
1.9369695031446536e-06 -5.605870262402788e-19
1.966769033962264e-06 -5.5238984809957685e-19
1.996568564779874e-06 -5.42074887887846e-19
2.026368095597484e-06 -5.521470187054312e-19
2.056167626415094e-06 -5.70759169920837e-19
2.0859671572327043e-06 -5.721053919382722e-19
2.115766688050314e-06 -5.578538591035752e-19
2.1455662188679245e-06 -5.639832553359135e-19
2.1753657496855344e-06 -5.84181402183707e-19
2.2051652805031447e-06 -5.861461938405834e-19
2.2349648113207546e-06 -5.73578871602115e-19
2.2647643421383645e-06 -5.764239874194477e-19
2.2945638729559748e-06 -5.955858787622378e-19
2.3243634037735847e-06 -6.017220672400779e-19
2.3541629345911945e-06 -5.855689605034758e-19
2.383962465408805e-06 -5.84283489845957e-19
2.4137619962264147e-06 -6.070935522361274e-19
2.4435615270440246e-06 -6.107140729300501e-19
2.473361057861635e-06 -5.991687631294756e-19
2.503160588679245e-06 -5.970650751177549e-19
2.5329601194968547e-06 -6.121866621708687e-19
2.562759650314465e-06 -6.257314587632573e-19
2.5925591811320753e-06 -6.103728906009853e-19
2.622358711949685e-06 -6.031520754430287e-19
2.652158242767295e-06 -6.224754797678646e-19
2.6819577735849054e-06 -6.324542075213432e-19
2.7117573044025153e-06 -6.2098085481785425e-19
2.7415568352201256e-06 -6.13547571924108e-19
2.7713563660377355e-06 -6.265486367051509e-19
2.801155896855346e-06 -6.392020539145425e-19
2.8309554276729557e-06 -6.317180711808126e-19
2.8607549584905656e-06 -6.194735139446755e-19
2.8905544893081755e-06 -6.317798960599038e-19
2.920354020125786e-06 -6.475423858143008e-19
2.950153550943396e-06 -6.38313403065479e-19
2.979953081761006e-06 -6.278888897386568e-19
3.009752612578616e-06 -6.358403861023054e-19
3.0395521433962257e-06 -6.494210883311683e-19
3.0693516742138365e-06 -6.46611373287254e-19
3.0991512050314463e-06 -6.314471369761514e-19
3.1289507358490562e-06 -6.363330798650726e-19
3.158750266666666e-06 -6.5583333151890325e-19
3.188549797484276e-06 -6.491864001471149e-19
3.2183493283018863e-06 -6.3468412484736825e-19
3.2481488591194966e-06 -6.405761931417071e-19
3.2779483899371065e-06 -6.524454100852922e-19
3.3077479207547164e-06 -6.556964399849572e-19
3.3375474515723267e-06 -6.391986361530284e-19
3.3673469823899366e-06 -6.357568176104811e-19
3.3971465132075465e-06 -6.566565445000765e-19
3.4269460440251568e-06 -6.560308702105007e-19
3.456745574842767e-06 -6.397681871986645e-19
3.486545105660377e-06 -6.380933375725896e-19
3.516344636477987e-06 -6.508494491782534e-19
3.5461441672955968e-06 -6.556692762148545e-19
3.5759436981132075e-06 -6.403245119813092e-19
3.6057432289308174e-06 -6.345152977589173e-19
3.6355427597484273e-06 -6.490002761652817e-19
3.665342290566037e-06 -6.535121718535057e-19
3.695141821383647e-06 -6.390787297814317e-19
3.7249413522012573e-06 -6.320292340907133e-19
3.7547408830188676e-06 -6.431587568723541e-19
3.7845404138364775e-06 -6.504619049317197e-19
3.8143399446540874e-06 -6.388066606053404e-19
3.844139475471698e-06 -6.24416081246411e-19
3.873939006289307e-06 -6.343727477253679e-19
3.903738537106918e-06 -6.466555085943698e-19
3.933538067924528e-06 -6.318541951602468e-19
3.963337598742138e-06 -6.197472042459158e-19
3.993137129559748e-06 -6.279970291878206e-19
4.022936660377358e-06 -6.368616452138625e-19
4.052736191194968e-06 -6.283512797339031e-19
4.0825357220125785e-06 -6.129971424062772e-19
4.112335252830188e-06 -6.186653847897663e-19
4.142134783647798e-06 -6.297373237894734e-19
4.171934314465409e-06 -6.188304039264108e-19
4.201733845283018e-06 -6.056808509655873e-19
4.231533376100628e-06 -6.079806774075049e-19
4.261332906918239e-06 -6.151577542734385e-19
4.291132437735849e-06 -6.129764521505309e-19
4.3209319685534584e-06 -5.955279947801293e-19
4.350731499371069e-06 -5.915390321963404e-19
4.380531030188678e-06 -6.073591826920266e-19
4.410330561006289e-06 -6.01231242522039e-19
4.440130091823899e-06 -5.852770510166419e-19
4.469929622641509e-06 -5.831469222476337e-19
4.499729153459119e-06 -5.885470955193957e-19
4.529528684276729e-06 -5.914847094192878e-19
4.559328215094338e-06 -5.740628120493703e-19
4.5891277459119495e-06 -5.648193043309235e-19
4.618927276729559e-06 -5.771177122014339e-19
4.648726807547169e-06 -5.764607502879077e-19
4.678526338364779e-06 -5.592222997009986e-19
4.708325869182389e-06 -5.504052493257364e-19
4.738125399999999e-06 -5.586433061913892e-19
4.76792493081761e-06 -5.616459660744487e-19
4.797724461635219e-06 -5.483686942643524e-19
4.8275239924528295e-06 -5.348233764536285e-19
4.85732352327044e-06 -5.403058074179433e-19
4.887123054088049e-06 -5.481168773193022e-19
4.9169225849056596e-06 -5.308441654510971e-19
4.94672211572327e-06 -5.172446012559417e-19
4.97652164654088e-06 -5.2332302675612955e-19
5.00632117735849e-06 -5.26121148280721e-19
5.0361207081761e-06 -5.159603375270293e-19
5.065920238993709e-06 -4.99272400560431e-19
5.0957197698113206e-06 -5.021183934563195e-19
5.12551930062893e-06 -5.105372796024741e-19
5.15531883144654e-06 -4.958498359139846e-19
5.185118362264151e-06 -4.838627477507068e-19
5.21491789308176e-06 -4.848705652157791e-19
5.24471742389937e-06 -4.874150508349937e-19
5.27451695471698e-06 -4.810411441859506e-19
5.30431648553459e-06 -4.627403894061245e-19
5.334116016352201e-06 -4.587033144416123e-19
5.363915547169811e-06 -4.67886809539921e-19
5.393715077987421e-06 -4.590209760758434e-19
5.423514608805031e-06 -4.415369987612126e-19
5.453314139622641e-06 -4.393113186580497e-19
5.483113670440251e-06 -4.427594578526205e-19
5.512913201257861e-06 -4.392412877773724e-19
5.542712732075471e-06 -4.249832441752056e-19
5.5725122628930804e-06 -4.1271709289209957e-19
5.602311793710692e-06 -4.208740600724507e-19
5.632111324528301e-06 -4.1918815217763086e-19
5.661910855345911e-06 -3.9831573517418247e-19
5.691710386163522e-06 -3.924227077943493e-19
5.721509916981131e-06 -3.950529733104834e-19
5.7513094477987414e-06 -3.9180166818046854e-19
5.781108978616351e-06 -3.800432479898265e-19
5.810908509433961e-06 -3.6494730612193295e-19
5.840708040251572e-06 -3.6754801974366383e-19
5.870507571069182e-06 -3.7049993193523945e-19
5.900307101886792e-06 -3.538338294181574e-19
5.930106632704402e-06 -3.433336848124606e-19
5.959906163522012e-06 -3.424177472755899e-19
5.989705694339622e-06 -3.405316775883194e-19
6.019505225157232e-06 -3.3348199143477577e-19
6.049304755974842e-06 -3.150485872466014e-19
6.0791042867924515e-06 -3.1221312559224186e-19
6.108903817610063e-06 -3.1884734680019188e-19
6.138703348427673e-06 -3.026149748910189e-19
6.168502879245282e-06 -2.8891859534391044e-19
6.198302410062893e-06 -2.874812666539016e-19
6.228101940880502e-06 -2.856351143724008e-19
6.2579014716981125e-06 -2.792287102107477e-19
6.287701002515722e-06 -2.622000343468263e-19
6.317500533333332e-06 -2.5676431084326527e-19
6.347300064150943e-06 -2.617355487916203e-19
6.377099594968552e-06 -2.499992051300783e-19
6.406899125786163e-06 -2.3358710655872416e-19
6.436698656603773e-06 -2.295231500390732e-19
6.466498187421383e-06 -2.28106757737843e-19
6.496297718238993e-06 -2.21601196270678e-19
6.526097249056603e-06 -2.0864223855953954e-19
6.555896779874213e-06 -1.9597345553054319e-19
6.5856963106918225e-06 -1.99441243464397e-19
6.615495841509433e-06 -1.9635022644412687e-19
6.645295372327044e-06 -1.756080849947267e-19
6.675094903144653e-06 -1.692536410551353e-19
6.704894433962264e-06 -1.6869402076400524e-19
6.734693964779873e-06 -1.6243330350388475e-19
6.7644934955974835e-06 -1.5377824566637266e-19
6.794293026415093e-06 -1.3657624555592245e-19
6.824092557232703e-06 -1.3429935431026366e-19
6.8538920880503136e-06 -1.3724773231150924e-19
6.883691618867923e-06 -1.1881076171357022e-19
6.913491149685534e-06 -1.0660156032626863e-19
6.943290680503144e-06 -1.058280156490267e-19
6.973090211320754e-06 -1.0192149830253702e-19
7.002889742138364e-06 -9.386375636731287e-20
7.032689272955974e-06 -7.773085160632113e-20
7.062488803773584e-06 -7.113452544344562e-20
7.0922883345911935e-06 -7.511290286154872e-20
7.122087865408804e-06 -6.156158088163668e-20
7.151887396226415e-06 -4.464693964092378e-20
7.1816869270440244e-06 -4.346487008705731e-20
7.211486457861635e-06 -3.8712786092187533e-20
7.241285988679244e-06 -3.115735878083961e-20
7.2710855194968545e-06 -1.8629899049298378e-20
7.300885050314465e-06 -4.5323354024344055e-21
7.330684581132074e-06 -1.0212122967633293e-20
7.360484111949685e-06 -4.228929947459407e-21
7.390283642767294e-06 1.736283017921869e-20
7.420083173584905e-06 2.169716634940573e-20
7.449882704402515e-06 2.332770039987884e-20
7.479682235220125e-06 3.0038753906023173e-20
7.509481766037735e-06 4.130782360212522e-20
7.539281296855345e-06 5.777739639811074e-20
7.569080827672955e-06 5.782846569998352e-20
7.5988803584905645e-06 5.705693747293327e-20
7.628679889308175e-06 7.629863049912001e-20
7.658479420125786e-06 8.642462510742465e-20
7.688278950943395e-06 8.831354308308083e-20
7.718078481761005e-06 9.427123328009025e-20
7.747878012578614e-06 1.0036218797978194e-19
7.777677543396226e-06 1.1771813277653097e-19
7.807477074213837e-06 1.2356163764762043e-19
7.837276605031446e-06 1.1801294035731451e-19
7.867076135849056e-06 1.3606669386115077e-19
7.896875666666665e-06 1.5056397081416793e-19
7.926675197484276e-06 1.5065857780349209e-19
7.956474728301886e-06 1.5712532026379373e-19
7.986274259119495e-06 1.6214762293643725e-19
8.016073789937106e-06 1.772599937836629e-19
8.045873320754716e-06 1.8953035501851887e-19
8.075672851572327e-06 1.819760487281628e-19
8.105472382389936e-06 1.9196472745629557e-19
8.135271913207546e-06 2.1131044979231238e-19
8.165071444025157e-06 2.140946838133532e-19
8.194870974842766e-06 2.1666575230633485e-19
8.224670505660376e-06 2.221509361210243e-19
8.254470036477985e-06 2.35567653832025e-19
8.284269567295597e-06 2.4987429396992744e-19
8.314069098113208e-06 2.4596110922584676e-19
8.343868628930817e-06 2.4868833142912244e-19
8.373668159748427e-06 2.6782950979484937e-19
8.403467690566036e-06 2.770694611484053e-19
8.433267221383647e-06 2.765869390180736e-19
8.463066752201257e-06 2.8094516488903556e-19
8.492866283018866e-06 2.923394011963973e-19
8.522665813836477e-06 3.0563263914731447e-19
8.552465344654087e-06 3.0799154617325283e-19
8.582264875471698e-06 3.054035811127272e-19
8.612064406289306e-06 3.2095511888818667e-19
8.641863937106917e-06 3.361728950687493e-19
8.671663467924528e-06 3.350523069922799e-19
8.701462998742138e-06 3.3578175541485684e-19
8.731262529559747e-06 3.46164817846367e-19
8.761062060377356e-06 3.634845018808197e-19
8.790861591194968e-06 3.6629761599076673e-19
8.820661122012579e-06 3.5907592983932493e-19
8.850460652830187e-06 3.726158027966386e-19
8.880260183647798e-06 3.895956284430146e-19
8.910059714465407e-06 3.886145645332652e-19
8.939859245283018e-06 3.8802416105656583e-19
8.969658776100628e-06 3.966209687090737e-19
8.999458306918237e-06 4.1047372128142034e-19
9.029257837735848e-06 4.198884108196598e-19
9.059057368553458e-06 4.136216878579281e-19
9.088856899371067e-06 4.184544839459622e-19
9.118656430188677e-06 4.39299106248931e-19
9.148455961006288e-06 4.421269934902626e-19
9.178255491823899e-06 4.366909967042145e-19
9.208055022641509e-06 4.443842498664602e-19
9.237854553459118e-06 4.578581677075332e-19
9.267654084276727e-06 4.672632860929204e-19
9.297453615094339e-06 4.623242029561728e-19
9.327253145911948e-06 4.611143012758086e-19
9.357052676729558e-06 4.81761751020473e-19
9.386852207547169e-06 4.906681929164973e-19
9.416651738364778e-06 4.84621000918802e-19
9.44645126918239e-06 4.878137443370875e-19
9.476250799999999e-06 4.993938690584315e-19
9.506050330817608e-06 5.12828393306052e-19
9.53584986163522e-06 5.08206253202418e-19
9.565649392452829e-06 5.019364954792971e-19
9.595448923270438e-06 5.2140601150451665e-19
9.62524845408805e-06 5.330631008185743e-19
9.655047984905659e-06 5.263817026656175e-19
9.68484751572327e-06 5.267040887299752e-19
9.71464704654088e-06 5.353963314561104e-19
9.744446577358489e-06 5.492837228767473e-19
9.774246108176098e-06 5.521820684669592e-19
9.80404563899371e-06 5.422236894599701e-19
9.833845169811319e-06 5.522732231959159e-19
9.863644700628929e-06 5.712364225402421e-19
9.89344423144654e-06 5.674287532850345e-19
9.923243762264151e-06 5.612011345860374e-19
9.95304329308176e-06 5.697349389726841e-19
9.98284282389937e-06 5.817980182307987e-19
1.001264235471698e-05 5.871236447302645e-19
1.004244188553459e-05 5.777767809334767e-19
1.00722414163522e-05 5.80478951257875e-19
1.010204094716981e-05 6.015565131014769e-19
1.0131840477987419e-05 6.018727348705282e-19
1.016164000880503e-05 5.931633071102256e-19
1.0191439539622641e-05 5.9965283889217e-19
1.022123907044025e-05 6.111578311526432e-19
1.025103860125786e-05 6.172866949715178e-19
1.028083813207547e-05 6.084421989944095e-19
1.031063766289308e-05 6.05669328892966e-19
1.034043719371069e-05 6.259437738182382e-19
1.0370236724528301e-05 6.308116783613437e-19
1.0400036255345909e-05 6.196346864986231e-19
1.042983578616352e-05 6.222402230869616e-19
1.0459635316981131e-05 6.333391812234563e-19
1.048943484779874e-05 6.427582356962039e-19
1.0519234378616352e-05 6.366876279675108e-19
1.054903390943396e-05 6.291809599999303e-19
1.0578833440251571e-05 6.439097383819873e-19
1.060863297106918e-05 6.539432664349893e-19
1.0638432501886792e-05 6.432216578056359e-19
1.0668232032704403e-05 6.410682070595695e-19
1.069803156352201e-05 6.5226604734561415e-19
1.0727831094339622e-05 6.5939092618415415e-19
1.0757630625157231e-05 6.558198642594793e-19
1.0787430155974842e-05 6.466402566095512e-19
1.0817229686792452e-05 6.562265938964286e-19
1.0847029217610061e-05 6.70036155931737e-19
1.087682874842767e-05 6.6161277816841115e-19
1.0906628279245282e-05 6.5487723523711e-19
1.0936427810062893e-05 6.626443129663732e-19
1.0966227340880502e-05 6.729002145228739e-19
1.0996026871698112e-05 6.702532502663075e-19
1.1025826402515721e-05 6.585642332215727e-19
1.1055625933333332e-05 6.628676340136755e-19
1.1085425464150942e-05 6.779244218983206e-19
1.1115224994968553e-05 6.746825866073024e-19
1.1145024525786161e-05 6.611011535645502e-19
1.1174824056603772e-05 6.658518532683256e-19
1.1204623587421383e-05 6.777545810035389e-19
1.1234423118238993e-05 6.771164468546513e-19
1.1264222649056602e-05 6.663679975063411e-19
1.1294022179874212e-05 6.635780869547473e-19
1.1323821710691823e-05 6.793527599329553e-19
1.1353621241509432e-05 6.798483090261274e-19
1.1383420772327043e-05 6.631308460143795e-19
1.1413220303144651e-05 6.653286567934619e-19
1.1443019833962262e-05 6.757812329518216e-19
1.1472819364779873e-05 6.769744620091649e-19
1.1502618895597483e-05 6.670803409686216e-19
1.1532418426415094e-05 6.589732705409316e-19
1.1562217957232702e-05 6.711956954373295e-19
1.1592017488050313e-05 6.776988520528056e-19
1.1621817018867922e-05 6.622632492435006e-19
1.1651616549685534e-05 6.582221317758132e-19
1.1681416080503145e-05 6.683944720568495e-19
1.1711215611320753e-05 6.683223250886651e-19
1.1741015142138364e-05 6.607563026195313e-19
1.1770814672955973e-05 6.520644793317654e-19
1.1800614203773584e-05 6.58070275692875e-19
1.1830413734591194e-05 6.681767086873872e-19
1.1860213265408803e-05 6.519997748704529e-19
1.1890012796226413e-05 6.433086253056978e-19
1.1919812327044024e-05 6.5269542116271e-19
1.1949611857861635e-05 6.552694082898639e-19
1.1979411388679244e-05 6.499203182057207e-19
1.2009210919496852e-05 6.37579313868186e-19
1.2039010450314463e-05 6.407599692923077e-19
1.2068809981132075e-05 6.504429491257363e-19
1.2098609511949684e-05 6.3969953669264e-19
1.2128409042767295e-05 6.288946967506241e-19
1.2158208573584903e-05 6.310706361969074e-19
1.2188008104402514e-05 6.3531048959775855e-19
1.2217807635220125e-05 6.310788765646792e-19
1.2247607166037735e-05 6.189376811752105e-19
1.2277406696855346e-05 6.159640167017027e-19
1.2307206227672954e-05 6.250673197754644e-19
1.2337005758490565e-05 6.206114729509139e-19
1.2366805289308174e-05 6.058181829466559e-19
1.2396604820125785e-05 6.062628663783763e-19
1.2426404350943393e-05 6.097454660300843e-19
1.2456203881761004e-05 6.056956161658298e-19
1.2486003412578614e-05 5.963117694340486e-19
1.2515802943396225e-05 5.877711170193308e-19
1.2545602474213836e-05 5.949723084080907e-19
1.2575402005031444e-05 5.94040451699055e-19
1.2605201535849055e-05 5.770138268559036e-19
1.2635001066666664e-05 5.754067085404166e-19
1.2664800597484276e-05 5.797129256708792e-19
1.2694600128301887e-05 5.747547794319567e-19
1.2724399659119495e-05 5.652498766671306e-19
1.2754199189937104e-05 5.562929853848608e-19
1.2783998720754715e-05 5.602543050358145e-19
1.2813798251572326e-05 5.621589907977535e-19
1.2843597782389936e-05 5.470338984878819e-19
1.2873397313207545e-05 5.379466009492664e-19
1.2903196844025155e-05 5.411528290206578e-19
1.2932996374842766e-05 5.399334528662292e-19
1.2962795905660375e-05 5.308894214170175e-19
1.2992595436477986e-05 5.191029042704642e-19
1.3022394967295594e-05 5.188200071109041e-19
1.3052194498113205e-05 5.240619676052224e-19
1.3081994028930817e-05 5.101511907260227e-19
1.3111793559748426e-05 4.976262399721229e-19
1.3141593090566037e-05 5.013568308900136e-19
1.3171392621383645e-05 4.99407480070473e-19
1.3201192152201256e-05 4.913343394307879e-19
1.3230991683018866e-05 4.793558223815552e-19
1.3260791213836477e-05 4.737395472707216e-19
1.3290590744654088e-05 4.787973440063895e-19
1.3320390275471696e-05 4.694431025973408e-19
1.3350189806289307e-05 4.557771501203814e-19
1.3379989337106916e-05 4.546013082625247e-19
1.3409788867924527e-05 4.534600170536279e-19
1.3439588398742137e-05 4.481779574682875e-19
1.3469387929559746e-05 4.368576244742346e-19
1.3499187460377356e-05 4.2772984841911017e-19
1.3528986991194967e-05 4.308807089294743e-19
1.3558786522012578e-05 4.25507703807712e-19
1.3588586052830186e-05 4.098552656816458e-19
1.3618385583647797e-05 4.05758453934647e-19
1.3648185114465407e-05 4.048584492163081e-19
1.3677984645283018e-05 3.9853938296330227e-19
1.3707784176100627e-05 3.8910722551017955e-19
1.3737583706918237e-05 3.7884220694903693e-19
1.3767383237735846e-05 3.78760906771357e-19
1.3797182768553457e-05 3.7660428728111396e-19
1.3826982299371068e-05 3.626801464871867e-19
1.3856781830188678e-05 3.554116682948004e-19
1.3886581361006287e-05 3.5399615890098017e-19
1.3916380891823897e-05 3.481937408783981e-19
1.3946180422641508e-05 3.393798567768497e-19
1.3975979953459117e-05 3.290394886119808e-19
1.4005779484276729e-05 3.2505628430850947e-19
1.4035579015094336e-05 3.243867632618563e-19
1.4065378545911947e-05 3.1227518811320054e-19
1.4095178076729559e-05 3.016713376393708e-19
1.4124977607547168e-05 3.0232300366004094e-19
1.415477713836478e-05 2.9552903171743338e-19
1.4184576669182387e-05 2.853056522588371e-19
1.4214376199999998e-05 2.785532054626823e-19
1.4244175730817608e-05 2.7046303460761847e-19
1.4273975261635219e-05 2.701294861146494e-19
1.430377479245283e-05 2.6153951688818313e-19
1.4333574323270438e-05 2.46708157771116e-19
1.4363373854088049e-05 2.4594814470475026e-19
1.4393173384905658e-05 2.406635126476779e-19
1.442297291572327e-05 2.3262147112638073e-19
1.4452772446540879e-05 2.2470143735113025e-19
1.4482571977358488e-05 2.141013701555731e-19
1.4512371508176098e-05 2.145628042764511e-19
1.4542171038993709e-05 2.08647758910546e-19
1.457197056981132e-05 1.9291973779743528e-19
1.460177010062893e-05 1.8905633609080924e-19
1.4631569631446539e-05 1.8608190726542152e-19
1.4661369162264149e-05 1.7708499436799494e-19
1.469116869308176e-05 1.7084362638356854e-19
1.472096822389937e-05 1.5966371680635976e-19
1.4750767754716979e-05 1.5341346734230002e-19
1.4780567285534588e-05 1.5255598899312318e-19
1.48103668163522e-05 1.400460673203766e-19
1.484016634716981e-05 1.3212045548500098e-19
1.486996587798742e-05 1.2948280179870183e-19
1.489976540880503e-05 1.2057529373299593e-19
1.4929564939622639e-05 1.141426596778178e-19
1.495936447044025e-05 1.0559672884698378e-19
1.498916400125786e-05 9.591353635935307e-20
1.501896353207547e-05 9.499824770289843e-20
1.5048763062893078e-05 8.690302335926841e-20
1.507856259371069e-05 7.429176127066275e-20
1.51083621245283e-05 7.112411170079895e-20
1.513816165534591e-05 6.229035500944799e-20
1.5167961186163521e-05 5.537658489419738e-20
1.5197760716981129e-05 5.1148532414054064e-20
1.522756024779874e-05 3.7722288112695954e-20
1.525735977861635e-05 3.4934947187220646e-20
1.528715930943396e-05 3.2247911728110095e-20
1.5316958840251572e-05 1.926428656135061e-20
1.5346758371069178e-05 1.3614381796090968e-20
1.537655790188679e-05 5.737434243216913e-21
1.54063574327044e-05 3.9368556074370175e-22
1.543615696352201e-05 -3.996793889113255e-21
1.5465956494339623e-05 -1.8785950760578756e-20
1.549575602515723e-05 -2.2885939987883215e-20
1.552555555597484e-05 -2.4193429884420634e-20
1.555535508679245e-05 -3.687435081299644e-20
1.558515461761006e-05 -4.476725960342545e-20
1.5614954148427673e-05 -4.89833022939913e-20
1.564475367924528e-05 -5.603821441507591e-20
1.5674553210062892e-05 -5.97771766016984e-20
1.5704352740880502e-05 -7.042288999742258e-20
1.573415227169811e-05 -8.132514862107611e-20
1.576395180251572e-05 -7.810090304387369e-20
1.579375133333333e-05 -8.818523899106036e-20
1.582355086415094e-05 -1.0204516500073177e-19
1.5853350394968552e-05 -1.0267363723185686e-19
1.5883149925786162e-05 -1.11437687456673e-19
1.591294945660377e-05 -1.147048115139512e-19
1.594274898742138e-05 -1.2189715468306895e-19
1.597254851823899e-05 -1.3750325545384993e-19
1.6002348049056603e-05 -1.3322065912143689e-19
1.6032147579874213e-05 -1.380203400631985e-19
1.6061947110691822e-05 -1.5332030610813271e-19
1.609174664150943e-05 -1.5551506416712868e-19
1.612154617232704e-05 -1.6293940781714127e-19
1.6151345703144654e-05 -1.6645224704346517e-19
1.6181145233962263e-05 -1.6929401231271707e-19
1.6210944764779873e-05 -1.875830556062011e-19
1.6240744295597482e-05 -1.890256664540065e-19
1.6270543826415092e-05 -1.8632441966268966e-19
1.63003433572327e-05 -2.0099186768791328e-19
1.6330142888050314e-05 -2.0739955501710759e-19
1.635994241886792e-05 -2.1134741137658898e-19
1.6389741949685533e-05 -2.1551287291887106e-19
1.6419541480503142e-05 -2.187613637756292e-19
1.6449341011320752e-05 -2.3163845301513587e-19
1.6479140542138365e-05 -2.3777915932764035e-19
1.650894007295597e-05 -2.334991008709929e-19
1.6538739603773584e-05 -2.4243051771502333e-19
1.6568539134591193e-05 -2.557158486861222e-19
1.6598338665408803e-05 -2.577649917498813e-19
1.6628138196226415e-05 -2.6244273153184886e-19
1.665793772704402e-05 -2.639174500714841e-19
1.6687737257861634e-05 -2.729008298989784e-19
1.6717536788679244e-05 -2.8589470818515253e-19
1.6747336319496853e-05 -2.782168944664323e-19
1.6777135850314463e-05 -2.8315233971167246e-19
1.6806935381132072e-05 -2.983165923947758e-19
1.683673491194968e-05 -3.0046444156621025e-19
1.6866534442767295e-05 -3.035446568412672e-19
1.6896333973584904e-05 -3.0385477264117e-19
1.6926133504402513e-05 -3.1187859989592326e-19
1.6955933035220123e-05 -3.2599853156015887e-19
1.6985732566037732e-05 -3.209309582943715e-19
1.7015532096855345e-05 -3.206828356774562e-19
1.7045331627672955e-05 -3.3732053301840194e-19
1.7075131158490564e-05 -3.421036149071379e-19
1.7104930689308174e-05 -3.400267006409266e-19
1.7134730220125783e-05 -3.436302969585194e-19
1.7164529750943396e-05 -3.481368771819225e-19
1.7194329281761005e-05 -3.6157043779935654e-19
1.722412881257861e-05 -3.6322823641555343e-19
1.7253928343396224e-05 -3.53543986203793e-19
1.7283727874213834e-05 -3.6946714255331807e-19
1.7313527405031443e-05 -3.787570113506393e-19
1.7343326935849056e-05 -3.742985625910119e-19
1.7373126466666662e-05 -3.7784867092162483e-19
1.7402925997484275e-05 -3.8008836190132573e-19
1.7432725528301884e-05 -3.9260280396810426e-19
1.7462525059119494e-05 -3.9588084346754914e-19
1.7492324589937107e-05 -3.8665692367815547e-19
1.7522124120754713e-05 -3.964540491684926e-19
1.7551923651572326e-05 -4.0716386943943253e-19
1.7581723182389935e-05 -4.0595439540780415e-19
1.7611522713207545e-05 -4.0639988124894286e-19
1.7641322244025158e-05 -4.081684985564879e-19
1.7671121774842764e-05 -4.1803701555485987e-19
1.7700921305660373e-05 -4.2650193766024047e-19
1.7730720836477986e-05 -4.1600932128557815e-19
1.7760520367295595e-05 -4.1905608795092773e-19
1.7790319898113205e-05 -4.362489571677758e-19
1.7820119428930814e-05 -4.337125285187761e-19
1.7849918959748424e-05 -4.302838525527982e-19
1.7879718490566037e-05 -4.319292415988349e-19
1.7909518021383646e-05 -4.384461099444404e-19
1.7939317552201256e-05 -4.511312514489541e-19
1.7969117083018865e-05 -4.412581938393821e-19
1.7998916613836474e-05 -4.372067025522192e-19
1.8028716144654087e-05 -4.554266457898992e-19
1.8058515675471697e-05 -4.573422760592159e-19
1.8088315206289306e-05 -4.517743064009285e-19
1.8118114737106916e-05 -4.516349328512881e-19
1.8147914267924525e-05 -4.569604078418787e-19
1.8177713798742135e-05 -4.6802655159148895e-19
1.8207513329559747e-05 -4.636109098372923e-19
1.8237312860377354e-05 -4.54096555314766e-19
1.8267112391194966e-05 -4.657523011746587e-19
1.8296911922012576e-05 -4.762827098997122e-19
1.8326711452830185e-05 -4.677981006704384e-19
1.8356510983647798e-05 -4.65551693145549e-19
1.8386310514465404e-05 -4.718444599366522e-19
1.8416110045283017e-05 -4.792387136513e-19
1.8445909576100627e-05 -4.816144705277293e-19
1.8475709106918236e-05 -4.686970254582792e-19
1.850550863773585e-05 -4.757395875097203e-19
1.8535308168553455e-05 -4.9128333609584435e-19
1.8565107699371068e-05 -4.801913150525796e-19
1.8594907230188677e-05 -4.763004753224074e-19
1.8624706761006287e-05 -4.814735598859398e-19
1.8654506291823896e-05 -4.870884191025411e-19
1.8684305822641506e-05 -4.916462730962263e-19
1.8714105353459115e-05 -4.789940081173529e-19
1.8743904884276728e-05 -4.79854390833674e-19
1.8773704415094337e-05 -4.966387979993053e-19
1.8803503945911947e-05 -4.927915340894972e-19
1.8833303476729556e-05 -4.835330694763329e-19
1.8863103007547166e-05 -4.860777076487746e-19
1.889290253836478e-05 -4.921638240848734e-19
1.8922702069182388e-05 -4.978271420193896e-19
1.8952501599999998e-05 -4.895194057115662e-19
1.8982301130817607e-05 -4.804184046090822e-19
1.9012100661635216e-05 -4.970382999437837e-19
1.904190019245283e-05 -4.99946247113523e-19
1.907169972327044e-05 -4.849677567774802e-19
1.9101499254088048e-05 -4.907658338362687e-19
1.9131298784905658e-05 -4.938413511383107e-19
1.9161098315723267e-05 -4.97678986842164e-19
1.9190897846540877e-05 -4.967568873705769e-19
1.922069737735849e-05 -4.818212922491093e-19
1.92504969081761e-05 -4.941289206768074e-19
1.928029643899371e-05 -5.032237882097385e-19
1.9310095969811318e-05 -4.876443269588777e-19
1.9339895500628927e-05 -4.857803899872529e-19
1.936969503144654e-05 -4.911411636303638e-19
1.9399494562264146e-05 -4.954179494171165e-19
1.942929409308176e-05 -4.94156985073923e-19
1.945909362389937e-05 -4.802236124144138e-19
1.9488893154716978e-05 -4.871184905939146e-19
1.951869268553459e-05 -5.009736575459764e-19
1.9548492216352197e-05 -4.875151496443106e-19
1.957829174716981e-05 -4.804096423220602e-19
1.960809127798742e-05 -4.870919612547786e-19
1.963789080880503e-05 -4.896750252695898e-19
1.9667690339622638e-05 -4.887427319947064e-19
1.9697489870440248e-05 -4.769038166264777e-19
1.9727289401257857e-05 -4.771953408937919e-19
1.975708893207547e-05 -4.912994069818563e-19
1.978688846289308e-05 -4.833576799670321e-19
1.981668799371069e-05 -4.723488869552943e-19
1.9846487524528302e-05 -4.765023669597762e-19
1.987628705534591e-05 -4.799150684657978e-19
1.990608658616352e-05 -4.810440041407806e-19
1.9935886116981127e-05 -4.722824310024227e-19
1.996568564779874e-05 -4.621491213935144e-19
1.999548517861635e-05 -4.763132667670118e-19
2.002528470943396e-05 -4.787856060343999e-19
2.005508424025157e-05 -4.5991169889921845e-19
2.008488377106918e-05 -4.621130822390579e-19
2.011468330188679e-05 -4.668117076737728e-19
2.01444828327044e-05 -4.65994195205208e-19
2.0174282363522013e-05 -4.612103559469707e-19
2.020408189433962e-05 -4.489224186153276e-19
2.0233881425157228e-05 -4.582107868433609e-19
2.0263680955974838e-05 -4.650702959969447e-19
2.029348048679245e-05 -4.486561231552025e-19
2.032328001761006e-05 -4.438353673673091e-19
2.035307954842767e-05 -4.497029297454302e-19
2.0382879079245282e-05 -4.501156002094736e-19
2.0412678610062892e-05 -4.462229618485501e-19
2.04424781408805e-05 -4.332655547749361e-19
2.0472277671698114e-05 -4.332203984857763e-19
2.050207720251572e-05 -4.466352219949738e-19
2.053187673333333e-05 -4.3338976956297747e-19
2.056167626415094e-05 -4.2085469280577746e-19
2.059147579496855e-05 -4.30334404122441e-19
2.062127532578616e-05 -4.298181948167717e-19
2.065107485660377e-05 -4.274785461406173e-19
2.068087438742138e-05 -4.1788932287008184e-19
2.0710673918238993e-05 -4.088602828656554e-19
2.0740473449056603e-05 -4.2319835956449003e-19
2.0770272979874212e-05 -4.158985508916975e-19
2.0800072510691818e-05 -3.982920278035911e-19
2.082987204150943e-05 -4.049009622712615e-19
2.085967157232704e-05 -4.0556671463268847e-19
2.088947110314465e-05 -4.032585585064331e-19
2.0919270633962263e-05 -3.950535633958658e-19
2.0949070164779872e-05 -3.840898017798832e-19
2.097886969559748e-05 -3.979990994944149e-19
2.1008669226415095e-05 -3.9690035098056387e-19
2.1038468757232704e-05 -3.763852308897062e-19
2.1068268288050313e-05 -3.771540688553867e-19
2.109806781886792e-05 -3.824778146746072e-19
2.112786734968553e-05 -3.7991112664350754e-19
2.1157666880503142e-05 -3.715504947728521e-19
2.118746641132075e-05 -3.598879695965629e-19
2.121726594213836e-05 -3.6633269076618185e-19
2.1247065472955974e-05 -3.724954787522003e-19
2.1276865003773583e-05 -3.5393648948885315e-19
2.1306664534591193e-05 -3.4845165096320224e-19
2.1336464065408805e-05 -3.563878457989876e-19
2.136626359622641e-05 -3.528753786356466e-19
2.139606312704402e-05 -3.479198131761777e-19
2.142586265786163e-05 -3.359445181228588e-19
2.1455662188679243e-05 -3.355186130577252e-19
2.1485461719496853e-05 -3.4674368923391184e-19
2.1515261250314462e-05 -3.324691852330864e-19
2.154506078113207e-05 -3.1864369084838346e-19
2.1574860311949684e-05 -3.262745156670902e-19
2.1604659842767294e-05 -3.268839397977861e-19
2.1634459373584903e-05 -3.2020055992264915e-19
2.166425890440251e-05 -3.115661627931468e-19
2.1694058435220122e-05 -3.0528196252724906e-19
2.1723857966037732e-05 -3.1519087322134336e-19
2.175365749685534e-05 -3.1134466079313045e-19
2.1783457027672954e-05 -2.923776731316553e-19
2.1813256558490564e-05 -2.938981710692653e-19
2.1843056089308173e-05 -2.984565165245945e-19
2.1872855620125786e-05 -2.9355099481581236e-19
2.1902655150943395e-05 -2.840928044176478e-19
2.1932454681761005e-05 -2.749192643904252e-19
2.196225421257861e-05 -2.828592581428121e-19
2.1992053743396224e-05 -2.8443221594900146e-19
2.2021853274213833e-05 -2.6555479368202015e-19
2.2051652805031443e-05 -2.623143328010346e-19
2.2081452335849052e-05 -2.7040414792686255e-19
2.2111251866666665e-05 -2.667427128592724e-19
2.2141051397484274e-05 -2.567652077000141e-19
2.2170850928301884e-05 -2.4637104394895023e-19
2.2200650459119497e-05 -2.5088843503085536e-19
2.2230449989937106e-05 -2.5644343850977346e-19
2.2260249520754712e-05 -2.383007863251799e-19
2.2290049051572322e-05 -2.2864949660968305e-19
2.2319848582389935e-05 -2.383420148201431e-19
2.2349648113207544e-05 -2.3754070001176465e-19
2.2379447644025154e-05 -2.279454473505362e-19
2.2409247174842766e-05 -2.1778179053852987e-19
2.2439046705660376e-05 -2.1712581270956814e-19
2.2468846236477985e-05 -2.2644844688293867e-19
2.2498645767295595e-05 -2.140265400063385e-19
2.2528445298113204e-05 -1.9934805349482739e-19
2.2558244828930814e-05 -2.0713324407548568e-19
2.2588044359748423e-05 -2.0765352011630888e-19
2.2617843890566033e-05 -1.9978536781648758e-19
2.2647643421383645e-05 -1.8820141539726345e-19
2.2677442952201255e-05 -1.833183812518689e-19
2.2707242483018864e-05 -1.9608584609067793e-19
2.2737042013836477e-05 -1.8802657792294617e-19
2.2766841544654087e-05 -1.699682911035495e-19
2.2796641075471696e-05 -1.7388085727434312e-19
2.2826440606289302e-05 -1.7723289607543166e-19
2.2856240137106915e-05 -1.7253467654854333e-19
2.2886039667924525e-05 -1.608290220443523e-19
2.2915839198742134e-05 -1.5248192048222615e-19
2.2945638729559747e-05 -1.629283248765959e-19
2.2975438260377356e-05 -1.6175954801350784e-19
2.3005237791194966e-05 -1.4147265852756278e-19
2.3035037322012575e-05 -1.3929367985536426e-19
2.3064836852830188e-05 -1.4640861665879392e-19
2.3094636383647798e-05 -1.4257077850073043e-19
2.3124435914465404e-05 -1.3449607919992564e-19
2.3154235445283013e-05 -1.2218874355008849e-19
2.3184034976100626e-05 -1.2760567838532212e-19
2.3213834506918235e-05 -1.3776101167778796e-19
2.3243634037735845e-05 -1.1656916892720213e-19
2.3273433568553458e-05 -1.0550023449855036e-19
2.3303233099371067e-05 -1.1735582523316372e-19
2.3333032630188677e-05 -1.1604021997693284e-19
2.336283216100629e-05 -1.0444145470629485e-19
2.33926316918239e-05 -9.323512645254867e-20
2.3422431222641505e-05 -9.505510439974785e-20
2.3452230753459114e-05 -1.0487422626756535e-19
2.3482030284276727e-05 -9.068450266466627e-20
2.3511829815094337e-05 -7.498144757762386e-20
2.3541629345911946e-05 -8.487783942881953e-20
2.3571428876729556e-05 -8.724357660712351e-20
2.360122840754717e-05 -7.875173789208223e-20
2.3631027938364778e-05 -6.709802229734389e-20
