0.0 2.691945545015034e-20
2.9826004149377595e-08 1.768166897921832e-20
5.965200829875519e-08 7.300606075508628e-21
8.947801244813279e-08 2.805103316419886e-20
1.1930401659751038e-07 3.332776252699378e-20
1.4913002074688798e-07 1.8169946830135678e-20
1.7895602489626558e-07 1.9674366538205273e-20
2.0878202904564319e-07 2.769522358359861e-20
2.3860803319502076e-07 3.737305850718332e-20
2.6843403734439836e-07 3.1312763740984106e-20
2.9826004149377597e-07 1.492381424642303e-20
3.2808604564315357e-07 3.390783857962854e-20
3.5791204979253117e-07 4.730566374409208e-20
3.877380539419087e-07 2.7668928075058644e-20
4.1756405809128637e-07 2.6515496911036925e-20
4.473900622406639e-07 3.692627413138065e-20
4.772160663900415e-07 4.524919056603682e-20
5.070420705394192e-07 4.478931615000564e-20
5.368680746887967e-07 2.6453191971363343e-20
5.666940788381744e-07 3.757638815205085e-20
5.965200829875519e-07 5.835395951928635e-20
6.263460871369295e-07 4.366303528380656e-20
6.561720912863071e-07 3.5240520970501254e-20
6.859980954356848e-07 4.473877123141974e-20
7.158240995850623e-07 5.331438568733857e-20
7.456501037344399e-07 5.500723077871611e-20
7.754761078838174e-07 3.985501110544447e-20
8.053021120331951e-07 4.065049307079379e-20
8.351281161825727e-07 6.355731631808646e-20
8.649541203319504e-07 5.835500289766397e-20
8.947801244813278e-07 4.301216974677193e-20
9.246061286307055e-07 5.135111234245509e-20
9.54432132780083e-07 6.240834355364091e-20
9.842581369294607e-07 6.442577759223247e-20
1.0140841410788384e-06 5.3496582800981066e-20
1.0439101452282158e-06 4.578001485621971e-20
1.0737361493775935e-06 6.672566900719279e-20
1.1035621535269711e-06 7.359263826485015e-20
1.1333881576763488e-06 5.1908256656082e-20
1.1632141618257262e-06 5.304222892089502e-20
1.1930401659751039e-06 6.775780140309998e-20
1.2228661701244813e-06 7.235767348075466e-20
1.252692174273859e-06 6.373060807564374e-20
1.2825181784232366e-06 5.110272193307545e-20
1.3123441825726143e-06 6.899839234978076e-20
1.342170186721992e-06 8.359283529712479e-20
1.3719961908713696e-06 6.259280645787284e-20
1.4018221950207472e-06 5.685109210653666e-20
1.4316481991701247e-06 7.142429131764802e-20
1.4614742033195021e-06 7.867478330700274e-20
1.4913002074688798e-06 7.189159929345e-20
1.5211262116182574e-06 5.670890656099354e-20
1.5509522157676349e-06 6.903130585729538e-20
1.5807782199170125e-06 8.812767235029056e-20
1.6106042240663902e-06 7.175876122349287e-20
1.6404302282157678e-06 5.938239909679536e-20
1.6702562323651455e-06 7.38264679406218e-20
1.7000822365145231e-06 8.483725047456236e-20
1.7299082406639008e-06 7.888665557807467e-20
1.759734244813278e-06 6.342501167282229e-20
1.7895602489626557e-06 6.715348886779197e-20
1.8193862531120333e-06 8.844517325498292e-20
1.849212257261411e-06 8.215400740863282e-20
1.8790382614107884e-06 6.279088434226537e-20
1.908864265560166e-06 7.062972653668486e-20
1.9386902697095438e-06 8.66536561864688e-20
1.9685162738589214e-06 8.516236847911344e-20
1.998342278008299e-06 6.795928344180486e-20
2.0281682821576767e-06 6.553642621753977e-20
2.0579942863070544e-06 8.971563992325052e-20
2.0878202904564316e-06 9.030417202782537e-20
2.1176462946058093e-06 6.701542331245248e-20
2.147472298755187e-06 6.898010089535886e-20
2.1772983029045646e-06 8.636668791286938e-20
2.2071243070539422e-06 8.881076632134301e-20
2.23695031120332e-06 7.424474160897225e-20
2.2667763153526975e-06 6.486249104967014e-20
2.296602319502075e-06 8.357950802162946e-20
2.3264283236514524e-06 9.600404140821863e-20
2.35625432780083e-06 7.279274319981203e-20
2.3860803319502077e-06 6.649153446171148e-20
2.4159063360995854e-06 8.591580455074905e-20
2.4457323402489626e-06 8.955293737899674e-20
2.4755583443983403e-06 7.979763861473895e-20
2.505384348547718e-06 6.715026808342612e-20
2.5352103526970956e-06 7.812336428292569e-20
2.5650363568464732e-06 9.804203973538614e-20
2.594862360995851e-06 7.900965785873824e-20
2.6246883651452285e-06 6.405186707127686e-20
2.654514369294606e-06 8.249782079343266e-20
2.684340373443984e-06 9.308662547207308e-20
2.7141663775933615e-06 8.240700986234069e-20
2.743992381742739e-06 6.738539690531442e-20
2.773818385892117e-06 7.598380737421625e-20
2.8036443900414945e-06 9.66899160661829e-20
2.833470394190872e-06 8.53166623869548e-20
2.8632963983402494e-06 6.54106977946832e-20
2.8931224024896266e-06 7.721023257640502e-20
2.9229484066390042e-06 9.270662683402791e-20
2.952774410788382e-06 8.496338913375964e-20
2.9826004149377596e-06 6.977269193218246e-20
3.012426419087137e-06 7.009829829026982e-20
3.042252423236515e-06 9.16953853836381e-20
3.0720784273858925e-06 9.161010870028308e-20
3.1019044315352697e-06 6.562810491492598e-20
3.1317304356846474e-06 7.148130436027328e-20
3.161556439834025e-06 9.237956409049998e-20
3.1913824439834027e-06 8.878418506416587e-20
3.2212084481327804e-06 7.08972395280628e-20
3.251034452282158e-06 6.521767418827177e-20
3.2808604564315357e-06 8.772666741651507e-20
3.3106864605809133e-06 9.373322523371379e-20
3.340512464730291e-06 6.741059059517415e-20
3.3703384688796686e-06 6.529581327265707e-20
3.4001644730290463e-06 8.523121066889154e-20
3.429990477178424e-06 8.782539773828773e-20
3.4598164813278016e-06 7.423872873941604e-20
3.4896424854771793e-06 6.353863851795692e-20
3.519468489626556e-06 7.881937381755213e-20
3.5492944937759337e-06 9.486796806402196e-20
3.5791204979253114e-06 7.237609832984908e-20
3.608946502074689e-06 5.943212448929544e-20
3.6387725062240667e-06 8.070444092153195e-20
3.6685985103734443e-06 8.723654139297571e-20
3.698424514522822e-06 7.320090807526431e-20
3.7282505186721997e-06 6.193668339647232e-20
3.758076522821577e-06 7.07820073057234e-20
3.7879025269709545e-06 8.93649121651308e-20
3.817728531120332e-06 7.514109919939075e-20
3.84755453526971e-06 5.542695705422748e-20
3.8773805394190875e-06 7.277187564538969e-20
3.907206543568465e-06 8.594266376899245e-20
3.937032547717843e-06 7.294941048642734e-20
3.9668585518672205e-06 5.968541746433358e-20
3.996684556016598e-06 6.335617274770296e-20
4.026510560165976e-06 8.233073543167251e-20
4.0563365643153534e-06 7.791784676106584e-20
4.086162568464731e-06 5.237625189081468e-20
4.115988572614109e-06 6.027294204642735e-20
4.1458145767634855e-06 8.070052396013262e-20
4.175640580912863e-06 7.218415579550652e-20
4.205466585062241e-06 5.587704077863662e-20
4.2352925892116185e-06 5.62877440453561e-20
4.265118593360996e-06 7.300584318589037e-20
4.294944597510374e-06 7.800768680930944e-20
4.3247706016597515e-06 5.29279170963982e-20
4.354596605809129e-06 4.844624953666474e-20
4.384422609958507e-06 7.44324982502503e-20
4.4142486141078844e-06 6.980377895921744e-20
4.444074618257262e-06 5.0180229166932396e-20
4.47390062240664e-06 4.827968843926658e-20
4.503726626556017e-06 6.201337257417215e-20
4.533552630705395e-06 7.241828952086414e-20
4.563378634854773e-06 5.033156676828371e-20
4.59320463900415e-06 4.001369783931848e-20
4.623030643153527e-06 6.20458593801517e-20
4.652856647302905e-06 6.629856209148723e-20
4.6826826514522825e-06 4.9878358586031024e-20
4.71250865560166e-06 4.0109453288228066e-20
4.742334659751038e-06 5.0477740206992553e-20
4.7721606639004155e-06 6.419480882842958e-20
4.801986668049793e-06 4.8730619456479235e-20
4.831812672199171e-06 2.9625245177614023e-20
4.8616386763485476e-06 4.6511610332038584e-20
4.891464680497925e-06 6.140876672733719e-20
4.921290684647303e-06 4.2963333809193374e-20
4.9511166887966805e-06 2.957132103242014e-20
4.980942692946058e-06 3.926878945613561e-20
5.010768697095436e-06 5.393178249411983e-20
5.0405947012448135e-06 4.540519443209251e-20
5.070420705394191e-06 2.2029129086550578e-20
5.100246709543569e-06 3.193535278686509e-20
5.1300727136929465e-06 5.0370072278112363e-20
5.159898717842324e-06 3.7142162612354675e-20
5.189724721991702e-06 2.1679558978391617e-20
5.2195507261410794e-06 2.543089723120157e-20
5.249376730290457e-06 3.9598954431858164e-20
5.279202734439835e-06 3.9179102190305744e-20
5.309028738589212e-06 1.586068568671934e-20
5.33885474273859e-06 1.4746983867272364e-20
5.368680746887968e-06 3.742598435353342e-20
5.398506751037345e-06 3.166572311623046e-20
5.428332755186723e-06 1.1321159932077383e-20
5.4581587593361e-06 1.0979228982479632e-20
5.487984763485478e-06 2.4387591688931965e-20
5.517810767634855e-06 2.834165335962155e-20
5.547636771784234e-06 6.375601409741064e-21
5.5774627759336104e-06 -1.5052320733574792e-21
5.607288780082989e-06 2.0757174008128714e-20
5.637114784232366e-06 2.2438942596425822e-20
5.666940788381744e-06 2.21525365624681e-21
5.696766792531121e-06 -3.2510777339679605e-21
5.726592796680499e-06 9.261179546747877e-21
5.756418800829876e-06 1.7680910182451302e-20
5.786244804979253e-06 1.8574705537376358e-21
5.816070809128632e-06 -1.6360900970675642e-20
5.8458968132780085e-06 9.86312522815511e-22
5.875722817427387e-06 1.3147527230262374e-20
5.905548821576764e-06 -8.236528541484173e-21
5.9353748257261414e-06 -1.747768891771334e-20
5.965200829875519e-06 -8.280754395012797e-21
5.995026834024897e-06 1.948988707778898e-21
6.024852838174274e-06 -6.0509272894116785e-21
6.054678842323652e-06 -2.692329901078459e-20
6.08450484647303e-06 -1.6826608469687113e-20
6.114330850622407e-06 -5.655418535024694e-23
6.144156854771785e-06 -1.489337784160525e-20
6.173982858921163e-06 -3.079302940270299e-20
6.2038088630705395e-06 -2.3868098344166297e-20
6.233634867219918e-06 -1.1165666420817697e-20
6.263460871369295e-06 -1.704489631241952e-20
6.293286875518673e-06 -3.7159655579838434e-20
6.32311287966805e-06 -3.4833430359001116e-20
6.352938883817429e-06 -1.4980520543985332e-20
6.3827648879668054e-06 -2.369909668431638e-20
6.412590892116182e-06 -4.209368404787289e-20
6.442416896265561e-06 -3.73540375454987e-20
6.4722429004149375e-06 -2.556982370812679e-20
6.502068904564316e-06 -2.5642172322546737e-20
6.531894908713693e-06 -4.406081625219572e-20
6.561720912863071e-06 -4.9591373601514855e-20
6.591546917012448e-06 -3.0979878330520237e-20
6.621372921161827e-06 -3.1287376671502554e-20
6.6511989253112035e-06 -5.031398749176953e-20
6.681024929460582e-06 -5.2703442204430935e-20
6.710850933609959e-06 -4.12081312192305e-20
6.740676937759337e-06 -3.717676410166385e-20
6.770502941908714e-06 -4.9820688443639437e-20
6.800328946058093e-06 -6.2269538405173e-20
6.830154950207469e-06 -4.813162315922472e-20
6.859980954356848e-06 -3.7548035156350254e-20
6.889806958506225e-06 -5.625972310503102e-20
6.919632962655603e-06 -6.62067572519861e-20
6.94945896680498e-06 -5.3703207149585245e-20
6.9792849709543585e-06 -4.550211702460796e-20
7.009110975103735e-06 -5.865872846694293e-20
7.038936979253112e-06 -7.321318896350188e-20
7.068762983402491e-06 -6.21020512441696e-20
7.0985889875518674e-06 -4.9386074526532684e-20
7.128414991701246e-06 -6.23767893943611e-20
7.158240995850623e-06 -7.590218624011056e-20
7.188067000000001e-06 -6.822220072280838e-20
7.217893004149378e-06 -5.584285636803744e-20
7.247719008298756e-06 -6.194585995372276e-20
7.277545012448133e-06 -8.075012950417279e-20
7.307371016597511e-06 -7.797629267228491e-20
7.337197020746889e-06 -5.984933986082897e-20
7.367023024896266e-06 -6.830641772109233e-20
7.396849029045644e-06 -8.531797922434092e-20
7.426675033195022e-06 -8.08289264880504e-20
7.456501037344399e-06 -7.092134901562603e-20
7.486327041493777e-06 -6.950835471207861e-20
7.516153045643154e-06 -8.60903181732321e-20
7.545979049792532e-06 -9.275340217240877e-20
7.575805053941909e-06 -7.153893776727739e-20
7.605631058091288e-06 -7.327860544480055e-20
7.635457062240664e-06 -9.388474689451626e-20
7.665283066390042e-06 -9.204335316733146e-20
7.69510907053942e-06 -8.15876192807943e-20
7.724935074688797e-06 -7.941741423840286e-20
7.754761078838175e-06 -9.171235313028116e-20
7.784587082987553e-06 -1.0277018366537127e-19
7.81441308713693e-06 -8.72607950194508e-20
7.844239091286308e-06 -7.996804359820307e-20
7.874065095435686e-06 -9.876721952018437e-20
7.903891099585063e-06 -1.0345489211927495e-19
7.933717103734441e-06 -9.307143765740023e-20
7.963543107883819e-06 -8.768801670203461e-20
7.993369112033196e-06 -9.566878615517878e-20
8.023195116182574e-06 -1.1082938722092953e-19
8.053021120331952e-06 -1.0215901675080931e-19
8.08284712448133e-06 -8.856979431778951e-20
8.112673128630707e-06 -1.0280577651979342e-19
8.142499132780083e-06 -1.1371355533998375e-19
8.172325136929462e-06 -1.0532182547544363e-19
8.202151141078838e-06 -9.822417307183878e-20
8.231977145228217e-06 -1.0149877213302667e-19
8.261803149377593e-06 -1.1617899945689166e-19
8.291629153526971e-06 -1.1594208498928108e-19
8.321455157676349e-06 -9.713531375686129e-20
8.351281161825726e-06 -1.0548061367920495e-19
8.381107165975104e-06 -1.2218858823963148e-19
8.410933170124482e-06 -1.1470805696213197e-19
8.44075917427386e-06 -1.0645682866357054e-19
8.470585178423237e-06 -1.0704056493219863e-19
8.500411182572615e-06 -1.2024512066700043e-19
8.530237186721992e-06 -1.2809673130152037e-19
8.56006319087137e-06 -1.0875528150284215e-19
8.589889195020748e-06 -1.0663756808247105e-19
8.619715199170125e-06 -1.2827713147218452e-19
8.649541203319503e-06 -1.2670110244811765e-19
8.67936720746888e-06 -1.138777240691327e-19
8.709193211618258e-06 -1.1202129000855502e-19
8.739019215767636e-06 -1.225454791247336e-19
8.768845219917014e-06 -1.3471543105022475e-19
8.798671224066391e-06 -1.1998122777725568e-19
8.828497228215769e-06 -1.0916226792836488e-19
8.858323232365147e-06 -1.3059008242451727e-19
8.888149236514524e-06 -1.3547519897615022e-19
8.9179752406639e-06 -1.2078069462894234e-19
8.94780124481328e-06 -1.1844191542188575e-19
8.977627248962655e-06 -1.245386082164785e-19
9.007453253112035e-06 -1.3677515060803918e-19
9.03727925726141e-06 -1.3197018330354848e-19
9.06710526141079e-06 -1.1307660645501983e-19
9.096931265560166e-06 -1.2804272950079595e-19
9.126757269709545e-06 -1.4191645293755056e-19
9.156583273858921e-06 -1.2623929807184225e-19
9.1864092780083e-06 -1.223841528962403e-19
9.216235282157677e-06 -1.2830819589298302e-19
9.246061286307054e-06 -1.3792874306857705e-19
9.275887290456432e-06 -1.385416041733467e-19
9.30571329460581e-06 -1.202307796279998e-19
9.335539298755187e-06 -1.2539885676845578e-19
9.365365302904565e-06 -1.4358667335826694e-19
9.395191307053943e-06 -1.357038308095423e-19
9.42501731120332e-06 -1.2418603099476865e-19
9.454843315352698e-06 -1.2700228310910101e-19
9.484669319502076e-06 -1.377093357187939e-19
9.514495323651453e-06 -1.4358683313682595e-19
9.544321327800831e-06 -1.273053687540332e-19
9.574147331950209e-06 -1.2069795626251413e-19
9.603973336099586e-06 -1.4335192715864859e-19
9.633799340248964e-06 -1.432212377875115e-19
9.663625344398342e-06 -1.245621239934849e-19
9.69345134854772e-06 -1.2673282724633645e-19
9.723277352697095e-06 -1.3662454934607346e-19
9.753103356846474e-06 -1.4321650616714596e-19
9.78292936099585e-06 -1.3066490321181296e-19
9.81275536514523e-06 -1.1789854762548478e-19
9.842581369294606e-06 -1.3760151802616435e-19
9.872407373443985e-06 -1.442879230896212e-19
9.902233377593361e-06 -1.2808969557621046e-19
9.93205938174274e-06 -1.2381900095119702e-19
9.961885385892116e-06 -1.3049742708689782e-19
9.991711390041496e-06 -1.420134163481599e-19
1.0021537394190872e-05 -1.3492637409078384e-19
1.0051363398340251e-05 -1.1607564630893888e-19
1.0081189402489627e-05 -1.2744957034186754e-19
1.0111015406639006e-05 -1.4405353204948554e-19
1.0140841410788382e-05 -1.288667265936459e-19
1.0170667414937762e-05 -1.1644142822033104e-19
1.0200493419087138e-05 -1.2599077560745226e-19
1.0230319423236515e-05 -1.3561761337323624e-19
1.0260145427385893e-05 -1.3337195357349344e-19
1.028997143153527e-05 -1.161499671554364e-19
1.0319797435684648e-05 -1.190487037000554e-19
1.0349623439834026e-05 -1.3781348301087888e-19
1.0379449443983404e-05 -1.2713204999412437e-19
1.0409275448132781e-05 -1.1350961831191014e-19
1.0439101452282159e-05 -1.1775993237415122e-19
1.0468927456431537e-05 -1.2791533444003164e-19
1.0498753460580914e-05 -1.2972271922475088e-19
1.0528579464730292e-05 -1.11582835288529e-19
1.055840546887967e-05 -1.0837246094388909e-19
1.0588231473029047e-05 -1.2705879510990875e-19
1.0618057477178425e-05 -1.2525341594775926e-19
1.0647883481327802e-05 -1.0767779483286348e-19
1.067770948547718e-05 -1.0749196347748639e-19
1.0707535489626558e-05 -1.1895044084665657e-19
1.0737361493775935e-05 -1.2263594543405077e-19
1.0767187497925311e-05 -1.1024864915493083e-19
1.079701350207469e-05 -9.736812629545708e-20
1.0826839506224067e-05 -1.129445347854481e-19
1.0856665510373446e-05 -1.2297853601671698e-19
1.0886491514522822e-05 -1.0089454778017006e-19
1.09163175186722e-05 -9.5019425418167e-20
1.0946143522821577e-05 -1.0822923144200922e-19
1.0975969526970957e-05 -1.1238526531802455e-19
1.1005795531120333e-05 -1.047105166295341e-19
1.103562153526971e-05 -8.941238826772492e-20
1.1065447539419088e-05 -9.898720139093224e-20
1.1095273543568467e-05 -1.1502240578106079e-19
1.1125099547717843e-05 -9.690624276672007e-20
1.1154925551867221e-05 -8.401023901108898e-20
1.1184751556016599e-05 -9.49295886277387e-20
1.1214577560165978e-05 -1.0207499391325741e-19
1.1244403564315354e-05 -9.629626487243093e-20
1.1274229568464731e-05 -8.096245287660604e-20
1.1304055572614107e-05 -8.297360351628171e-20
1.1333881576763489e-05 -1.0191673179510753e-19
1.1363707580912864e-05 -9.277415820182743e-20
1.1393533585062242e-05 -7.334010937622833e-20
1.1423359589211618e-05 -8.193285239513736e-20
1.1453185593360997e-05 -9.397917863537428e-20
1.1483011597510375e-05 -8.829942022219787e-20
1.1512837601659753e-05 -7.365106396645524e-20
1.1542663605809129e-05 -7.221390287382449e-20
1.1572489609958506e-05 -8.863076022723557e-20
1.1602315614107886e-05 -8.629393814615927e-20
1.1632141618257263e-05 -6.56083593109501e-20
1.166196762240664e-05 -6.723810526119294e-20
1.1691793626556017e-05 -8.130452696297047e-20
1.1721619630705396e-05 -7.947667538217293e-20
1.1751445634854774e-05 -6.684535551854088e-20
1.178127163900415e-05 -6.0288300503416e-20
1.1811097643153528e-05 -7.276183261973008e-20
1.1840923647302907e-05 -7.950593536795916e-20
1.1870749651452283e-05 -6.005617039330383e-20
1.190057565560166e-05 -5.348243675592853e-20
1.1930401659751038e-05 -6.772330839973918e-20
1.1960227663900418e-05 -7.140418881257068e-20
1.1990053668049794e-05 -6.03302351396041e-20
1.2019879672199171e-05 -4.8025688880743956e-20
1.2049705676348549e-05 -5.73007082202702e-20
1.2079531680497928e-05 -7.006593416205497e-20
1.2109357684647304e-05 -5.3911030699602887e-20
1.2139183688796682e-05 -4.239949565550432e-20
1.216900969294606e-05 -5.523243569523838e-20
1.2198835697095435e-05 -6.187876842177564e-20
1.2228661701244815e-05 -5.1980342688078757e-20
1.2258487705394192e-05 -3.8717315247111735e-20
1.228831370954357e-05 -4.195489839833023e-20
1.2318139713692946e-05 -5.715785489258932e-20
1.2347965717842325e-05 -4.8228277473076486e-20
1.2377791721991703e-05 -2.9316433523017416e-20
1.2407617726141079e-05 -3.799945104502085e-20
1.2437443730290457e-05 -5.013340727191293e-20
1.2467269734439836e-05 -4.238134119544676e-20
1.2497095738589214e-05 -2.747880553306659e-20
1.252692174273859e-05 -2.739495515361457e-20
1.2556747746887967e-05 -4.5832970982137136e-20
1.2586573751037347e-05 -4.209457389606407e-20
1.2616399755186724e-05 -1.8910924342718508e-20
1.26462257593361e-05 -2.2528157294088426e-20
1.2676051763485478e-05 -3.551866147274821e-20
1.2705877767634857e-05 -3.246173536191081e-20
1.2735703771784235e-05 -1.9220257291590088e-20
1.2765529775933611e-05 -1.1654886160655663e-20
1.2795355780082989e-05 -2.750663710568971e-20
1.2825181784232364e-05 -3.0088031663474625e-20
1.2855007788381746e-05 -8.306385341596971e-21
1.2884833792531121e-05 -8.443712614125198e-21
1.2914659796680499e-05 -2.117620432329239e-20
1.2944485800829875e-05 -1.9662747773274568e-20
1.2974311804979254e-05 -8.408166275384402e-21
1.3004137809128632e-05 1.141541531153448e-21
1.303396381327801e-05 -1.0950373769081008e-20
1.3063789817427386e-05 -1.9122243104828676e-20
1.3093615821576765e-05 2.0514124757264872e-21
1.3123441825726143e-05 9.103264151556105e-21
1.315326782987552e-05 -4.655994406584095e-21
1.3183093834024896e-05 -7.671196728965598e-21
1.3212919838174276e-05 2.7978847757454456e-21
1.3242745842323653e-05 1.401634443684027e-20
1.3272571846473031e-05 7.777581146386308e-21
1.3302397850622407e-05 -4.031322976283209e-21
1.3332223854771786e-05 7.721170736336409e-21
1.3362049858921164e-05 2.359213845606083e-20
1.339187586307054e-05 1.3603707492314778e-20
1.3421701867219918e-05 5.210889024399124e-21
1.3451527871369295e-05 1.4941962553920662e-20
1.3481353875518675e-05 2.5620315436731574e-20
1.351117987966805e-05 2.5683158865445268e-20
1.3541005883817428e-05 1.1452766202215351e-20
1.3570831887966806e-05 1.7533645263487653e-20
1.3600657892116185e-05 3.627973632577044e-20
1.3630483896265561e-05 2.9658555283816984e-20
1.3660309900414939e-05 2.031471106643712e-20
1.3690135904564316e-05 2.4271335016430207e-20
1.3719961908713696e-05 3.738797504847283e-20
1.3749787912863072e-05 4.1694181929949634e-20
1.377961391701245e-05 2.723994797595956e-20
1.3809439921161827e-05 2.7334583370186346e-20
1.3839265925311206e-05 4.533614072771066e-20
1.3869091929460582e-05 4.732159104337668e-20
1.389891793360996e-05 3.4442717011092283e-20
1.3928743937759336e-05 3.4803965070638585e-20
1.3958569941908717e-05 4.8216750972368976e-20
1.3988395946058093e-05 5.449736889443694e-20
1.401822195020747e-05 4.4431894931735984e-20
1.4048047954356847e-05 3.633236106922903e-20
1.4077873958506224e-05 5.383752332781684e-20
1.4107699962655604e-05 6.42389889579737e-20
1.4137525966804981e-05 4.803450757832978e-20
1.4167351970954357e-05 4.637607414189137e-20
1.4197177975103735e-05 5.974396222325965e-20
1.4227003979253114e-05 6.54611900009748e-20
1.4256829983402492e-05 6.083134676330023e-20
1.4286655987551868e-05 5.0660587416153977e-20
1.4316481991701246e-05 6.05282932539097e-20
1.4346307995850625e-05 7.502889329785325e-20
1.4376134000000003e-05 6.367989152306289e-20
1.4405960004149378e-05 5.543148396111374e-20
1.4435786008298756e-05 6.658719432958314e-20
1.4465612012448135e-05 7.556692967793999e-20
1.4495438016597511e-05 7.269107313850147e-20
1.4525264020746889e-05 6.230226170408971e-20
1.4555090024896267e-05 6.770562615945462e-20
1.4584916029045646e-05 8.591841005057474e-20
1.4614742033195022e-05 7.81747236422396e-20
1.46445680373444e-05 6.599893948876049e-20
1.4674394041493777e-05 7.478129389882334e-20
1.4704220045643153e-05 8.44058136859158e-20
1.4734046049792533e-05 8.457906791948044e-20
1.476387205394191e-05 7.454635431205782e-20
1.4793698058091288e-05 7.370922850759774e-20
1.4823524062240664e-05 8.897383205944467e-20
1.4853350066390043e-05 9.091533330549845e-20
1.4883176070539421e-05 7.759142083171683e-20
1.4913002074688799e-05 7.904003314922237e-20
1.4942828078838175e-05 9.215264131227579e-20
1.4972654082987554e-05 9.335697599776037e-20
1.5002480087136932e-05 8.55909086984576e-20
1.5032306091286308e-05 8.199223245915315e-20
1.5062132095435685e-05 9.171926454692965e-20
1.5091958099585065e-05 9.996270833314061e-20
1.5121784103734442e-05 8.748473322052546e-20
1.5151610107883818e-05 8.29156205903005e-20
1.5181436112033196e-05 9.629364734861426e-20
1.5211262116182575e-05 9.99493398740282e-20
1.5241088120331953e-05 9.415221841773111e-20
1.527091412448133e-05 8.730899179111746e-20
1.5300740128630705e-05 9.31312564095659e-20
1.5330566132780084e-05 1.0728164854763273e-19
1.5360392136929463e-05 9.689472738182576e-20
1.539021814107884e-05 8.538368760800066e-20
1.5420044145228215e-05 9.852961710039584e-20
1.5449870149377595e-05 1.0573582321933635e-19
1.5479696153526974e-05 9.987714549671913e-20
1.550952215767635e-05 9.254666611933111e-20
1.5539348161825726e-05 9.376486458905509e-20
1.5569174165975105e-05 1.0737372716844279e-19
1.5599000170124485e-05 1.0455461354180128e-19
1.562882617427386e-05 9.033091298727195e-20
1.5658652178423237e-05 9.757355612269035e-20
1.5688478182572616e-05 1.0797475858267751e-19
1.5718304186721995e-05 1.0376778316092022e-19
1.574813019087137e-05 9.601175069297214e-20
1.5777956195020747e-05 9.511693072026934e-20
1.5807782199170127e-05 1.061260733293207e-19
1.5837608203319506e-05 1.081613131957265e-19
1.5867434207468882e-05 9.468706044655136e-20
1.5897260211618258e-05 9.419028526896322e-20
1.5927086215767637e-05 1.0681142089458706e-19
1.5956912219917013e-05 1.0623071343428432e-19
1.5986738224066392e-05 9.677683537205857e-20
1.601656422821577e-05 9.602678310160337e-20
1.6046390232365148e-05 1.0404111501599206e-19
1.6076216236514524e-05 1.1007076255607646e-19
1.6106042240663903e-05 9.881587775719439e-20
1.613586824481328e-05 9.274946116409956e-20
1.616569424896266e-05 1.0526854526622577e-19
1.6195520253112034e-05 1.0783146880420864e-19
1.6225346257261414e-05 1.0046648452507722e-19
1.625517226141079e-05 9.466456624999841e-20
1.6284998265560166e-05 9.7892474206369e-20
1.6314824269709545e-05 1.0831255434564247e-19
1.6344650273858924e-05 1.0252220098892528e-19
1.63744762780083e-05 9.09724110321106e-20
1.6404302282157676e-05 1.0048486201155888e-19
1.6434128286307056e-05 1.0874562415720775e-19
1.6463954290456435e-05 1.0057326605669888e-19
1.649378029460581e-05 9.453709182025585e-20
1.6523606298755187e-05 9.601720519078774e-20
1.6553432302904566e-05 1.062310195578193e-19
1.6583258307053942e-05 1.0608173925602241e-19
1.661308431120332e-05 8.930786676068418e-20
1.6642910315352698e-05 9.349440764316176e-20
1.6672736319502077e-05 1.0748471505279334e-19
1.6702562323651453e-05 1.0291945363713679e-19
1.6732388327800832e-05 9.407218597020378e-20
1.6762214331950208e-05 9.293658541309809e-20
1.6792040336099587e-05 1.0360897264867313e-19
1.6821866340248963e-05 1.0604473224306941e-19
1.6851692344398343e-05 9.126710237370354e-20
1.688151834854772e-05 9.067078847280093e-20
1.6911344352697098e-05 1.018056881667876e-19
1.6941170356846474e-05 1.0238894163087443e-19
1.6970996360995853e-05 9.357209990084065e-20
1.700082236514523e-05 8.893714116784866e-20
1.703064836929461e-05 9.732269610198222e-20
1.7060474373443985e-05 1.0398843871045998e-19
1.7090300377593364e-05 9.366482541356277e-20
1.712012638174274e-05 8.643905764577223e-20
1.714995238589212e-05 9.664046835268951e-20
1.7179778390041495e-05 1.0186806720952579e-19
1.720960439419087e-05 9.365189344066748e-20
1.723943039834025e-05 8.622632879892942e-20
1.726925640248963e-05 9.210695446427204e-20
1.7299082406639006e-05 1.0064139151614794e-19
1.7328908410788382e-05 9.288538020576025e-20
1.735873441493776e-05 8.326562790269881e-20
1.7388560419087137e-05 8.977424975478521e-20
1.7418386423236517e-05 9.780730962930627e-20
1.7448212427385892e-05 9.173019504515493e-20
1.7478038431535272e-05 8.237653095409744e-20
1.7507864435684648e-05 8.594731967938604e-20
1.7537690439834027e-05 9.52920331192338e-20
1.7567516443983403e-05 9.06596648893801e-20
1.7597342448132782e-05 7.855126829508153e-20
1.762716845228216e-05 8.256308599291863e-20
1.7656994456431538e-05 9.155743729681175e-20
1.7686820460580914e-05 8.705305431130825e-20
1.7716646464730293e-05 7.862052774098623e-20
1.774647246887967e-05 7.765386843677123e-20
1.777629847302905e-05 8.670271423161908e-20
1.7806124477178424e-05 8.746555286659463e-20
1.78359504813278e-05 7.513231403624772e-20
1.786577648547718e-05 7.270855266053769e-20
1.789560248962656e-05 8.389715580094555e-20
1.7925428493775935e-05 8.477784698063737e-20
1.795525449792531e-05 7.125448408952466e-20
1.798508050207469e-05 6.89201949441328e-20
1.801490650622407e-05 7.786313161994586e-20
1.8044732510373446e-05 8.124041360309663e-20
1.807455851452282e-05 6.876107485751724e-20
1.81043845186722e-05 6.047975445930861e-20
1.813421052282158e-05 7.407640585837227e-20
1.8164036526970956e-05 7.693346339056223e-20
1.8193862531120332e-05 6.545116954842936e-20
1.822368853526971e-05 6.01894392610973e-20
1.825351453941909e-05 6.571408017297424e-20
1.8283340543568467e-05 7.416213975023324e-20
1.8313166547717843e-05 6.404240532172407e-20
1.8342992551867222e-05 5.203232700232293e-20
1.83728185560166e-05 6.135113316727787e-20
1.8402644560165977e-05 6.97539372167091e-20
1.8432470564315353e-05 5.840899694442811e-20
1.846229656846473e-05 4.7994917885864463e-20
1.849212257261411e-05 5.46505681837326e-20
1.8521948576763488e-05 6.262265927922528e-20
1.8551774580912864e-05 5.704935918809463e-20
1.858160058506224e-05 4.377683343120614e-20
1.861142658921162e-05 4.6772560985447595e-20
1.8641252593361e-05 5.967176268912571e-20
1.8671078597510375e-05 5.308564678171822e-20
1.870090460165975e-05 4.010378265956666e-20
1.873073060580913e-05 4.220941537897726e-20
1.876055660995851e-05 5.082551691895336e-20
1.8790382614107885e-05 4.7803788941435883e-20
1.882020861825726e-05 3.5597936349771736e-20
1.885003462240664e-05 3.5448632187945874e-20
1.887986062655602e-05 4.550434035619142e-20
1.8909686630705396e-05 4.459745715887939e-20
1.8939512634854772e-05 3.255825727918243e-20
1.896933863900415e-05 2.953711349093232e-20
1.899916464315353e-05 3.9213268621473494e-20
1.9028990647302907e-05 4.1874618955120905e-20
1.9058816651452282e-05 2.807507293902288e-20
1.9088642655601662e-05 2.1028773357027878e-20
1.911846865975104e-05 3.2970616618690195e-20
1.9148294663900417e-05 3.58958411926723e-20
1.9178120668049793e-05 2.2106267433659773e-20
1.9207946672199172e-05 1.6393653495699715e-20
1.9237772676348552e-05 2.5301331825952804e-20
1.9267598680497928e-05 3.1224221539779584e-20
1.9297424684647304e-05 1.974999072246618e-20
1.9327250688796683e-05 1.0496043335816305e-20
1.9357076692946062e-05 2.1171315302543352e-20
1.938690269709544e-05 2.701546346748219e-20
1.9416728701244814e-05 1.4548830614692866e-20
1.944655470539419e-05 4.974224278384984e-21
1.947638070954357e-05 1.2932887493048576e-20
1.950620671369295e-05 2.093500997694239e-20
1.9536032717842325e-05 1.183712136380531e-20
1.95658587219917e-05 -3.2934157065683497e-22
1.959568472614108e-05 4.801693523635484e-21
1.962551073029046e-05 1.5945417567511238e-20
1.9655336734439836e-05 8.487119090574406e-21
1.968516273858921e-05 -4.1533828449396515e-21
1.971498874273859e-05 7.012004396872875e-22
1.974481474688797e-05 1.0943257949398947e-20
1.9774640751037346e-05 5.9062704366263664e-21
1.9804466755186722e-05 -8.483001865279212e-21
1.98342927593361e-05 -7.241562866737305e-21
1.986411876348548e-05 6.124422610898829e-21
1.9893944767634857e-05 1.241834547506512e-21
1.9923770771784233e-05 -1.3362653094337654e-20
1.9953596775933612e-05 -1.079311575684327e-20
1.998342278008299e-05 -1.30785339943556e-21
2.0013248784232367e-05 -2.9766281217636974e-21
2.0043074788381743e-05 -1.5330055640473814e-20
2.0072900792531123e-05 -1.8915405566218402e-20
2.0102726796680502e-05 -5.708888329085634e-21
2.0132552800829878e-05 -3.879852329389819e-21
2.0162378804979254e-05 -1.7743673307909848e-20
2.0192204809128633e-05 -2.1303939212440884e-20
2.0222030813278013e-05 -1.2247952066673193e-20
2.025185681742739e-05 -9.491311871705236e-21
2.0281682821576765e-05 -2.1899528763637065e-20
2.0311508825726144e-05 -2.916290070275763e-20
2.0341334829875523e-05 -1.7059715659524194e-20
2.03711608340249e-05 -1.0070031417003537e-20
2.0400986838174275e-05 -2.4287429469407267e-20
2.043081284232365e-05 -3.1636851503008976e-20
2.046063884647303e-05 -2.079821468554135e-20
2.049046485062241e-05 -1.6301850736694963e-20
2.0520290854771786e-05 -2.4356291479836598e-20
2.0550116858921162e-05 -3.4731037497916166e-20
2.057994286307054e-05 -2.857466136366039e-20
2.060976886721992e-05 -1.641973518340518e-20
2.0639594871369296e-05 -2.863940634875556e-20
2.0669420875518672e-05 -3.9945853070603763e-20
2.0699246879668052e-05 -3.00601675555338e-20
2.072907288381743e-05 -2.27168811439072e-20
2.0758898887966807e-05 -2.9529575071370494e-20
2.0788724892116183e-05 -3.8940766746788963e-20
2.0818550896265562e-05 -3.640759753013566e-20
2.0848376900414942e-05 -2.594322460715548e-20
2.0878202904564318e-05 -2.9449910310027867e-20
2.0908028908713694e-05 -4.3467320351174935e-20
2.0937854912863073e-05 -3.9785857779500493e-20
2.0967680917012452e-05 -2.845130073333091e-20
2.099750692116183e-05 -3.338717736394204e-20
2.1027332925311204e-05 -4.4189357314824354e-20
2.1057158929460584e-05 -4.461648919033993e-20
2.108698493360996e-05 -3.325743604351952e-20
2.111681093775934e-05 -3.196431632102036e-20
2.1146636941908715e-05 -4.6900154456855143e-20
2.1176462946058094e-05 -4.749662733642009e-20
2.120628895020747e-05 -3.550859570694515e-20
2.123611495435685e-05 -3.641343610138201e-20
2.1265940958506226e-05 -4.61648797419307e-20
2.1295766962655605e-05 -4.942850244901278e-20
2.132559296680498e-05 -4.121130537521862e-20
2.135541897095436e-05 -3.616006717868234e-20
2.1385244975103736e-05 -4.7945376085463804e-20
2.1415070979253115e-05 -5.411644743136538e-20
2.144489698340249e-05 -4.1982541995944035e-20
2.147472298755187e-05 -3.9998763738193997e-20
2.1504548991701247e-05 -5.015469625467619e-20
