0.0 -2.1453497219549483e-19
2.9798540639269407e-08 -2.156085257629779e-19
5.9597081278538814e-08 -2.1069937954048912e-19
8.939562191780823e-08 -2.3098794206184243e-19
1.1919416255707763e-07 -2.2026414000998595e-19
1.4899270319634703e-07 -2.1828580468410835e-19
1.7879124383561646e-07 -2.3958995902976493e-19
2.0858978447488587e-07 -2.285982666056487e-19
2.3838832511415526e-07 -2.3381485012642855e-19
2.6818686575342467e-07 -2.4296254481400915e-19
2.9798540639269405e-07 -2.331990608280403e-19
3.277839470319635e-07 -2.513729273825714e-19
3.575824876712329e-07 -2.5142457866561733e-19
3.873810283105023e-07 -2.3875120589235405e-19
4.1717956894977175e-07 -2.5990795155310273e-19
4.4697810958904113e-07 -2.5839024965022377e-19
4.767766502283105e-07 -2.5285423274826693e-19
5.065751908675799e-07 -2.676401215782619e-19
5.363737315068493e-07 -2.5836857505328827e-19
5.661722721461188e-07 -2.6723116733141116e-19
5.959708127853881e-07 -2.792377098597723e-19
6.257693534246576e-07 -2.603316611313105e-19
6.55567894063927e-07 -2.7536590294047773e-19
6.853664347031964e-07 -2.8679695207071004e-19
7.151649753424659e-07 -2.7453307506539486e-19
7.449635159817352e-07 -2.8777357287629417e-19
7.747620566210046e-07 -2.844222052275418e-19
8.04560597260274e-07 -2.838634359793474e-19
8.343591378995435e-07 -3.004918475889641e-19
8.641576785388128e-07 -2.864031818242838e-19
8.939562191780823e-07 -2.905973566029452e-19
9.237547598173516e-07 -3.0771531418680113e-19
9.53553300456621e-07 -2.948205748849983e-19
9.833518410958906e-07 -3.0105139427964264e-19
1.0131503817351598e-06 -3.0708622955081396e-19
1.0429489223744292e-06 -3.0058275815587397e-19
1.0727474630136987e-06 -3.180295678414087e-19
1.1025460036529681e-06 -3.121218387282446e-19
1.1323445442922375e-06 -3.0587359505125643e-19
1.162143084931507e-06 -3.257596540791996e-19
1.1919416255707762e-06 -3.151299319537911e-19
1.2217401662100459e-06 -3.157593793549996e-19
1.2515387068493153e-06 -3.284730752416925e-19
1.2813372474885845e-06 -3.1634412338926436e-19
1.311135788127854e-06 -3.2879119774809034e-19
1.3409343287671234e-06 -3.331682666781993e-19
1.3707328694063928e-06 -3.198332820901024e-19
1.4005314100456623e-06 -3.373249332436508e-19
1.4303299506849317e-06 -3.3692917857305054e-19
1.460128491324201e-06 -3.2726247471571636e-19
1.4899270319634704e-06 -3.4274914071415734e-19
1.5197255726027398e-06 -3.363095272257439e-19
1.5495241132420092e-06 -3.3674236674690916e-19
1.5793226538812787e-06 -3.5046152589965417e-19
1.609121194520548e-06 -3.358236586104547e-19
1.6389197351598173e-06 -3.448306107855857e-19
1.668718275799087e-06 -3.5490486685584485e-19
1.6985168164383562e-06 -3.39345157493537e-19
1.7283153570776256e-06 -3.526907749028111e-19
1.758113897716895e-06 -3.527529170192534e-19
1.7879124383561645e-06 -3.4440326896344894e-19
1.817710978995434e-06 -3.619187777128888e-19
1.8475095196347032e-06 -3.5384007798172748e-19
1.8773080602739728e-06 -3.5125295166198603e-19
1.907106600913242e-06 -3.654871523204448e-19
1.9369051415525115e-06 -3.553095155923156e-19
1.966703682191781e-06 -3.5846006267779757e-19
1.9965022228310504e-06 -3.656379403188632e-19
2.0263007634703196e-06 -3.5520010331520993e-19
2.0560993041095892e-06 -3.6608005333479433e-19
2.0858978447488585e-06 -3.6739919286939617e-19
2.1156963853881277e-06 -3.5654864551287385e-19
2.1454949260273973e-06 -3.7141595215230955e-19
2.175293466666667e-06 -3.668745330734659e-19
2.2050920073059362e-06 -3.628168137700903e-19
2.234890547945206e-06 -3.76083291943373e-19
2.264689088584475e-06 -3.64082828868847e-19
2.2944876292237443e-06 -3.6906582760766327e-19
2.324286169863014e-06 -3.7730408802959497e-19
2.354084710502283e-06 -3.640582779489924e-19
2.3838832511415524e-06 -3.7450649242102994e-19
2.413681791780822e-06 -3.745259790916552e-19
2.4434803324200917e-06 -3.6469444726368832e-19
2.473278873059361e-06 -3.773762534733325e-19
2.5030774136986306e-06 -3.714221458483361e-19
2.5328759543379e-06 -3.6921749991153487e-19
2.562674494977169e-06 -3.8132932696496863e-19
2.5924730356164387e-06 -3.6848790224752323e-19
2.622271576255708e-06 -3.7197504480587948e-19
2.652070116894977e-06 -3.8066374712809097e-19
2.6818686575342468e-06 -3.66691206289218e-19
2.711667198173516e-06 -3.771159138504059e-19
2.7414657388127857e-06 -3.773518898399883e-19
2.7712642794520553e-06 -3.6451526688353287e-19
2.8010628200913245e-06 -3.795371904783192e-19
2.8308613607305938e-06 -3.716329690584278e-19
2.8606599013698634e-06 -3.6615645622967315e-19
2.8904584420091326e-06 -3.814098361407984e-19
2.920256982648402e-06 -3.666579019339495e-19
2.950055523287671e-06 -3.7015421342805773e-19
2.9798540639269407e-06 -3.795335912656666e-19
3.00965260456621e-06 -3.624754171584926e-19
3.0394511452054796e-06 -3.728851751944319e-19
3.0692496858447492e-06 -3.751258315488658e-19
3.0990482264840185e-06 -3.60461716231646e-19
3.1288467671232877e-06 -3.724040382823891e-19
3.1586453077625573e-06 -3.6772882969219283e-19
3.1884438484018266e-06 -3.5988333184142347e-19
3.218242389041096e-06 -3.73716234445339e-19
3.2480409296803654e-06 -3.615499154350108e-19
3.2778394703196347e-06 -3.587320738429646e-19
3.3076380109589043e-06 -3.712993857430924e-19
3.337436551598174e-06 -3.5530327255961205e-19
3.367235092237443e-06 -3.6093257230523905e-19
3.3970336328767124e-06 -3.6602642279578277e-19
3.426832173515982e-06 -3.488059512132297e-19
3.4566307141552513e-06 -3.624754194668125e-19
3.4864292547945205e-06 -3.56770777856666e-19
3.51622779543379e-06 -3.4424907282154554e-19
3.5460263360730594e-06 -3.6167387019600076e-19
3.575824876712329e-06 -3.491941901389328e-19
3.6056234173515983e-06 -3.4425234179451197e-19
3.635421957990868e-06 -3.5572887642060543e-19
3.6652204986301376e-06 -3.4152325629749065e-19
3.6950190392694064e-06 -3.466268982678806e-19
3.724817579908676e-06 -3.4714496490347876e-19
3.7546161205479457e-06 -3.315382402590978e-19
3.7844146611872145e-06 -3.4719854137575614e-19
3.814213201826484e-06 -3.4210816817667493e-19
3.844011742465754e-06 -3.2692530927276333e-19
3.873810283105023e-06 -3.410150134969065e-19
3.903608823744293e-06 -3.3016207421615953e-19
3.933407364383562e-06 -3.2626191791885955e-19
3.963205905022831e-06 -3.3594275366140295e-19
3.993004445662101e-06 -3.19072961832284e-19
4.02280298630137e-06 -3.2577219173829367e-19
4.052601526940639e-06 -3.296214751174969e-19
4.082400067579909e-06 -3.1183138555061564e-19
4.1121986082191785e-06 -3.211949480160029e-19
4.141997148858447e-06 -3.1807498980296e-19
4.171795689497717e-06 -3.0667585069808754e-19
4.201594230136987e-06 -3.1690409438904243e-19
4.231392770776255e-06 -3.0492981168647467e-19
4.261191311415525e-06 -3.0036143333893563e-19
4.290989852054795e-06 -3.1262992718808343e-19
4.320788392694064e-06 -2.956171853001575e-19
4.350586933333334e-06 -2.9474092885270393e-19
4.380385473972604e-06 -3.0272259336620437e-19
4.4101840146118724e-06 -2.8738820024759832e-19
4.439982555251142e-06 -2.9222102653362797e-19
4.469781095890412e-06 -2.8966646611577517e-19
4.4995796365296805e-06 -2.7657977460507503e-19
4.52937817716895e-06 -2.902950869386657e-19
4.55917671780822e-06 -2.7877331826568483e-19
4.588975258447489e-06 -2.659952682536433e-19
4.618773799086758e-06 -2.8002943464886408e-19
4.648572339726028e-06 -2.6614287912887977e-19
4.678370880365297e-06 -2.6438014051535475e-19
4.708169421004566e-06 -2.6950142240876845e-19
4.737967961643836e-06 -2.5051338473138024e-19
4.767766502283105e-06 -2.611795704640887e-19
4.7975650429223745e-06 -2.599312713482165e-19
4.827363583561644e-06 -2.393231770427715e-19
4.857162124200913e-06 -2.514234509951106e-19
4.886960664840183e-06 -2.4515918230443554e-19
4.916759205479453e-06 -2.348562765374319e-19
4.946557746118722e-06 -2.428837586308596e-19
4.9763562867579915e-06 -2.2533871312619625e-19
5.006154827397261e-06 -2.2770993684745354e-19
5.03595336803653e-06 -2.3627424057689437e-19
5.0657519086758e-06 -2.1250761216373442e-19
5.095550449315069e-06 -2.175107285268827e-19
5.125348989954338e-06 -2.210739131760748e-19
5.155147530593608e-06 -2.0558519838730954e-19
5.184946071232877e-06 -2.1239479107031526e-19
5.214744611872146e-06 -2.010833429228477e-19
5.244543152511416e-06 -1.9340047077128544e-19
5.2743416931506855e-06 -2.0791456900451815e-19
5.304140233789954e-06 -1.862929050773011e-19
5.333938774429224e-06 -1.7944424370303812e-19
5.3637373150684936e-06 -1.9357132181413802e-19
5.393535855707762e-06 -1.7451596155575186e-19
5.423334396347032e-06 -1.7643867660033966e-19
5.453132936986302e-06 -1.7517557503129726e-19
5.482931477625571e-06 -1.586396405113933e-19
5.512730018264841e-06 -1.7262586098928972e-19
5.542528558904111e-06 -1.6053100690550725e-19
5.572327099543379e-06 -1.4669649093347075e-19
5.602125640182649e-06 -1.5906860642632513e-19
5.631924180821919e-06 -1.4573217650236484e-19
5.6617227214611875e-06 -1.4068641885114808e-19
5.691521262100457e-06 -1.4283842658595786e-19
5.721319802739727e-06 -1.2701423684541666e-19
5.751118343378996e-06 -1.3360833852401572e-19
5.780916884018265e-06 -1.3272156591864862e-19
5.810715424657534e-06 -1.1128583538849897e-19
5.840513965296804e-06 -1.2088391560571026e-19
5.870312505936073e-06 -1.1976161334326212e-19
5.900111046575342e-06 -1.0307382237797286e-19
5.929909587214612e-06 -1.094702633203435e-19
5.9597081278538814e-06 -9.723251405738716e-20
5.98950666849315e-06 -9.351214985456082e-20
6.01930520913242e-06 -1.0371302474922067e-19
6.04910374977169e-06 -7.996233724541353e-20
6.078902290410959e-06 -7.777376276289249e-20
6.108700831050229e-06 -8.668558162026596e-20
6.1384993716894985e-06 -6.877899572156767e-20
6.168297912328767e-06 -7.076844729236126e-20
6.198096452968037e-06 -6.519460664643116e-20
6.227894993607307e-06 -5.437878411857208e-20
6.257693534246575e-06 -6.784149538225016e-20
6.287492074885845e-06 -4.932052169000429e-20
6.317290615525115e-06 -3.720266061854118e-20
6.3470891561643835e-06 -5.3862431656148785e-20
6.376887696803653e-06 -3.6900265605612855e-20
6.406686237442923e-06 -3.0062158007538407e-20
6.436484778082192e-06 -3.273413764965565e-20
6.466283318721461e-06 -1.6292592763222753e-20
6.496081859360731e-06 -2.7511322579793783e-20
6.5258804e-06 -2.0005698315589658e-20
6.555678940639269e-06 3.456897615627256e-21
6.585477481278539e-06 -1.3753020938819878e-20
6.615276021917809e-06 -6.367264108240731e-21
6.645074562557078e-06 9.525733198740155e-21
6.674873103196348e-06 2.6019166807034273e-21
6.704671643835617e-06 1.7248002726797542e-20
6.734470184474886e-06 1.4100980942627065e-20
6.764268725114156e-06 1.3580111048917464e-20
6.794067265753425e-06 3.975275835468988e-20
6.8238658063926945e-06 2.957998418736322e-20
6.853664347031964e-06 2.742288378197693e-20
6.883462887671233e-06 4.671277918349305e-20
6.913261428310503e-06 4.331605051876686e-20
6.943059968949772e-06 5.282106391407844e-20
6.972858509589041e-06 5.543377801414681e-20
7.002657050228311e-06 4.90923612429662e-20
7.03245559086758e-06 7.281583089160959e-20
7.062254131506849e-06 7.259107449897165e-20
7.092052672146119e-06 6.170670587620465e-20
7.1218512127853884e-06 8.310498180666074e-20
7.151649753424658e-06 8.359614914452601e-20
7.181448294063928e-06 8.538715827458003e-20
7.2112468347031965e-06 9.8419993873941e-20
7.241045375342466e-06 8.735378909648475e-20
7.270843915981736e-06 1.0310810731822896e-19
7.3006424566210055e-06 1.1629968004320983e-19
7.330440997260275e-06 9.967038714014958e-20
7.360239537899545e-06 1.153172335043251e-19
7.390038078538813e-06 1.2464319549075335e-19
7.419836619178082e-06 1.1961806115261004e-19
7.449635159817352e-06 1.3579459813236495e-19
7.479433700456622e-06 1.2784481446494597e-19
7.509232241095891e-06 1.3251492034716036e-19
7.539030781735161e-06 1.574050101241176e-19
7.568829322374429e-06 1.413942483554532e-19
7.5986278630136986e-06 1.4618428917325765e-19
7.628426403652968e-06 1.6514376979619448e-19
7.658224944292238e-06 1.5705984069751662e-19
7.688023484931508e-06 1.6883899654797366e-19
7.717822025570775e-06 1.6860882199055848e-19
7.747620566210046e-06 1.6531320939062426e-19
7.777419106849315e-06 1.9094775937843214e-19
7.807217647488585e-06 1.8223108689209188e-19
7.837016188127854e-06 1.762222444380085e-19
7.866814728767125e-06 2.0010900298500468e-19
7.896613269406392e-06 1.9518542952386149e-19
7.926411810045662e-06 2.0046526493239115e-19
7.956210350684931e-06 2.0720095456239192e-19
7.986008891324201e-06 1.981607614360911e-19
8.01580743196347e-06 2.2214345927734185e-19
8.04560597260274e-06 2.2358705961022567e-19
8.07540451324201e-06 2.0808545866428113e-19
8.105203053881278e-06 2.2933890977070946e-19
8.135001594520549e-06 2.345304620942872e-19
8.164800135159818e-06 2.301105407113094e-19
8.194598675799088e-06 2.397205878434909e-19
8.224397216438357e-06 2.3611979682722136e-19
8.254195757077626e-06 2.493760357908311e-19
8.283994297716895e-06 2.61604812467375e-19
8.313792838356165e-06 2.430284131452265e-19
8.343591378995434e-06 2.562199930343816e-19
8.373389919634704e-06 2.713081701671124e-19
8.403188460273973e-06 2.6101382224015703e-19
8.432987000913242e-06 2.7274536372201684e-19
8.46278554155251e-06 2.7113528440167025e-19
8.492584082191781e-06 2.7317007974967864e-19
8.52238262283105e-06 2.935199541400437e-19
8.55218116347032e-06 2.7867306069575875e-19
8.58197970410959e-06 2.8142368177270395e-19
8.611778244748858e-06 3.044211355762276e-19
8.641576785388129e-06 2.9487399109540724e-19
8.671375326027397e-06 2.995568120893654e-19
8.701173866666668e-06 3.051210550144417e-19
8.730972407305937e-06 3.0011042460394416e-19
8.760770947945207e-06 3.2272398968809504e-19
8.790569488584474e-06 3.1610796084324836e-19
8.820368029223745e-06 3.027965201895277e-19
8.850166569863014e-06 3.308913152607306e-19
8.879965110502284e-06 3.2937239415937436e-19
8.909763651141553e-06 3.2245296770100827e-19
8.939562191780823e-06 3.3503091794621933e-19
8.96936073242009e-06 3.2866478807729795e-19
8.999159273059361e-06 3.4424063946323244e-19
9.02895781369863e-06 3.5128555005367743e-19
9.0587563543379e-06 3.3098483414008263e-19
9.088554894977169e-06 3.517832076583215e-19
9.11835343561644e-06 3.612422323092181e-19
9.148151976255707e-06 3.4785642456113923e-19
9.177950516894977e-06 3.6008031668801593e-19
9.207749057534248e-06 3.5659718026659907e-19
9.237547598173517e-06 3.6491789674827527e-19
9.267346138812787e-06 3.800221097339755e-19
9.297144679452056e-06 3.5701458108873337e-19
9.326943220091325e-06 3.691035578387676e-19
9.356741760730593e-06 3.9049830480425195e-19
9.386540301369864e-06 3.7374663074161143e-19
9.416338842009133e-06 3.810024043828686e-19
9.446137382648403e-06 3.846623403331931e-19
9.475935923287672e-06 3.8380458783085346e-19
9.50573446392694e-06 4.0408468532568306e-19
9.53553300456621e-06 3.864499651430227e-19
9.56533154520548e-06 3.8309709000382054e-19
9.595130085844749e-06 4.117176674601073e-19
9.62492862648402e-06 3.987732791159502e-19
9.654727167123288e-06 3.976182620159187e-19
9.684525707762557e-06 4.0821018000959926e-19
9.714324248401826e-06 4.0160094143815207e-19
9.744122789041096e-06 4.2112054417944796e-19
9.773921329680367e-06 4.1484076100475103e-19
9.803719870319636e-06 3.981007750979774e-19
9.833518410958906e-06 4.267127068706092e-19
9.863316951598173e-06 4.241625064653428e-19
9.893115492237444e-06 4.1143147971239096e-19
9.922914032876713e-06 4.253229722290223e-19
9.952712573515983e-06 4.192577725557945e-19
9.982511114155252e-06 4.3085644898462936e-19
1.0012309654794522e-05 4.370052736290972e-19
1.004210819543379e-05 4.1422404653340283e-19
1.007190673607306e-05 4.343257878267846e-19
1.0101705276712329e-05 4.452598372169456e-19
1.01315038173516e-05 4.2578671285357246e-19
1.0161302357990868e-05 4.366917947774516e-19
1.0191100898630139e-05 4.388083984160337e-19
1.0220899439269406e-05 4.401870993188501e-19
1.0250697979908676e-05 4.509448090029595e-19
1.0280496520547945e-05 4.317365395648134e-19
1.0310295061187215e-05 4.383607146866273e-19
1.0340093601826484e-05 4.595618070957283e-19
1.0369892142465755e-05 4.412192261857939e-19
1.0399690683105024e-05 4.421570764286038e-19
1.0429489223744292e-05 4.511897663337948e-19
1.0459287764383563e-05 4.46917032620505e-19
1.0489086305022832e-05 4.619317305161481e-19
1.0518884845662102e-05 4.484965912689069e-19
1.0548683386301371e-05 4.39409377905068e-19
1.057848192694064e-05 4.688672472927792e-19
1.0608280467579909e-05 4.578130282746645e-19
1.0638079008219179e-05 4.455657600972755e-19
1.0667877548858448e-05 4.590872180607098e-19
1.0697676089497718e-05 4.545042751855741e-19
1.0727474630136987e-05 4.646404102867638e-19
1.0757273170776256e-05 4.613725385043202e-19
1.0787071711415525e-05 4.442059949236978e-19
1.0816870252054795e-05 4.695158548885605e-19
1.0846668792694064e-05 4.704162525759759e-19
1.0876467333333335e-05 4.494319776588758e-19
1.0906265873972603e-05 4.629654621716639e-19
1.0936064414611872e-05 4.628594462339583e-19
1.0965862955251143e-05 4.641454356180773e-19
1.0995661495890411e-05 4.683884753140458e-19
1.1025460036529682e-05 4.486384188074571e-19
1.105525857716895e-05 4.648505720851583e-19
1.1085057117808221e-05 4.776911542898553e-19
1.1114855658447488e-05 4.529278080371616e-19
1.1144654199086759e-05 4.600235654085898e-19
1.1174452739726028e-05 4.681249391150633e-19
1.1204251280365298e-05 4.634547347173679e-19
1.1234049821004567e-05 4.703965592471567e-19
1.1263848361643837e-05 4.53904236351877e-19
1.1293646902283105e-05 4.573994252329653e-19
1.1323445442922375e-05 4.797654188467824e-19
1.1353243983561644e-05 4.574088502953426e-19
1.1383042524200914e-05 4.525750750648843e-19
1.1412841064840183e-05 4.689342869376289e-19
1.1442639605479454e-05 4.609962432990753e-19
1.1472438146118722e-05 4.648927897340419e-19
1.1502236686757991e-05 4.574387806915236e-19
1.1532035227397262e-05 4.488124098283175e-19
1.156183376803653e-05 4.730949459317331e-19
1.1591632308675801e-05 4.636273169080085e-19
1.1621430849315068e-05 4.453415434280857e-19
1.1651229389954339e-05 4.624427552566206e-19
1.1681027930593607e-05 4.59323443429846e-19
1.1710826471232878e-05 4.567434952413515e-19
1.1740625011872147e-05 4.568610355384912e-19
1.1770423552511417e-05 4.419789214451336e-19
1.1800222093150684e-05 4.613274804899277e-19
1.1830020633789955e-05 4.620635303572538e-19
1.1859819174429224e-05 4.357332746749337e-19
1.1889617715068494e-05 4.501922908895912e-19
1.1919416255707763e-05 4.545284933757253e-19
1.1949214796347033e-05 4.473909523120026e-19
1.19790133369863e-05 4.49686223128248e-19
1.2008811877625571e-05 4.331509054878901e-19
1.203861041826484e-05 4.444870416462152e-19
1.206840895890411e-05 4.566564934933656e-19
1.209820749954338e-05 4.27828615893496e-19
1.212800604018265e-05 4.309340962937606e-19
1.2157804580821918e-05 4.461015308260401e-19
1.2187603121461187e-05 4.347889207075315e-19
1.2217401662100458e-05 4.345298226444465e-19
1.2247200202739726e-05 4.2481654052370543e-19
1.2276998743378997e-05 4.2393781833689975e-19
1.2306797284018266e-05 4.440986727032989e-19
1.2336595824657535e-05 4.2289848648953007e-19
1.2366394365296803e-05 4.115657009002916e-19
1.2396192905936074e-05 4.3098475431380034e-19
1.2425991446575343e-05 4.2258926188619117e-19
1.2455789987214613e-05 4.193975123040416e-19
1.2485588527853882e-05 4.1258580349276463e-19
1.251538706849315e-05 4.04587828229811e-19
1.254518560913242e-05 4.243109608033018e-19
1.257498414977169e-05 4.116246932612878e-19
1.2604782690410959e-05 3.9268081759893122e-19
1.263458123105023e-05 4.088804092333684e-19
1.26643797716895e-05 4.0668320218745293e-19
1.2694178312328767e-05 3.993293809245431e-19
1.2723976852968037e-05 3.9779359115085085e-19
1.2753775393607306e-05 3.8594251988097115e-19
1.2783573934246577e-05 3.9971756210871683e-19
1.2813372474885846e-05 3.9949137010718927e-19
1.2843171015525116e-05 3.718690698824965e-19
1.2872969556164383e-05 3.8405213401679417e-19
1.2902768096803654e-05 3.906119301195744e-19
1.2932566637442922e-05 3.7592323682212294e-19
1.2962365178082193e-05 3.77046557841533e-19
1.2992163718721462e-05 3.6601571000489027e-19
1.3021962259360732e-05 3.711182338656843e-19
1.30517608e-05 3.8121379210711643e-19
1.308155934063927e-05 3.5496681036733747e-19
1.3111357881278539e-05 3.5591420817741653e-19
1.314115642191781e-05 3.7002487306810366e-19
1.3170954962557078e-05 3.5468110548726965e-19
1.3200753503196348e-05 3.515571744572765e-19
1.3230552043835617e-05 3.4474441547424977e-19
1.3260350584474886e-05 3.416111789140926e-19
1.3290149125114157e-05 3.5665651058985185e-19
1.3319947665753425e-05 3.3555944115801175e-19
1.3349746206392696e-05 3.223657230184342e-19
1.3379544747031965e-05 3.4274345883897964e-19
1.3409343287671233e-05 3.3370112517848516e-19
1.3439141828310502e-05 3.2284301843117083e-19
1.3468940368949773e-05 3.208809936498618e-19
1.3498738909589042e-05 3.139251429077174e-19
1.3528537450228312e-05 3.2772338729207545e-19
1.3558335990867581e-05 3.1489733370765113e-19
1.358813453150685e-05 2.9340298627179705e-19
1.3617933072146118e-05 3.108042392916397e-19
1.3647731612785389e-05 3.0690075991544174e-19
1.3677530153424658e-05 2.936793491138703e-19
1.3707328694063928e-05 2.9483179117868887e-19
1.3737127234703197e-05 2.8469209821331855e-19
1.3766925775342466e-05 2.9287540811499382e-19
1.3796724315981736e-05 2.9267661727938124e-19
1.3826522856621005e-05 2.6491110413427766e-19
1.3856321397260276e-05 2.749736982168894e-19
1.3886119937899544e-05 2.8376619259556625e-19
1.3915918478538815e-05 2.6239813888218624e-19
1.3945717019178082e-05 2.6144858886667253e-19
1.3975515559817353e-05 2.546812520533336e-19
1.4005314100456621e-05 2.558673814162286e-19
1.4035112641095892e-05 2.638513135696254e-19
1.406491118173516e-05 2.3656703584011623e-19
1.4094709722374431e-05 2.364772444421377e-19
1.4124508263013698e-05 2.5105015050793547e-19
1.4154306803652969e-05 2.341137096879188e-19
1.4184105344292238e-05 2.295732717987157e-19
1.4213903884931508e-05 2.2420369271663476e-19
1.4243702425570777e-05 2.1941003064745373e-19
1.4273500966210046e-05 2.304754940886844e-19
1.4303299506849316e-05 2.1015819789235425e-19
1.4333098047488585e-05 1.9702138163390528e-19
1.4362896588127855e-05 2.157484229952372e-19
1.4392695128767124e-05 2.0392857475297695e-19
1.4422493669406393e-05 1.9206816753357954e-19
1.4452292210045664e-05 1.9317896736035521e-19
1.4482090750684932e-05 1.825718623702465e-19
1.4511889291324203e-05 1.9326708175390115e-19
1.4541687831963472e-05 1.8298832571776555e-19
1.4571486372602739e-05 1.5927746356490877e-19
1.4601284913242011e-05 1.776894286438292e-19
1.4631083453881278e-05 1.7440881484355923e-19
1.466088199452055e-05 1.5534049419716325e-19
1.4690680535159817e-05 1.569461934125136e-19
1.472047907579909e-05 1.4826513194703437e-19
1.4750277616438357e-05 1.521491993335412e-19
1.4780076157077625e-05 1.5208292645719354e-19
1.4809874697716896e-05 1.256574836851084e-19
1.4839673238356165e-05 1.3297678469624227e-19
1.4869471778995435e-05 1.4377050458704858e-19
1.4899270319634704e-05 1.21451575686281e-19
1.4929068860273973e-05 1.2044607228485678e-19
1.4958867400913243e-05 1.1753154964607967e-19
1.4988665941552512e-05 1.110866017062928e-19
1.5018464482191783e-05 1.1951952893000593e-19
1.5048263022831051e-05 9.57570019774176e-20
1.5078061563470322e-05 9.001226738266002e-20
1.510786010410959e-05 1.0756801100586174e-19
1.5137658644748858e-05 8.818002774831361e-20
1.516745718538813e-05 8.051019396044529e-20
1.5197255726027397e-05 8.155514816056331e-20
1.522705426666667e-05 7.406153098125152e-20
1.5256852807305936e-05 8.298360639481855e-20
1.5286651347945204e-05 6.568391600690764e-20
1.5316449888584476e-05 5.018535067246954e-20
1.5346248429223745e-05 6.911589043433485e-20
1.5376046969863017e-05 5.732645480327242e-20
1.5405845510502282e-05 4.13746962366077e-20
1.543564405114155e-05 4.677045330974511e-20
1.5465442591780823e-05 3.732734716223508e-20
1.5495241132420092e-05 4.031086053172856e-20
1.552503967305936e-05 3.5480646547622294e-20
1.555483821369863e-05 1.3709826785162495e-20
1.5584636754337902e-05 2.5713368690823474e-20
1.561443529497717e-05 2.6748915482776563e-20
1.564423383561644e-05 5.98155637972717e-21
1.5674032376255708e-05 7.977663967770055e-21
1.5703830916894977e-05 2.9726728011863367e-21
1.573362945753425e-05 8.868930126820374e-22
1.5763427998173518e-05 3.2260268070811805e-21
1.5793226538812783e-05 -2.230694818714289e-20
1.5823025079452056e-05 -1.945515741920725e-20
1.5852823620091324e-05 -7.134289208022208e-21
1.5882622160730597e-05 -2.979156784808087e-20
1.5912420701369862e-05 -3.1890568832428627e-20
1.5942219242009134e-05 -3.2354755954406445e-20
1.5972017782648403e-05 -3.871568206507527e-20
1.6001816323287672e-05 -3.175990906701174e-20
1.603161486392694e-05 -5.339610898174651e-20
1.606141340456621e-05 -6.062344739986926e-20
1.609121194520548e-05 -4.259692026806642e-20
1.612101048584475e-05 -6.162947363395137e-20
1.615080902648402e-05 -7.288217631081123e-20
1.6180607567123288e-05 -6.808339439883741e-20
1.6210406107762557e-05 -7.75301171584787e-20
1.624020464840183e-05 -7.106192679134595e-20
1.6270003189041098e-05 -8.38235713886566e-20
1.6299801729680367e-05 -1.0270815924321418e-19
1.6329600270319635e-05 -8.26809624572178e-20
1.6359398810958904e-05 -9.032750619513461e-20
1.6389197351598176e-05 -1.0978018556440177e-19
1.6418995892237442e-05 -1.0397986407622223e-19
1.6448794432876714e-05 -1.1325254582806642e-19
1.6478592973515983e-05 -1.1052298028373964e-19
1.650839151415525e-05 -1.1392257523796404e-19
1.653819005479452e-05 -1.3891460659010165e-19
1.656798859543379e-05 -1.2542052488340455e-19
1.659778713607306e-05 -1.2225373892760064e-19
1.662758567671233e-05 -1.462904992739936e-19
1.66573842173516e-05 -1.425802813941887e-19
1.6687182757990868e-05 -1.4596076420214123e-19
1.6716981298630137e-05 -1.5022635405929773e-19
1.674677983926941e-05 -1.4537904095676128e-19
1.6776578379908678e-05 -1.6969473724134003e-19
1.6806376920547946e-05 -1.6826915272018457e-19
1.6836175461187215e-05 -1.5205211785556803e-19
1.6865974001826484e-05 -1.772278298246143e-19
1.6895772542465756e-05 -1.8198187166292177e-19
1.692557108310502e-05 -1.778037352666935e-19
1.6955369623744294e-05 -1.8803896773979777e-19
1.6985168164383563e-05 -1.7990814763493207e-19
1.7014966705022835e-05 -1.9572359786356152e-19
1.70447652456621e-05 -2.0793135609358455e-19
1.707456378630137e-05 -1.888608214003079e-19
1.710436232694064e-05 -2.0206336878180383e-19
1.713416086757991e-05 -2.1582019549637505e-19
1.716395940821918e-05 -2.086070367829437e-19
1.7193757948858448e-05 -2.18319472120126e-19
1.7223556489497716e-05 -2.152891998768168e-19
1.725335503013699e-05 -2.2128118066878606e-19
1.7283153570776257e-05 -2.435136044682565e-19
1.7312952111415526e-05 -2.2522770579473646e-19
1.7342750652054795e-05 -2.253716507317753e-19
1.7372549192694067e-05 -2.492173368465946e-19
1.7402347733333336e-05 -2.412867826838502e-19
1.74321462739726e-05 -2.473992907887515e-19
1.7461944814611874e-05 -2.4918712924503114e-19
1.7491743355251142e-05 -2.4290272299124026e-19
1.7521541895890414e-05 -2.6905575834510574e-19
1.755134043652968e-05 -2.635757526207652e-19
1.758113897716895e-05 -2.4945161086914936e-19
1.761093751780822e-05 -2.738453699986446e-19
1.764073605844749e-05 -2.746929992848491e-19
1.767053459908676e-05 -2.728530097187149e-19
1.7700333139726027e-05 -2.7827863117810124e-19
1.77301316803653e-05 -2.713530602576892e-19
1.7759930221004568e-05 -2.9313140288368143e-19
1.7789728761643837e-05 -2.945053333119735e-19
1.7819527302283106e-05 -2.73437820381461e-19
1.7849325842922375e-05 -2.951585776793155e-19
1.7879124383561647e-05 -3.036949720214883e-19
1.7908922924200916e-05 -2.960241150014344e-19
1.793872146484018e-05 -3.0369308587810053e-19
1.7968520005479453e-05 -2.973363749650377e-19
1.7998318546118722e-05 -3.11423201040737e-19
1.8028117086757994e-05 -3.2472043765060544e-19
1.805791562739726e-05 -3.0088414346712673e-19
1.8087714168036532e-05 -3.115617368416448e-19
1.81175127086758e-05 -3.3179846734893976e-19
1.814731124931507e-05 -3.2000671326048926e-19
1.8177109789954338e-05 -3.246432920113198e-19
1.8206908330593607e-05 -3.2377700166190216e-19
1.823670687123288e-05 -3.2657426683620827e-19
1.8266505411872148e-05 -3.4833492601488597e-19
1.8296303952511414e-05 -3.2998002462814816e-19
1.8326102493150686e-05 -3.250354258060895e-19
1.8355901033789954e-05 -3.518190400508214e-19
1.8385699574429227e-05 -3.4480646612426084e-19
1.8415498115068495e-05 -3.4379119213707604e-19
1.8445296655707764e-05 -3.467525813076196e-19
1.8475095196347033e-05 -3.428375139245381e-19
1.8504893736986302e-05 -3.6527613735248316e-19
1.8534692277625574e-05 -3.569786269507403e-19
1.856449081826484e-05 -3.3917675738300846e-19
1.859428935890411e-05 -3.647674953946281e-19
1.862408789954338e-05 -3.681992421989974e-19
1.865388644018265e-05 -3.5976021114312346e-19
1.8683684980821918e-05 -3.641485635054979e-19
1.8713483521461187e-05 -3.577922845051488e-19
1.874328206210046e-05 -3.757873991839348e-19
1.8773080602739728e-05 -3.8236050398017883e-19
1.8802879143378997e-05 -3.5493378888261686e-19
1.8832677684018265e-05 -3.7238797155453157e-19
1.8862476224657534e-05 -3.8920429043278024e-19
1.8892274765296806e-05 -3.720676317798335e-19
1.8922073305936075e-05 -3.7776780136087985e-19
1.8951871846575344e-05 -3.7436183038960057e-19
1.8981670387214613e-05 -3.81401891305742e-19
1.901146892785388e-05 -3.9862319428093094e-19
1.9041267468493154e-05 -3.708678281502919e-19
1.907106600913242e-05 -3.7567049947594927e-19
1.910086454977169e-05 -4.035815524222918e-19
1.913066309041096e-05 -3.883525128663876e-19
1.916046163105023e-05 -3.862236440112857e-19
1.9190260171689498e-05 -3.880891990192354e-19
1.9220058712328767e-05 -3.8889798634367563e-19
1.924985725296804e-05 -4.0783114275967027e-19
1.9279655793607308e-05 -3.8986233961359247e-19
1.9309454334246576e-05 -3.793474371627291e-19
1.9339252874885845e-05 -4.0792118423008264e-19
1.9369051415525114e-05 -4.019757929290063e-19
1.9398849956164386e-05 -3.9072303743460666e-19
1.942864849680365e-05 -3.9830792893481586e-19
1.9458447037442924e-05 -3.960029896766087e-19
1.9488245578082193e-05 -4.1012872068829873e-19
1.951804411872146e-05 -4.0500366135731416e-19
1.9547842659360734e-05 -3.8276833541608773e-19
1.95776412e-05 -4.0761867477306654e-19
1.960743974063927e-05 -4.1527346017771665e-19
1.963723828127854e-05 -3.95362102300129e-19
1.9667036821917812e-05 -3.995657718490007e-19
1.9696835362557078e-05 -3.9818925188795e-19
1.9726633903196346e-05 -4.109444429211018e-19
1.975643244383562e-05 -4.15551890863483e-19
1.9786230984474887e-05 -3.8711120240407285e-19
1.9816029525114156e-05 -4.022718860627689e-19
1.9845828065753425e-05 -4.2186969897922546e-19
1.9875626606392694e-05 -4.026022617088887e-19
1.9905425147031966e-05 -4.000285408666853e-19
1.993522368767123e-05 -4.0224000049352647e-19
1.9965022228310504e-05 -4.0791854703087657e-19
1.9994820768949772e-05 -4.1818424343086597e-19
2.0024619309589045e-05 -3.943864440326283e-19
2.005441785022831e-05 -3.9271439925022667e-19
2.008421639086758e-05 -4.207233815984894e-19
2.011401493150685e-05 -4.073216235404689e-19
2.014381347214612e-05 -3.9604232138692466e-19
2.0173612012785392e-05 -4.0175696728330296e-19
2.0203410553424657e-05 -4.046409258510702e-19
2.0233209094063926e-05 -4.1830308176149714e-19
2.02630076347032e-05 -3.9927408610006485e-19
2.0292806175342467e-05 -3.856960815871705e-19
2.0322604715981736e-05 -4.1547597825243084e-19
2.0352403256621005e-05 -4.117017444598721e-19
2.0382201797260277e-05 -3.9189377578998347e-19
2.0412000337899546e-05 -3.968157120602257e-19
2.044179887853881e-05 -3.995730977978008e-19
2.0471597419178083e-05 -4.087809389180687e-19
2.0501395959817352e-05 -4.0118865091217045e-19
2.0531194500456624e-05 -3.795130401770442e-19
2.056099304109589e-05 -4.013108686354735e-19
2.059079158173516e-05 -4.126522972083164e-19
2.062059012237443e-05 -3.8798973726721537e-19
2.06503886630137e-05 -3.873620203049483e-19
2.068018720365297e-05 -3.9327999318661414e-19
2.0709985744292237e-05 -3.999441973433776e-19
2.073978428493151e-05 -3.97424580855736e-19
2.0769582825570778e-05 -3.7136256490516437e-19
2.0799381366210047e-05 -3.853845593796548e-19
2.0829179906849316e-05 -4.050506455273487e-19
2.0858978447488585e-05 -3.811784515001236e-19
2.0888776988127857e-05 -3.7478001047455794e-19
2.0918575528767126e-05 -3.8206787039026574e-19
2.094837406940639e-05 -3.847662790354263e-19
2.0978172610045663e-05 -3.9054253695793322e-19
2.1007971150684932e-05 -3.6829731864095744e-19
2.1037769691324204e-05 -3.6439408395914807e-19
2.106756823196347e-05 -3.9336834654883632e-19
2.1097366772602742e-05 -3.7667039354254835e-19
2.112716531324201e-05 -3.576851093250712e-19
2.115696385388128e-05 -3.688767560205796e-19
2.1186762394520548e-05 -3.6875722553681414e-19
2.1216560935159817e-05 -3.752282798954861e-19
2.124635947579909e-05 -3.591730889251403e-19
2.1276158016438358e-05 -3.4303697328027264e-19
2.1305956557077627e-05 -3.7448896423074443e-19
2.1335755097716896e-05 -3.6868227444443033e-19
2.1365553638356164e-05 -3.4108885671419878e-19
2.1395352178995437e-05 -3.5039375736118447e-19
2.1425150719634705e-05 -3.5429945098025655e-19
2.1454949260273974e-05 -3.5640375726407656e-19
2.1484747800913243e-05 -3.471008739591353e-19
2.1514546341552512e-05 -3.255823558821164e-19
2.1544344882191784e-05 -3.4664516007761826e-19
2.157414342283105e-05 -3.563085309006288e-19
2.160394196347032e-05 -3.255144501844983e-19
2.163374050410959e-05 -3.2504670764862806e-19
2.166353904474886e-05 -3.352577965487144e-19
2.1693337585388128e-05 -3.350077114629117e-19
2.1723136126027397e-05 -3.3086658216696846e-19
2.175293466666667e-05 -3.07688394486116e-19
2.1782733207305938e-05 -3.167060143494558e-19
2.1812531747945207e-05 -3.3815862134205413e-19
2.1842330288584475e-05 -3.1051779750890844e-19
2.1872128829223744e-05 -2.9754830871027274e-19
2.1901927369863016e-05 -3.1183066974782123e-19
2.1931725910502285e-05 -3.127779671148438e-19
2.1961524451141554e-05 -3.1011068453873997e-19
2.1991322991780823e-05 -2.886508320977265e-19
2.202112153242009e-05 -2.859880975691653e-19
2.2050920073059364e-05 -3.146359074275857e-19
2.208071861369863e-05 -2.945733609749684e-19
2.21105171543379e-05 -2.7203870950548215e-19
2.214031569497717e-05 -2.887842212811061e-19
2.2170114235616442e-05 -2.8923805219059973e-19
2.2199912776255708e-05 -2.857554454481413e-19
2.2229711316894977e-05 -2.704031766206993e-19
2.225950985753425e-05 -2.5710724639848215e-19
2.2289308398173518e-05 -2.8448691011196904e-19
2.2319106938812786e-05 -2.78991371698019e-19
2.2348905479452055e-05 -2.459958104293288e-19
2.2378704020091324e-05 -2.564714943571676e-19
2.2408502560730596e-05 -2.663068784656864e-19
2.2438301101369865e-05 -2.5902249336052164e-19
2.2468099642009134e-05 -2.4855907177610486e-19
2.2497898182648403e-05 -2.3219854501709974e-19
2.2527696723287675e-05 -2.5059696582590036e-19
2.2557495263926944e-05 -2.5777844854218016e-19
2.258729380456621e-05 -2.2236797720018043e-19
2.261709234520548e-05 -2.2513969575623546e-19
2.264689088584475e-05 -2.3992700146871146e-19
2.2676689426484022e-05 -2.312496519405321e-19
2.2706487967123288e-05 -2.235685830146053e-19
2.2736286507762556e-05 -2.0540324887669947e-19
2.276608504840183e-05 -2.1556439951735582e-19
2.2795883589041097e-05 -2.339428251903298e-19
2.2825682129680366e-05 -2.030417613418707e-19
2.2855480670319635e-05 -1.9059282137587797e-19
2.2885279210958907e-05 -2.0937316869517013e-19
2.2915077751598176e-05 -2.065022043089575e-19
2.2944876292237445e-05 -1.9618407911870427e-19
2.2974674832876714e-05 -1.8067993446572617e-19
2.3004473373515982e-05 -1.7977512598261878e-19
2.3034271914155255e-05 -2.0216357834148031e-19
2.3064070454794523e-05 -1.828486924689834e-19
2.309386899543379e-05 -1.570034147912326e-19
2.312366753607306e-05 -1.7630333928001047e-19
2.315346607671233e-05 -1.7898581100028267e-19
2.3183264617351602e-05 -1.660628679713387e-19
2.3213063157990867e-05 -1.5652569164864827e-19
2.3242861698630136e-05 -1.4668197478695303e-19
2.327266023926941e-05 -1.6674291127919595e-19
2.3302458779908677e-05 -1.6253534423993222e-19
2.3332257320547946e-05 -1.2737847124389218e-19
2.3362055861187215e-05 -1.3919293198355744e-19
2.3391854401826487e-05 -1.5132856248048365e-19
2.3421652942465756e-05 -1.370273570398914e-19
2.345145148310502e-05 -1.2826467921213818e-19
2.3481250023744293e-05 -1.1598509953229755e-19
2.3511048564383562e-05 -1.3065610034300183e-19
2.3540847105022834e-05 -1.3672715766590532e-19
2.3570645645662103e-05 -1.0187726883709711e-19
2.360044418630137e-05 -1.0311155843111598e-19
2.363024272694064e-05 -1.1981398139753702e-19
2.366004126757991e-05 -1.0941173649962893e-19
2.3689839808219182e-05 -9.72354142446375e-20
2.3719638348858447e-05 -8.461408192395711e-20
2.374943688949772e-05 -9.35950262826831e-20
2.3779235430136988e-05 -1.0632319967635797e-19
2.3809033970776257e-05 -7.740679103726968e-20
2.3838832511415526e-05 -6.584937029755389e-20
2.3868631052054795e-05 -8.691028166307778e-20
2.3898429592694067e-05 -8.092201481035666e-20
2.3928228133333336e-05 -6.724530831171772e-20
2.39580266739726e-05 -5.767077265837998e-20
2.3987825214611873e-05 -5.735968963008473e-20
2.4017623755251142e-05 -7.451710564042427e-20
2.4047422295890414e-05 -5.487311406335055e-20
2.407722083652968e-05 -3.0395875245698944e-20
2.4107019377168952e-05 -4.928645183137642e-20
2.413681791780822e-05 -5.3573331176445806e-20
2.416661645844749e-05 -3.681621692509293e-20
2.419641499908676e-05 -2.743397389801095e-20
2.4226213539726027e-05 -2.274420113473372e-20
2.42560120803653e-05 -3.908523726069309e-20
2.4285810621004568e-05 -3.4966306268664893e-20
2.4315609161643837e-05 -1.210084927877122e-21
2.4345407702283106e-05 -1.2489875992007343e-20
2.4375206242922374e-05 -2.5717639302198775e-20
2.4405004783561647e-05 -7.326040956495377e-21
2.4434803324200915e-05 2.7200379823058023e-21
2.4464601864840184e-05 9.739436572038812e-21
2.4494400405479453e-05 -3.2589295722211587e-21
2.4524198946118722e-05 -5.5930920697696344e-21
2.4553997486757994e-05 2.6528940240107168e-20
2.458379602739726e-05 2.4386078776179335e-20
2.461359456803653e-05 6.2685897369335826e-21
2.46433931086758e-05 1.8644569374091822e-20
2.467319164931507e-05 3.1449944606265305e-20
2.470299018995434e-05 3.900560142631252e-20
2.4732788730593607e-05 3.255028415598319e-20
2.476258727123288e-05 2.1973246307025132e-20
2.4792385811872148e-05 5.0493476180489537e-20
2.482218435251142e-05 6.155744756872161e-20
2.4851982893150685e-05 3.8023584259942444e-20
2.4881781433789954e-05 4.6400372818513955e-20
2.4911579974429226e-05 6.261226502183351e-20
2.4941378515068495e-05 6.76306681917542e-20
2.4971177055707764e-05 6.649183032136012e-20
2.5000975596347033e-05 5.2489756679202837e-20
2.50307741369863e-05 7.108419216984667e-20
2.5060572677625574e-05 9.349218955845785e-20
2.509037121826484e-05 7.258433313527863e-20
2.512016975890411e-05 7.220906871581569e-20
2.514996829954338e-05 9.032711543605458e-20
2.5179766840182652e-05 9.511592916150314e-20
2.5209565380821918e-05 1.0020428009889914e-19
2.5239363921461187e-05 8.656387421638627e-20
2.526916246210046e-05 9.282549883062688e-20
2.5298961002739728e-05 1.2276808844970413e-19
2.5328759543379e-05 1.0886192619059937e-19
2.5358558084018265e-05 9.612574466807123e-20
2.5388356624657534e-05 1.16437533577452e-19
2.5418155165296806e-05 1.2543064063711036e-19
2.5447953705936075e-05 1.2682962862596786e-19
2.5477752246575344e-05 1.1864452024537308e-19
2.5507550787214613e-05 1.16707937231585e-19
2.5537349327853885e-05 1.4576175310943856e-19
2.5567147868493154e-05 1.4548856751991068e-19
2.559694640913242e-05 1.255324767286009e-19
2.562674494977169e-05 1.4160783104183346e-19
2.565654349041096e-05 1.5255231211618348e-19
2.5686342031050232e-05 1.5416285490186144e-19
2.5716140571689498e-05 1.508601706316928e-19
2.5745939112328766e-05 1.4099969202753213e-19
2.577573765296804e-05 1.658362586924521e-19
2.5805536193607307e-05 1.754412588315785e-19
2.5835334734246576e-05 1.524444108957801e-19
2.5865133274885845e-05 1.6127389777283021e-19
2.5894931815525117e-05 1.7755573911969702e-19
2.5924730356164386e-05 1.8133697824918288e-19
2.5954528896803655e-05 1.7897175848956958e-19
2.5984327437442924e-05 1.6686474138390478e-19
2.6014125978082192e-05 1.851803883589845e-19
2.6043924518721465e-05 2.050094591233805e-19
2.6073723059360733e-05 1.8146774500539869e-19
2.61035216e-05 1.7866875973917486e-19
2.613332014063927e-05 2.006765186885428e-19
2.616311868127854e-05 2.023529572203297e-19
2.6192917221917812e-05 2.0126425108958212e-19
2.6222715762557077e-05 1.9303730106233668e-19
2.625251430319635e-05 1.9796659485942685e-19
2.628231284383562e-05 2.2418688225880967e-19
2.6312111384474887e-05 2.117744569383883e-19
2.6341909925114156e-05 1.9852993227452088e-19
2.6371708465753425e-05 2.192007831494994e-19
2.6401507006392697e-05 2.2378903144989297e-19
2.6431305547031966e-05 2.225089967086328e-19
2.6461104087671235e-05 2.1784769961181696e-19
2.6490902628310503e-05 2.143468346707043e-19
2.6520701168949772e-05 2.3802613693390305e-19
2.6550499709589044e-05 2.3685212787926656e-19
2.6580298250228313e-05 2.1802692354057497e-19
2.6610096790867582e-05 2.336738046524761e-19
2.663989533150685e-05 2.426622339017568e-19
2.666969387214612e-05 2.4066070028919517e-19
2.6699492412785392e-05 2.401430540318476e-19
2.6729290953424657e-05 2.307367171118561e-19
2.675908949406393e-05 2.5027564310599533e-19
2.6788888034703198e-05 2.6035545585720163e-19
2.6818686575342467e-05 2.361421478613139e-19
2.6848485115981736e-05 2.4432793543437216e-19
2.6878283656621005e-05 2.589838267960154e-19
2.6908082197260277e-05 2.5606553260296247e-19
2.6937880737899546e-05 2.5736337925543807e-19
2.6967679278538814e-05 2.4770848973616045e-19
2.6997477819178083e-05 2.5830475003420066e-19
2.7027276359817352e-05 2.780743911045404e-19
2.7057074900456624e-05 2.5778946855255614e-19
2.7086873441095893e-05 2.5248452670876726e-19
2.7116671981735162e-05 2.740838424015724e-19
2.714647052237443e-05 2.7323280132035443e-19
2.71762690630137e-05 2.681251880773025e-19
2.720606760365297e-05 2.6489060093623174e-19
2.7235866144292237e-05 2.6734471959222466e-19
2.726566468493151e-05 2.872464430748758e-19
2.7295463225570778e-05 2.7867679051284224e-19
2.7325261766210047e-05 2.6228219914215934e-19
2.7355060306849316e-05 2.8244249860335898e-19
2.7384858847488584e-05 2.8901950621172927e-19
2.7414657388127857e-05 2.8203804533004135e-19
2.7444455928767125e-05 2.7958676070033307e-19
2.7474254469406394e-05 2.757048814856762e-19
2.7504053010045663e-05 2.9624744346911375e-19
2.7533851550684932e-05 2.954243737268497e-19
2.7563650091324204e-05 2.722714172004136e-19
2.7593448631963473e-05 2.890470507294386e-19
2.762324717260274e-05 2.9943298441011705e-19
2.765304571324201e-05 2.906429830012396e-19
2.768284425388128e-05 2.908480382351873e-19
2.771264279452055e-05 2.864689868798381e-19
2.7742441335159817e-05 3.005334045648313e-19
2.777223987579909e-05 3.096457366715843e-19
2.7802038416438358e-05 2.865028968729556e-19
2.783183695707763e-05 2.9147527644643916e-19
2.7861635497716895e-05 3.094341587395077e-19
2.7891434038356164e-05 3.010441288380049e-19
2.7921232578995436e-05 3.019040930991775e-19
2.7951031119634705e-05 2.971877658132719e-19
2.7980829660273974e-05 2.9920009758700906e-19
2.8010628200913243e-05 3.18462387939931e-19
2.804042674155251e-05 2.9950280760448306e-19
2.8070225282191784e-05 2.9282161813325387e-19
2.8100023822831053e-05 3.1528890335551743e-19
2.812982236347032e-05 3.105954505262154e-19
2.815962090410959e-05 3.0661791765557384e-19
2.8189419444748862e-05 3.0442746746002504e-19
2.821921798538813e-05 3.041888376503994e-19
2.8249016526027397e-05 3.218874977447203e-19
2.827881506666667e-05 3.1219150209892176e-19
2.8308613607305938e-05 2.9624291685604778e-19
2.833841214794521e-05 3.144372100754425e-19
2.8368210688584475e-05 3.1833428347968477e-19
2.8398009229223744e-05 3.0944209027327407e-19
2.8427807769863016e-05 3.106009709436964e-19
2.8457606310502285e-05 3.061382029574027e-19
2.8487404851141554e-05 3.197507828208831e-19
2.8517203391780823e-05 3.234703337875467e-19
2.854700193242009e-05 3.002145508652227e-19
2.8576800473059364e-05 3.103492137424833e-19
2.8606599013698632e-05 3.230191543085562e-19
2.8636397554337898e-05 3.136684285543514e-19
2.866619609497717e-05 3.11928371583639e-19
2.8695994635616442e-05 3.0629434284938723e-19
2.872579317625571e-05 3.166969683537993e-19
2.8755591716894976e-05 3.2634745609428123e-19
2.878539025753425e-05 3.0406189671227014e-19
2.881518879817352e-05 3.055993326258585e-19
2.8844987338812786e-05 3.242925623892629e-19
2.8874785879452055e-05 3.155861860119006e-19
2.8904584420091327e-05 3.1067910678848656e-19
2.8934382960730593e-05 3.103499801374696e-19
2.8964181501369865e-05 3.109537020155705e-19
2.8993980042009134e-05 3.2436251320924455e-19
2.9023778582648406e-05 3.09746271011424e-19
2.905357712328767e-05 2.987702881182107e-19
2.9083375663926943e-05 3.2017593224837027e-19
2.9113174204566212e-05 3.1534610266748147e-19
2.9142972745205478e-05 3.0666300171821183e-19
2.917277128584475e-05 3.088414027574241e-19
2.9202569826484022e-05 3.061660101940605e-19
2.923236836712329e-05 3.202710879879203e-19
2.9262166907762556e-05 3.1192016312362195e-19
2.9291965448401828e-05 2.939777081890019e-19
2.93217639890411e-05 3.120865375062927e-19
2.9351562529680366e-05 3.1545100222238244e-19
2.9381361070319635e-05 3.0374553716557234e-19
2.9411159610958907e-05 3.053178513265461e-19
2.944095815159818e-05 3.001634876033265e-19
2.9470756692237445e-05 3.090414956967693e-19
2.9500555232876713e-05 3.122698064000467e-19
2.9530353773515985e-05 2.9038853932781686e-19
2.956015231415525e-05 3.001112353825231e-19
2.9589950854794523e-05 3.1182011957559414e-19
2.9619749395433792e-05 2.987919096785006e-19
2.9649547936073057e-05 2.9872137368859387e-19
2.967934647671233e-05 2.9516578905354783e-19
2.97091450173516e-05 2.980201597129823e-19
2.973894355799087e-05 3.0856439575487254e-19
2.9768742098630136e-05 2.8921583798154894e-19
2.9798540639269408e-05 2.8540262008561064e-19
2.982833917990868e-05 3.036968241267267e-19
2.9858137720547946e-05 2.9453009031981135e-19
2.9887936261187215e-05 2.8847379372964128e-19
2.9917734801826487e-05 2.874596643203738e-19
2.994753334246576e-05 2.8655976981252916e-19
2.9977331883105024e-05 3.007585985343518e-19
3.0007130423744293e-05 2.85754781751308e-19
3.0036928964383565e-05 2.7170110097015494e-19
3.006672750502283e-05 2.9155788076708735e-19
3.0096526045662103e-05 2.8797704839055846e-19
3.012632458630137e-05 2.7751106827858395e-19
3.0156123126940644e-05 2.7773265707294035e-19
3.018592166757991e-05 2.7287126772125885e-19
3.021572020821918e-05 2.863081586854546e-19
3.024551874885845e-05 2.7925846878000044e-19
3.0275317289497716e-05 2.571821870053994e-19
3.0305115830136988e-05 2.762053400163269e-19
3.033491437077626e-05 2.796818633304861e-19
3.0364712911415525e-05 2.6379825967846245e-19
3.0394511452054794e-05 2.6732351572877957e-19
3.0424309992694066e-05 2.614658898844033e-19
3.045410853333334e-05 2.675931514789648e-19
3.0483907073972604e-05 2.717684486315437e-19
3.0513705614611873e-05 2.4775142596461016e-19
3.0543504155251145e-05 2.548205495398206e-19
3.057330269589041e-05 2.6852706705575015e-19
3.060310123652968e-05 2.5203670470218934e-19
3.063289977716895e-05 2.5098899689268015e-19
3.066269831780823e-05 2.5050481009717287e-19
3.069249685844749e-05 2.4748077677220255e-19
3.072229539908676e-05 2.577685998231359e-19
3.0752093939726033e-05 2.4265735310293017e-19
3.0781892480365295e-05 2.337097535544035e-19
3.0811691021004564e-05 2.5142673579774665e-19
3.084148956164384e-05 2.4361597670020516e-19
3.08712881022831e-05 2.3361025564510396e-19
3.090108664292238e-05 2.3595554219670715e-19
3.0930885183561646e-05 2.308203917112664e-19
3.0960683724200915e-05 2.4022788548581884e-19
3.0990482264840184e-05 2.3328099234064905e-19
3.102028080547945e-05 2.1594220092181108e-19
3.105007934611872e-05 2.333266282052579e-19
3.107987788675799e-05 2.32042485743699e-19
3.110967642739726e-05 2.16738610536788e-19
3.1139474968036535e-05 2.210782121024933e-19
3.1169273508675803e-05 2.1534219213333082e-19
3.1199072049315065e-05 2.2115618259712777e-19
3.122887058995434e-05 2.216403000941843e-19
3.125866913059361e-05 1.997469667779253e-19
3.128846767123288e-05 2.1022242071015893e-19
3.131826621187215e-05 2.196674953942633e-19
3.1348064752511416e-05 2.0288781148966567e-19
3.137786329315069e-05 2.0203427309573487e-19
3.1407661833789954e-05 2.0000854729403615e-19
3.143746037442922e-05 2.0103363948833557e-19
3.14672589150685e-05 2.0947170117344172e-19
3.149705745570776e-05 1.8981947179193677e-19
3.1526855996347036e-05 1.8709768647880682e-19
3.1556654536986305e-05 2.040656235343168e-19
3.158645307762557e-05 1.895984794832074e-19
3.161625161826484e-05 1.8305714670286218e-19
3.164605015890411e-05 1.855887953491063e-19
3.167584869954338e-05 1.8191806212832317e-19
3.170564724018265e-05 1.9132348856526883e-19
3.173544578082192e-05 1.7643239192895423e-19
3.176524432146119e-05 1.653429603260845e-19
3.1795042862100455e-05 1.868002023416573e-19
3.1824841402739724e-05 1.7789032936581456e-19
3.1854639943379e-05 1.6602780148610322e-19
3.188443848401827e-05 1.7053597304339121e-19
3.191423702465754e-05 1.6268792441442807e-19
3.1944035565296806e-05 1.7210862124588362e-19
3.1973834105936075e-05 1.6594103585271978e-19
3.2003632646575343e-05 1.4696492125675008e-19
3.203343118721461e-05 1.6262177474427128e-19
3.206322972785388e-05 1.6297025136746498e-19
3.209302826849316e-05 1.4912620397044697e-19
3.212282680913242e-05 1.513639767683369e-19
3.2152625349771694e-05 1.4619347867399754e-19
3.218242389041096e-05 1.4952374156334761e-19
3.2212222431050225e-05 1.5328552896274578e-19
3.22420209716895e-05 1.3266948613752995e-19
3.227181951232877e-05 1.3723506079604092e-19
3.230161805296804e-05 1.4984891679235863e-19
3.233141659360731e-05 1.3085034159715267e-19
3.2361215134246576e-05 1.2712801563511997e-19
3.239101367488585e-05 1.295446126588794e-19
3.2420812215525113e-05 1.2763277544790956e-19
3.245061075616438e-05 1.3373294029400275e-19
3.248040929680366e-05 1.1703433532914798e-19
3.251020783744292e-05 1.1163350541897128e-19
3.2540006378082195e-05 1.2859188082226736e-19
3.2569804918721464e-05 1.1708643228591203e-19
