0.0 1.5596903298458457e-19
2.980508414634147e-08 1.4670741519860274e-19
5.961016829268293e-08 1.4180877640250916e-19
8.941525243902439e-08 1.5513162751977192e-19
1.1922033658536587e-07 1.6063974785597309e-19
1.490254207317073e-07 1.4600338994952258e-19
1.7883050487804877e-07 1.44116154807538e-19
2.0863558902439027e-07 1.560873978740184e-19
2.3844067317073174e-07 1.5924599498236017e-19
2.682457573170732e-07 1.4961120021500626e-19
2.980508414634146e-07 1.4212792912425334e-19
3.278559256097561e-07 1.5450200719439688e-19
3.5766100975609755e-07 1.6409927382941496e-19
3.8746609390243904e-07 1.5018591651847736e-19
4.1727117804878054e-07 1.4312817949598992e-19
4.47076262195122e-07 1.5491234401672325e-19
4.768813463414635e-07 1.608150530794122e-19
5.06686430487805e-07 1.537938465739366e-19
5.364915146341464e-07 1.448904764369544e-19
5.662965987804878e-07 1.5099183512901898e-19
5.961016829268292e-07 1.6415692316832392e-19
6.259067670731707e-07 1.5444949596634903e-19
6.557118512195122e-07 1.4226554264525645e-19
6.855169353658537e-07 1.5340573452389885e-19
7.153220195121951e-07 1.6272775347168612e-19
7.451271036585366e-07 1.563403868820525e-19
7.749321878048781e-07 1.4577982211463976e-19
8.047372719512196e-07 1.4742157000401558e-19
8.345423560975611e-07 1.6189673051935432e-19
8.643474402439025e-07 1.584616097585851e-19
8.94152524390244e-07 1.4166600241045046e-19
9.239576085365854e-07 1.476479015945374e-19
9.53762692682927e-07 1.603288687924307e-19
9.835677768292683e-07 1.566605152614652e-19
1.01337286097561e-06 1.4677164667513266e-19
1.0431779451219513e-06 1.4470312108759025e-19
1.0729830292682927e-06 1.5789653004122137e-19
1.1027881134146343e-06 1.6009817366264918e-19
1.1325931975609757e-06 1.4381863774401801e-19
1.1623982817073173e-06 1.4351645224182491e-19
1.1922033658536585e-06 1.542783329622075e-19
1.22200845e-06 1.5578252938500817e-19
1.2518135341463415e-06 1.4744049156083838e-19
1.281618618292683e-06 1.3876294411743113e-19
1.3114237024390244e-06 1.4850045624695812e-19
1.341228786585366e-06 1.5795738520565004e-19
1.3710338707317074e-06 1.450656882039458e-19
1.400838954878049e-06 1.3742997186654684e-19
1.4306440390243902e-06 1.4774089837222474e-19
1.4604491231707318e-06 1.5517356441382774e-19
1.4902542073170732e-06 1.463236417161937e-19
1.5200592914634148e-06 1.346116149768198e-19
1.5498643756097562e-06 1.4166203283036138e-19
1.5796694597560978e-06 1.5289682385469262e-19
1.6094745439024392e-06 1.4459935085555268e-19
1.6392796280487808e-06 1.316529759608429e-19
1.6690847121951221e-06 1.372423725299329e-19
1.6988897963414637e-06 1.4904127976781012e-19
1.728694880487805e-06 1.4390634218814161e-19
1.7584999646341465e-06 1.2904265465580638e-19
1.788305048780488e-06 1.3113083269888623e-19
1.8181101329268295e-06 1.4718716872584067e-19
1.847915217073171e-06 1.4238996057417183e-19
1.8777203012195125e-06 1.2537137972968733e-19
1.907525385365854e-06 1.2898039179020788e-19
1.9373304695121953e-06 1.4122216404235299e-19
1.9671355536585367e-06 1.3795334944480183e-19
1.996940637804878e-06 1.236291045675714e-19
2.02674572195122e-06 1.2268229884933261e-19
2.0565508060975612e-06 1.352297999605903e-19
2.0863558902439026e-06 1.354876455738114e-19
2.116160974390244e-06 1.2058849487835323e-19
2.1459660585365854e-06 1.1785033221183282e-19
2.175771142682927e-06 1.3115085985685415e-19
2.2055762268292686e-06 1.319087873398244e-19
2.23538131097561e-06 1.179652399696783e-19
2.2651863951219514e-06 1.1148998738015938e-19
2.2949914792682928e-06 1.2203016941333466e-19
2.3247965634146346e-06 1.2961056433136595e-19
2.3546016475609755e-06 1.1397462140151545e-19
2.384406731707317e-06 1.0383491599539088e-19
2.4142118158536587e-06 1.1656270383510373e-19
2.4440169e-06 1.219925885367575e-19
2.4738219841463415e-06 1.1089080431389682e-19
2.503627068292683e-06 1.011236305633919e-19
2.5334321524390247e-06 1.070211719454424e-19
2.563237236585366e-06 1.1750834197358755e-19
2.5930423207317075e-06 1.0728498611098976e-19
2.622847404878049e-06 9.234987891151372e-20
2.6526524890243907e-06 1.0130425997923437e-19
2.682457573170732e-06 1.1054698918623427e-19
2.7122626573170735e-06 1.004581137679139e-19
2.742067741463415e-06 8.888047359623622e-20
2.7718728256097567e-06 8.963612240461162e-20
2.801677909756098e-06 1.0286165772940017e-19
2.8314829939024394e-06 9.89963906208515e-20
2.8612880780487804e-06 7.971719988298341e-20
2.8910931621951218e-06 8.339974317372357e-20
2.9208982463414636e-06 9.569761956909916e-20
2.950703330487805e-06 9.056934006240716e-20
2.9805084146341464e-06 7.508006009046488e-20
3.0103134987804878e-06 7.212737576487175e-20
3.0401185829268296e-06 8.660854715735002e-20
3.069923667073171e-06 8.536242391491963e-20
3.0997287512195123e-06 6.49496515763617e-20
3.1295338353658537e-06 6.364427166837795e-20
3.1593389195121955e-06 7.737550185865156e-20
3.189144003658537e-06 7.625899843733293e-20
3.2189490878048783e-06 6.201966143606154e-20
3.2487541719512197e-06 5.202821265446299e-20
3.2785592560975615e-06 6.47245897338125e-20
3.308364340243903e-06 7.317211560669259e-20
3.3381694243902443e-06 5.0391791505865914e-20
3.3679745085365853e-06 4.3760711983543605e-20
3.3977795926829275e-06 5.745918367748724e-20
3.427584676829269e-06 5.684693678261658e-20
3.45738976097561e-06 4.7342253197379763e-20
3.4871948451219512e-06 3.4287088584253834e-20
3.516999929268293e-06 4.0651090109445546e-20
3.5468050134146344e-06 5.473979125310181e-20
3.576610097560976e-06 3.7373727471918736e-20
3.606415181707317e-06 2.4224908339132945e-20
3.636220265853659e-06 3.393163108275353e-20
3.6660253500000004e-06 4.051936957109799e-20
3.695830434146342e-06 3.256274108336574e-20
3.725635518292683e-06 1.4894784886540093e-20
3.755440602439025e-06 1.7851643941789057e-20
3.7852456865853664e-06 3.2631533952936866e-20
3.815050770731708e-06 2.169350010455028e-20
3.844855854878049e-06 4.205621035927358e-21
3.8746609390243905e-06 1.0193653516755265e-20
3.904466023170732e-06 2.0018514815233988e-20
3.934271107317073e-06 1.2875141601552032e-20
3.964076191463415e-06 -6.147093238651028e-22
3.993881275609756e-06 -4.619577453791434e-21
4.023686359756098e-06 9.168031600102118e-21
4.05349144390244e-06 1.0394051689205766e-20
4.083296528048781e-06 -1.360918675250336e-20
4.1131016121951225e-06 -1.5658003368754508e-20
4.142906696341464e-06 -9.741418707172832e-22
4.172711780487805e-06 -4.81775016704121e-21
4.202516864634147e-06 -1.8034120470282398e-20
4.232321948780488e-06 -2.701092767391274e-20
4.262127032926829e-06 -1.672855949847848e-20
4.291932117073171e-06 -7.480451536418785e-21
4.321737201219512e-06 -3.019092447970758e-20
4.351542285365854e-06 -3.920608888547984e-20
4.381347369512196e-06 -2.2058483912808552e-20
4.411152453658537e-06 -2.2060499146348082e-20
4.440957537804879e-06 -3.5978192090392783e-20
4.47076262195122e-06 -4.76032607332426e-20
4.500567706097561e-06 -4.007081463998179e-20
4.530372790243903e-06 -2.6959267822830267e-20
4.560177874390244e-06 -4.5457061282028144e-20
4.5899829585365855e-06 -6.065555181249497e-20
4.619788042682928e-06 -4.679266661919616e-20
4.649593126829269e-06 -4.16469838193239e-20
4.6793982109756105e-06 -5.301550027627921e-20
4.709203295121951e-06 -6.487377629671622e-20
4.739008379268293e-06 -6.349577762336935e-20
4.768813463414634e-06 -4.8771367575836556e-20
4.798618547560976e-06 -5.746147629690616e-20
4.8284236317073175e-06 -8.101739673092381e-20
4.858228715853659e-06 -7.252355488299699e-20
4.8880338e-06 -5.994995502508634e-20
4.917838884146342e-06 -7.179851485949485e-20
4.947643968292683e-06 -8.498895126398632e-20
4.977449052439025e-06 -8.704471197859293e-20
5.007254136585366e-06 -7.344561251774465e-20
5.037059220731708e-06 -7.407819873521039e-20
5.0668643048780494e-06 -9.759276564456744e-20
5.096669389024391e-06 -9.529594405673073e-20
5.126474473170732e-06 -8.077411785922495e-20
5.156279557317073e-06 -8.825925308655897e-20
5.186084641463415e-06 -1.032272695527222e-19
5.215889725609757e-06 -1.0822397781827206e-19
5.245694809756098e-06 -9.78767050261485e-20
5.275499893902439e-06 -9.341486652523524e-20
5.305304978048781e-06 -1.1320997786197966e-19
5.335110062195122e-06 -1.2382477959890185e-19
5.364915146341464e-06 -1.0593519474894338e-19
5.394720230487805e-06 -1.043936082437678e-19
5.424525314634147e-06 -1.224786091190411e-19
5.454330398780488e-06 -1.2886825454529469e-19
5.48413548292683e-06 -1.2195191817030367e-19
5.513940567073171e-06 -1.1243526850261248e-19
5.543745651219513e-06 -1.2723022925941644e-19
5.573550735365854e-06 -1.4483761251645574e-19
5.603355819512196e-06 -1.3052351021183089e-19
5.633160903658537e-06 -1.2429440455041124e-19
5.662965987804879e-06 -1.4128263881923224e-19
5.69277107195122e-06 -1.5109258498247323e-19
5.722576156097561e-06 -1.473494297220961e-19
5.752381240243903e-06 -1.3544329681768701e-19
5.7821863243902436e-06 -1.4264630068369517e-19
5.811991408536586e-06 -1.647942123189843e-19
5.841796492682927e-06 -1.5677189005520959e-19
5.871601576829269e-06 -1.4183047701633083e-19
5.90140666097561e-06 -1.5653762710334405e-19
5.931211745121952e-06 -1.7249771706769025e-19
5.961016829268293e-06 -1.6854693634745615e-19
5.990821913414635e-06 -1.5778009532251312e-19
6.0206269975609755e-06 -1.6164580585325477e-19
6.050432081707318e-06 -1.8233647921135318e-19
6.080237165853659e-06 -1.8249331620294971e-19
6.1100422500000005e-06 -1.6483256248142091e-19
6.139847334146342e-06 -1.733406290989083e-19
6.169652418292684e-06 -1.906483515726695e-19
6.199457502439025e-06 -1.8999419664362837e-19
6.229262586585367e-06 -1.8010034016244057e-19
6.2590676707317075e-06 -1.7813582143908952e-19
6.288872754878049e-06 -1.9670816211397895e-19
6.318677839024391e-06 -2.0542852281960179e-19
6.348482923170732e-06 -1.8844486328603854e-19
6.378288007317074e-06 -1.875847646613869e-19
6.408093091463416e-06 -2.0853175347791376e-19
6.437898175609757e-06 -2.117777128170428e-19
6.467703259756098e-06 -2.007882306047603e-19
6.497508343902439e-06 -1.9864350464788245e-19
6.527313428048781e-06 -2.109797628986221e-19
6.557118512195123e-06 -2.2419952087956787e-19
6.586923596341464e-06 -2.1132668764945193e-19
6.616728680487806e-06 -2.0363994098624498e-19
6.646533764634147e-06 -2.229562245966413e-19
6.676338848780489e-06 -2.305413937314135e-19
6.70614393292683e-06 -2.232696186813887e-19
6.7359490170731705e-06 -2.1551582043235844e-19
6.765754101219513e-06 -2.242491637501009e-19
6.795559185365855e-06 -2.423682013721152e-19
6.8253642695121955e-06 -2.3270321305475253e-19
6.855169353658538e-06 -2.2170331298690216e-19
6.884974437804878e-06 -2.354239119295039e-19
6.91477952195122e-06 -2.470265346358421e-19
6.944584606097562e-06 -2.4186891350215156e-19
6.9743896902439025e-06 -2.3115728842741062e-19
7.004194774390245e-06 -2.3780189156204077e-19
7.033999858536586e-06 -2.5702578324998493e-19
7.0638049426829275e-06 -2.539608474248255e-19
7.093610026829269e-06 -2.386774616412726e-19
7.12341511097561e-06 -2.4658530671728392e-19
7.153220195121952e-06 -2.6187620527986015e-19
7.183025279268294e-06 -2.6105717997343275e-19
7.212830363414634e-06 -2.5091746207403646e-19
7.242635447560977e-06 -2.5001260133069064e-19
7.272440531707318e-06 -2.668738274956144e-19
7.3022456158536586e-06 -2.7186027195006636e-19
7.332050700000001e-06 -2.551964029901345e-19
7.361855784146341e-06 -2.575691588352491e-19
7.391660868292684e-06 -2.751864377629074e-19
7.421465952439026e-06 -2.745458101208149e-19
7.451271036585366e-06 -2.654867339758198e-19
7.481076120731708e-06 -2.6271478920718743e-19
7.51088120487805e-06 -2.756949233938801e-19
7.5406862890243905e-06 -2.871318154257093e-19
7.570491373170733e-06 -2.71448617816444e-19
7.600296457317073e-06 -2.652591492134826e-19
7.630101541463416e-06 -2.823552576928367e-19
7.659906625609757e-06 -2.8804686324474373e-19
7.689711709756098e-06 -2.785667233235971e-19
7.71951679390244e-06 -2.7231880185136617e-19
7.749321878048781e-06 -2.8227660961159757e-19
7.779126962195122e-06 -2.9535442790136077e-19
7.808932046341464e-06 -2.874092710521133e-19
7.838737130487805e-06 -2.76027339146514e-19
7.868542214634147e-06 -2.8738786717521637e-19
7.89834729878049e-06 -2.979643771641182e-19
7.92815238292683e-06 -2.9195628392668313e-19
7.95795746707317e-06 -2.842992468180404e-19
7.987762551219512e-06 -2.8489249467916817e-19
8.017567635365854e-06 -2.996268359778287e-19
8.047372719512197e-06 -2.987500314158688e-19
8.077177803658536e-06 -2.823098719531562e-19
8.10698288780488e-06 -2.9202904803295885e-19
8.13678797195122e-06 -3.0336510190091234e-19
8.166593056097562e-06 -2.980916638755421e-19
8.196398140243904e-06 -2.915846615892314e-19
8.226203224390245e-06 -2.904897733706726e-19
8.256008308536586e-06 -3.041406118344434e-19
8.285813392682928e-06 -3.0665522440560063e-19
8.315618476829269e-06 -2.9126105068952325e-19
8.34542356097561e-06 -2.926525116583546e-19
8.375228645121952e-06 -3.053118250972313e-19
8.405033729268293e-06 -3.051114980294154e-19
8.434838813414635e-06 -2.96618836006137e-19
8.464643897560976e-06 -2.931669558130578e-19
8.494448981707317e-06 -3.0301598402744005e-19
8.524254065853659e-06 -3.1219120188286026e-19
8.55405915e-06 -2.9788934152249126e-19
8.583864234146342e-06 -2.911379579025047e-19
8.613669318292683e-06 -3.074810878116924e-19
8.643474402439024e-06 -3.0912778031252584e-19
8.673279486585367e-06 -3.003408624032558e-19
8.703084570731707e-06 -2.956301750017487e-19
8.73288965487805e-06 -2.9932556247879114e-19
8.762694739024392e-06 -3.12507011439187e-19
8.792499823170733e-06 -3.0436004157068346e-19
8.822304907317074e-06 -2.9026844980422577e-19
8.852109991463414e-06 -3.0297657983425805e-19
8.881915075609757e-06 -3.1055643271832737e-19
8.911720159756099e-06 -3.021102368895723e-19
8.94152524390244e-06 -2.972700405504751e-19
8.971330328048781e-06 -2.975329868065195e-19
9.001135412195123e-06 -3.080357897895628e-19
9.030940496341464e-06 -3.089781518572125e-19
9.060745580487806e-06 -2.928580542174898e-19
9.090550664634147e-06 -2.9740374727178633e-19
9.120355748780488e-06 -3.09153761980049e-19
9.15016083292683e-06 -3.025964972778192e-19
9.179965917073171e-06 -2.975176969533382e-19
9.209771001219512e-06 -2.950150964647357e-19
9.239576085365856e-06 -3.018851255922898e-19
9.269381169512195e-06 -3.1010579523285985e-19
9.299186253658538e-06 -2.949060761759884e-19
9.328991337804878e-06 -2.920271425020442e-19
9.358796421951221e-06 -3.0602059310134676e-19
9.388601506097562e-06 -3.026557008944845e-19
9.418406590243902e-06 -2.9633110879740756e-19
9.448211674390245e-06 -2.927358501865926e-19
9.478016758536587e-06 -2.9623240163457816e-19
9.507821842682928e-06 -3.065555073126911e-19
9.537626926829268e-06 -2.9498288052211055e-19
9.56743201097561e-06 -2.8506751639786174e-19
9.597237095121952e-06 -2.9805133347272262e-19
9.627042179268294e-06 -3.011203147513158e-19
9.656847263414635e-06 -2.93515676781385e-19
9.686652347560976e-06 -2.889506649631009e-19
9.716457431707318e-06 -2.8942027036233346e-19
9.746262515853659e-06 -3.00218859275347e-19
9.7760676e-06 -2.9642658252570415e-19
9.805872684146344e-06 -2.8093077956867493e-19
9.835677768292683e-06 -2.8713087607553682e-19
9.865482852439025e-06 -2.9646658270007537e-19
9.895287936585366e-06 -2.9088354443289044e-19
9.925093020731709e-06 -2.833239882799428e-19
9.95489810487805e-06 -2.816057209312969e-19
9.984703189024392e-06 -2.9093174454047677e-19
1.0014508273170732e-05 -2.930744998320033e-19
1.0044313357317073e-05 -2.76993804733342e-19
1.0074118441463416e-05 -2.7704778958498393e-19
1.0103923525609757e-05 -2.9056740071502914e-19
1.0133728609756099e-05 -2.858380390777117e-19
1.0163533693902439e-05 -2.7674656754979234e-19
1.0193338778048782e-05 -2.7349071159375853e-19
1.0223143862195123e-05 -2.7862596417786883e-19
1.0252948946341464e-05 -2.862155085862422e-19
1.0282754030487806e-05 -2.7089767756923548e-19
1.0312559114634145e-05 -2.635648623211857e-19
1.0342364198780489e-05 -2.7931864705553487e-19
1.037216928292683e-05 -2.7775550283227853e-19
1.0401974367073171e-05 -2.678634771326293e-19
1.0431779451219514e-05 -2.6304245397929064e-19
1.0461584535365856e-05 -2.6497723840848563e-19
1.0491389619512196e-05 -2.7704191268900675e-19
1.0521194703658537e-05 -2.6653615244957386e-19
1.0550999787804878e-05 -2.517606450533298e-19
1.0580804871951221e-05 -2.642929840836329e-19
1.0610609956097563e-05 -2.671667890969135e-19
1.0640415040243902e-05 -2.5676832332840723e-19
1.0670220124390244e-05 -2.519101085790295e-19
1.0700025208536587e-05 -2.5158644914123193e-19
1.0729830292682928e-05 -2.610118808991678e-19
1.075963537682927e-05 -2.575301549340924e-19
1.078944046097561e-05 -2.4000863722264293e-19
1.0819245545121952e-05 -2.456474494428144e-19
1.0849050629268294e-05 -2.5641775853798876e-19
1.0878855713414635e-05 -2.4711944559005046e-19
1.0908660797560977e-05 -2.375058838863492e-19
1.0938465881707316e-05 -2.3562006053903816e-19
1.096827096585366e-05 -2.4313793069524437e-19
1.099807605e-05 -2.460783764650827e-19
1.1027881134146342e-05 -2.288444495759161e-19
1.1057686218292685e-05 -2.2448429286446147e-19
1.1087491302439027e-05 -2.396259160277046e-19
1.1117296386585366e-05 -2.3650104866539657e-19
1.1147101470731708e-05 -2.225062724418071e-19
1.1176906554878049e-05 -2.1923510066752274e-19
1.1206711639024392e-05 -2.253733447039068e-19
1.1236516723170734e-05 -2.322043978272753e-19
1.1266321807317073e-05 -2.173623700845166e-19
1.1296126891463415e-05 -2.061113864868106e-19
1.1325931975609758e-05 -2.2010250218359768e-19
1.1355737059756099e-05 -2.214023253100294e-19
1.138554214390244e-05 -2.0881359708128999e-19
1.141534722804878e-05 -1.9988861928201064e-19
1.1445152312195122e-05 -2.0479200505407037e-19
1.1474957396341465e-05 -2.1625209172969349e-19
1.1504762480487806e-05 -2.0281305017318722e-19
1.1534567564634147e-05 -1.8760295397733524e-19
1.1564372648780487e-05 -1.9977064335644545e-19
1.159417773292683e-05 -2.0584609190908653e-19
1.1623982817073172e-05 -1.9224883785108337e-19
1.1653787901219513e-05 -1.8348362861816307e-19
1.1683592985365854e-05 -1.841401541260855e-19
1.1713398069512197e-05 -1.9440788253795625e-19
1.1743203153658537e-05 -1.9055508437928014e-19
1.1773008237804879e-05 -1.6771617301038465e-19
1.180281332195122e-05 -1.7321218911588268e-19
1.1832618406097563e-05 -1.880297141372861e-19
1.1862423490243904e-05 -1.77768665653232e-19
1.1892228574390244e-05 -1.6431050256715943e-19
1.1922033658536585e-05 -1.6289546505353626e-19
1.1951838742682929e-05 -1.7394636664585428e-19
1.198164382682927e-05 -1.7309518175470177e-19
1.2011448910975611e-05 -1.5150295989164417e-19
1.2041253995121951e-05 -1.5026541508721722e-19
1.2071059079268292e-05 -1.6504014294442116e-19
1.2100864163414636e-05 -1.6031967688049792e-19
1.2130669247560977e-05 -1.4568350088127934e-19
1.2160474331707318e-05 -1.3887386446940697e-19
1.2190279415853661e-05 -1.4860956289095571e-19
1.2220084500000001e-05 -1.560983269453941e-19
1.2249889584146342e-05 -1.35855440636664e-19
1.2279694668292684e-05 -1.2502517554677138e-19
1.2309499752439025e-05 -1.4202115650000982e-19
1.2339304836585368e-05 -1.4360991470304385e-19
1.2369109920731708e-05 -1.270433471422772e-19
1.239891500487805e-05 -1.1799986761872775e-19
1.242872008902439e-05 -1.2429973268163107e-19
1.2458525173170734e-05 -1.333770313218751e-19
1.2488330257317075e-05 -1.198377994651831e-19
1.2518135341463415e-05 -1.0230718168702117e-19
1.2547940425609756e-05 -1.1426983506278518e-19
1.2577745509756098e-05 -1.2517840686247291e-19
1.260755059390244e-05 -1.0752752370793511e-19
1.2637355678048782e-05 -9.553443284245436e-20
1.2667160762195122e-05 -1.0239766911803706e-19
1.2696965846341463e-05 -1.1089672114621417e-19
1.2726770930487806e-05 -1.0252293666667318e-19
1.2756576014634148e-05 -8.004099369222632e-20
1.2786381098780489e-05 -8.677626883025406e-20
1.2816186182926832e-05 -1.0337421754191738e-19
1.2845991267073172e-05 -8.875884656630673e-20
1.2875796351219513e-05 -7.308108781535969e-20
1.2905601435365855e-05 -7.494618988746494e-20
1.2935406519512196e-05 -8.757026312031803e-20
1.2965211603658539e-05 -8.551256709583929e-20
1.2995016687804879e-05 -6.017131514608247e-20
1.302482177195122e-05 -6.036657592867215e-20
1.3054626856097562e-05 -8.039009956766618e-20
1.3084431940243905e-05 -7.129576015048744e-20
1.3114237024390246e-05 -5.182532493843189e-20
1.3144042108536586e-05 -5.131134939550009e-20
1.3173847192682927e-05 -6.184303525220646e-20
1.3203652276829269e-05 -6.439294742041367e-20
1.3233457360975612e-05 -4.274376720253831e-20
1.3263262445121953e-05 -3.2049422584698586e-20
1.3293067529268294e-05 -5.397413889785576e-20
1.3322872613414634e-05 -5.388577546754055e-20
1.3352677697560977e-05 -3.048595856669846e-20
1.3382482781707319e-05 -2.6621253200606218e-20
1.341228786585366e-05 -3.763082589673163e-20
1.3442092950000001e-05 -4.45951038768645e-20
1.3471898034146341e-05 -2.567600247517304e-20
1.3501703118292684e-05 -7.32648222616872e-21
1.3531508202439025e-05 -2.54330241026712e-20
1.3561313286585367e-05 -3.294464599395596e-20
1.359111837073171e-05 -1.1122746197047717e-20
1.362092345487805e-05 -4.204890088725756e-22
1.3650728539024391e-05 -9.785849863811339e-21
1.3680533623170732e-05 -2.0389730254147006e-20
1.3710338707317076e-05 -7.591559247074495e-21
1.3740143791463417e-05 1.4333130192365185e-20
1.3769948875609757e-05 3.2909290080786943e-21
1.3799753959756098e-05 -1.236112165493796e-20
1.382955904390244e-05 6.870032480538164e-21
1.3859364128048782e-05 2.4113087634165736e-20
1.3889169212195124e-05 1.7385533483647042e-20
1.3918974296341465e-05 5.684260182525111e-21
1.3948779380487805e-05 1.2532302926871752e-20
1.3978584464634148e-05 3.8210017297458794e-20
1.400838954878049e-05 3.470632702340385e-20
1.403819463292683e-05 1.3515343891310452e-20
1.4067999717073172e-05 2.754650485057096e-20
1.4097804801219512e-05 4.80180556621845e-20
1.4127609885365855e-05 4.383816886368527e-20
1.4157414969512196e-05 3.2925886849766215e-20
1.4187220053658538e-05 3.4392158015267923e-20
1.421702513780488e-05 5.82901812514225e-20
1.424683022195122e-05 6.621335737649422e-20
1.4276635306097562e-05 4.15405687735133e-20
1.4306440390243903e-05 4.776874711120358e-20
1.4336245474390245e-05 7.538652473945937e-20
1.4366050558536588e-05 7.399439065809359e-20
1.4395855642682927e-05 6.231226930705946e-20
1.4425660726829269e-05 6.01592795087789e-20
1.445546581097561e-05 7.822709489147434e-20
1.4485270895121953e-05 9.341828831082746e-20
1.4515075979268295e-05 7.494427496602957e-20
1.4544881063414636e-05 6.900450902272405e-20
1.4574686147560976e-05 9.636041879178082e-20
1.4604491231707317e-05 1.0427345800383825e-19
1.463429631585366e-05 9.146436053115233e-20
1.4664101400000002e-05 8.835281960538669e-20
1.4693906484146343e-05 1.0167433327902691e-19
1.4723711568292683e-05 1.2113322366073929e-19
1.4753516652439026e-05 1.083582958137527e-19
1.4783321736585367e-05 9.349139858277743e-20
1.4813126820731709e-05 1.200070379972762e-19
1.4842931904878052e-05 1.3350503947144314e-19
1.4872736989024391e-05 1.2038925675331476e-19
1.4902542073170733e-05 1.1523853335283288e-19
1.4932347157317074e-05 1.2552106393944346e-19
1.4962152241463415e-05 1.473311689595024e-19
1.4991957325609759e-05 1.4277770068883885e-19
1.50217624097561e-05 1.2278970334161363e-19
1.505156749390244e-05 1.4040623257260291e-19
1.5081372578048781e-05 1.625497875180557e-19
1.5111177662195124e-05 1.5290398391808352e-19
1.5140982746341466e-05 1.421835744408704e-19
1.5170787830487807e-05 1.5091508829031166e-19
1.5200592914634147e-05 1.70621825239864e-19
1.5230397998780488e-05 1.7304060613764574e-19
1.526020308292683e-05 1.5224290488930264e-19
1.5290008167073172e-05 1.6059375503947648e-19
1.5319813251219514e-05 1.894371156111514e-19
1.5349618335365855e-05 1.8247419340302194e-19
1.5379423419512197e-05 1.7022917129765573e-19
1.5409228503658538e-05 1.775646144352143e-19
1.543903358780488e-05 1.9235570920144489e-19
1.546883867195122e-05 2.037183110489236e-19
1.5498643756097562e-05 1.8453626715157166e-19
1.5528448840243904e-05 1.8109931545502005e-19
1.5558253924390245e-05 2.1426202375350844e-19
1.5588059008536586e-05 2.1480765798070391e-19
1.5617864092682928e-05 1.9635965829382473e-19
1.564766917682927e-05 2.0099130382292718e-19
1.567747426097561e-05 2.176927371551069e-19
1.5707279345121952e-05 2.300204249177926e-19
1.5737084429268293e-05 2.1687952553481045e-19
1.5766889513414635e-05 2.065699546250174e-19
1.579669459756098e-05 2.3322443412478124e-19
1.5826499681707317e-05 2.436441305917156e-19
1.585630476585366e-05 2.2571247326050213e-19
1.588610985e-05 2.2753864803012907e-19
1.591591493414634e-05 2.4020559635049037e-19
1.5945720018292686e-05 2.531310005767632e-19
1.5975525102439024e-05 2.4927142747476602e-19
1.6005330186585366e-05 2.3073147052636333e-19
1.6035135270731707e-05 2.5158717600329627e-19
1.6064940354878052e-05 2.7290334867820466e-19
1.6094745439024393e-05 2.5503266973581944e-19
1.6124550523170735e-05 2.501377575228992e-19
1.6154355607317073e-05 2.635902043970116e-19
1.6184160691463417e-05 2.77021553476006e-19
1.621396577560976e-05 2.789037395353757e-19
1.62437708597561e-05 2.5952549109446505e-19
1.627357594390244e-05 2.678960920862115e-19
1.630338102804878e-05 2.970287582843349e-19
1.6333186112195124e-05 2.847358384531314e-19
1.6362991196341466e-05 2.7288694796982985e-19
1.6392796280487807e-05 2.870017128696463e-19
1.642260136463415e-05 2.9760846282060834e-19
1.645240644878049e-05 3.042641148822334e-19
1.648221153292683e-05 2.897764421228461e-19
1.6512016617073173e-05 2.8871890416146005e-19
1.6541821701219514e-05 3.1891515033897247e-19
1.6571626785365855e-05 3.157356854915757e-19
1.6601431869512197e-05 2.9843612694929347e-19
1.6631236953658538e-05 3.075402847443727e-19
1.666104203780488e-05 3.198099688263765e-19
1.669084712195122e-05 3.2730693871761934e-19
1.6720652206097562e-05 3.1766093914994785e-19
1.6750457290243904e-05 3.0897904957733095e-19
1.6780262374390245e-05 3.3524676082535857e-19
1.6810067458536587e-05 3.432083481344858e-19
1.6839872542682928e-05 3.2220050624505516e-19
1.686967762682927e-05 3.290595597923912e-19
1.689948271097561e-05 3.4473386529880873e-19
1.6929287795121952e-05 3.48850248898811e-19
1.6959092879268294e-05 3.445151977112433e-19
1.6988897963414635e-05 3.3277574073596195e-19
1.7018703047560976e-05 3.4989525073072105e-19
1.7048508131707318e-05 3.685630146407356e-19
1.707831321585366e-05 3.494966527992074e-19
1.71081183e-05 3.4475420478833703e-19
1.7137923384146342e-05 3.6348853992012494e-19
1.7167728468292683e-05 3.6946680927205163e-19
1.7197533552439028e-05 3.6732361221541244e-19
1.7227338636585366e-05 3.5735323022839243e-19
1.7257143720731707e-05 3.6425580107951735e-19
1.728694880487805e-05 3.898617154396792e-19
1.7316753889024394e-05 3.7577360263739415e-19
1.7346558973170735e-05 3.6276108885043257e-19
1.7376364057317076e-05 3.830475328222301e-19
1.7406169141463414e-05 3.8711434339714135e-19
1.7435974225609756e-05 3.867921735546468e-19
1.74657793097561e-05 3.8047553410230424e-19
1.7495584393902442e-05 3.788009299419929e-19
1.7525389478048783e-05 4.045166401983053e-19
1.755519456219512e-05 4.0038344855495416e-19
1.7584999646341466e-05 3.8143075426686747e-19
1.7614804730487807e-05 3.9763879302359874e-19
1.764460981463415e-05 4.073890891234515e-19
1.767441489878049e-05 4.046404319049414e-19
1.7704219982926828e-05 4.027607435707087e-19
1.7734025067073173e-05 3.963237976856407e-19
1.7763830151219514e-05 4.1389974618931793e-19
1.7793635235365856e-05 4.222703507919461e-19
1.7823440319512197e-05 4.0173969204296635e-19
1.785324540365854e-05 4.0837992268580373e-19
1.788305048780488e-05 4.225838624406965e-19
1.791285557195122e-05 4.2147776485425196e-19
1.7942660656097563e-05 4.2045781174545785e-19
1.7972465740243904e-05 4.1193915792691317e-19
1.8002270824390245e-05 4.2471498708830342e-19
1.8032075908536587e-05 4.40616215644531e-19
1.8061880992682928e-05 4.208537194957362e-19
1.809168607682927e-05 4.1775276860105704e-19
1.812149116097561e-05 4.368370262037926e-19
1.8151296245121952e-05 4.384258119353327e-19
1.8181101329268294e-05 4.3240570820476295e-19
1.8210906413414635e-05 4.2694400651853827e-19
1.8240711497560977e-05 4.3361512240569767e-19
1.8270516581707318e-05 4.49869928771974e-19
1.830032166585366e-05 4.404000446011896e-19
1.833012675e-05 4.291191154560888e-19
1.8359931834146342e-05 4.449948434753362e-19
1.8389736918292684e-05 4.513631602682115e-19
1.8419542002439025e-05 4.449148256692473e-19
1.844934708658537e-05 4.408025392705746e-19
1.847915217073171e-05 4.409626926315601e-19
1.850895725487805e-05 4.562759659959311e-19
1.853876233902439e-05 4.559276428327683e-19
1.8568567423170732e-05 4.387868383747016e-19
1.8598372507317077e-05 4.486603138893084e-19
1.8628177591463418e-05 4.604672438005262e-19
1.8657982675609756e-05 4.550655682129315e-19
1.8687787759756097e-05 4.501663293471849e-19
1.8717592843902442e-05 4.481030691417302e-19
1.8747397928048784e-05 4.617697844417913e-19
1.8777203012195125e-05 4.651573481460178e-19
1.8807008096341463e-05 4.470848334658855e-19
1.8836813180487804e-05 4.53649592067616e-19
1.886661826463415e-05 4.660882751656031e-19
1.889642334878049e-05 4.590217549926334e-19
1.8926228432926832e-05 4.561286027644197e-19
1.8956033517073173e-05 4.539311090983587e-19
1.8985838601219515e-05 4.602111299017412e-19
1.9015643685365856e-05 4.700065262845775e-19
1.9045448769512197e-05 4.553284399817927e-19
1.9075253853658535e-05 4.515184676979351e-19
1.910505893780488e-05 4.66886831875852e-19
1.913486402195122e-05 4.643172483892239e-19
1.9164669106097563e-05 4.590638251613231e-19
1.9194474190243904e-05 4.561783552423471e-19
1.9224279274390242e-05 4.54951415804848e-19
1.9254084358536587e-05 4.688230389409726e-19
1.928388944268293e-05 4.619034373466716e-19
1.931369452682927e-05 4.456202171954857e-19
1.934349961097561e-05 4.609564506177982e-19
1.9373304695121953e-05 4.653975724510604e-19
1.9403109779268294e-05 4.547070884584778e-19
1.9432914863414635e-05 4.535963783049284e-19
1.946271994756098e-05 4.515584544308544e-19
1.9492525031707318e-05 4.616236968033487e-19
1.952233011585366e-05 4.602995849636528e-19
1.95521352e-05 4.42659199916783e-19
1.9581940284146342e-05 4.505489730459509e-19
1.9611745368292687e-05 4.583321316361452e-19
1.9641550452439025e-05 4.497798340245846e-19
1.9671355536585367e-05 4.453272982532965e-19
1.9701160620731708e-05 4.429699461429258e-19
1.973096570487805e-05 4.504981876219819e-19
1.9760770789024394e-05 4.535032862305046e-19
1.9790575873170732e-05 4.3441473175176505e-19
1.9820380957317077e-05 4.357349221500056e-19
1.9850186041463418e-05 4.515151216422388e-19
1.9879991125609756e-05 4.406339438120006e-19
1.99097962097561e-05 4.346749135988852e-19
1.993960129390244e-05 4.341347002456433e-19
1.9969406378048784e-05 4.313209046310427e-19
1.9999211462195125e-05 4.395444065062945e-19
2.0029016546341463e-05 4.273083926125295e-19
2.0058821630487808e-05 4.1893413954212476e-19
2.0088626714634146e-05 4.3228994632228574e-19
2.011843179878049e-05 4.2769734574269913e-19
2.0148236882926832e-05 4.180789061073962e-19
2.017804196707317e-05 4.1666447123451e-19
2.0207847051219515e-05 4.159930707387081e-19
2.0237652135365856e-05 4.2172910433207084e-19
2.0267457219512198e-05 4.14271013965443e-19
2.029726230365854e-05 4.0089077409422125e-19
2.0327067387804877e-05 4.1086516807217486e-19
2.0356872471951222e-05 4.1062570233471444e-19
2.0386677556097563e-05 3.9839840608350927e-19
2.0416482640243905e-05 3.984469308532702e-19
2.0446287724390246e-05 3.9385956852709273e-19
2.0476092808536584e-05 3.991023425084935e-19
2.050589789268293e-05 3.9826151324879117e-19
2.053570297682927e-05 3.786524440959897e-19
2.056550806097561e-05 3.854815967856294e-19
2.0595313145121953e-05 3.9205316569029524e-19
2.062511822926829e-05 3.7763537885833856e-19
2.0654923313414636e-05 3.7473416021789404e-19
2.0684728397560977e-05 3.713392220993391e-19
2.0714533481707322e-05 3.70976511507704e-19
2.074433856585366e-05 3.7488829832033645e-19
2.077414365e-05 3.576989756459908e-19
2.0803948734146343e-05 3.540498679545704e-19
2.0833753818292684e-05 3.660632257761668e-19
2.086355890243903e-05 3.5453195858881635e-19
2.0893363986585367e-05 3.472396056545696e-19
2.092316907073171e-05 3.456717249820507e-19
2.095297415487805e-05 3.404961880252336e-19
2.098277923902439e-05 3.482065190944727e-19
2.1012584323170736e-05 3.351132511796448e-19
2.1042389407317074e-05 3.2060402253756566e-19
2.107219449146342e-05 3.354684295031792e-19
2.1101999575609757e-05 3.287549106572024e-19
2.1131804659756098e-05 3.140045471543736e-19
2.1161609743902443e-05 3.1509254951133715e-19
2.119141482804878e-05 3.1007552463574427e-19
2.1221219912195125e-05 3.141708002506629e-19
2.1251024996341467e-05 3.075334439936194e-19
2.1280830080487805e-05 2.891330452090929e-19
2.131063516463415e-05 2.977656928860649e-19
2.1340440248780488e-05 2.993148380605221e-19
2.1370245332926832e-05 2.842477179182006e-19
2.1400050417073174e-05 2.80060023431502e-19
2.1429855501219512e-05 2.757185418601227e-19
2.1459660585365857e-05 2.7682077761377017e-19
2.1489465669512195e-05 2.7310151576511316e-19
2.151927075365854e-05 2.549309767420374e-19
2.154907583780488e-05 2.560505264316749e-19
2.157888092195122e-05 2.6198870435748744e-19
2.1608686006097564e-05 2.484623042371902e-19
2.1638491090243905e-05 2.4175466536364294e-19
2.1668296174390246e-05 2.388445609083344e-19
2.1698101258536588e-05 2.3541376947107527e-19
2.1727906342682926e-05 2.375962715788925e-19
2.175771142682927e-05 2.2053168767924157e-19
2.1787516510975612e-05 2.1315652181607306e-19
2.1817321595121953e-05 2.242207442243123e-19
2.1847126679268295e-05 2.100870912994333e-19
2.1876931763414633e-05 1.9900188683896592e-19
2.1906736847560977e-05 1.994587633890452e-19
2.193654193170732e-05 1.9249717623857389e-19
2.196634701585366e-05 1.9453235532499603e-19
2.19961521e-05 1.8501521909593764e-19
2.2025957184146343e-05 1.6822296049872725e-19
2.2055762268292684e-05 1.7730383229172786e-19
2.2085567352439026e-05 1.7567514962778255e-19
2.211537243658537e-05 1.5614625004741734e-19
2.214517752073171e-05 1.535236045021547e-19
2.2174982604878053e-05 1.5122633881652481e-19
2.220478768902439e-05 1.4876258884034492e-19
2.2234592773170733e-05 1.4233717188075753e-19
2.2264397857317077e-05 1.2465668469417688e-19
2.2294202941463415e-05 1.2839108573209544e-19
2.232400802560976e-05 1.307106351291607e-19
2.2353813109756098e-05 1.135515930550389e-19
2.238361819390244e-05 1.0744316879568572e-19
2.2413423278048784e-05 1.0539067885306768e-19
2.2443228362195122e-05 1.0329245456177235e-19
2.2473033446341467e-05 9.962609556866127e-20
2.250283853048781e-05 8.006066257620068e-20
2.2532643614634147e-05 7.648283169944001e-20
2.256244869878049e-05 8.634593549188878e-20
2.259225378292683e-05 6.987053218205865e-20
2.2622058867073174e-05 5.691992816242592e-20
2.2651863951219515e-05 5.834794081574954e-20
2.2681669035365853e-05 5.362663730297825e-20
2.2711474119512198e-05 5.0272112302536467e-20
2.2741279203658536e-05 3.6306881049866465e-20
2.277108428780488e-05 2.641573552631124e-20
2.2800889371951222e-05 3.5913562615480384e-20
2.283069445609756e-05 2.5729292102859662e-20
2.2860499540243905e-05 8.24440597411298e-21
2.2890304624390243e-05 7.972946795403696e-21
2.2920109708536588e-05 3.7998810285273296e-21
2.294991479268293e-05 7.877341255754753e-22
2.2979719876829267e-05 -9.93233619696951e-21
2.3009524960975612e-05 -2.5534233593350148e-20
2.3039330045121954e-05 -1.7266380181417347e-20
2.3069135129268295e-05 -2.0325840527785668e-20
2.3098940213414636e-05 -4.0448582329489696e-20
2.3128745297560974e-05 -4.26534863866081e-20
2.315855038170732e-05 -4.373650400418465e-20
2.318835546585366e-05 -4.979528827675747e-20
2.3218160550000002e-05 -5.850926578374534e-20
2.3247965634146343e-05 -7.386388082866785e-20
2.3277770718292688e-05 -7.246828612267689e-20
2.3307575802439026e-05 -6.935565568648304e-20
2.3337380886585367e-05 -8.813822240114436e-20
2.336718597073171e-05 -9.662909910819687e-20
2.339699105487805e-05 -9.598265477907595e-20
2.3426796139024395e-05 -1.0174656835370767e-19
2.3456601223170733e-05 -1.0635765423372593e-19
2.3486406307317074e-05 -1.229648776191674e-19
2.351621139146342e-05 -1.2732306540338653e-19
2.3546016475609757e-05 -1.1808472458181185e-19
2.3575821559756102e-05 -1.3668629350070722e-19
2.360562664390244e-05 -1.497653634324718e-19
2.363543172804878e-05 -1.4689236935185716e-19
2.3665236812195126e-05 -1.5315620895685688e-19
2.3695041896341464e-05 -1.57379249373974e-19
2.372484698048781e-05 -1.712231014788627e-19
2.3754652064634147e-05 -1.7989457294131897e-19
2.3784457148780488e-05 -1.7264952839628115e-19
2.3814262232926833e-05 -1.8411069045094436e-19
2.384406731707317e-05 -1.9857471347453823e-19
2.3873872401219516e-05 -1.9990429366078897e-19
2.3903677485365857e-05 -2.0246900137367666e-19
2.3933482569512195e-05 -2.0561124687655374e-19
2.396328765365854e-05 -2.1988986786075056e-19
2.3993092737804878e-05 -2.3129746693616183e-19
2.4022897821951223e-05 -2.2372510387598285e-19
2.4052702906097564e-05 -2.3093117060829592e-19
2.4082507990243902e-05 -2.4913639507545385e-19
2.4112313074390247e-05 -2.5088653146885674e-19
2.4142118158536585e-05 -2.5197270984008356e-19
2.417192324268293e-05 -2.5687590998752664e-19
2.420172832682927e-05 -2.6562334477403753e-19
2.423153341097561e-05 -2.7917917305006827e-19
2.4261338495121954e-05 -2.7480520678983e-19
2.4291143579268295e-05 -2.7528181311320985e-19
2.4320948663414637e-05 -2.9476368889481227e-19
2.4350753747560978e-05 -2.981791860570746e-19
2.4380558831707323e-05 -2.98179868534108e-19
2.441036391585366e-05 -3.0478893237458664e-19
2.4440169000000002e-05 -3.10673885836935e-19
2.4469974084146344e-05 -3.2437417210776496e-19
2.4499779168292685e-05 -3.255781863830829e-19
2.452958425243903e-05 -3.2029064557826794e-19
2.4559389336585368e-05 -3.3588905898635914e-19
2.458919442073171e-05 -3.456507897468748e-19
2.461899950487805e-05 -3.425014401340964e-19
2.4648804589024392e-05 -3.4779111415380417e-19
2.4678609673170737e-05 -3.524137290499031e-19
2.4708414757317075e-05 -3.659612109642981e-19
2.4738219841463416e-05 -3.7389190099354823e-19
2.476802492560976e-05 -3.6252744670062546e-19
2.47978300097561e-05 -3.7519623298596113e-19
2.4827635093902444e-05 -3.9144837803725057e-19
2.485744017804878e-05 -3.852987950127374e-19
2.4887245262195123e-05 -3.8985819036314484e-19
2.4917050346341468e-05 -3.95520029291346e-19
2.4946855430487806e-05 -4.0215440362434897e-19
2.497666051463415e-05 -4.1420867795473194e-19
2.500646559878049e-05 -4.0543071996279526e-19
2.503627068292683e-05 -4.0981716086285907e-19
2.5066075767073175e-05 -4.3057264150477346e-19
2.5095880851219513e-05 -4.270569144024089e-19
2.5125685935365857e-05 -4.2765581329501107e-19
2.5155491019512195e-05 -4.358004360038808e-19
2.5185296103658537e-05 -4.388560680643122e-19
2.521510118780488e-05 -4.526134045038409e-19
2.524490627195122e-05 -4.477188146446265e-19
2.5274711356097564e-05 -4.438064463970318e-19
2.5304516440243906e-05 -4.666533583065025e-19
2.5334321524390244e-05 -4.663967053632745e-19
2.536412660853659e-05 -4.60233225064437e-19
2.5393931692682927e-05 -4.699278944138138e-19
2.542373677682927e-05 -4.748013014923586e-19
2.5453541860975613e-05 -4.859621902531034e-19
2.5483346945121954e-05 -4.857934802681292e-19
2.5513152029268295e-05 -4.786955256955461e-19
2.5542957113414633e-05 -4.958806650623407e-19
2.5572762197560978e-05 -5.0399104280456795e-19
2.560256728170732e-05 -4.968040866052774e-19
2.5632372365853664e-05 -5.022148491163617e-19
2.5662177450000002e-05 -5.07125633218821e-19
2.5691982534146344e-05 -5.149223673796437e-19
2.5721787618292685e-05 -5.206247458546116e-19
2.5751592702439027e-05 -5.101997177135476e-19
2.578139778658537e-05 -5.211428212020012e-19
2.581120287073171e-05 -5.382474553774824e-19
2.584100795487805e-05 -5.279090012350984e-19
2.5870813039024392e-05 -5.308425911684177e-19
2.5900618123170733e-05 -5.400450949962387e-19
2.5930423207317078e-05 -5.397409897093438e-19
2.5960228291463416e-05 -5.507917596377822e-19
2.5990033375609758e-05 -5.446311264246168e-19
2.60198384597561e-05 -5.427640994017322e-19
2.604964354390244e-05 -5.63691689659033e-19
2.6079448628048785e-05 -5.578154353673351e-19
2.6109253712195123e-05 -5.549217599134152e-19
2.6139058796341465e-05 -5.660283832338012e-19
2.616886388048781e-05 -5.650262325396744e-19
2.6198668964634147e-05 -5.762275573087824e-19
2.6228474048780492e-05 -5.728909428310014e-19
2.625827913292683e-05 -5.639345204362676e-19
2.628808421707317e-05 -5.859518224807062e-19
2.6317889301219516e-05 -5.866620935336927e-19
2.6347694385365854e-05 -5.758542992507621e-19
2.63774994695122e-05 -5.860422281525512e-19
2.6407304553658537e-05 -5.879045241224308e-19
2.643710963780488e-05 -5.927488476514348e-19
2.6466914721951223e-05 -5.958880278890327e-19
2.649671980609756e-05 -5.866103523624747e-19
2.6526524890243906e-05 -5.989077620990062e-19
2.6556329974390247e-05 -6.0926396506244e-19
2.658613505853659e-05 -5.966926681260332e-19
2.661594014268293e-05 -6.012298269350152e-19
2.6645745226829268e-05 -6.0841925073172455e-19
2.6675550310975613e-05 -6.080623075331668e-19
2.6705355395121954e-05 -6.15711857015606e-19
2.6735160479268296e-05 -6.039374710148476e-19
2.6764965563414637e-05 -6.077330909985454e-19
2.6794770647560975e-05 -6.275267768480812e-19
2.682457573170732e-05 -6.117465853066436e-19
2.685438081585366e-05 -6.119290469110687e-19
2.6884185900000003e-05 -6.237060987217137e-19
2.6913990984146344e-05 -6.188403199774323e-19
2.6943796068292682e-05 -6.27413899373438e-19
2.6973601152439027e-05 -6.215682626795014e-19
2.7003406236585368e-05 -6.172975208395755e-19
2.7033211320731713e-05 -6.355789429615642e-19
2.706301640487805e-05 -6.284107993342085e-19
2.7092821489024392e-05 -6.196501580727381e-19
2.7122626573170734e-05 -6.309586254987662e-19
2.7152431657317075e-05 -6.294895460967775e-19
2.718223674146342e-05 -6.319044426105089e-19
2.7212041825609758e-05 -6.328650932370307e-19
2.72418469097561e-05 -6.220846587552429e-19
2.727165199390244e-05 -6.377529294645463e-19
2.7301457078048782e-05 -6.416994550761075e-19
2.7331262162195127e-05 -6.237025372617686e-19
2.7361067246341465e-05 -6.354715425956106e-19
2.7390872330487806e-05 -6.39424840632543e-19
2.742067741463415e-05 -6.342970382501621e-19
2.745048249878049e-05 -6.393427052020674e-19
2.7480287582926834e-05 -6.274239641348675e-19
2.7510092667073172e-05 -6.345099094537719e-19
2.7539897751219513e-05 -6.472964655341787e-19
2.7569702835365858e-05 -6.299848384235883e-19
2.7599507919512196e-05 -6.320672467216256e-19
2.762931300365854e-05 -6.410346088018138e-19
2.765911808780488e-05 -6.361486981627985e-19
2.768892317195122e-05 -6.406219180955202e-19
2.7718728256097565e-05 -6.304596375144832e-19
2.7748533340243903e-05 -6.293944544184767e-19
2.7778338424390248e-05 -6.4905643153928935e-19
2.7808143508536586e-05 -6.333724438804247e-19
2.783794859268293e-05 -6.239772172171154e-19
2.7867753676829272e-05 -6.395294710694289e-19
2.789755876097561e-05 -6.318586074390134e-19
2.7927363845121955e-05 -6.332904730479792e-19
2.7957168929268296e-05 -6.30617814065934e-19
2.7986974013414637e-05 -6.205735217968383e-19
2.801677909756098e-05 -6.40544973403816e-19
2.8046584181707317e-05 -6.340151367104136e-19
2.807638926585366e-05 -6.170161307406976e-19
2.8106194350000003e-05 -6.298184586670963e-19
2.8135999434146344e-05 -6.285015074593516e-19
2.8165804518292686e-05 -6.250136307305824e-19
2.8195609602439024e-05 -6.237645650395771e-19
2.822541468658537e-05 -6.136766113017675e-19
2.825521977073171e-05 -6.250396658657865e-19
2.828502485487805e-05 -6.271984929495949e-19
2.8314829939024393e-05 -6.070093647645371e-19
2.8344635023170734e-05 -6.123916017156583e-19
2.8374440107317075e-05 -6.199326934763007e-19
2.8404245191463417e-05 -6.125909392954367e-19
2.843405027560976e-05 -6.116746754331801e-19
2.84638553597561e-05 -6.032831669270848e-19
2.849366044390244e-05 -6.067968453448756e-19
2.8523465528048782e-05 -6.167855147128142e-19
2.8553270612195124e-05 -5.973060568893265e-19
2.858307569634147e-05 -5.933742268651036e-19
2.8612880780487807e-05 -6.046374030822479e-19
2.8642685864634148e-05 -5.965495312352587e-19
2.867249094878049e-05 -5.946076764563982e-19
2.870229603292683e-05 -5.879921599140803e-19
2.8732101117073175e-05 -5.852465156929594e-19
2.8761906201219513e-05 -5.970755048983514e-19
2.8791711285365855e-05 -5.841497373828606e-19
2.88215163695122e-05 -5.728683114564953e-19
2.8851321453658538e-05 -5.834665250753369e-19
2.8881126537804882e-05 -5.812861597307908e-19
2.891093162195122e-05 -5.740117339345351e-19
2.8940736706097565e-05 -5.696359087988124e-19
2.8970541790243907e-05 -5.628304937055899e-19
2.9000346874390245e-05 -5.723511091759207e-19
2.903015195853659e-05 -5.689231495113996e-19
2.9059957042682927e-05 -5.475167329564763e-19
2.9089762126829272e-05 -5.572314276696395e-19
2.9119567210975614e-05 -5.629601223539007e-19
2.914937229512195e-05 -5.49475122090747e-19
2.9179177379268296e-05 -5.463478673802211e-19
2.9208982463414634e-05 -5.397955264216353e-19
2.923878754756098e-05 -5.453837274031581e-19
2.926859263170732e-05 -5.472259803354481e-19
2.929839771585366e-05 -5.242743242892449e-19
2.9328202800000003e-05 -5.274239042245793e-19
2.9358007884146345e-05 -5.370648466571289e-19
2.9387812968292686e-05 -5.248384951781235e-19
2.9417618052439027e-05 -5.190501119468814e-19
2.9447423136585365e-05 -5.122426899301059e-19
2.947722822073171e-05 -5.155498106442281e-19
2.950703330487805e-05 -5.214214083584505e-19
2.9536838389024393e-05 -4.999801659956413e-19
2.9566643473170734e-05 -4.955449103912724e-19
2.9596448557317072e-05 -5.097098523835012e-19
2.9626253641463417e-05 -4.977899232456804e-19
2.965605872560976e-05 -4.887679253240634e-19
2.9685863809756103e-05 -4.854021698714992e-19
2.971566889390244e-05 -4.81304122221156e-19
2.9745473978048783e-05 -4.914397432665303e-19
2.9775279062195124e-05 -4.756719356526095e-19
2.9805084146341465e-05 -4.60152322662637e-19
2.983488923048781e-05 -4.75333842806235e-19
2.9864694314634148e-05 -4.706559061699089e-19
2.989449939878049e-05 -4.575478187640688e-19
2.992430448292683e-05 -4.538804802772199e-19
2.9954109567073172e-05 -4.481943234014612e-19
2.9983914651219517e-05 -4.549108641797837e-19
3.0013719735365855e-05 -4.483165016063267e-19
3.00435248195122e-05 -4.2736605459428305e-19
3.0073329903658538e-05 -4.353398491002705e-19
3.010313498780488e-05 -4.382500899436922e-19
3.0132940071951224e-05 -4.233294184383502e-19
3.0162745156097562e-05 -4.194291563965364e-19
3.0192550240243907e-05 -4.12146498684114e-19
3.0222355324390248e-05 -4.165077399218077e-19
3.0252160408536586e-05 -4.1693037358836377e-19
3.028196549268293e-05 -3.914655438154907e-19
3.031177057682927e-05 -3.940919938200623e-19
3.0341575660975614e-05 -4.052649100443739e-19
3.0371380745121955e-05 -3.885531976344854e-19
3.0401185829268293e-05 -3.792587383435314e-19
3.0430990913414638e-05 -3.754990696859127e-19
3.0460795997560976e-05 -3.7562529160356926e-19
3.049060108170732e-05 -3.7748296971173064e-19
3.052040616585366e-05 -3.5568020306363205e-19
3.055021125e-05 -3.4949407743428644e-19
3.0580016334146345e-05 -3.6411540551653326e-19
3.060982141829268e-05 -3.5061040720496785e-19
3.063962650243903e-05 -3.3733865625041877e-19
3.0669431586585366e-05 -3.358248088890928e-19
3.069923667073171e-05 -3.323216130835677e-19
3.0729041754878055e-05 -3.370560807815823e-19
3.075884683902439e-05 -3.1854430601003836e-19
3.078865192317074e-05 -3.0250338703270933e-19
3.0818457007317076e-05 -3.1865939672944277e-19
3.0848262091463414e-05 -3.114060933677909e-19
3.087806717560976e-05 -2.9365207301487595e-19
3.09078722597561e-05 -2.9090829416035157e-19
3.093767734390244e-05 -2.862281668569532e-19
3.096748242804878e-05 -2.906437269344299e-19
3.0997287512195124e-05 -2.79000174319362e-19
3.102709259634147e-05 -2.5757603609706756e-19
3.105689768048781e-05 -2.6915165102720693e-19
3.108670276463415e-05 -2.7075001778084573e-19
3.111650784878049e-05 -2.486506773789631e-19
3.1146312932926835e-05 -2.418857973546696e-19
3.117611801707317e-05 -2.400060312886207e-19
3.120592310121951e-05 -2.4062238534494795e-19
3.1235728185365855e-05 -2.3469158409303616e-19
3.12655332695122e-05 -2.104012211162662e-19
3.129533835365854e-05 -2.1414084548405185e-19
3.132514343780488e-05 -2.257186264016485e-19
3.135494852195122e-05 -2.023676010712627e-19
3.1384753606097566e-05 -1.9248764975236544e-19
3.1414558690243904e-05 -1.9405121735748298e-19
3.144436377439025e-05 -1.8899556490967638e-19
3.1474168858536587e-05 -1.8866698778692868e-19
3.150397394268293e-05 -1.6704545457928996e-19
3.153377902682927e-05 -1.581626455068025e-19
3.1563584110975614e-05 -1.7403615712451013e-19
3.159338919512196e-05 -1.569984659040414e-19
3.16231942792683e-05 -1.385873895482921e-19
3.1652999363414635e-05 -1.420677459880717e-19
3.168280444756098e-05 -1.3771833465397727e-19
3.171260953170732e-05 -1.3631199105348896e-19
3.174241461585366e-05 -1.2129489844468322e-19
3.17722197e-05 -1.0424917770214195e-19
3.1802024784146345e-05 -1.1909283796349281e-19
3.183182986829268e-05 -1.1249861688728432e-19
3.186163495243903e-05 -8.595079618067576e-20
3.189144003658537e-05 -8.679160018248873e-20
3.192124512073171e-05 -8.785979365028626e-20
3.195105020487805e-05 -8.132512027510064e-20
3.1980855289024393e-05 -7.025484167484658e-20
3.201066037317073e-05 -5.200364512102217e-20
3.2040465457317076e-05 -6.003836178638727e-20
3.2070270541463414e-05 -6.295854434549647e-20
3.210007562560976e-05 -3.5310509986010095e-20
3.2129880709756104e-05 -3.3032867556623805e-20
3.215968579390244e-05 -3.6099144325985256e-20
3.2189490878048787e-05 -2.5571084075989178e-20
3.2219295962195125e-05 -2.0554798461003512e-20
3.224910104634147e-05 -1.4234167950729364e-23
3.227890613048781e-05 1.8484621924897454e-22
3.2308711214634145e-05 -1.2272563935492756e-20
3.233851629878049e-05 1.472312379851149e-20
3.2368321382926835e-05 2.862500667269397e-20
3.239812646707317e-05 1.9999018760973972e-20
3.242793155121952e-05 2.740583596231728e-20
3.2457736635365856e-05 3.415047278369661e-20
3.24875417195122e-05 5.139429422386305e-20
3.251734680365854e-05 5.900844391591657e-20
3.254715188780488e-05 4.3545855123297086e-20
3.257695697195122e-05 6.339948203297084e-20
3.260676205609756e-05 8.463531585638733e-20
3.2636567140243904e-05 7.615928851937347e-20
3.266637222439025e-05 8.321857105455972e-20
3.269617730853659e-05 9.046278839008437e-20
3.272598239268293e-05 1.0192993892504748e-19
3.275578747682927e-05 1.1710631250095065e-19
3.2785592560975614e-05 1.0459838586938299e-19
3.281539764512195e-05 1.141859696852322e-19
3.28452027292683e-05 1.3943429231033612e-19
3.2875007813414635e-05 1.3384424466851203e-19
3.290481289756098e-05 1.35932507308413e-19
3.293461798170732e-05 1.4687435445998228e-19
3.296442306585366e-05 1.548962988296148e-19
3.299422815000001e-05 1.7162330840592676e-19
3.3024033234146345e-05 1.6668720708668304e-19
3.3053838318292683e-05 1.6502704521568846e-19
3.308364340243903e-05 1.929286075930007e-19
3.3113448486585366e-05 1.9563278288002677e-19
3.314325357073171e-05 1.8940109859851975e-19
3.317305865487805e-05 2.0238847030709243e-19
3.3202863739024394e-05 2.0967514281283466e-19
3.323266882317073e-05 2.246113836237088e-19
3.3262473907317077e-05 2.2528909374784503e-19
3.329227899146342e-05 2.1731586114871077e-19
3.332208407560976e-05 2.4362451060242435e-19
3.3351889159756104e-05 2.5394802908003904e-19
3.338169424390244e-05 2.4506629908949343e-19
3.341149932804878e-05 2.569337016699609e-19
3.3441304412195125e-05 2.6574461194153567e-19
3.347110949634146e-05 2.75769321425631e-19
3.350091458048781e-05 2.842100073925123e-19
3.353071966463415e-05 2.743184991004837e-19
3.356052474878049e-05 2.8931948890261576e-19
3.3590329832926835e-05 3.112717565235067e-19
3.362013491707317e-05 3.0079765463326516e-19
3.364994000121952e-05 3.0620482006536205e-19
3.3679745085365856e-05 3.2057890193032826e-19
3.3709550169512194e-05 3.258763775011844e-19
3.373935525365854e-05 3.3825915314436374e-19
3.3769160337804884e-05 3.308369543257799e-19
3.379896542195122e-05 3.3766567486131526e-19
3.3828770506097566e-05 3.650025768169518e-19
3.3858575590243904e-05 3.565109634385217e-19
3.388838067439025e-05 3.5464764892854324e-19
3.391818575853659e-05 3.73712842803409e-19
3.394799084268293e-05 3.780421176186143e-19
3.397779592682927e-05 3.8752043454872527e-19
3.400760101097561e-05 3.8751114184944303e-19
3.403740609512195e-05 3.863781788350071e-19
3.40672111792683e-05 4.121178300840336e-19
3.4097016263414635e-05 4.1281162781423835e-19
3.412682134756098e-05 4.0644156424356055e-19
3.415662643170732e-05 4.242445561033548e-19
3.418643151585366e-05 4.2836936992455483e-19
3.42162366e-05 4.370590462060993e-19
3.4246041684146346e-05 4.417515046794714e-19
3.4275846768292684e-05 4.354266143514733e-19
3.430565185243903e-05 4.5646258418103455e-19
3.4335456936585366e-05 4.653802811779071e-19
3.436526202073171e-05 4.552205262005837e-19
3.4395067104878056e-05 4.683504702102255e-19
3.4424872189024394e-05 4.783033914289589e-19
3.445467727317073e-05 4.840321723243609e-19
3.448448235731708e-05 4.915574620179446e-19
3.4514287441463415e-05 4.847032667834278e-19
3.454409252560976e-05 4.999028756590023e-19
3.45738976097561e-05 5.16756595966474e-19
3.460370269390244e-05 5.063879769598412e-19
3.463350777804879e-05 5.132144636327737e-19
3.4663312862195125e-05 5.259852376271814e-19
3.469311794634147e-05 5.28715530135035e-19
3.472292303048781e-05 5.364983077316701e-19
3.475272811463415e-05 5.349892136135247e-19
3.478253319878049e-05 5.404583718387986e-19
3.481233828292683e-05 5.596566710809912e-19
3.4842143367073173e-05 5.552274887326158e-19
3.487194845121951e-05 5.552192991785637e-19
3.4901753535365856e-05 5.715702673231197e-19
3.49315586195122e-05 5.709238212505723e-19
3.496136370365854e-05 5.79233247603281e-19
3.4991168787804884e-05 5.8199852038135415e-19
3.502097387195122e-05 5.787999972927201e-19
3.5050778956097567e-05 6.008709689475278e-19
3.5080584040243905e-05 5.999634455142497e-19
3.511038912439024e-05 5.930968258400899e-19
3.514019420853659e-05 6.111092429795784e-19
3.516999929268293e-05 6.13163815066917e-19
3.519980437682927e-05 6.169611071535614e-19
3.5229609460975615e-05 6.249087730786108e-19
3.525941454512195e-05 6.19414619469611e-19
3.52892196292683e-05 6.338058091426811e-19
3.5319024713414636e-05 6.44124423383072e-19
3.534882979756098e-05 6.324890684715279e-19
3.537863488170732e-05 6.430206740379713e-19
3.5408439965853656e-05 6.526990192984675e-19
3.543824505e-05 6.496966517658341e-19
3.5468050134146346e-05 6.597636862716994e-19
3.5497855218292684e-05 6.574037338354832e-19
3.552766030243903e-05 6.621779344822109e-19
3.555746538658537e-05 6.780703155930912e-19
3.558727047073171e-05 6.683989410550867e-19
3.561707555487805e-05 6.742218820368616e-19
3.5646880639024394e-05 6.866237288887888e-19
3.567668572317073e-05 6.791987740255193e-19
3.570649080731708e-05 6.906277056417011e-19
3.5736295891463415e-05 6.936812230794912e-19
3.576610097560976e-05 6.875486867274185e-19
3.5795906059756105e-05 7.052316447296201e-19
3.582571114390244e-05 7.023838277696321e-19
3.585551622804879e-05 6.966196763258231e-19
3.5885321312195125e-05 7.128145250287289e-19
3.5915126396341463e-05 7.098015075167529e-19
3.594493148048781e-05 7.128911922414701e-19
3.5974736564634146e-05 7.217924408245408e-19
3.600454164878049e-05 7.123597876536256e-19
3.6034346732926836e-05 7.246547932545797e-19
3.6064151817073174e-05 7.322818435352105e-19
3.609395690121952e-05 7.195920900126566e-19
3.6123761985365857e-05 7.321296454143834e-19
3.61535670695122e-05 7.350633116058682e-19
3.618337215365854e-05 7.31595811038013e-19
3.621317723780488e-05 7.425192110109646e-19
3.624298232195122e-05 7.329758850732531e-19
3.627278740609756e-05 7.401113539650286e-19
3.6302592490243905e-05 7.515630138335438e-19
3.633239757439025e-05 7.386313514622496e-19
3.636220265853659e-05 7.4888732709942205e-19
3.639200774268293e-05 7.537780882679944e-19
3.642181282682927e-05 7.468323658519195e-19
3.6451617910975615e-05 7.57898954433777e-19
3.648142299512195e-05 7.516828686274281e-19
3.651122807926829e-05 7.500864652508784e-19
3.6541033163414636e-05 7.654246712175992e-19
3.657083824756098e-05 7.558679469306389e-19
3.660064333170732e-05 7.543893547835356e-19
3.6630448415853663e-05 7.647487409765221e-19
3.66602535e-05 7.584602443055754e-19
3.6690058584146346e-05 7.648421477386017e-19
3.6719863668292684e-05 7.66450358746698e-19
3.674966875243903e-05 7.56651092759291e-19
3.677947383658537e-05 7.696049440545712e-19
3.680927892073171e-05 7.697631789790671e-19
3.683908400487805e-05 7.582468332661411e-19
3.6868889089024395e-05 7.68674251191726e-19
3.689869417317074e-05 7.662119342071189e-19
3.692849925731708e-05 7.640114047753826e-19
3.695830434146342e-05 7.730494985302387e-19
3.698810942560976e-05 7.6036417210632735e-19
3.70179145097561e-05 7.659755040360733e-19
3.704771959390244e-05 7.751693427328413e-19
3.707752467804878e-05 7.603810229305457e-19
3.7107329762195126e-05 7.673750702768401e-19
3.7137134846341464e-05 7.679671544929861e-19
3.716693993048781e-05 7.623413322439842e-19
3.719674501463415e-05 7.719439692525264e-19
3.722655009878049e-05 7.600457205734698e-19
3.7256355182926836e-05 7.578069076833418e-19
3.7286160267073174e-05 7.718088704334825e-19
3.731596535121951e-05 7.609544344078911e-19
3.734577043536586e-05 7.568547597910399e-19
3.7375575519512195e-05 7.625758812774116e-19
3.740538060365854e-05 7.568178414467553e-19
3.7435185687804884e-05 7.633956798817488e-19
3.746499077195122e-05 7.574540016025501e-19
3.749479585609757e-05 7.433896037932354e-19
3.7524600940243905e-05 7.607779751224962e-19
3.755440602439025e-05 7.576553714847508e-19
3.758421110853659e-05 7.41468670783448e-19
3.7614016192682926e-05 7.495481685957255e-19
3.764382127682927e-05 7.444861730789697e-19
3.767362636097561e-05 7.473101894779268e-19
3.7703431445121953e-05 7.46387279856427e-19
3.77332365292683e-05 7.27202961005096e-19
3.7763041613414636e-05 7.419278084283261e-19
3.779284669756098e-05 7.448420790909493e-19
3.782265178170732e-05 7.256134140827369e-19
3.7852456865853664e-05 7.308475839730705e-19
3.788226195e-05 7.279283677693398e-19
3.7912067034146347e-05 7.258556985819446e-19
3.7941872118292685e-05 7.28709494214111e-19
3.797167720243903e-05 7.102183069904859e-19
3.800148228658537e-05 7.139120981002709e-19
3.803128737073171e-05 7.244905259560616e-19
3.806109245487806e-05 7.047747922413108e-19
3.8090897539024395e-05 7.024983266882003e-19
3.812070262317074e-05 7.062251757036355e-19
3.815050770731707e-05 6.986622325019515e-19
3.8180312791463416e-05 7.021003108036953e-19
3.821011787560976e-05 6.879504232668889e-19
3.82399229597561e-05 6.822199261893882e-19
3.826972804390244e-05 6.976874793606679e-19
3.829953312804879e-05 6.831653212651927e-19
3.8329338212195126e-05 6.705426391005275e-19
3.8359143296341464e-05 6.751885544979665e-19
3.838894838048781e-05 6.694653646492285e-19
3.8418753464634154e-05 6.699509800188742e-19
3.8448558548780485e-05 6.603383021797497e-19
3.847836363292683e-05 6.462434378573099e-19
3.8508168717073174e-05 6.611249327443339e-19
3.853797380121952e-05 6.554650545001534e-19
3.856777888536586e-05 6.337668502517082e-19
3.85975839695122e-05 6.398914160218431e-19
3.862738905365854e-05 6.367896422518125e-19
3.865719413780488e-05 6.318699372529288e-19
3.868699922195122e-05 6.282024103100259e-19
3.871680430609757e-05 6.086907135088501e-19
3.8746609390243905e-05 6.16716370991904e-19
3.877641447439024e-05 6.205566249543106e-19
3.880621955853659e-05 5.959699773827555e-19
3.883602464268293e-05 5.955834648680157e-19
3.886582972682927e-05 5.982513770198577e-19
3.8895634810975616e-05 5.912837932978056e-19
3.892543989512196e-05 5.8785520084809475e-19
3.895524497926829e-05 5.691365373246921e-19
3.8985050063414636e-05 5.691902986723147e-19
3.901485514756098e-05 5.815984155489304e-19
3.904466023170732e-05 5.585134203897096e-19
3.907446531585366e-05 5.45591010509231e-19
3.91042704e-05 5.539231726498264e-19
3.913407548414635e-05 5.45736712233622e-19
3.9163880568292685e-05 5.3916698448787105e-19
3.919368565243903e-05 5.26793113960264e-19
3.9223490736585374e-05 5.1654442316717165e-19
3.9253295820731706e-05 5.322472609185993e-19
3.928310090487805e-05 5.17565730813553e-19
3.9312905989024395e-05 4.930038148390916e-19
3.934271107317073e-05 5.031503728134425e-19
3.937251615731708e-05 4.993760458751728e-19
3.9402321241463416e-05 4.893390431630058e-19
3.943212632560976e-05 4.776296562803525e-19
3.94619314097561e-05 4.634867710140832e-19
3.9491736493902443e-05 4.761636037983886e-19
3.952154157804879e-05 4.669972521613664e-19
3.955134666219512e-05 4.405803522333085e-19
3.9581151746341464e-05 4.47194709968452e-19
3.961095683048781e-05 4.455442608607373e-19
3.9640761914634154e-05 4.329304553605705e-19
3.967056699878049e-05 4.2629823761272957e-19
3.9700372082926837e-05 4.081445535552868e-19
3.9730177167073175e-05 4.1358828997138097e-19
3.975998225121951e-05 4.182014239929237e-19
3.978978733536586e-05 3.8574199352605005e-19
3.98195924195122e-05 3.8116200941257956e-19
3.984939750365853e-05 3.89758308187124e-19
3.987920258780488e-05 3.763187047465065e-19
3.990900767195122e-05 3.6748285002806527e-19
3.993881275609757e-05 3.4984197178435033e-19
3.9968617840243906e-05 3.4874122355573137e-19
3.999842292439025e-05 3.6082336001820593e-19
4.0028228008536595e-05 3.327564648955667e-19
4.0058033092682926e-05 3.162586946005727e-19
4.008783817682927e-05 3.2800283748172677e-19
4.0117643260975616e-05 3.1831431748622523e-19
4.0147448345121954e-05 3.0616319120043184e-19
4.017725342926829e-05 2.919460404508573e-19
4.020705851341464e-05 2.823830677545372e-19
4.023686359756098e-05 2.9495600213643917e-19
4.026666868170732e-05 2.752505963189824e-19
4.0296473765853664e-05 2.49056071375343e-19
4.032627885000001e-05 2.622649962676314e-19
4.035608393414634e-05 2.5880126138842665e-19
4.0385889018292685e-05 2.408874988408186e-19
4.041569410243903e-05 2.2964557917892456e-19
4.044549918658537e-05 2.184028522531774e-19
4.047530427073171e-05 2.2762107753779897e-19
4.050510935487805e-05 2.179607680157647e-19
4.0534914439024395e-05 1.8564301273450867e-19
4.0564719523170733e-05 1.903142981737697e-19
4.059452460731708e-05 1.9554280134637622e-19
4.062432969146342e-05 1.775031486867136e-19
4.0654134775609754e-05 1.6421888031446737e-19
4.06839398597561e-05 1.5114265685661856e-19
4.0713744943902444e-05 1.5810806814326528e-19
4.074355002804879e-05 1.5724446459356948e-19
4.0773355112195127e-05 1.2333424353682376e-19
4.0803160196341465e-05 1.203953503279285e-19
4.083296528048781e-05 1.3110812066814066e-19
4.086277036463415e-05 1.1453450014034153e-19
4.089257544878049e-05 9.933127968513466e-20
4.092238053292684e-05 8.726024145360734e-20
4.095218561707317e-05 8.679016083703011e-20
4.098199070121951e-05 9.07667433118949e-20
4.101179578536586e-05 6.318247758142477e-20
4.10416008695122e-05 4.8142813530317617e-20
4.107140595365854e-05 6.221187578783586e-20
4.1101211037804885e-05 5.163435798891859e-20
4.113101612195122e-05 3.207194224697848e-20
4.116082120609756e-05 2.384441970028054e-20
4.1190626290243906e-05 1.8254593334417038e-20
4.122043137439025e-05 2.3489374457441812e-20
4.125023645853658e-05 6.575104257226865e-21
4.128004154268293e-05 -2.027919168889251e-20
4.130984662682927e-05 -8.013374189200032e-21
4.1339651710975616e-05 -1.0060722076944518e-20
4.1369456795121954e-05 -3.5092205659729743e-20
4.13992618792683e-05 -4.2446115775297936e-20
4.1429066963414644e-05 -5.073206918410347e-20
4.1458872047560975e-05 -4.440843690754699e-20
4.148867713170732e-05 -5.298428927908155e-20
4.1518482215853665e-05 -8.744396210606434e-20
4.15482873e-05 -7.893076787928657e-20
4.157809238414634e-05 -7.275782787127543e-20
4.1607897468292685e-05 -9.666424492878975e-20
4.163770255243903e-05 -1.0827148376485881e-19
4.166750763658537e-05 -1.1605219349695406e-19
4.169731272073171e-05 -1.1310812312628359e-19
4.172711780487806e-05 -1.1636711555548701e-19
4.175692288902439e-05 -1.479918703625828e-19
4.1786727973170734e-05 -1.517989455522812e-19
4.181653305731708e-05 -1.3633249030750306e-19
4.184633814146342e-05 -1.565102449350018e-19
4.187614322560976e-05 -1.7370925010873066e-19
4.19059483097561e-05 -1.7893980330041003e-19
4.1935753393902444e-05 -1.8156592436315058e-19
4.196555847804878e-05 -1.7684153440871088e-19
4.199536356219513e-05 -2.0551048149449688e-19
4.202516864634147e-05 -2.2032147889758853e-19
4.20549737304878e-05 -2.0153078032694985e-19
4.208477881463415e-05 -2.185497339710353e-19
4.211458389878049e-05 -2.3790364364799355e-19
4.214438898292684e-05 -2.4149729794030034e-19
4.2174194067073175e-05 -2.4696928259591133e-19
4.220399915121951e-05 -2.406699964312103e-19
4.223380423536586e-05 -2.603916691131893e-19
4.2263609319512196e-05 -2.8336443873978437e-19
4.229341440365854e-05 -2.67600538400749e-19
4.2323219487804885e-05 -2.7337746783840487e-19
4.235302457195122e-05 -2.966223839635872e-19
4.238282965609756e-05 -3.0146129837291618e-19
4.2412634740243906e-05 -3.085529846858054e-19
4.244243982439025e-05 -3.0599654820987146e-19
4.247224490853659e-05 -3.1474134978792634e-19
4.2502049992682934e-05 -3.418210616523972e-19
4.253185507682927e-05 -3.3424775397798087e-19
4.256166016097561e-05 -3.2789442562378446e-19
4.2591465245121955e-05 -3.521500423710257e-19
4.26212703292683e-05 -3.619277211453925e-19
4.265107541341463e-05 -3.6289907194923023e-19
4.2680880497560975e-05 -3.6429357347491306e-19
4.271068558170732e-05 -3.690127513914612e-19
4.2740490665853665e-05 -3.951436182029805e-19
4.277029575e-05 -3.9760696042169635e-19
4.280010083414635e-05 -3.8225653732099554e-19
4.282990591829269e-05 -4.033489248775266e-19
4.2859711002439024e-05 -4.184973968614429e-19
4.288951608658537e-05 -4.1858759337205317e-19
4.291932117073171e-05 -4.2158350069478086e-19
4.294912625487805e-05 -4.1886935379250086e-19
4.297893133902439e-05 -4.418624412264058e-19
4.3008736423170734e-05 -4.542626271928438e-19
4.303854150731708e-05 -4.35161274975654e-19
4.306834659146342e-05 -4.486397194971482e-19
4.309815167560976e-05 -4.706142144713629e-19
4.3127956759756106e-05 -4.707150106051217e-19
4.315776184390244e-05 -4.731175736939713e-19
4.318756692804878e-05 -4.711736833483867e-19
4.321737201219513e-05 -4.863917187480986e-19
4.324717709634147e-05 -5.06484209169734e-19
4.327698218048781e-05 -4.896306691134651e-19
4.330678726463415e-05 -4.909010209419387e-19
4.333659234878049e-05 -5.168515692261234e-19
4.336639743292683e-05 -5.178663329055412e-19
4.3396202517073175e-05 -5.179864146769857e-19
4.342600760121952e-05 -5.187784359762904e-19
4.345581268536585e-05 -5.259959826266142e-19
4.3485617769512196e-05 -5.511067548672853e-19
4.351542285365854e-05 -5.418130448891915e-19
4.3545227937804886e-05 -5.309045393330193e-19
4.3575033021951224e-05 -5.591520137914351e-19
4.360483810609757e-05 -5.64126158290488e-19
4.3634643190243906e-05 -5.596759814226049e-19
4.3664448274390244e-05 -5.643435081984988e-19
4.369425335853659e-05 -5.628279823902537e-19
4.3724058442682934e-05 -5.86981675120879e-19
4.3753863526829265e-05 -5.889649928718445e-19
4.378366861097561e-05 -5.706982631313089e-19
4.3813473695121955e-05 -5.9267591497017225e-19
4.38432787792683e-05 -6.041799901336274e-19
4.387308386341464e-05 -6.002859184704767e-19
4.390288894756098e-05 -6.042028716115884e-19
4.393269403170732e-05 -6.008142248897792e-19
4.396249911585366e-05 -6.194071542082709e-19
4.39923042e-05 -6.311495240212517e-19
4.402210928414635e-05 -6.091167958358555e-19
4.4051914368292686e-05 -6.18975084724716e-19
4.4081719452439024e-05 -6.41314518178147e-19
4.411152453658537e-05 -6.343295484538967e-19
4.4141329620731713e-05 -6.352364978691544e-19
4.417113470487805e-05 -6.356712111181223e-19
4.4200939789024396e-05 -6.437883246643736e-19
4.423074487317074e-05 -6.636756981040781e-19
4.426054995731707e-05 -6.473959722571081e-19
4.429035504146342e-05 -6.449189796051504e-19
4.432016012560976e-05 -6.703138280368991e-19
4.4349965209756107e-05 -6.65927381441704e-19
4.437977029390244e-05 -6.63445709142496e-19
4.440957537804878e-05 -6.662985734419211e-19
4.443938046219513e-05 -6.674555351070578e-19
4.4469185546341465e-05 -6.875098517091542e-19
4.449899063048781e-05 -6.805119573381413e-19
4.4528795714634155e-05 -6.664269208181223e-19
4.4558600798780486e-05 -6.906237641869588e-19
4.458840588292683e-05 -6.965991679244544e-19
4.4618210967073176e-05 -6.858002040528652e-19
4.464801605121952e-05 -6.898188945478056e-19
4.467782113536586e-05 -6.906986198395109e-19
4.4707626219512196e-05 -7.061180168020564e-19
4.473743130365854e-05 -7.090176394677638e-19
4.476723638780488e-05 -6.864937259966864e-19
4.4797041471951224e-05 -7.03480769120029e-19
4.482684655609757e-05 -7.193703629267262e-19
4.48566516402439e-05 -7.046683580595004e-19
4.4886456724390245e-05 -7.084370821951187e-19
4.491626180853659e-05 -7.086401964685433e-19
4.4946066892682934e-05 -7.15714183895369e-19
4.497587197682927e-05 -7.280054983990579e-19
4.500567706097562e-05 -7.070472888297888e-19
4.5035482145121955e-05 -7.120810468382579e-19
4.506528722926829e-05 -7.343695348168067e-19
4.509509231341464e-05 -7.218724992243024e-19
4.512489739756098e-05 -7.193513302395128e-19
4.5154702481707314e-05 -7.223855460949751e-19
4.518450756585366e-05 -7.233355017461653e-19
4.5214312650000003e-05 -7.386426968085058e-19
4.524411773414635e-05 -7.2503541587314325e-19
4.5273922818292686e-05 -7.159839942526523e-19
4.530372790243903e-05 -7.406362361609828e-19
4.533353298658537e-05 -7.36582669743167e-19
4.536333807073171e-05 -7.2549747004767315e-19
4.539314315487805e-05 -7.311304430356196e-19
4.5422948239024397e-05 -7.299683063244985e-19
4.545275332317074e-05 -7.421001334058497e-19
4.548255840731707e-05 -7.381229407330674e-19
4.551236349146342e-05 -7.177316995118449e-19
4.554216857560976e-05 -7.376228096716497e-19
4.55719736597561e-05 -7.462542606931496e-19
4.5601778743902445e-05 -7.2807046547218445e-19
4.563158382804879e-05 -7.321881871856078e-19
4.566138891219512e-05 -7.328035672297669e-19
4.5691193996341466e-05 -7.399160225715944e-19
4.572099908048781e-05 -7.445117602548411e-19
4.5750804164634155e-05 -7.216762137402429e-19
4.5780609248780486e-05 -7.322728659041643e-19
4.581041433292683e-05 -7.479839072836684e-19
4.5840219417073176e-05 -7.30315994523089e-19
4.5870024501219514e-05 -7.291474030039055e-19
4.589982958536586e-05 -7.313966435413848e-19
4.5929634669512203e-05 -7.337154422168986e-19
4.5959439753658535e-05 -7.427564415931178e-19
4.598924483780488e-05 -7.228949828027783e-19
4.6019049921951224e-05 -7.200053719188315e-19
4.604885500609757e-05 -7.429419850551743e-19
4.607866009024391e-05 -7.313140087767567e-19
4.6108465174390245e-05 -7.223555377318834e-19
4.613827025853659e-05 -7.259285402906263e-19
4.616807534268293e-05 -7.241812160265877e-19
4.619788042682927e-05 -7.348773042538611e-19
4.622768551097562e-05 -7.216777042061492e-19
4.625749059512195e-05 -7.076995133467114e-19
4.628729567926829e-05 -7.291554524582226e-19
4.631710076341464e-05 -7.267929829839633e-19
4.634690584756098e-05 -7.096357025448413e-19
4.637671093170732e-05 -7.133159834913578e-19
4.6406516015853666e-05 -7.123390301166733e-19
4.6436321100000004e-05 -7.203302865447802e-19
4.646612618414634e-05 -7.169658974315411e-19
4.6495931268292686e-05 -6.938766752878809e-19
4.652573635243903e-05 -7.096216918972536e-19
4.6555541436585376e-05 -7.177697264494445e-19
4.658534652073171e-05 -6.965641146323024e-19
4.661515160487805e-05 -6.966791634490163e-19
4.66449566890244e-05 -6.979000839564475e-19
4.6674761773170735e-05 -7.009640513649053e-19
4.670456685731708e-05 -7.014939227214675e-19
4.673437194146342e-05 -6.802760081366766e-19
4.6764177025609756e-05 -6.857922774335914e-19
4.67939821097561e-05 -7.016102265314481e-19
4.6823787193902445e-05 -6.825827181080708e-19
4.685359227804879e-05 -6.752695351692544e-19
4.688339736219512e-05 -6.798705988620496e-19
4.6913202446341466e-05 -6.781227972828314e-19
4.694300753048781e-05 -6.822085173876455e-19
4.697281261463415e-05 -6.638769324254271e-19
4.7002617698780493e-05 -6.567029064802621e-19
4.703242278292684e-05 -6.777532285936346e-19
4.706222786707317e-05 -6.66669601433557e-19
4.7092032951219514e-05 -6.49089514471928e-19
4.712183803536586e-05 -6.543116516919405e-19
4.7151643119512204e-05 -6.55024585350088e-19
4.7181448203658535e-05 -6.585211369799294e-19
4.721125328780488e-05 -6.462038879719122e-19
4.7241058371951225e-05 -6.273876305255689e-19
4.727086345609756e-05 -6.464047085931385e-19
4.730066854024391e-05 -6.474988547170656e-19
4.733047362439025e-05 -6.229024435595791e-19
4.736027870853658e-05 -6.244304739422257e-19
4.739008379268293e-05 -6.266116433291152e-19
4.741988887682927e-05 -6.257128098740974e-19
4.744969396097562e-05 -6.197450206159719e-19
4.7479499045121956e-05 -6.011438183817458e-19
4.7509304129268294e-05 -6.117497732631217e-19
4.753910921341464e-05 -6.198146979455298e-19
4.7568914297560976e-05 -5.962388761363951e-19
4.759871938170732e-05 -5.918914108490923e-19
4.7628524465853666e-05 -5.951593089084382e-19
4.765832955000001e-05 -5.940361845074896e-19
4.768813463414634e-05 -5.93421082518428e-19
4.771793971829269e-05 -5.708926310587498e-19
4.774774480243903e-05 -5.720768955845948e-19
4.777754988658537e-05 -5.880315022183448e-19
4.7807354970731714e-05 -5.660880478605521e-19
4.783716005487805e-05 -5.564360263335019e-19
4.786696513902439e-05 -5.619910936527443e-19
4.7896770223170735e-05 -5.576803252831413e-19
4.792657530731708e-05 -5.596736980195585e-19
4.7956380391463425e-05 -5.421293540670406e-19
4.7986185475609756e-05 -5.322511531697384e-19
4.80159905597561e-05 -5.521540363606545e-19
4.8045795643902445e-05 -5.386639619596766e-19
4.807560072804878e-05 -5.174956249290603e-19
4.810540581219513e-05 -5.249357487978557e-19
4.813521089634147e-05 -5.220621023675899e-19
4.8165015980487804e-05 -5.207918041985115e-19
4.819482106463415e-05 -5.112232162235107e-19
4.8224626148780494e-05 -4.916388621207679e-19
4.825443123292684e-05 -5.08202734392809e-19
4.828423631707317e-05 -5.084920138303855e-19
4.8314041401219514e-05 -4.807833663369673e-19
4.834384648536586e-05 -4.833058123605729e-19
4.83736515695122e-05 -4.847765326782552e-19
4.840345665365854e-05 -4.811117144955681e-19
4.843326173780489e-05 -4.752691616642337e-19
4.846306682195122e-05 -4.525805941953984e-19
4.849287190609756e-05 -4.619077489424337e-19
4.852267699024391e-05 -4.71425081618959e-19
4.855248207439025e-05 -4.435501008073407e-19
4.858228715853659e-05 -4.368267823725254e-19
4.861209224268293e-05 -4.439863565023159e-19
4.864189732682927e-05 -4.391538103706706e-19
4.867170241097561e-05 -4.343598537531122e-19
4.8701507495121956e-05 -4.158557637086873e-19
4.87313125792683e-05 -4.1265522174776815e-19
4.8761117663414645e-05 -4.298295420443235e-19
4.879092274756098e-05 -4.075324402954642e-19
4.882072783170732e-05 -3.9051300061771412e-19
