0.0 2.7122988854819946e-19
2.980343708609271e-08 2.6929821452591047e-19
5.960687417218542e-08 2.6153192833668405e-19
8.941031125827813e-08 2.7320185658774917e-19
1.1921374834437084e-07 2.6325574302316717e-19
1.4901718543046357e-07 2.675012736260338e-19
1.7882062251655626e-07 2.761953756476657e-19
2.08624059602649e-07 2.594553228071411e-19
2.384274966887417e-07 2.676274869706519e-19
2.682309337748344e-07 2.726414399431178e-19
2.9803437086092715e-07 2.6271275986507366e-19
3.2783780794701983e-07 2.715990690304902e-19
3.576412450331125e-07 2.651974967897383e-19
3.874446821192053e-07 2.611521214065227e-19
4.17248119205298e-07 2.72925737270775e-19
4.470515562913907e-07 2.620330700499316e-19
4.768549933774833e-07 2.61837715005377e-19
5.066584304635761e-07 2.7261591018726596e-19
5.364618675496688e-07 2.625113266930268e-19
5.662653046357616e-07 2.6529477584547955e-19
5.960687417218543e-07 2.6726380988950626e-19
6.258721788079469e-07 2.5786735761342267e-19
6.556756158940397e-07 2.680128030121929e-19
6.854790529801324e-07 2.6499842938859073e-19
7.15282490066225e-07 2.557478233536787e-19
7.450859271523178e-07 2.6516641055690463e-19
7.748893642384106e-07 2.595251029464425e-19
8.046928013245032e-07 2.58300787493062e-19
8.34496238410596e-07 2.6392016596775845e-19
8.642996754966886e-07 2.5311155809171007e-19
8.941031125827814e-07 2.5966561407114093e-19
9.239065496688741e-07 2.639272488521694e-19
9.537099867549667e-07 2.4865960967129467e-19
9.835134238410595e-07 2.56680397127385e-19
1.0133168609271522e-06 2.5868803144391557e-19
1.043120298013245e-06 2.4856699712192645e-19
1.0729237350993376e-06 2.5713678670188447e-19
1.1027271721854303e-06 2.4691071968268534e-19
1.1325306092715231e-06 2.456103978260349e-19
1.162334046357616e-06 2.5714158797237886e-19
1.1921374834437086e-06 2.4068505491013034e-19
1.2219409205298012e-06 2.4560444717856504e-19
1.2517443576158938e-06 2.5211096145750477e-19
1.2815477947019865e-06 2.396269237634237e-19
1.3113512317880793e-06 2.4711432974512798e-19
1.341154668874172e-06 2.4153214704429303e-19
1.3709581059602648e-06 2.3539107348269355e-19
1.4007615430463576e-06 2.4832395923811426e-19
1.43056498013245e-06 2.366772438533807e-19
1.4603684172185429e-06 2.2856587626602953e-19
1.4901718543046355e-06 2.4025998180835823e-19
1.5199752913907284e-06 2.335824410330411e-19
1.5497787284768212e-06 2.3056402842532294e-19
1.5795821655629136e-06 2.3155285270866073e-19
1.6093856026490065e-06 2.2250341914614535e-19
1.6391890397350993e-06 2.3322458588269975e-19
1.668992476821192e-06 2.3063623907696725e-19
1.6987959139072848e-06 2.148049960243969e-19
1.7285993509933772e-06 2.2646396757121236e-19
1.75840278807947e-06 2.236620249197235e-19
1.7882062251655629e-06 2.1519446362484145e-19
1.8180096622516555e-06 2.1969729266206356e-19
1.8478130993377481e-06 2.0832094855965956e-19
1.8776165364238408e-06 2.1485184082105977e-19
1.9074199735099334e-06 2.1970259625879955e-19
1.9372234105960264e-06 1.9842868890053074e-19
1.967026847682119e-06 2.0689661821452014e-19
1.9968302847682117e-06 2.12439997656329e-19
2.0266337218543043e-06 1.9979711600180972e-19
2.056437158940397e-06 2.0505379434098035e-19
2.08624059602649e-06 1.9643974678756835e-19
2.1160440331125826e-06 1.9502363902217977e-19
2.1458474701986753e-06 2.0498951653804974e-19
2.175650907284768e-06 1.8697139250013325e-19
2.2054543443708605e-06 1.858272028802921e-19
2.2352577814569536e-06 1.9574004320435037e-19
2.2650612185430462e-06 1.8432485251221177e-19
2.294864655629139e-06 1.8338710734643593e-19
2.324668092715232e-06 1.7950581517125582e-19
2.354471529801324e-06 1.7487352486059368e-19
2.384274966887417e-06 1.8446687975894288e-19
2.41407840397351e-06 1.7288622243337255e-19
2.4438818410596024e-06 1.6366544006694074e-19
2.473685278145695e-06 1.7565400008850385e-19
2.5034887152317877e-06 1.6874266992039937e-19
2.5332921523178807e-06 1.6020541357035057e-19
2.563095589403973e-06 1.6130251875306124e-19
2.592899026490066e-06 1.5345091374890898e-19
2.6227024635761586e-06 1.606982338900726e-19
2.6525059006622517e-06 1.561392395035012e-19
2.682309337748344e-06 1.3672010933157287e-19
2.7121127748344365e-06 1.518791944632484e-19
2.7419162119205296e-06 1.5049553396998095e-19
2.771719649006622e-06 1.345527410140243e-19
2.8015230860927153e-06 1.4027883923056352e-19
2.8313265231788075e-06 1.325092530638583e-19
2.8611299602649e-06 1.3478353710664376e-19
2.890933397350993e-06 1.3601460261595566e-19
2.9207368344370858e-06 1.1601563506491837e-19
2.950540271523179e-06 1.2279142940416606e-19
2.980343708609271e-06 1.280209939482216e-19
3.0101471456953637e-06 1.1220147798831026e-19
3.0399505827814567e-06 1.1196159335507423e-19
3.0697540198675493e-06 1.0942081685498975e-19
3.0995574569536424e-06 1.0713678752399321e-19
3.1293608940397346e-06 1.1129480671844735e-19
3.1591643311258272e-06 9.491081885509139e-20
3.1889677682119203e-06 9.246783226957883e-20
3.218771205298013e-06 1.0371939651980393e-19
3.248574642384106e-06 8.95597114781507e-20
3.2783780794701986e-06 8.452723756218401e-20
3.308181516556291e-06 8.573781331508421e-20
3.337984953642384e-06 7.744037042570782e-20
3.3677883907284765e-06 8.298041898959767e-20
3.3975918278145695e-06 7.289303298577109e-20
3.427395264900662e-06 6.12246825114256e-20
3.4571987019867544e-06 7.515686830105461e-20
3.4870021390728474e-06 6.775157713401926e-20
3.51680557615894e-06 5.532810740715748e-20
3.5466090132450327e-06 5.790832003244561e-20
3.5764124503311257e-06 5.258877102742168e-20
3.606215887417218e-06 5.61660265656673e-20
3.636019324503311e-06 4.97866126178131e-20
3.6658227615894036e-06 3.235820094691423e-20
3.6956261986754963e-06 4.407773924265972e-20
3.7254296357615893e-06 4.5042976354392955e-20
3.7552330728476815e-06 2.677329277695987e-20
3.785036509933774e-06 2.9069401977905e-20
3.814839947019867e-06 2.5760491056796117e-20
3.84464338410596e-06 2.4853420458596432e-20
3.874446821192053e-06 2.5885324160768855e-20
3.904250258278145e-06 6.3885461211735785e-21
3.934053695364238e-06 1.2117393496399574e-20
3.96385713245033e-06 1.9981565133112798e-20
3.993660569536423e-06 4.921787750580599e-22
4.0234640066225165e-06 -2.2267542397493943e-21
4.053267443708609e-06 -7.523957560788638e-22
4.083070880794702e-06 -3.65907551081118e-21
4.112874317880794e-06 -3.0440593303532928e-21
4.142677754966887e-06 -1.901556703796695e-20
4.17248119205298e-06 -2.1024864485638994e-20
4.202284629139072e-06 -7.347378213063772e-21
4.232088066225165e-06 -2.311438348759926e-20
4.2618915033112575e-06 -3.4053817276787134e-20
4.2916949403973506e-06 -2.68400630065097e-20
4.321498377483444e-06 -3.2383937380576615e-20
4.351301814569536e-06 -3.252306304359217e-20
4.381105251655629e-06 -4.191857602917943e-20
4.410908688741721e-06 -5.384656768429183e-20
4.440712125827814e-06 -3.897255651965642e-20
4.470515562913907e-06 -4.7874899550430416e-20
4.500319e-06 -6.528141246772671e-20
4.5301224370860924e-06 -5.625949442814132e-20
4.559925874172185e-06 -6.17544981161622e-20
4.589729311258278e-06 -6.414543124868471e-20
4.619532748344371e-06 -6.732577096077544e-20
4.649336185430464e-06 -8.354982486743498e-20
4.679139622516556e-06 -7.065895678429586e-20
4.708943059602648e-06 -7.142753685743038e-20
4.738746496688741e-06 -9.435706399570272e-20
4.768549933774834e-06 -8.886831833715575e-20
4.7983533708609265e-06 -8.731623691825049e-20
4.82815680794702e-06 -9.47283052105675e-20
4.857960245033112e-06 -9.601898351825949e-20
4.887763682119205e-06 -1.0884718386217287e-19
4.917567119205298e-06 -1.0545903678620601e-19
4.94737055629139e-06 -9.725994721290656e-20
4.977173993377482e-06 -1.1777051379558007e-19
5.006977430463575e-06 -1.2226817687524904e-19
5.036780867549668e-06 -1.1382021358699515e-19
5.0665843046357615e-06 -1.2160669493681459e-19
5.096387741721854e-06 -1.250087409876002e-19
5.126191178807946e-06 -1.346813139248919e-19
5.155994615894039e-06 -1.3722327645409165e-19
5.185798052980132e-06 -1.2560312922031758e-19
5.215601490066225e-06 -1.4217914069343474e-19
5.245404927152317e-06 -1.541301720950363e-19
5.27520836423841e-06 -1.4217744805254653e-19
5.305011801324503e-06 -1.4698549394174531e-19
5.334815238410596e-06 -1.5282905427725138e-19
5.364618675496688e-06 -1.587114961722331e-19
5.394422112582781e-06 -1.6671395544868303e-19
5.424225549668873e-06 -1.5352948681703829e-19
5.454028986754966e-06 -1.6297035785304765e-19
5.483832423841059e-06 -1.8245765497121192e-19
5.513635860927152e-06 -1.7125271934120618e-19
5.543439298013244e-06 -1.726618447028612e-19
5.5732427350993375e-06 -1.8031724386936287e-19
5.6030461721854305e-06 -1.8411003403942512e-19
5.6328496092715236e-06 -1.9254531809448723e-19
5.662653046357615e-06 -1.8233580429600887e-19
5.692456483443708e-06 -1.8615679881679611e-19
5.7222599205298e-06 -2.0589357015936102e-19
5.752063357615893e-06 -1.9828543148376431e-19
5.781866794701986e-06 -1.9443866968527167e-19
5.811670231788079e-06 -2.0500211448912978e-19
5.8414736688741715e-06 -2.078270446409058e-19
5.871277105960265e-06 -2.1677592238508551e-19
5.901080543046358e-06 -2.1277198640306977e-19
5.93088398013245e-06 -2.065821034748493e-19
5.960687417218542e-06 -2.2770553193246126e-19
5.990490854304635e-06 -2.2733421405673164e-19
6.020294291390727e-06 -2.1630331587280051e-19
6.05009772847682e-06 -2.2846632711291344e-19
6.0799011655629134e-06 -2.302962690710934e-19
6.109704602649006e-06 -2.3526278510814466e-19
6.139508039735099e-06 -2.3912808076792933e-19
6.169311476821192e-06 -2.2714910222742986e-19
6.199114913907285e-06 -2.4397981080545243e-19
6.228918350993377e-06 -2.5483201891129643e-19
6.258721788079469e-06 -2.3828686153991445e-19
6.288525225165562e-06 -2.4700683884457226e-19
6.3183286622516545e-06 -2.547368630778265e-19
6.3481320993377475e-06 -2.543249342912619e-19
6.377935536423841e-06 -2.6218783153211778e-19
6.407738973509933e-06 -2.512445965196945e-19
6.437542410596026e-06 -2.5735005528923893e-19
6.467345847682119e-06 -2.7603158002755e-19
6.497149284768212e-06 -2.616605527252592e-19
6.526952721854304e-06 -2.6160182251866335e-19
6.556756158940397e-06 -2.7504216867855345e-19
6.5865595960264886e-06 -2.7181866367686307e-19
6.616363033112582e-06 -2.797568092735751e-19
6.646166470198675e-06 -2.7547258798434592e-19
6.675969907284768e-06 -2.7345056097332476e-19
6.70577334437086e-06 -2.9544036647311486e-19
6.735576781456953e-06 -2.840080202053516e-19
6.765380218543046e-06 -2.769521870353593e-19
6.795183655629139e-06 -2.9354737751184006e-19
6.824987092715231e-06 -2.8955417650946296e-19
6.854790529801324e-06 -2.941878633526513e-19
6.884593966887416e-06 -2.9392781035753306e-19
6.914397403973509e-06 -2.881966092146721e-19
6.944200841059602e-06 -3.0697842267237173e-19
6.974004278145695e-06 -3.0339485028268925e-19
7.003807715231787e-06 -2.9218877985255675e-19
7.03361115231788e-06 -3.0739043741448726e-19
7.063414589403973e-06 -3.079438048340317e-19
7.093218026490065e-06 -3.068063020212899e-19
7.1230214635761584e-06 -3.10395285077194e-19
7.1528249006622515e-06 -3.022487169836151e-19
7.182628337748343e-06 -3.1536588942742834e-19
7.212431774834436e-06 -3.2095166673931886e-19
7.242235211920529e-06 -3.0525620984868327e-19
7.272038649006622e-06 -3.148009190488436e-19
7.301842086092714e-06 -3.2250997938214298e-19
7.331645523178807e-06 -3.1789022459218833e-19
7.3614489602649e-06 -3.2184335625209413e-19
7.3912523973509925e-06 -3.1568543931399274e-19
7.421055834437086e-06 -3.21333019324257e-19
7.450859271523179e-06 -3.3340698596504495e-19
7.48066270860927e-06 -3.1752696276074207e-19
7.510466145695363e-06 -3.2092225482721926e-19
7.540269582781456e-06 -3.3436084610577154e-19
7.570073019867548e-06 -3.235940579923312e-19
7.599876456953641e-06 -3.2800060684816395e-19
7.629679894039734e-06 -3.2815201831160276e-19
7.659483331125827e-06 -3.2408491593447327e-19
7.68928676821192e-06 -3.392435846715158e-19
7.719090205298013e-06 -3.303400375061004e-19
7.748893642384106e-06 -3.234847515057788e-19
7.778697079470199e-06 -3.383729673592589e-19
7.80850051655629e-06 -3.3294801914267846e-19
7.838303953642383e-06 -3.317490103097425e-19
7.868107390728476e-06 -3.3602207874956364e-19
7.89791082781457e-06 -3.2842294455658747e-19
7.92771426490066e-06 -3.383757565515286e-19
7.957517701986754e-06 -3.3898741491935743e-19
7.987321139072847e-06 -3.253821434673493e-19
8.01712457615894e-06 -3.3694884529996753e-19
8.046928013245033e-06 -3.402613679013748e-19
8.076731450331126e-06 -3.3295157266570405e-19
8.106534887417217e-06 -3.367692797726722e-19
8.13633832450331e-06 -3.3215341431535995e-19
8.166141761589403e-06 -3.3649065049437395e-19
8.195945198675497e-06 -3.4174732543017224e-19
8.225748635761588e-06 -3.2849636825163716e-19
8.255552072847681e-06 -3.32854031842076e-19
8.285355509933774e-06 -3.413969749257807e-19
8.315158947019867e-06 -3.3214921123588104e-19
8.34496238410596e-06 -3.3486380277349106e-19
8.374765821192053e-06 -3.3351290735726865e-19
8.404569258278144e-06 -3.316658842531866e-19
8.434372695364238e-06 -3.4195874584644107e-19
8.46417613245033e-06 -3.2972883919958586e-19
8.493979569536424e-06 -3.2835187344403245e-19
8.523783006622515e-06 -3.4095207157260247e-19
8.553586443708608e-06 -3.3089590365866023e-19
8.583389880794701e-06 -3.311645567336603e-19
8.613193317880794e-06 -3.330297029849619e-19
8.642996754966887e-06 -3.274369125694774e-19
8.67280019205298e-06 -3.3532671615735063e-19
8.702603629139072e-06 -3.2858536542529257e-19
8.732407066225165e-06 -3.225413696847402e-19
8.762210503311258e-06 -3.3539562527896135e-19
8.792013940397349e-06 -3.2911468319739537e-19
8.821817377483442e-06 -3.234517442111674e-19
8.851620814569535e-06 -3.292890107689253e-19
8.881424251655628e-06 -3.2372964405489847e-19
8.911227688741721e-06 -3.2695011877665894e-19
8.941031125827814e-06 -3.2593231062885887e-19
8.970834562913907e-06 -3.1585107679348254e-19
9.000638e-06 -3.2440177483980486e-19
9.030441437086092e-06 -3.233635784808366e-19
9.060244874172185e-06 -3.133458808060296e-19
9.090048311258276e-06 -3.2139598680143815e-19
9.11985174834437e-06 -3.180683934248833e-19
9.149655185430462e-06 -3.137943062838392e-19
9.179458622516555e-06 -3.2035478953484735e-19
9.209262059602648e-06 -3.1001022077568027e-19
9.239065496688742e-06 -3.1188412216064973e-19
9.268868933774835e-06 -3.1769643761657775e-19
9.298672370860928e-06 -3.0491578442646684e-19
9.328475807947019e-06 -3.101994761823948e-19
9.358279245033112e-06 -3.102351634916741e-19
9.388082682119203e-06 -3.015636510017637e-19
9.417886119205296e-06 -3.0981991065450986e-19
9.44768955629139e-06 -3.010516478663123e-19
9.477492993377483e-06 -2.9695486915852343e-19
9.507296430463576e-06 -3.069355897407453e-19
9.537099867549669e-06 -2.9523571834940067e-19
9.566903304635762e-06 -2.953119055277312e-19
9.596706741721853e-06 -3.005664833418163e-19
9.626510178807946e-06 -2.8824088104986226e-19
9.65631361589404e-06 -2.9340957050329603e-19
9.68611705298013e-06 -2.933409990501511e-19
9.715920490066224e-06 -2.8261386821691803e-19
9.745723927152317e-06 -2.9046061803154787e-19
9.77552736423841e-06 -2.8459658425745086e-19
9.805330801324503e-06 -2.784968768620164e-19
9.835134238410596e-06 -2.8594403751321213e-19
9.864937675496689e-06 -2.7549305345386696e-19
9.89474111258278e-06 -2.7544337684781977e-19
9.924544549668873e-06 -2.8063969249509504e-19
9.954347986754965e-06 -2.6863733527516867e-19
9.984151423841058e-06 -2.7191249867944606e-19
1.001395486092715e-05 -2.7302969175636167e-19
1.0043758298013244e-05 -2.61689571638369e-19
1.0073561735099337e-05 -2.6678192015809527e-19
1.010336517218543e-05 -2.6271950943562867e-19
1.0133168609271523e-05 -2.543938145126027e-19
1.0162972046357616e-05 -2.6290493605721044e-19
1.0192775483443707e-05 -2.5451366161522054e-19
1.02225789205298e-05 -2.5011486001139703e-19
1.0252382357615892e-05 -2.557928363311287e-19
1.0282185794701985e-05 -2.434836969095882e-19
1.0311989231788078e-05 -2.4717936335678554e-19
1.0341792668874171e-05 -2.483740908183792e-19
1.0371596105960264e-05 -2.3466126822743143e-19
1.0401399543046357e-05 -2.419683339913176e-19
1.043120298013245e-05 -2.383780608847385e-19
1.0461006417218543e-05 -2.2819328766404667e-19
1.0490809854304635e-05 -2.340983867944374e-19
1.0520613291390728e-05 -2.2563426007248906e-19
1.055041672847682e-05 -2.2393335355840767e-19
1.0580220165562914e-05 -2.283830251652098e-19
1.0610023602649007e-05 -2.1496784878877386e-19
1.06398270397351e-05 -2.180690874310368e-19
1.0669630476821193e-05 -2.20559006110094e-19
1.0699433913907282e-05 -2.0853975004811805e-19
1.0729237350993376e-05 -2.1177248492149247e-19
1.0759040788079469e-05 -2.0835167892039875e-19
1.0788844225165562e-05 -2.0167459320392166e-19
1.0818647662251655e-05 -2.0701701583496985e-19
1.0848451099337746e-05 -1.957288073010595e-19
1.0878254536423839e-05 -1.9051934920355535e-19
1.0908057973509932e-05 -1.9981913299308068e-19
1.0937861410596025e-05 -1.8761376117754959e-19
1.0967664847682118e-05 -1.8346626645752237e-19
1.0997468284768211e-05 -1.8713783232386114e-19
1.1027271721854304e-05 -1.782686385014142e-19
1.1057075158940396e-05 -1.832572214411444e-19
1.1086878596026489e-05 -1.7647615630230683e-19
1.1116682033112582e-05 -1.6491490185743702e-19
1.1146485470198675e-05 -1.7596738270963944e-19
1.1176288907284768e-05 -1.6842652449092527e-19
1.1206092344370861e-05 -1.5855691360804064e-19
1.1235895781456954e-05 -1.637458550345298e-19
1.1265699218543047e-05 -1.5469457571720518e-19
1.1295502655629137e-05 -1.5565610951386636e-19
1.132530609271523e-05 -1.5479163140452295e-19
1.1355109529801323e-05 -1.3924302834955938e-19
1.1384912966887416e-05 -1.47546523115429e-19
1.1414716403973507e-05 -1.469639205538143e-19
1.14445198410596e-05 -1.3267661204825965e-19
1.1474323278145693e-05 -1.375821317842752e-19
1.1504126715231786e-05 -1.3159296962860758e-19
1.153393015231788e-05 -1.2753783450019772e-19
1.1563733589403973e-05 -1.3109862145621133e-19
1.1593537026490066e-05 -1.155682247653319e-19
1.1623340463576159e-05 -1.1630371349719045e-19
1.165314390066225e-05 -1.2313953360098796e-19
1.1682947337748343e-05 -1.0809091840416553e-19
1.1712750774834436e-05 -1.0677869149968481e-19
1.174255421192053e-05 -1.0763739067308421e-19
1.1772357649006622e-05 -9.958142151991051e-20
1.1802161086092715e-05 -1.0365249575810899e-19
1.1831964523178808e-05 -9.300673042128254e-20
1.18617679602649e-05 -8.627772062253536e-20
1.1891571397350993e-05 -9.822715642012535e-20
1.1921374834437084e-05 -8.397221148131659e-20
1.1951178271523177e-05 -7.473168952580605e-20
1.198098170860927e-05 -8.224065454129026e-20
1.2010785145695362e-05 -7.443410779637865e-20
1.2040588582781455e-05 -7.381343454281432e-20
1.2070392019867548e-05 -6.937926088633143e-20
1.210019545695364e-05 -5.829748212312781e-20
1.2129998894039734e-05 -6.713800766995621e-20
1.2159802331125827e-05 -6.152545310364964e-20
1.218960576821192e-05 -4.74032425888358e-20
1.2219409205298011e-05 -5.3542215160748204e-20
1.2249212642384104e-05 -4.8756167492655716e-20
1.2279016079470197e-05 -4.483738968466109e-20
1.230881951655629e-05 -4.253222125978749e-20
1.2338622953642383e-05 -2.8898709904704244e-20
1.2368426390728477e-05 -3.746687924889968e-20
1.239822982781457e-05 -3.797447006706733e-20
1.2428033264900663e-05 -1.9658579532167278e-20
1.2457836701986754e-05 -2.320685291213009e-20
1.2487640139072847e-05 -2.4895449163526778e-20
1.2517443576158938e-05 -1.6960857960110773e-20
1.2547247013245031e-05 -1.5838105340808694e-20
1.2577050450331125e-05 -6.177567261916974e-21
1.2606853887417216e-05 -5.814550588361641e-21
1.2636657324503309e-05 -1.2896684683775424e-20
1.2666460761589402e-05 3.520359792705808e-21
1.2696264198675495e-05 8.642725229946816e-21
1.2726067635761588e-05 2.1063927805136657e-21
1.2755871072847681e-05 8.932639048943394e-21
1.2785674509933774e-05 1.0294263469678834e-20
1.2815477947019866e-05 1.9994768538854447e-20
1.2845281384105959e-05 2.3855364503402718e-20
1.2875084821192052e-05 1.2843546321996639e-20
1.2904888258278145e-05 2.5757494145277533e-20
1.2934691695364238e-05 3.580919287970675e-20
1.296449513245033e-05 2.9259156085896196e-20
1.2994298569536424e-05 3.4195276620902497e-20
1.3024102006622515e-05 3.8932881643413256e-20
1.3053905443708608e-05 4.433634296744506e-20
1.3083708880794701e-05 5.1856122708394557e-20
1.3113512317880794e-05 4.3816173222968665e-20
1.3143315754966886e-05 4.89837716101916e-20
1.3173119192052977e-05 6.434429735955999e-20
1.320292262913907e-05 5.691513651007262e-20
1.3232726066225163e-05 5.898578302981236e-20
1.3262529503311256e-05 6.636278792607713e-20
1.329233294039735e-05 6.855788683071962e-20
1.3322136377483442e-05 7.829194992463709e-20
1.3351939814569535e-05 7.11722232162572e-20
1.3381743251655628e-05 7.317110906898021e-20
1.341154668874172e-05 8.984777461463104e-20
1.3441350125827813e-05 8.756084156815122e-20
1.3471153562913906e-05 8.675614010657353e-20
1.3500956999999999e-05 9.12442684513989e-20
1.3530760437086092e-05 9.56140584385222e-20
1.3560563874172185e-05 1.0436297674044286e-19
1.3590367311258278e-05 1.0031051671578781e-19
1.362017074834437e-05 9.834305042782843e-20
1.3649974185430463e-05 1.1396980287030382e-19
1.3679777622516556e-05 1.1615577543974233e-19
1.3709581059602649e-05 1.1033491261635186e-19
1.373938449668874e-05 1.173678428168336e-19
1.3769187933774831e-05 1.2319613686307238e-19
1.3798991370860924e-05 1.2989886420299467e-19
1.3828794807947018e-05 1.3141624857283058e-19
1.385859824503311e-05 1.24682129582247e-19
1.3888401682119204e-05 1.3692856734250867e-19
1.3918205119205297e-05 1.4576869288943793e-19
1.394800855629139e-05 1.38225377782425e-19
1.3977811993377481e-05 1.4323346195390663e-19
1.4007615430463574e-05 1.477771807531776e-19
1.4037418867549667e-05 1.5378755085773982e-19
1.406722230463576e-05 1.592242570885732e-19
1.4097025741721853e-05 1.4987285915674154e-19
1.4126829178807946e-05 1.5939553536547053e-19
1.415663261589404e-05 1.7436177687959957e-19
1.418643605298013e-05 1.6736250523423504e-19
1.4216239490066224e-05 1.6852253517124872e-19
1.4246042927152317e-05 1.7630474657717138e-19
1.427584636423841e-05 1.799410560625846e-19
1.4305649801324503e-05 1.8487633401348976e-19
1.4335453238410596e-05 1.811422592693215e-19
1.4365256675496686e-05 1.8291817967882227e-19
1.4395060112582779e-05 1.9697469350952954e-19
1.4424863549668872e-05 1.9703131016583065e-19
1.4454666986754965e-05 1.9127994118600322e-19
1.4484470423841058e-05 1.9966082426385197e-19
1.4514273860927151e-05 2.060347506920292e-19
1.4544077298013244e-05 2.1088895555936892e-19
1.4573880735099335e-05 2.0962341647605282e-19
1.4603684172185428e-05 2.0461692251507701e-19
1.4633487609271521e-05 2.223248403584111e-19
1.4663291046357615e-05 2.253170828153917e-19
1.4693094483443708e-05 2.1389766353325726e-19
1.47228979205298e-05 2.23530397043906e-19
1.4752701357615894e-05 2.2866610306915166e-19
1.4782504794701985e-05 2.3241087349490106e-19
1.4812308231788078e-05 2.345832633153261e-19
1.4842111668874171e-05 2.276649778052038e-19
1.4871915105960264e-05 2.4069912637370385e-19
1.4901718543046357e-05 2.510829774395149e-19
1.493152198013245e-05 2.4085894946522157e-19
1.496132541721854e-05 2.444878303271187e-19
1.4991128854304633e-05 2.530020411176062e-19
1.5020932291390726e-05 2.549773007059512e-19
1.505073572847682e-05 2.581610467423818e-19
1.5080539165562912e-05 2.531389443557889e-19
1.5110342602649005e-05 2.57958885955239e-19
1.5140146039735097e-05 2.70875129558353e-19
1.516994947682119e-05 2.6517348318496876e-19
1.5199752913907283e-05 2.6355403111761243e-19
1.5229556350993376e-05 2.7316732397525933e-19
1.5259359788079467e-05 2.7664687335350513e-19
1.528916322516556e-05 2.806730146829084e-19
1.5318966662251653e-05 2.758873932858104e-19
1.5348770099337746e-05 2.758464990986704e-19
1.537857353642384e-05 2.9212530387352336e-19
1.5408376973509932e-05 2.8807999638546877e-19
1.5438180410596025e-05 2.811020804772309e-19
1.546798384768212e-05 2.9209607086803577e-19
1.549778728476821e-05 2.9478598091689846e-19
1.5527590721854305e-05 2.979445970968023e-19
1.5557394158940398e-05 2.980628556869344e-19
1.5587197596026487e-05 2.9233926469103606e-19
1.561700103311258e-05 3.0699771801061425e-19
1.5646804470198673e-05 3.1201654922165266e-19
1.5676607907284767e-05 2.997648849496454e-19
1.570641134437086e-05 3.066513787610026e-19
1.5736214781456953e-05 3.1349620920184275e-19
1.5766018218543046e-05 3.149082428983218e-19
1.579582165562914e-05 3.1699171824096365e-19
1.582562509271523e-05 3.0861477357755125e-19
1.585542852980132e-05 3.1838685096153937e-19
1.5885231966887414e-05 3.300266863611004e-19
1.5915035403973508e-05 3.1688120834810957e-19
1.59448388410596e-05 3.207890828572046e-19
1.5974642278145694e-05 3.3102961026056048e-19
1.6004445715231787e-05 3.282868555777776e-19
1.603424915231788e-05 3.3299336001816813e-19
1.6064052589403973e-05 3.2776421561797823e-19
1.6093856026490066e-05 3.286565766857486e-19
1.612365946357616e-05 3.4469054733126383e-19
1.6153462900662252e-05 3.358556199257512e-19
1.618326633774834e-05 3.2998284135160403e-19
1.6213069774834435e-05 3.430985687573371e-19
1.6242873211920528e-05 3.427678642752273e-19
1.627267664900662e-05 3.435565349823133e-19
1.6302480086092714e-05 3.4271086196287696e-19
1.6332283523178807e-05 3.398024161509739e-19
1.63620869602649e-05 3.558509939295239e-19
1.6391890397350993e-05 3.5308055716355023e-19
1.6421693834437083e-05 3.395609782390031e-19
1.6451497271523176e-05 3.5252585835422585e-19
1.648130070860927e-05 3.577266772204311e-19
1.6511104145695362e-05 3.539525038234853e-19
1.6540907582781455e-05 3.5477732538838644e-19
1.6570711019867548e-05 3.5063326283665923e-19
1.660051445695364e-05 3.604849393079359e-19
1.6630317894039734e-05 3.6452837169548847e-19
1.6660121331125827e-05 3.524754497964248e-19
1.668992476821192e-05 3.5957460256866106e-19
1.6719728205298013e-05 3.664117200372348e-19
1.6749531642384106e-05 3.632658763394201e-19
1.67793350794702e-05 3.6481762741057056e-19
1.680913851655629e-05 3.596267628883471e-19
1.6838941953642382e-05 3.656228769598778e-19
1.6868745390728475e-05 3.742730051764081e-19
1.6898548827814568e-05 3.6112162439836653e-19
1.692835226490066e-05 3.6200879603839914e-19
1.6958155701986754e-05 3.733000369148348e-19
1.6987959139072847e-05 3.6906298765976916e-19
1.7017762576158937e-05 3.689142781542321e-19
1.704756601324503e-05 3.671892796643165e-19
1.7077369450331123e-05 3.6779158172546832e-19
1.7107172887417216e-05 3.7914879090769453e-19
1.713697632450331e-05 3.704991303989445e-19
1.7166779761589402e-05 3.6390584416823734e-19
1.7196583198675495e-05 3.771268385433407e-19
1.722638663576159e-05 3.7595108112107955e-19
1.725619007284768e-05 3.718593838370894e-19
1.7285993509933774e-05 3.714891266018715e-19
1.7315796947019867e-05 3.6888600389187355e-19
1.734560038410596e-05 3.79470105063259e-19
1.7375403821192054e-05 3.7677144418032964e-19
1.7405207258278143e-05 3.6525557343100195e-19
1.7435010695364236e-05 3.7569640374384117e-19
1.746481413245033e-05 3.7967576473400833e-19
1.7494617569536422e-05 3.738500345080112e-19
1.7524421006622515e-05 3.730118256060523e-19
1.755422444370861e-05 3.707355072623885e-19
1.7584027880794698e-05 3.7777680398830473e-19
1.761383131788079e-05 3.8002940098415903e-19
1.7643634754966884e-05 3.6727639805549133e-19
1.7673438192052977e-05 3.7017659519122054e-19
1.770324162913907e-05 3.7840546929583986e-19
1.7733045066225163e-05 3.7326971944650897e-19
1.7762848503311257e-05 3.717608990678068e-19
1.779265194039735e-05 3.700387810733595e-19
1.7822455377483443e-05 3.7282915711997065e-19
1.7852258814569536e-05 3.8089059190667704e-19
1.788206225165563e-05 3.6923898168552236e-19
1.7911865688741722e-05 3.650677471281247e-19
1.7941669125827815e-05 3.7786242881184914e-19
1.7971472562913908e-05 3.7387536824793524e-19
1.8001276e-05 3.681070145122834e-19
1.803107943708609e-05 3.666753179376067e-19
1.8060882874172184e-05 3.675034238616587e-19
1.8090686311258277e-05 3.756866264189216e-19
1.812048974834437e-05 3.6565592002168804e-19
1.8150293185430463e-05 3.585020310366266e-19
1.8180096622516552e-05 3.7205967648589093e-19
1.8209900059602646e-05 3.6932021032910906e-19
1.823970349668874e-05 3.6236778998435232e-19
1.826950693377483e-05 3.632622771779493e-19
1.8299310370860925e-05 3.605152002750542e-19
1.8329113807947018e-05 3.6766396869101916e-19
1.835891724503311e-05 3.6337064211911703e-19
1.8388720682119204e-05 3.5046683120530647e-19
1.8418524119205297e-05 3.5982650184592886e-19
1.844832755629139e-05 3.6216180225869635e-19
1.8478130993377483e-05 3.548329210735463e-19
1.8507934430463576e-05 3.538682166386755e-19
1.853773786754967e-05 3.4895027018085495e-19
1.8567541304635762e-05 3.5584216154991726e-19
1.8597344741721855e-05 3.5846120102515955e-19
1.8627148178807945e-05 3.4268065669771773e-19
1.8656951615894038e-05 3.457416808549589e-19
1.868675505298013e-05 3.530945634219216e-19
1.8716558490066224e-05 3.4517698858439173e-19
1.8746361927152314e-05 3.4199719089094365e-19
1.8776165364238407e-05 3.3887806043723697e-19
1.88059688013245e-05 3.4004647841302846e-19
1.8835772238410593e-05 3.4357056407572734e-19
1.8865575675496686e-05 3.3155488684742975e-19
1.889537911258278e-05 3.2845405198273887e-19
1.8925182549668872e-05 3.3762480693650137e-19
1.8954985986754965e-05 3.3307844532916635e-19
1.8984789423841058e-05 3.2639241042147577e-19
1.901459286092715e-05 3.2266767534644894e-19
1.9044396298013244e-05 3.2336308912010756e-19
1.9074199735099337e-05 3.2966125518507316e-19
1.910400317218543e-05 3.190848900234339e-19
1.9133806609271523e-05 3.0913314892379706e-19
1.9163610046357616e-05 3.189086327460577e-19
1.9193413483443706e-05 3.168016552786899e-19
1.92232169205298e-05 3.068997105411566e-19
1.9253020357615892e-05 3.0599545872670743e-19
1.9282823794701985e-05 3.0334960637910098e-19
1.931262723178808e-05 3.0826721168715397e-19
1.9342430668874168e-05 3.043988049157795e-19
1.937223410596026e-05 2.893017856189772e-19
1.9402037543046354e-05 2.9784218142338497e-19
1.9431840980132447e-05 2.992402782691657e-19
1.946164441721854e-05 2.8617454036404147e-19
1.9491447854304633e-05 2.8675761023186593e-19
1.9521251291390726e-05 2.8158904984110577e-19
1.955105472847682e-05 2.8344865111151645e-19
1.9580858165562912e-05 2.857366198148725e-19
1.9610661602649006e-05 2.672566439480014e-19
1.96404650397351e-05 2.708383376732934e-19
1.967026847682119e-05 2.7971603040167694e-19
1.9700071913907285e-05 2.654251590642268e-19
1.9729875350993378e-05 2.6229779496573824e-19
1.975967878807947e-05 2.612310140390952e-19
1.978948222516556e-05 2.593678244474632e-19
1.9819285662251653e-05 2.6268364449827385e-19
1.9849089099337747e-05 2.4810794397980014e-19
1.987889253642384e-05 2.430792971544439e-19
1.990869597350993e-05 2.5331630998312673e-19
1.9938499410596022e-05 2.439549857756893e-19
1.9968302847682115e-05 2.3655522235636127e-19
1.999810628476821e-05 2.36264631743765e-19
2.00279097218543e-05 2.3280862398719177e-19
2.0057713158940395e-05 2.376890296589041e-19
2.0087516596026488e-05 2.2632858268225758e-19
2.011732003311258e-05 2.1481547716424205e-19
2.0147123470198674e-05 2.265974862398328e-19
2.0176926907284767e-05 2.2164376248925414e-19
2.020673034437086e-05 2.1034277626712375e-19
2.0236533781456953e-05 2.1063180844116943e-19
2.0266337218543046e-05 2.05474980477367e-19
2.029614065562914e-05 2.0775569240375812e-19
2.0325944092715232e-05 2.0466232136909348e-19
2.035574752980132e-05 1.8853520830260205e-19
2.0385550966887415e-05 1.945657974692627e-19
2.0415354403973508e-05 1.9935823665282356e-19
2.04451578410596e-05 1.8428358834502366e-19
2.0474961278145694e-05 1.8095961133417401e-19
2.0504764715231784e-05 1.7962656089458156e-19
2.0534568152317877e-05 1.7855158000342694e-19
2.056437158940397e-05 1.7865596385829075e-19
2.0594175026490063e-05 1.629073425175952e-19
2.0623978463576156e-05 1.6291257360403703e-19
2.065378190066225e-05 1.7107630976910706e-19
2.0683585337748342e-05 1.561186155260264e-19
2.071338877483444e-05 1.501716452414764e-19
2.0743192211920528e-05 1.5262196109897328e-19
2.0772995649006618e-05 1.4904997043722338e-19
2.0802799086092714e-05 1.4875405969066279e-19
2.0832602523178804e-05 1.377303248257473e-19
2.08624059602649e-05 1.3299148224988988e-19
2.089220939735099e-05 1.3985231752165743e-19
2.0922012834437086e-05 1.3027883363275024e-19
2.0951816271523176e-05 1.2099359977796334e-19
2.098161970860927e-05 1.214918856789925e-19
2.1011423145695362e-05 1.190590310128161e-19
2.1041226582781455e-05 1.1655107308567422e-19
2.1071030019867548e-05 1.0993914292554074e-19
2.110083345695364e-05 1.0154033032945842e-19
2.113063689403973e-05 1.0614444974996601e-19
2.1160440331125827e-05 1.0475689740613676e-19
2.1190243768211917e-05 9.218202369160729e-20
2.1220047205298013e-05 9.199330706255851e-20
2.1249850642384103e-05 8.91788116355461e-20
2.12796540794702e-05 8.545109796410644e-20
2.130945751655629e-05 8.269787335597443e-20
2.1339260953642386e-05 7.059361712038333e-20
2.1369064390728475e-05 7.413885702478494e-20
2.1398867827814565e-05 7.515302262142599e-20
2.142867126490066e-05 5.965160159663171e-20
2.145847470198675e-05 5.976348377125653e-20
2.1488278139072848e-05 6.10921826601745e-20
2.1518081576158937e-05 5.3404399316596054e-20
2.154788501324503e-05 5.2227122338302926e-20
2.1577688450331123e-05 4.367032904078894e-20
2.1607491887417216e-05 3.8769136077137233e-20
2.163729532450331e-05 4.48451751922254e-20
2.1667098761589402e-05 3.387263387816567e-20
2.1696902198675492e-05 2.5351314881469654e-20
2.172670563576159e-05 2.946293813546206e-20
2.1756509072847678e-05 2.422431657297826e-20
2.1786312509933775e-05 2.0936389697294595e-20
2.1816115947019864e-05 1.3673403025487245e-20
2.184591938410596e-05 6.280904443374642e-21
2.187572282119205e-05 1.26281678777545e-20
2.1905526258278147e-05 5.599396672795868e-21
2.1935329695364237e-05 -4.6841472944575956e-21
2.196513313245033e-05 -1.7248924183941507e-21
2.1994936569536423e-05 -5.933471163854754e-21
2.2024740006622512e-05 -1.0526002105721667e-20
2.205454344370861e-05 -1.4765749139637437e-20
2.20843468807947e-05 -2.4516019641789235e-20
2.211415031788079e-05 -2.1568537334169803e-20
2.2143953754966885e-05 -2.2382774689961507e-20
2.2173757192052978e-05 -3.585578999680682e-20
2.220356062913907e-05 -3.4884184794324463e-20
2.2233364066225164e-05 -3.500725408886964e-20
2.2263167503311253e-05 -4.239321158161451e-20
2.229297094039735e-05 -4.388430330146822e-20
2.232277437748344e-05 -5.2211211639862496e-20
2.2352577814569536e-05 -5.326617671363984e-20
2.2382381251655626e-05 -5.1545806578347606e-20
2.2412184688741722e-05 -6.522727011132648e-20
2.244198812582781e-05 -6.624499748451528e-20
