0.0 1.7610144739114685e-19
2.9816809900990094e-08 1.6937955212798359e-19
5.963361980198019e-08 1.6843647565972624e-19
8.945042970297029e-08 1.7753953918133824e-19
1.1926723960396038e-07 1.6806142566352857e-19
1.490840495049505e-07 1.6267948307395318e-19
1.7890085940594058e-07 1.6722403637196173e-19
2.087176693069307e-07 1.652093606957354e-19
2.3853447920792075e-07 1.6661770126800142e-19
2.683512891089109e-07 1.6035120740978065e-19
2.98168099009901e-07 1.560444690040086e-19
3.2798490891089104e-07 1.653290345916002e-19
3.5780171881188116e-07 1.6258633874659063e-19
3.8761852871287127e-07 1.5289384689282892e-19
4.174353386138614e-07 1.5681710567133171e-19
4.4725214851485145e-07 1.5844896454180849e-19
4.770689584158415e-07 1.5335607857902925e-19
5.068857683168317e-07 1.5202486765174454e-19
5.367025782178218e-07 1.471374256455955e-19
5.665193881188119e-07 1.511614320060879e-19
5.96336198019802e-07 1.5443625598004935e-19
6.261530079207921e-07 1.4028392210358955e-19
6.559698178217821e-07 1.4338490016481706e-19
6.857866277227722e-07 1.49230937988072e-19
7.156034376237623e-07 1.4144522133253327e-19
7.454202475247524e-07 1.4348482229199018e-19
7.752370574257425e-07 1.3596966783490914e-19
8.050538673267327e-07 1.364468571674123e-19
8.348706772277228e-07 1.4647416982823068e-19
8.646874871287129e-07 1.3150392693611364e-19
8.945042970297029e-07 1.282039320058668e-19
9.24321106930693e-07 1.3702171496828314e-19
9.54137916831683e-07 1.3179653542180211e-19
9.839547267326732e-07 1.3088247364558387e-19
1.0137715366336635e-06 1.263092857181373e-19
1.0435883465346535e-06 1.2322744199955192e-19
1.0734051564356437e-06 1.3438873286708272e-19
1.1032219663366337e-06 1.254794490403775e-19
1.1330387762376237e-06 1.1502926500611383e-19
1.162855586138614e-06 1.263723600685501e-19
1.192672396039604e-06 1.2387922781026481e-19
1.222489205940594e-06 1.1993853278183566e-19
1.2523060158415842e-06 1.1715732073426165e-19
1.2821228257425742e-06 1.1004344303355789e-19
1.3119396356435642e-06 1.206363030532551e-19
1.3417564455445544e-06 1.1921530019740261e-19
1.3715732554455444e-06 1.0425127548224369e-19
1.4013900653465346e-06 1.1082738641072033e-19
1.4312068752475246e-06 1.1693590604520964e-19
1.4610236851485146e-06 1.095175647029384e-19
1.4908404950495049e-06 1.0709114525598428e-19
1.5206573049504949e-06 1.0257738168348919e-19
1.550474114851485e-06 1.0769949003387917e-19
1.580290924752475e-06 1.1364258196023613e-19
1.6101077346534653e-06 9.551688445138941e-20
1.6399245445544555e-06 9.626149520175293e-20
1.6697413544554455e-06 1.088789102817497e-19
1.6995581643564356e-06 1.009940111656555e-19
1.7293749742574258e-06 9.738477804759882e-20
1.7591917841584158e-06 9.432446251309823e-20
1.7890085940594058e-06 9.604207529825209e-20
1.818825403960396e-06 1.0418942548519266e-19
1.848642213861386e-06 9.218800306206567e-20
1.8784590237623762e-06 8.565042093227368e-20
1.908275833663366e-06 9.801379496651273e-20
1.9380926435643563e-06 9.480288988036674e-20
1.9679094534653465e-06 8.742127119307307e-20
1.9977262633663367e-06 8.71861136853099e-20
2.027543073267327e-06 8.569832998122236e-20
2.0573598831683167e-06 9.43883129684755e-20
2.087176693069307e-06 8.783677956872892e-20
2.1169935029702967e-06 7.485599960541428e-20
2.1468103128712874e-06 8.855094999954734e-20
2.176627122772277e-06 8.972934778343405e-20
2.2064439326732674e-06 8.067100579518151e-20
2.236260742574257e-06 8.095336978504435e-20
2.2660775524752474e-06 7.587465468507785e-20
2.295894362376237e-06 8.419017686768217e-20
2.325711172277228e-06 8.537297019142041e-20
2.3555279821782176e-06 6.904070452060025e-20
2.385344792079208e-06 7.499064152629217e-20
2.4151616019801977e-06 8.346618202793983e-20
2.444978411881188e-06 7.463953849226621e-20
2.474795221782178e-06 7.092926791746595e-20
2.5046120316831683e-06 7.096892132919696e-20
2.534428841584158e-06 7.444664530623856e-20
2.5642456514851483e-06 7.853263199782777e-20
2.5940624613861386e-06 6.455430341936206e-20
2.6238792712871284e-06 6.287641256335091e-20
2.653696081188119e-06 7.770045493738943e-20
2.683512891089109e-06 6.90007429316567e-20
2.713329700990099e-06 6.122659030231976e-20
2.743146510891089e-06 6.319628214359658e-20
2.772963320792079e-06 6.345328836831387e-20
2.8027801306930693e-06 7.006977197121547e-20
2.8325969405940595e-06 5.931571604229797e-20
2.8624137504950493e-06 5.2030027502726936e-20
2.8922305603960395e-06 6.693130454202877e-20
2.9220473702970293e-06 6.375573641267571e-20
2.95186418019802e-06 5.2625969879608123e-20
2.9816809900990097e-06 5.369404532849187e-20
3.0114978e-06 5.657904401441842e-20
3.0413146099009897e-06 6.176746313869216e-20
3.07113141980198e-06 5.2971742854527934e-20
3.10094822970297e-06 4.19600336646444e-20
3.1307650396039604e-06 5.508476196115331e-20
3.16058184950495e-06 5.779318381160102e-20
3.1903986594059404e-06 4.533356016154894e-20
3.2202154693069306e-06 4.4237154263060404e-20
3.2500322792079204e-06 4.6173608562585853e-20
3.279849089108911e-06 5.1804828224420525e-20
3.309665899009901e-06 4.916776494978395e-20
3.339482708910891e-06 3.500871014018266e-20
3.369299518811881e-06 4.275773988026733e-20
3.399116328712871e-06 5.1632842704381496e-20
3.4289331386138613e-06 3.7831363805682346e-20
3.4587499485148516e-06 3.370256516984289e-20
3.4885667584158414e-06 3.806509750110093e-20
3.5183835683168316e-06 4.012497007612982e-20
3.5482003782178214e-06 4.104805650832563e-20
3.5780171881188116e-06 2.779088644222467e-20
3.607833998019802e-06 2.8577716747003085e-20
3.637650807920792e-06 4.2963089031245e-20
3.667467617821782e-06 3.2789326258840296e-20
3.697284427722772e-06 2.3760398822026912e-20
3.727101237623762e-06 2.8170242431522055e-20
3.7569180475247525e-06 3.2276473013239764e-20
3.7867348574257423e-06 3.412450579843532e-20
3.816551667326732e-06 2.1090971710960648e-20
3.846368477227722e-06 1.8024210693466897e-20
3.8761852871287125e-06 3.1114044993506743e-20
3.906002097029703e-06 2.5864171945951717e-20
3.935818906930693e-06 1.658184312072863e-20
3.965635716831682e-06 1.9153421551302524e-20
3.995452526732673e-06 2.2249561986248165e-20
4.025269336633664e-06 2.45654404438936e-20
4.055086146534654e-06 1.686723671212753e-20
4.084902956435643e-06 9.093518604350417e-21
4.1147197663366334e-06 2.0295389574725208e-20
4.144536576237624e-06 2.3037614692356733e-20
4.174353386138614e-06 8.73968122024043e-21
4.204170196039603e-06 7.700709516807413e-21
4.2339870059405935e-06 1.3551109794935835e-20
4.263803815841584e-06 1.5031654704748134e-20
4.293620625742575e-06 1.1360591731498823e-20
4.323437435643564e-06 -3.732723254001388e-23
4.353254245544554e-06 9.58888067354042e-21
4.3830710554455446e-06 1.7785113267593196e-20
4.412887865346535e-06 1.787390334709507e-21
4.442704675247524e-06 4.9099161348401475e-22
4.472521485148514e-06 5.544440071500428e-21
4.502338295049505e-06 7.724387088480146e-21
4.532155104950495e-06 5.5316646536418905e-21
4.561971914851485e-06 -6.790287900949847e-21
4.591788724752474e-06 -1.0046137503465976e-21
4.6216055346534655e-06 8.363497980742814e-21
4.651422344554456e-06 -2.7363528592788705e-21
4.681239154455446e-06 -8.418501972593943e-21
4.711055964356435e-06 -2.9739190744566328e-21
4.7408727742574255e-06 -5.047942884707437e-22
4.770689584158416e-06 -2.2603324899164674e-21
4.800506394059406e-06 -1.0675895985756741e-20
4.830323203960395e-06 -1.0891335043876701e-20
4.8601400138613855e-06 -1.564129285673693e-22
4.889956823762376e-06 -6.330819166338816e-21
4.919773633663366e-06 -1.7044277294732484e-20
4.949590443564356e-06 -1.2134599137114041e-20
4.9794072534653464e-06 -8.254952979338298e-21
5.009224063366337e-06 -1.0737554252546334e-20
5.039040873267327e-06 -1.580874036435417e-20
5.068857683168316e-06 -1.9636666515741842e-20
5.0986744930693065e-06 -1.1120709654105829e-20
5.128491302970297e-06 -9.014832088993191e-21
5.158308112871287e-06 -2.3438987979233178e-20
5.188124922772277e-06 -2.1236771986320018e-20
5.2179417326732665e-06 -1.336901909564673e-20
5.247758542574257e-06 -1.7386789263726924e-20
5.277575352475248e-06 -2.054560976779881e-20
5.307392162376238e-06 -2.7391992622871894e-20
5.337208972277227e-06 -2.1516376640201697e-20
5.367025782178218e-06 -1.4503432057174518e-20
5.396842592079208e-06 -2.922996218849812e-20
5.426659401980198e-06 -3.0010113415123606e-20
5.456476211881187e-06 -2.1377546777569583e-20
5.486293021782178e-06 -2.3952945975943707e-20
5.516109831683168e-06 -2.5308600119394842e-20
5.545926641584158e-06 -3.21241192817658e-20
5.575743451485148e-06 -2.980059050690968e-20
5.6055602613861385e-06 -2.042378961763357e-20
5.635377071287129e-06 -3.2749738195578617e-20
5.665193881188119e-06 -3.781177674892811e-20
5.695010691089108e-06 -3.004040647328037e-20
5.7248275009900985e-06 -3.029695403745142e-20
5.754644310891089e-06 -3.10669821007692e-20
5.784461120792079e-06 -3.8304700459536843e-20
5.814277930693069e-06 -3.859935435779633e-20
5.8440947405940586e-06 -2.6995231232267062e-20
5.873911550495049e-06 -3.372994888497768e-20
5.90372836039604e-06 -4.5719925163994543e-20
5.93354517029703e-06 -3.730020249943688e-20
5.9633619801980195e-06 -3.277968399791259e-20
5.99317879009901e-06 -4.0132237985629956e-20
6.0229956e-06 -4.259476700656275e-20
6.05281240990099e-06 -4.4107757359397115e-20
6.0826292198019795e-06 -3.863533631274035e-20
6.11244602970297e-06 -3.8242871875745965e-20
6.14226283960396e-06 -5.111416967201168e-20
6.17207964950495e-06 -4.52460920719113e-20
6.20189645940594e-06 -3.796397590957076e-20
6.231713269306931e-06 -4.5811895091517615e-20
6.261530079207921e-06 -4.711159887873481e-20
6.291346889108911e-06 -5.1530397009340494e-20
6.3211636990099e-06 -4.7877442843334315e-20
6.350980508910891e-06 -4.1059223212253976e-20
6.380797318811881e-06 -5.610212210897458e-20
6.410614128712871e-06 -5.523731982617689e-20
6.440430938613861e-06 -4.643121602239727e-20
6.470247748514851e-06 -5.311899315454021e-20
6.500064558415841e-06 -5.279648427754888e-20
6.529881368316832e-06 -5.727260955073583e-20
6.559698178217822e-06 -5.630087233278893e-20
6.5895149881188115e-06 -4.879185102416557e-20
6.619331798019802e-06 -5.954398064233038e-20
6.649148607920792e-06 -6.245062198414239e-20
6.678965417821782e-06 -5.479603194093777e-20
6.7087822277227716e-06 -5.8477960595995e-20
6.738599037623762e-06 -6.238763542960744e-20
6.768415847524752e-06 -6.32077183239914e-20
6.798232657425742e-06 -6.554042525337354e-20
6.828049467326732e-06 -5.949229272723304e-20
6.857866277227723e-06 -6.268508589285993e-20
6.887683087128713e-06 -7.386184751662441e-20
6.917499897029703e-06 -6.463755570133569e-20
6.9473167069306925e-06 -6.351153617488937e-20
6.977133516831683e-06 -7.071008266546401e-20
7.006950326732673e-06 -7.000118348459162e-20
7.036767136633663e-06 -7.391692585333189e-20
7.066583946534653e-06 -6.735115827409536e-20
7.096400756435643e-06 -6.903783714417928e-20
7.126217566336633e-06 -8.186562001515758e-20
7.156034376237623e-06 -7.438923681138152e-20
7.185851186138614e-06 -7.063994258357079e-20
7.215667996039604e-06 -7.890391573582114e-20
7.245484805940594e-06 -7.868688135883845e-20
7.275301615841584e-06 -8.143137880425909e-20
7.305118425742574e-06 -8.001562582751729e-20
7.334935235643564e-06 -7.382100465535545e-20
7.364752045544554e-06 -8.59807381189348e-20
7.394568855445544e-06 -8.650881609956318e-20
7.424385665346534e-06 -7.659537483612166e-20
7.454202475247524e-06 -8.520238615657815e-20
7.484019285148515e-06 -8.613940170078711e-20
7.513836095049505e-06 -8.695326835271383e-20
7.543652904950495e-06 -8.96541074899819e-20
7.5734697148514846e-06 -8.247867906150778e-20
7.603286524752475e-06 -9.194241130440806e-20
7.633103334653464e-06 -9.523870951784066e-20
7.662920144554455e-06 -8.497202328652096e-20
7.692736954455445e-06 -9.075896368829385e-20
7.722553764356436e-06 -9.355409178057615e-20
7.752370574257425e-06 -9.10446412265277e-20
7.782187384158414e-06 -9.569541777681028e-20
7.812004194059405e-06 -9.175722502466322e-20
7.841821003960395e-06 -9.358794715806029e-20
7.871637813861386e-06 -1.0251097020153804e-19
7.901454623762375e-06 -9.303260774366463e-20
7.931271433663365e-06 -9.382743162078108e-20
7.961088243564357e-06 -1.0265467394832426e-19
7.990905053465347e-06 -9.592192828995681e-20
8.020721863366336e-06 -1.008234033540056e-19
8.050538673267327e-06 -1.0014329882088009e-19
8.080355483168317e-06 -9.35362278619727e-20
8.110172293069308e-06 -1.0536299740017748e-19
8.139989102970297e-06 -1.0146348863253654e-19
8.169805912871286e-06 -9.597874960248069e-20
8.199622722772277e-06 -1.0501171203166693e-19
8.229439532673267e-06 -1.0225443023230433e-19
8.259256342574256e-06 -1.042706361953987e-19
8.289073152475247e-06 -1.0550965987842827e-19
8.318889962376237e-06 -9.841841750290045e-20
8.348706772277228e-06 -1.0687957305650815e-19
8.378523582178217e-06 -1.0774311419334218e-19
8.408340392079206e-06 -9.850571191533965e-20
8.438157201980198e-06 -1.0642898086683689e-19
8.467974011881187e-06 -1.0636270133618636e-19
8.497790821782178e-06 -1.0160639436251403e-19
8.527607631683167e-06 -1.0863508307891929e-19
8.557424441584157e-06 -1.0269459260857669e-19
8.58724125148515e-06 -1.0504470829430992e-19
8.617058061386139e-06 -1.115710999270372e-19
8.646874871287128e-06 -9.998748550731735e-20
8.67669168118812e-06 -1.0702481779227429e-19
8.706508491089109e-06 -1.0986300040564735e-19
8.7363253009901e-06 -1.020006509285609e-19
8.766142110891089e-06 -1.1154752780856149e-19
8.795958920792079e-06 -1.0358714909404653e-19
8.82577573069307e-06 -1.0121119202806097e-19
8.855592540594059e-06 -1.153459418363013e-19
8.885409350495048e-06 -1.0405064922433028e-19
8.91522616039604e-06 -1.0246266085523241e-19
8.945042970297029e-06 -1.120443296166176e-19
8.97485978019802e-06 -1.0371997340065436e-19
9.00467659009901e-06 -1.0789819948000831e-19
9.034493399999999e-06 -1.099584622909584e-19
9.06431020990099e-06 -1.0080901732688619e-19
9.094127019801979e-06 -1.0937702796385145e-19
9.12394382970297e-06 -1.087770286505073e-19
9.15376063960396e-06 -1.0143434166159508e-19
9.183577449504949e-06 -1.0803289768895449e-19
9.21339425940594e-06 -1.03981772201153e-19
9.243211069306931e-06 -1.0466713969015493e-19
9.27302787920792e-06 -1.1060399431414841e-19
9.302844689108911e-06 -9.992726039095375e-20
9.3326614990099e-06 -1.0506216435128169e-19
9.362478308910892e-06 -1.1023455547700601e-19
9.392295118811881e-06 -9.989487789178461e-20
9.42211192871287e-06 -1.0708053619079958e-19
9.451928738613862e-06 -1.0555684245250081e-19
9.481745548514851e-06 -1.0043347110348601e-19
9.51156235841584e-06 -1.0941096879254147e-19
9.541379168316831e-06 -9.955826245880755e-20
9.57119597821782e-06 -9.890893076960852e-20
9.601012788118812e-06 -1.0913109959315799e-19
9.630829598019801e-06 -9.835031782302241e-20
9.66064640792079e-06 -1.0031427480920665e-19
9.690463217821782e-06 -1.0508989970910052e-19
9.720280027722771e-06 -9.743228887710647e-20
9.750096837623762e-06 -1.0390645691713415e-19
9.779913647524752e-06 -1.0191824720632204e-19
9.809730457425741e-06 -9.398397373373223e-20
9.839547267326732e-06 -1.034115175878123e-19
9.869364077227723e-06 -1.0119967518696486e-19
9.899180887128712e-06 -9.342383784737208e-20
9.928997697029703e-06 -9.905310207949832e-20
9.958814506930693e-06 -9.647346015303153e-20
9.988631316831684e-06 -9.731373485535716e-20
1.0018448126732673e-05 -1.0017295182106301e-19
1.0048264936633663e-05 -9.056135642041423e-20
1.0078081746534654e-05 -9.649832274687956e-20
1.0107898556435643e-05 -1.0103142775035839e-19
1.0137715366336632e-05 -9.091024390743385e-20
1.0167532176237624e-05 -9.400777754327925e-20
1.0197348986138613e-05 -9.303254627831879e-20
1.0227165796039604e-05 -9.0223456724303e-20
1.0256982605940593e-05 -9.764420734873688e-20
1.0286799415841583e-05 -8.768981588683916e-20
1.0316616225742574e-05 -8.582477823771071e-20
1.0346433035643563e-05 -9.541470867075249e-20
1.0376249845544554e-05 -8.469780441175843e-20
1.0406066655445544e-05 -8.689041100253855e-20
1.0435883465346533e-05 -8.998346882982128e-20
1.0465700275247524e-05 -8.267259122960221e-20
1.0495517085148513e-05 -9.23880441294091e-20
1.0525333895049504e-05 -8.476209032025018e-20
1.0555150704950496e-05 -7.658092392240244e-20
1.0584967514851485e-05 -9.099449417362631e-20
1.0614784324752476e-05 -8.368233658837099e-20
1.0644601134653465e-05 -7.701473503103488e-20
1.0674417944554455e-05 -8.38650182611071e-20
1.0704234754455446e-05 -7.747508659021528e-20
1.0734051564356435e-05 -8.147282195873915e-20
1.0763868374257425e-05 -8.152275182195134e-20
1.0793685184158416e-05 -6.862213335008547e-20
1.0823501994059405e-05 -7.987590408138749e-20
1.0853318803960396e-05 -8.265272302435495e-20
1.0883135613861385e-05 -7.020855509321084e-20
1.0912952423762375e-05 -7.576037910749656e-20
1.0942769233663366e-05 -7.386287931783875e-20
1.0972586043564355e-05 -7.296805740315304e-20
1.1002402853465346e-05 -7.690415283659513e-20
1.1032219663366336e-05 -6.320253675785474e-20
1.1062036473267325e-05 -6.809333493058402e-20
1.1091853283168316e-05 -7.666314654422505e-20
1.1121670093069306e-05 -6.328745895406043e-20
1.1151486902970297e-05 -6.514290904717742e-20
1.1181303712871288e-05 -6.709765288704673e-20
1.1211120522772277e-05 -6.410063391604325e-20
1.1240937332673268e-05 -6.881564778017921e-20
1.1270754142574257e-05 -5.877609076375511e-20
1.1300570952475247e-05 -5.8609827315783e-20
1.1330387762376238e-05 -6.893400039354255e-20
1.1360204572277227e-05 -5.65715761256446e-20
1.1390021382178217e-05 -5.308046759467015e-20
1.1419838192079208e-05 -5.996825770416543e-20
1.1449655001980197e-05 -5.4159313762037784e-20
1.1479471811881188e-05 -5.775681209935154e-20
1.1509288621782178e-05 -5.3207539107019375e-20
1.1539105431683167e-05 -4.3918419410776884e-20
1.1568922241584158e-05 -5.707580371603921e-20
1.1598739051485147e-05 -5.291547973255445e-20
1.1628555861386138e-05 -4.159615518436321e-20
1.1658372671287128e-05 -4.956060108278101e-20
1.1688189481188117e-05 -4.693822367030115e-20
1.1718006291089108e-05 -4.505798066676586e-20
1.1747823100990098e-05 -4.5096923559653007e-20
1.1777639910891089e-05 -3.3990718085627676e-20
1.180745672079208e-05 -4.277972629930119e-20
1.1837273530693069e-05 -4.516866597654077e-20
1.186709034059406e-05 -2.982583210115331e-20
1.189690715049505e-05 -3.6501223313014886e-20
1.1926723960396039e-05 -3.6838524871421097e-20
1.195654077029703e-05 -3.248027371869895e-20
1.198635758019802e-05 -3.56187465473064e-20
1.2016174390099009e-05 -2.2761894472352867e-20
1.20459912e-05 -2.76229443872027e-20
1.207580800990099e-05 -3.683298064473424e-20
1.210562481980198e-05 -1.9554819788477768e-20
1.213544162970297e-05 -2.0039196489342285e-20
1.2165258439603959e-05 -2.6585745737808556e-20
1.219507524950495e-05 -2.029758372730462e-20
1.222489205940594e-05 -2.2885837068292986e-20
1.225470886930693e-05 -1.5221484343694795e-20
1.228452567920792e-05 -1.1291383250004248e-20
1.231434248910891e-05 -2.3024697104811565e-20
1.23441592990099e-05 -1.2005974647407622e-20
1.237397610891089e-05 -4.833654868482912e-21
1.240379291881188e-05 -1.4353334223627166e-20
1.2433609728712872e-05 -9.125659857122149e-21
1.2463426538613861e-05 -9.495439802713397e-21
1.2493243348514852e-05 -4.705892380627727e-21
1.2523060158415842e-05 4.538899964137129e-21
1.2552876968316831e-05 -9.840677545301384e-21
1.2582693778217822e-05 -4.5629200609210225e-21
1.2612510588118811e-05 9.720450754360526e-21
1.26423273980198e-05 -9.924873546983183e-22
1.2672144207920792e-05 1.1974975808184195e-23
1.2701961017821781e-05 4.626245957316198e-21
1.2731777827722772e-05 6.524261741120978e-21
1.2761594637623762e-05 1.4630631834737096e-20
1.2791411447524751e-05 4.223480065372091e-21
1.2821228257425742e-05 3.547778069864442e-21
1.2851045067326731e-05 1.995681041209406e-20
1.2880861877227723e-05 1.406335433519882e-20
1.2910678687128712e-05 1.0848262803952699e-20
1.2940495497029701e-05 1.7300512023945868e-20
1.2970312306930692e-05 1.3965265615325766e-20
1.3000129116831682e-05 2.1997999216581812e-20
1.3029945926732671e-05 2.0347337678105752e-20
1.3059762736633664e-05 1.0566900379835709e-20
1.3089579546534653e-05 2.6939939426500687e-20
1.3119396356435644e-05 2.7947410336767855e-20
1.3149213166336634e-05 1.7182855527477578e-20
1.3179029976237623e-05 2.6040216841040337e-20
1.3208846786138614e-05 2.627496014724811e-20
1.3238663596039604e-05 2.906734360493776e-20
1.3268480405940593e-05 3.448714439216539e-20
1.3298297215841584e-05 2.141215376254262e-20
1.3328114025742573e-05 2.9735740161047055e-20
1.3357930835643564e-05 4.13930581335229e-20
1.3387747645544554e-05 2.5981583549227356e-20
1.3417564455445543e-05 3.0632275610706866e-20
1.3447381265346534e-05 3.6626756773721833e-20
1.3477198075247524e-05 3.412505507163659e-20
1.3507014885148515e-05 4.2337899557666014e-20
1.3536831695049504e-05 3.092732854331318e-20
1.3566648504950493e-05 3.21871840013477e-20
1.3596465314851484e-05 4.80684501184315e-20
1.3626282124752474e-05 3.775138195715535e-20
1.3656098934653463e-05 3.6629706472794956e-20
1.3685915744554456e-05 4.292930291538299e-20
1.3715732554455445e-05 4.142037764470167e-20
1.3745549364356436e-05 4.781869122889254e-20
1.3775366174257426e-05 3.995479976789015e-20
1.3805182984158415e-05 3.591822467043787e-20
1.3834999794059406e-05 5.2834856276152314e-20
1.3864816603960396e-05 4.733073753008262e-20
1.3894633413861385e-05 3.839197719156424e-20
1.3924450223762376e-05 4.852537478967418e-20
1.3954267033663365e-05 4.779814314397262e-20
1.3984083843564356e-05 4.9854308123097123e-20
1.4013900653465346e-05 4.98528443998947e-20
1.4043717463366335e-05 4.1444558525144554e-20
1.4073534273267326e-05 5.55281823591433e-20
1.4103351083168316e-05 5.596066810738682e-20
1.4133167893069307e-05 4.1126949287662835e-20
1.4162984702970296e-05 5.1417798320291605e-20
1.4192801512871285e-05 5.39821891106598e-20
1.4222618322772277e-05 5.183091016560171e-20
1.4252435132673266e-05 5.570471934884743e-20
1.4282251942574255e-05 4.667636472228828e-20
1.4312068752475246e-05 5.434484535019451e-20
1.4341885562376237e-05 6.269083407712785e-20
1.4371702372277228e-05 4.919079268411941e-20
1.4401519182178218e-05 5.3157177689685634e-20
1.4431335992079207e-05 5.850840429177835e-20
1.4461152801980198e-05 5.2957207925249614e-20
1.4490969611881188e-05 5.930538367541021e-20
1.4520786421782177e-05 5.223998367306167e-20
1.4550603231683168e-05 5.146279162620126e-20
1.4580420041584157e-05 6.774021221922206e-20
1.4610236851485149e-05 5.48732318365193e-20
1.4640053661386138e-05 4.98663721315917e-20
1.4669870471287127e-05 6.226926682914335e-20
1.4699687281188118e-05 5.833037610505657e-20
1.4729504091089108e-05 6.092249083179169e-20
1.4759320900990099e-05 5.754021967151794e-20
1.4789137710891088e-05 5.1680042841252457e-20
1.4818954520792078e-05 6.539056458827332e-20
1.4848771330693069e-05 6.11295009357561e-20
1.4878588140594058e-05 5.051250220756183e-20
1.4908404950495047e-05 6.084601847037528e-20
1.4938221760396038e-05 6.099771837201382e-20
1.496803857029703e-05 5.855917778591243e-20
1.499785538019802e-05 5.912013152812399e-20
1.502767219009901e-05 5.2573555515544613e-20
1.5057489e-05 6.2464948924506e-20
1.508730580990099e-05 6.533793759854308e-20
1.511712261980198e-05 5.175335227972906e-20
1.5146939429702969e-05 5.773983689441022e-20
1.517675623960396e-05 6.330654569326653e-20
1.520657304950495e-05 5.776743300503053e-20
1.523638985940594e-05 5.841696065373776e-20
1.526620666930693e-05 5.374359885656477e-20
1.529602347920792e-05 5.72269946428283e-20
1.532584028910891e-05 6.34674198330736e-20
1.53556570990099e-05 5.21780550682776e-20
1.538547390891089e-05 5.482102051925212e-20
1.541529071881188e-05 6.209052093480507e-20
1.544510752871287e-05 5.577322434330854e-20
1.547492433861386e-05 5.722045828298185e-20
1.550474114851485e-05 5.390581386841951e-20
1.5534557958415843e-05 5.337644431317903e-20
1.556437476831683e-05 6.272539374101408e-20
1.559419157821782e-05 5.2045272199375325e-20
1.562400838811881e-05 4.797481792534908e-20
1.56538251980198e-05 5.79620747309173e-20
1.568364200792079e-05 5.288128657786731e-20
1.5713458817821782e-05 5.390150763941579e-20
1.5743275627722772e-05 5.391570711147342e-20
1.577309243762376e-05 4.7658054072196526e-20
1.580290924752475e-05 5.632789168570975e-20
1.5832726057425743e-05 5.325441084720307e-20
1.586254286732673e-05 4.499406796659496e-20
1.5892359677227722e-05 5.273778428802856e-20
1.5922176487128715e-05 5.156025840810879e-20
1.59519932970297e-05 4.786985827865827e-20
1.5981810106930694e-05 4.7991970307340267e-20
1.6011626916831683e-05 4.438184794742509e-20
1.6041443726732672e-05 5.019050691920869e-20
1.6071260536633662e-05 5.014648966703837e-20
1.6101077346534654e-05 3.964454342700418e-20
1.6130894156435644e-05 4.425211707542963e-20
1.6160710966336633e-05 4.7775168024088106e-20
1.6190527776237623e-05 4.173574910922514e-20
1.6220344586138615e-05 4.4276985412339766e-20
1.62501613960396e-05 3.950334854336315e-20
1.6279978205940594e-05 3.9137993457721004e-20
1.6309795015841583e-05 4.6843768376392685e-20
1.6339611825742573e-05 3.457737189914832e-20
1.6369428635643562e-05 3.457050049944282e-20
1.6399245445544555e-05 4.1332145485868253e-20
1.642906225544554e-05 3.3716251991315247e-20
1.6458879065346534e-05 3.6577454617717123e-20
1.6488695875247523e-05 3.322446869090195e-20
1.6518512685148512e-05 3.004060583442502e-20
1.6548329495049505e-05 3.846957482884307e-20
1.6578146304950495e-05 2.9816192618284135e-20
1.6607963114851487e-05 2.5664583288869727e-20
1.6637779924752473e-05 3.451169554683191e-20
1.6667596734653466e-05 2.8125770012805236e-20
1.6697413544554455e-05 2.4797582379338136e-20
1.6727230354455445e-05 2.6453432075773006e-20
1.6757047164356434e-05 2.0841014057986575e-20
1.6786863974257427e-05 2.5527906111323412e-20
1.6816680784158413e-05 2.4270118237162902e-20
1.6846497594059406e-05 1.488376200604212e-20
1.6876314403960395e-05 2.2516095125440884e-20
1.6906131213861384e-05 2.1432289748190084e-20
1.6935948023762374e-05 1.3784331732522765e-20
1.6965764833663367e-05 1.7451643636077746e-20
1.6995581643564356e-05 1.1354269782837118e-20
1.7025398453465345e-05 1.2299189570920458e-20
1.7055215263366335e-05 1.5569670713736388e-20
1.7085032073267328e-05 3.106885766936292e-21
1.7114848883168313e-05 7.013709506278468e-21
1.7144665693069306e-05 1.0381617205592583e-20
1.71744825029703e-05 1.0407579314233546e-21
1.7204299312871285e-05 6.0301697292541255e-21
1.7234116122772278e-05 1.073081491523546e-21
1.7263932932673267e-05 -2.4330346791480825e-21
1.7293749742574257e-05 5.957379684264351e-21
1.7323566552475246e-05 -6.6217487648332326e-21
1.735338336237624e-05 -6.252898550339933e-21
1.7383200172277228e-05 1.4900130421536562e-21
1.7413016982178217e-05 -1.0479168773460181e-20
1.7442833792079207e-05 -7.99758437732764e-21
1.74726506019802e-05 -9.36095320728186e-21
1.7502467411881186e-05 -1.6037138694306834e-20
1.7532284221782178e-05 -7.985569168352812e-21
1.7562101031683168e-05 -1.5656626974270322e-20
1.7591917841584157e-05 -2.183554450450558e-20
1.7621734651485146e-05 -1.2734440348718966e-20
1.765155146138614e-05 -1.8958223887309136e-20
1.7681368271287125e-05 -2.1406226905057347e-20
1.7711185081188118e-05 -1.80082298705379e-20
1.7741001891089107e-05 -2.7979810106670095e-20
1.7770818700990097e-05 -2.3828887916823052e-20
1.7800635510891086e-05 -2.3082356171518326e-20
1.783045232079208e-05 -3.472621695573524e-20
1.786026913069307e-05 -2.791678000913278e-20
1.7890085940594058e-05 -2.967952250439155e-20
1.791990275049505e-05 -3.587971255338238e-20
1.794971956039604e-05 -2.9743167820792185e-20
1.797953637029703e-05 -3.843881428091489e-20
1.800935318019802e-05 -3.7865311942002825e-20
1.803916999009901e-05 -3.040507180202755e-20
1.8068986799999997e-05 -4.397709351412227e-20
1.809880360990099e-05 -4.081920415459582e-20
1.812862041980198e-05 -3.674741312962458e-20
1.815843722970297e-05 -4.8857779050924694e-20
1.8188254039603958e-05 -4.2711593483842254e-20
1.821807084950495e-05 -4.5601245866694635e-20
1.824788765940594e-05 -5.222947124492269e-20
1.827770446930693e-05 -4.2914356975399207e-20
1.830752127920792e-05 -5.126719775851151e-20
1.833733808910891e-05 -5.458433926825322e-20
1.8367154899009898e-05 -4.650417446983933e-20
1.839697170891089e-05 -5.527389900285441e-20
1.842678851881188e-05 -5.397625328038511e-20
1.845660532871287e-05 -5.1073590155775243e-20
1.8486422138613862e-05 -6.171387072506044e-20
1.851623894851485e-05 -5.412069696830563e-20
1.854605575841584e-05 -5.564032725538271e-20
1.857587256831683e-05 -6.642094048178719e-20
1.8605689378217823e-05 -5.547676258323985e-20
1.8635506188118812e-05 -6.136677910061086e-20
1.86653229980198e-05 -6.738009874113673e-20
1.869513980792079e-05 -5.770234008669338e-20
1.8724956617821784e-05 -6.771099468629482e-20
1.875477342772277e-05 -6.636674738728263e-20
1.8784590237623762e-05 -5.975755268995957e-20
1.8814407047524752e-05 -7.125731687509295e-20
1.884422385742574e-05 -6.6512364829614e-20
1.887404066732673e-05 -6.591612627993232e-20
1.8903857477227723e-05 -7.494551817185334e-20
1.893367428712871e-05 -6.849236808997991e-20
1.8963491097029702e-05 -7.311520481607848e-20
1.899330790693069e-05 -7.613041352143311e-20
1.902312471683168e-05 -6.731638860591454e-20
1.905294152673267e-05 -7.827921454089538e-20
1.9082758336633663e-05 -7.849726292843292e-20
1.9112575146534656e-05 -7.100996895578685e-20
1.914239195643564e-05 -8.203964806305787e-20
1.9172208766336634e-05 -7.506528689513542e-20
1.9202025576237624e-05 -7.565331738070835e-20
1.9231842386138613e-05 -8.665217476201282e-20
1.9261659196039603e-05 -7.451224457304563e-20
1.9291476005940595e-05 -8.012173305503586e-20
1.932129281584158e-05 -8.748782500913224e-20
1.9351109625742574e-05 -7.712289902989363e-20
1.9380926435643563e-05 -8.485860772457954e-20
1.9410743245544553e-05 -8.702976720268047e-20
1.9440560055445542e-05 -8.009687598757686e-20
1.9470376865346535e-05 -8.868895207672633e-20
1.9500193675247524e-05 -8.7082070659693e-20
1.9530010485148514e-05 -8.244557453655761e-20
1.9559827295049503e-05 -9.154616317257001e-20
1.9589644104950496e-05 -8.639370086569313e-20
1.9619460914851482e-05 -8.78870310051957e-20
1.9649277724752475e-05 -9.56045196378471e-20
1.9679094534653464e-05 -8.493624933072468e-20
1.9708911344554453e-05 -9.375596192416127e-20
1.9738728154455446e-05 -9.596448576301659e-20
1.9768544964356435e-05 -8.490391144531101e-20
1.9798361774257425e-05 -9.813485613627038e-20
1.9828178584158414e-05 -9.29436681258478e-20
1.9857995394059407e-05 -8.86425992473488e-20
1.9887812203960396e-05 -1.0034965441407351e-19
1.9917629013861386e-05 -8.962750861595757e-20
1.9947445823762375e-05 -9.29518970248462e-20
1.9977262633663368e-05 -1.026814829872998e-19
2.0007079443564354e-05 -9.047735526492873e-20
2.0036896253465347e-05 -9.61457295816289e-20
2.0066713063366336e-05 -1.0185464093844696e-19
2.0096529873267325e-05 -9.242381396120487e-20
2.0126346683168315e-05 -1.0061384034210037e-19
2.0156163493069307e-05 -9.853634879789155e-20
2.0185980302970293e-05 -9.271929860844844e-20
2.0215797112871286e-05 -1.0442156746469516e-19
2.0245613922772276e-05 -9.551152027662567e-20
2.0275430732673265e-05 -9.469174667001524e-20
2.0305247542574254e-05 -1.0496797521057541e-19
2.0335064352475247e-05 -9.518162141205211e-20
2.036488116237624e-05 -9.822395428389387e-20
2.0394697972277226e-05 -1.0122221943881119e-19
2.042451478217822e-05 -9.635661219311685e-20
2.0454331592079208e-05 -1.09416805213089e-19
2.0484148401980197e-05 -1.0340297414102736e-19
2.0513965211881187e-05 -9.068426663175842e-20
2.054378202178218e-05 -1.0423962075047759e-19
2.0573598831683165e-05 -1.0143556904891787e-19
2.0603415641584158e-05 -9.823961782018323e-20
2.0633232451485148e-05 -1.0502097900026596e-19
2.0663049261386137e-05 -9.477785226151108e-20
2.0692866071287126e-05 -1.0187855681352003e-19
2.072268288118812e-05 -1.0638654516605921e-19
2.075249969108911e-05 -9.29616566697936e-20
2.0782316500990098e-05 -1.045042237643392e-19
2.0812133310891087e-05 -1.0340947581195523e-19
2.084195012079208e-05 -9.554082141917414e-20
2.0871766930693066e-05 -1.0453884896039398e-19
2.090158374059406e-05 -9.576535960953932e-20
2.0931400550495048e-05 -9.776249115216324e-20
2.0961217360396037e-05 -1.0699869631234897e-19
2.0991034170297027e-05 -9.390652852409814e-20
2.102085098019802e-05 -9.675767956601782e-20
2.105066779009901e-05 -1.0392509739483152e-19
2.10804846e-05 -9.445602150607684e-20
2.111030140990099e-05 -9.973105820292775e-20
2.114011821980198e-05 -1.0012104847341662e-19
2.116993502970297e-05 -9.251509044091608e-20
2.119975183960396e-05 -1.0429682176036757e-19
2.1229568649504952e-05 -9.589128051834307e-20
2.1259385459405938e-05 -8.834468980771985e-20
2.128920226930693e-05 -1.043180265546478e-19
2.131901907920792e-05 -9.501911390168684e-20
2.134883588910891e-05 -9.323149595195182e-20
2.13786526990099e-05 -9.8175809389128e-20
2.140846950891089e-05 -8.750728405383384e-20
2.1438286318811878e-05 -9.94226632809423e-20
2.146810312871287e-05 -9.633134509730865e-20
2.149791993861386e-05 -8.276466710526614e-20
2.152773674851485e-05 -9.6552034907329e-20
2.155755355841584e-05 -9.413166145245543e-20
2.158737036831683e-05 -8.758806048905061e-20
2.161718717821782e-05 -9.226904258706916e-20
2.164700398811881e-05 -8.573854775448796e-20
2.1676820798019803e-05 -8.920091080281967e-20
2.1706637607920792e-05 -9.228003845452567e-20
2.173645441782178e-05 -7.935254714280038e-20
2.176627122772277e-05 -8.587246794882136e-20
2.1796088037623764e-05 -9.308516161253929e-20
2.182590484752475e-05 -8.070364674571684e-20
2.1855721657425742e-05 -8.398089469949027e-20
2.1885538467326732e-05 -8.166228391186401e-20
2.191535527722772e-05 -7.921631175877501e-20
2.194517208712871e-05 -9.126293001709283e-20
2.1974988897029703e-05 -7.504265081415774e-20
2.2004805706930693e-05 -7.261821616312505e-20
2.2034622516831682e-05 -8.763257409072266e-20
2.206443932673267e-05 -7.425413025686848e-20
2.2094256136633664e-05 -7.373128794187643e-20
2.212407294653465e-05 -7.716008158656328e-20
2.2153889756435643e-05 -6.970242156664503e-20
2.2183706566336632e-05 -7.879251771780265e-20
2.221352337623762e-05 -7.1681097792107e-20
2.224334018613861e-05 -6.242730410003993e-20
2.2273156996039604e-05 -7.727182473863658e-20
2.2302973805940593e-05 -7.091890503258401e-20
2.2332790615841583e-05 -6.366394453350161e-20
2.2362607425742575e-05 -6.68350390079526e-20
2.2392424235643565e-05 -6.024531177538795e-20
2.2422241045544554e-05 -6.94209056009839e-20
2.2452057855445543e-05 -6.521139870216993e-20
2.2481874665346536e-05 -4.9694345659354813e-20
2.2511691475247522e-05 -6.416861755108851e-20
2.2541508285148515e-05 -6.413618890168135e-20
2.2571325095049504e-05 -5.215011980686583e-20
2.2601141904950494e-05 -5.794046617914712e-20
2.2630958714851483e-05 -5.3569664039892684e-20
2.2660775524752476e-05 -5.450364086795447e-20
2.2690592334653462e-05 -5.925668328010208e-20
2.2720409144554455e-05 -4.285377892950914e-20
2.2750225954455444e-05 -4.6922719144982724e-20
2.2780042764356433e-05 -5.906840593794446e-20
2.2809859574257423e-05 -4.34698206825667e-20
2.2839676384158415e-05 -4.2000292737631256e-20
2.2869493194059405e-05 -4.4196641009728065e-20
2.2899310003960394e-05 -4.21870178938291e-20
2.2929126813861387e-05 -5.0779127015911525e-20
2.2958943623762376e-05 -3.45293467363387e-20
2.2988760433663366e-05 -3.180873751792573e-20
2.3018577243564355e-05 -4.957202040233712e-20
2.3048394053465348e-05 -3.6807762907315194e-20
2.3078210863366334e-05 -3.0641306199274836e-20
2.3108027673267327e-05 -3.4637412040011686e-20
2.3137844483168316e-05 -3.1620025483194386e-20
2.3167661293069305e-05 -3.891643477634905e-20
2.3197478102970295e-05 -2.8877022449935824e-20
2.3227294912871287e-05 -1.7824756905666123e-20
2.3257111722772277e-05 -3.584271249558601e-20
2.3286928532673266e-05 -3.1587553620959417e-20
2.3316745342574256e-05 -1.7294698689597515e-20
2.334656215247525e-05 -2.567782863807346e-20
2.3376378962376234e-05 -2.394237593178692e-20
2.3406195772277227e-05 -2.540971066158531e-20
2.3436012582178216e-05 -2.2950349341854343e-20
2.3465829392079206e-05 -8.110765094968557e-21
2.3495646201980195e-05 -2.255577225328706e-20
2.3525463011881188e-05 -2.6316009046305453e-20
2.3555279821782177e-05 -7.170285011172448e-21
2.3585096631683167e-05 -1.3092527163978974e-20
2.361491344158416e-05 -1.3362482946171663e-20
2.364473025148515e-05 -1.178126596675188e-20
2.3674547061386138e-05 -1.7699767154070913e-20
2.3704363871287128e-05 -1.3174541313555882e-21
2.373418068118812e-05 -5.516240463924617e-21
2.3763997491089106e-05 -1.927944385830854e-20
2.37938143009901e-05 -2.0230817204157204e-21
2.382363111089109e-05 1.6281697735685436e-21
2.3853447920792078e-05 -5.4130514882580456e-21
2.3883264730693067e-05 -2.8065394409727743e-21
2.391308154059406e-05 -4.660042310741672e-21
2.3942898350495046e-05 6.655254094966127e-21
2.397271516039604e-05 1.0227540706956811e-20
2.4002531970297028e-05 -8.067037572998182e-21
2.4032348780198017e-05 3.558400966049308e-21
2.4062165590099007e-05 1.7564065178932385e-20
2.40919824e-05 3.881390701350123e-21
2.412179920990099e-05 5.588510412202063e-21
2.415161601980198e-05 6.646788320879049e-21
2.418143282970297e-05 1.1600714499771676e-20
2.421124963960396e-05 2.4167051799198067e-20
2.424106644950495e-05 5.3695770320787524e-21
2.427088325940594e-05 9.017254852867288e-21
2.4300700069306932e-05 3.09109822909628e-20
2.4330516879207918e-05 1.857961572596922e-20
2.436033368910891e-05 1.552383245124728e-20
2.43901504990099e-05 1.893900352931252e-20
2.441996730891089e-05 2.1672725242140617e-20
2.444978411881188e-05 3.4730400704958253e-20
2.447960092871287e-05 2.159697294971774e-20
2.450941773861386e-05 1.5707953786584555e-20
2.453923454851485e-05 3.857711479266543e-20
2.456905135841584e-05 3.537232982599347e-20
2.4598868168316832e-05 2.420658277329244e-20
2.462868497821782e-05 3.163492258140228e-20
2.465850178811881e-05 3.4653576841731566e-20
2.46883185980198e-05 4.3069503835645405e-20
2.471813540792079e-05 4.038377146755043e-20
2.474795221782178e-05 2.7369362964799116e-20
2.4777769027722772e-05 4.537682266365458e-20
2.480758583762376e-05 5.060319957313422e-20
2.483740264752475e-05 3.694555849561526e-20
2.4867219457425744e-05 4.326829506597894e-20
2.4897036267326733e-05 4.38519982642101e-20
2.4926853077227722e-05 5.288822878492425e-20
2.4956669887128712e-05 5.69329454586395e-20
2.4986486697029704e-05 3.870977769886812e-20
2.501630350693069e-05 5.278881624711282e-20
2.5046120316831683e-05 6.609268548428431e-20
2.5075937126732673e-05 5.270063615560021e-20
2.5105753936633662e-05 5.304657846744414e-20
2.513557074653465e-05 5.738018385141991e-20
2.5165387556435644e-05 6.352718096309914e-20
2.519520436633663e-05 6.861129524661992e-20
2.5225021176237623e-05 5.52741741141488e-20
2.5254837986138612e-05 5.758449691055312e-20
2.52846547960396e-05 7.74979977182995e-20
2.531447160594059e-05 6.927683590095826e-20
2.5344288415841584e-05 6.075306876739493e-20
2.5374105225742573e-05 7.071241949995823e-20
2.5403922035643562e-05 7.436212928629458e-20
2.5433738845544552e-05 8.11089902521906e-20
2.5463555655445545e-05 7.24304459474059e-20
2.5493372465346534e-05 6.486825307825599e-20
2.5523189275247523e-05 8.81991537090785e-20
2.5553006085148516e-05 8.67736908972344e-20
2.5582822895049502e-05 7.153006367586654e-20
2.5612639704950495e-05 8.027791023414653e-20
2.5642456514851484e-05 8.540829546131216e-20
2.5672273324752474e-05 9.241262461392205e-20
2.5702090134653463e-05 9.006866290855178e-20
2.5731906944554456e-05 7.628014127882124e-20
2.5761723754455445e-05 9.532403680753252e-20
2.5791540564356435e-05 1.0408954904894315e-19
2.5821357374257424e-05 8.458767884514094e-20
2.5851174184158417e-05 9.05954141713998e-20
2.5880990994059403e-05 9.898752208337899e-20
2.5910807803960395e-05 1.0210659710083271e-19
2.5940624613861385e-05 1.029194264928051e-19
2.5970441423762374e-05 8.943067222310528e-20
2.6000258233663364e-05 1.0211714741021275e-19
2.6030075043564356e-05 1.1607943874611712e-19
2.6059891853465342e-05 1.0076528215094065e-19
2.6089708663366335e-05 9.985152405010499e-20
2.6119525473267328e-05 1.1027438889314167e-19
2.6149342283168317e-05 1.1538811088897496e-19
2.6179159093069307e-05 1.1618564943866338e-19
2.6208975902970296e-05 1.0328665357377618e-19
2.623879271287129e-05 1.0909275014282375e-19
2.6268609522772275e-05 1.2935590871749445e-19
2.6298426332673267e-05 1.1740797966511386e-19
2.6328243142574257e-05 1.0851535895165272e-19
2.6358059952475246e-05 1.2092144745936094e-19
2.6387876762376236e-05 1.2491097376381187e-19
2.6417693572277228e-05 1.2770492623825708e-19
2.6447510382178214e-05 1.1943628780816766e-19
2.6477327192079207e-05 1.1741316367263883e-19
2.6507144001980196e-05 1.3887997591540658e-19
2.6536960811881186e-05 1.322638048587532e-19
2.6566777621782175e-05 1.1911937903357986e-19
2.6596594431683168e-05 1.3156543004110714e-19
2.6626411241584157e-05 1.3613283599364838e-19
2.6656228051485147e-05 1.375555739933136e-19
2.6686044861386136e-05 1.324621415571791e-19
2.671586167128713e-05 1.2553164097902388e-19
2.6745678481188118e-05 1.447688301150476e-19
2.6775495291089108e-05 1.4849811958816227e-19
2.68053121009901e-05 1.2927246049792915e-19
2.6835128910891086e-05 1.372886449288151e-19
2.686494572079208e-05 1.497235149079416e-19
2.689476253069307e-05 1.484064731566023e-19
2.6924579340594058e-05 1.4556926928598641e-19
2.6954396150495047e-05 1.3805456452306068e-19
2.698421296039604e-05 1.4877260497233555e-19
2.701402977029703e-05 1.5995791704107295e-19
2.704384658019802e-05 1.4326130055872357e-19
2.7073663390099008e-05 1.416755402620829e-19
2.71034802e-05 1.5636353709850062e-19
2.7133297009900987e-05 1.5646660962517577e-19
2.716311381980198e-05 1.5467673755652885e-19
2.719293062970297e-05 1.4673981218424504e-19
2.7222747439603958e-05 1.5171196588096235e-19
2.7252564249504948e-05 1.7048035035799915e-19
2.728238105940594e-05 1.5586616123034328e-19
2.7312197869306926e-05 1.4622589645606656e-19
2.734201467920792e-05 1.624750371261611e-19
2.7371831489108912e-05 1.6436259433431008e-19
2.7401648299009898e-05 1.6206062950200598e-19
2.743146510891089e-05 1.5578718025877137e-19
2.746128191881188e-05 1.5531863410826412e-19
2.7491098728712873e-05 1.7498147416585789e-19
2.752091553861386e-05 1.683918035189073e-19
2.755073234851485e-05 1.5315560112640364e-19
2.758054915841584e-05 1.6678921335737453e-19
2.761036596831683e-05 1.7263959322835417e-19
2.764018277821782e-05 1.6882140209998092e-19
2.7669999588118812e-05 1.6474815661933415e-19
2.76998163980198e-05 1.6034841816911248e-19
2.772963320792079e-05 1.7594751657522942e-19
2.775945001782178e-05 1.7954312648572907e-19
2.778926682772277e-05 1.5915350467967223e-19
2.781908363762376e-05 1.670113134846131e-19
2.7848900447524752e-05 1.8072492723091384e-19
2.787871725742574e-05 1.724416614656085e-19
2.790853406732673e-05 1.7147980703851028e-19
2.793835087722772e-05 1.678834218767511e-19
2.7968167687128713e-05 1.752223502295282e-19
2.7997984497029702e-05 1.8649140096083767e-19
2.802780130693069e-05 1.6782990858347352e-19
2.8057618116831684e-05 1.690676253915114e-19
2.808743492673267e-05 1.8375417921024262e-19
2.8117251736633663e-05 1.7858581727578395e-19
2.8147068546534653e-05 1.7730872006599736e-19
2.8176885356435642e-05 1.7022919438212323e-19
2.820670216633663e-05 1.7519102737313382e-19
2.8236518976237624e-05 1.9082670790340918e-19
2.8266335786138613e-05 1.7564667649580898e-19
2.8296152596039603e-05 1.6898758011520412e-19
2.8325969405940592e-05 1.8507550282159864e-19
2.8355786215841585e-05 1.858769559382723e-19
2.838560302574257e-05 1.8096107741760034e-19
2.8415419835643564e-05 1.765662245136966e-19
2.8445236645544553e-05 1.7699936413344529e-19
2.8475053455445542e-05 1.9014854373589353e-19
2.8504870265346532e-05 1.841060643418713e-19
2.8534687075247525e-05 1.701258191014879e-19
2.856450388514851e-05 1.8375153614136465e-19
2.8594320695049503e-05 1.8929176149365395e-19
2.8624137504950493e-05 1.8074943167840346e-19
2.8653954314851482e-05 1.8086214954435217e-19
2.8683771124752475e-05 1.7829508080618348e-19
2.8713587934653464e-05 1.8979434954131473e-19
2.8743404744554457e-05 1.9125891553601228e-19
2.8773221554455443e-05 1.7058617441380062e-19
2.8803038364356436e-05 1.8187320443227563e-19
2.8832855174257425e-05 1.9315673643999007e-19
2.8862671984158414e-05 1.8220629491225618e-19
2.8892488794059404e-05 1.811533235435796e-19
2.8922305603960397e-05 1.7830958177102265e-19
2.8952122413861383e-05 1.8447839408675194e-19
2.8981939223762375e-05 1.931043435515942e-19
2.9011756033663365e-05 1.7608008940922437e-19
2.9041572843564354e-05 1.7557801636798915e-19
2.9071389653465343e-05 1.924085800746721e-19
2.9101206463366336e-05 1.8418431944184274e-19
2.9131023273267326e-05 1.8006241140187952e-19
2.9160840083168315e-05 1.8064725502115407e-19
2.9190656893069304e-05 1.7705359171091624e-19
2.9220473702970297e-05 1.9033308920050594e-19
2.9250290512871283e-05 1.8018033715066366e-19
2.9280107322772276e-05 1.6760671854485964e-19
2.930992413267327e-05 1.8694780787918076e-19
2.9339740942574255e-05 1.8353570107384012e-19
2.9369557752475247e-05 1.7441035804194165e-19
2.9399374562376237e-05 1.7794584152706019e-19
2.9429191372277226e-05 1.734834632417271e-19
2.9459008182178215e-05 1.8274022143579914e-19
2.9488824992079208e-05 1.8016769325140533e-19
2.9518641801980198e-05 1.6429287664049047e-19
2.9548458611881187e-05 1.7701268477100394e-19
2.9578275421782176e-05 1.808091612571794e-19
2.960809223168317e-05 1.694373575591355e-19
2.9637909041584155e-05 1.7153943514126756e-19
2.9667725851485148e-05 1.672873884547874e-19
2.9697542661386137e-05 1.7287710110588026e-19
2.9727359471287127e-05 1.7748463924442065e-19
2.9757176281188116e-05 1.5823730077322188e-19
2.978699309108911e-05 1.6416042143102346e-19
2.9816809900990095e-05 1.7561219585420363e-19
2.9846626710891087e-05 1.6355712142853907e-19
2.9876443520792077e-05 1.6304633788688555e-19
2.9906260330693066e-05 1.6092501433433876e-19
2.993607714059406e-05 1.5946523009894077e-19
2.996589395049505e-05 1.6783843912786154e-19
2.999571076039604e-05 1.5438533300810239e-19
3.0025527570297027e-05 1.4957923080153532e-19
3.005534438019802e-05 1.6477207304277319e-19
