0.0 4.434766959338506e-19
2.9798909313725488e-08 4.383279146482942e-19
5.9597818627450975e-08 4.3111810277963437e-19
8.939672794117647e-08 4.2888549297907495e-19
1.1919563725490195e-07 4.313628413210104e-19
1.4899454656862744e-07 4.347721638223223e-19
1.7879345588235294e-07 4.254339015276281e-19
2.0859236519607843e-07 4.198515951046439e-19
2.383912745098039e-07 4.2693297189325754e-19
2.681901838235294e-07 4.251672328175815e-19
2.979890931372549e-07 4.179806988119959e-19
3.2778800245098036e-07 4.1306806116616484e-19
3.575869117647059e-07 4.1410593950791083e-19
3.873858210784314e-07 4.1859219905731044e-19
4.1718473039215687e-07 4.094493604682955e-19
4.469836397058823e-07 3.9969480053449554e-19
4.767825490196078e-07 4.05223284969367e-19
5.065814583333333e-07 4.080601558311837e-19
5.363803676470588e-07 3.970831805822713e-19
5.661792769607843e-07 3.911415946136002e-19
5.959781862745098e-07 3.9531688046168033e-19
6.257770955882353e-07 3.9555082732739103e-19
6.555760049019607e-07 3.902220641039986e-19
6.853749142156862e-07 3.798487180020685e-19
7.151738235294118e-07 3.8101010386513315e-19
7.449727328431373e-07 3.878646888867457e-19
7.747716421568628e-07 3.759946453674462e-19
8.045705514705882e-07 3.675210064847187e-19
8.343694607843137e-07 3.698899355955417e-19
8.641683700980391e-07 3.7029656987853354e-19
8.939672794117646e-07 3.6778906182370086e-19
9.237661887254901e-07 3.5653822735486193e-19
9.535650980392156e-07 3.528861272542435e-19
9.83364007352941e-07 3.6034506757750873e-19
1.0131629166666666e-06 3.54889895991023e-19
1.042961825980392e-06 3.435408366487958e-19
1.0727607352941177e-06 3.4158458126932043e-19
1.102559644607843e-06 3.433664015569376e-19
1.1323585539215685e-06 3.4148249327825653e-19
1.1621574632352941e-06 3.3080246768198667e-19
1.1919563725490196e-06 3.237479370058451e-19
1.221755281862745e-06 3.304813026986214e-19
1.2515541911764706e-06 3.276963078670253e-19
1.281353100490196e-06 3.148764106269709e-19
1.3111520098039214e-06 3.119836369777118e-19
1.340950919117647e-06 3.1349859325418924e-19
1.3707498284313725e-06 3.139970548693762e-19
1.400548737745098e-06 3.0517466028035413e-19
1.4303476470588235e-06 2.9288074905078954e-19
1.460146556372549e-06 2.983427634231966e-19
1.4899454656862745e-06 3.008166686481521e-19
1.519744375e-06 2.8538693429055023e-19
1.5495432843137256e-06 2.797362763868632e-19
1.579342193627451e-06 2.8233513285644046e-19
1.6091411029411764e-06 2.796991356050077e-19
1.638940012254902e-06 2.7379127074405837e-19
1.6687389215686275e-06 2.625176183030291e-19
1.6985378308823529e-06 2.6333440790336934e-19
1.7283367401960783e-06 2.681194101577212e-19
1.7581356495098037e-06 2.571258637456017e-19
1.7879345588235291e-06 2.48044208300654e-19
1.8177334681372547e-06 2.472431220065847e-19
1.8475323774509802e-06 2.48731911563681e-19
1.8773312867647058e-06 2.427934276787606e-19
1.9071301960784312e-06 2.283696288925753e-19
1.936929105392157e-06 2.2631297032137426e-19
1.966728014705882e-06 2.3404779601116516e-19
1.9965269240196077e-06 2.2397265102993395e-19
2.0263258333333333e-06 2.1061705710447865e-19
2.0561247426470585e-06 2.1189552827171858e-19
2.085923651960784e-06 2.1201797024265847e-19
2.1157225612745097e-06 2.0903641495549987e-19
2.1455214705882354e-06 1.9737433537095027e-19
2.1753203799019606e-06 1.8994731479311404e-19
2.205119289215686e-06 1.9679900362828274e-19
2.234918198529412e-06 1.9054994666561373e-19
2.264717107843137e-06 1.7555216236354145e-19
2.2945160171568627e-06 1.7184060807001891e-19
2.3243149264705883e-06 1.7447164173497416e-19
2.3541138357843135e-06 1.7127973363612399e-19
2.383912745098039e-06 1.5995667770297656e-19
2.4137116544117647e-06 1.4980437648244136e-19
2.44351056372549e-06 1.532227901239313e-19
2.4733094730392156e-06 1.557217709636505e-19
2.503108382352941e-06 1.4005599747645449e-19
2.5329072916666664e-06 1.3154778031697376e-19
2.562706200980392e-06 1.3553448365814575e-19
2.5925051102941176e-06 1.331876981748002e-19
2.622304019607843e-06 1.2219091647663205e-19
2.6521029289215685e-06 1.099471185824875e-19
2.681901838235294e-06 1.1223054008539907e-19
2.7117007475490197e-06 1.1453197059887675e-19
2.741499656862745e-06 1.0044610338301601e-19
2.7712985661764706e-06 9.190049466901268e-20
2.801097475490196e-06 9.22373367623747e-20
2.8308963848039214e-06 9.119380110317619e-20
2.860695294117647e-06 8.512204699790161e-20
2.8904942034313726e-06 7.054623495804867e-20
2.920293112745098e-06 6.894890030710958e-20
2.9500920220588235e-06 7.50830336045081e-20
2.979890931372549e-06 6.067324146078192e-20
3.0096898406862743e-06 4.707829224600271e-20
3.03948875e-06 4.791273325578855e-20
3.0692876593137256e-06 4.944238129348455e-20
3.099086568627451e-06 4.393620095237217e-20
3.1288854779411764e-06 2.871576066906068e-20
3.158684387254902e-06 2.4065619539732713e-20
3.1884832965686276e-06 3.2144577398642654e-20
3.218282205882353e-06 2.295284967635965e-20
3.2480811151960785e-06 6.952815809890778e-21
3.277880024509804e-06 6.1780032912493806e-21
3.3076789338235293e-06 7.76195555717049e-21
3.337477843137255e-06 3.4545075842252594e-21
3.3672767524509805e-06 -1.1114225790910586e-20
3.3970756617647058e-06 -1.953026328006845e-20
3.4268745710784314e-06 -1.2013799409650157e-20
3.4566734803921566e-06 -1.798449158695384e-20
3.4864723897058818e-06 -3.2840423982607196e-20
3.5162712990196074e-06 -3.721259904326696e-20
3.546070208333333e-06 -3.55850046665443e-20
3.5758691176470582e-06 -3.7849001076096e-20
3.605668026960784e-06 -4.9975324447919993e-20
3.6354669362745095e-06 -6.006304465938061e-20
3.665265845588235e-06 -5.672877269013074e-20
3.6950647549019603e-06 -5.498750721867337e-20
3.724863664215686e-06 -7.150425259875342e-20
3.7546625735294116e-06 -8.179993449540038e-20
3.7844614828431368e-06 -7.730748598830942e-20
3.8142603921568624e-06 -7.893608085784459e-20
3.8440593014705885e-06 -8.734100398438253e-20
3.873858210784314e-06 -1.0069537317502669e-19
3.90365712009804e-06 -9.928396389377336e-20
3.933456029411764e-06 -9.294152616423637e-20
3.96325493872549e-06 -1.1027173594063995e-19
3.993053848039215e-06 -1.203909739751848e-19
4.022852757352941e-06 -1.1667277871792621e-19
4.0526516666666666e-06 -1.1941652726304122e-19
4.082450575980393e-06 -1.2529705921805683e-19
4.112249485294117e-06 -1.3550724576409249e-19
4.142048394607843e-06 -1.3975288143611719e-19
4.171847303921568e-06 -1.3470255464155007e-19
4.201646213235294e-06 -1.446189153990695e-19
4.2314451225490195e-06 -1.5815323644143825e-19
4.2612440318627455e-06 -1.5480122339916549e-19
4.291042941176471e-06 -1.5585366185855562e-19
4.320841850490196e-06 -1.610784268119849e-19
4.350640759803921e-06 -1.704645982061221e-19
4.380439669117647e-06 -1.798734289193984e-19
4.410238578431372e-06 -1.7162527068262982e-19
4.4400374877450984e-06 -1.7603615957525707e-19
4.469836397058824e-06 -1.930342257287272e-19
4.499635306372549e-06 -1.9369332945080496e-19
4.529434215686274e-06 -1.9043747070600993e-19
4.559233125e-06 -1.9621626939243811e-19
4.589032034313725e-06 -2.0592068374840716e-19
4.6188309436274505e-06 -2.1314081611687326e-19
4.6486298529411766e-06 -2.093893585247297e-19
4.678428762254901e-06 -2.0656353166564778e-19
4.708227671568627e-06 -2.2335732702877966e-19
4.738026580882352e-06 -2.2989133746768457e-19
4.767825490196078e-06 -2.2232672788057653e-19
4.797624399509803e-06 -2.2783201072457256e-19
4.8274233088235295e-06 -2.3498492703353674e-19
4.857222218137255e-06 -2.4407736098543307e-19
4.88702112745098e-06 -2.447798667873927e-19
4.916820036764705e-06 -2.3732065744425116e-19
4.946618946078431e-06 -2.513401240899391e-19
4.976417855392156e-06 -2.6206786828697923e-19
5.006216764705882e-06 -2.5408540392799906e-19
5.036015674019608e-06 -2.546335989903874e-19
5.065814583333333e-06 -2.636962663312965e-19
5.095613492647058e-06 -2.707122340269722e-19
5.125412401960784e-06 -2.7330468991694106e-19
5.155211311274509e-06 -2.675038636189488e-19
5.185010220588235e-06 -2.7376363314562376e-19
5.2148091299019605e-06 -2.8991189457282464e-19
5.244608039215686e-06 -2.8455452905404333e-19
5.274406948529411e-06 -2.808015052627555e-19
5.304205857843137e-06 -2.909431916626376e-19
5.334004767156862e-06 -2.957493438510892e-19
5.363803676470588e-06 -2.9885424650975936e-19
5.393602585784313e-06 -2.9453721756730995e-19
5.4234014950980395e-06 -2.950878076646633e-19
5.453200404411764e-06 -3.1013235087746646e-19
5.48299931372549e-06 -3.090516016639081e-19
5.512798223039215e-06 -3.0172727946827485e-19
5.542597132352941e-06 -3.114110320609989e-19
5.572396041666666e-06 -3.175424962538171e-19
5.602194950980392e-06 -3.1972342748677205e-19
5.631993860294117e-06 -3.2021598909895174e-19
5.661792769607843e-06 -3.159779193758207e-19
5.691591678921568e-06 -3.278653811534051e-19
5.721390588235294e-06 -3.3371824236544634e-19
5.751189497549019e-06 -3.234587933084262e-19
5.780988406862745e-06 -3.283299045656704e-19
5.8107873161764705e-06 -3.35725886292632e-19
5.840586225490196e-06 -3.378385466717448e-19
5.870385134803921e-06 -3.3913582194103915e-19
5.900184044117647e-06 -3.3422877013070705e-19
5.929982953431372e-06 -3.4242130863275906e-19
5.959781862745098e-06 -3.5163711911803378e-19
5.989580772058823e-06 -3.4287489375039726e-19
6.019379681372549e-06 -3.433542390109092e-19
6.049178590686274e-06 -3.5185752780639086e-19
6.0789775e-06 -3.540948143786138e-19
6.108776409313725e-06 -3.5477072602083055e-19
6.138575318627451e-06 -3.4896192573365424e-19
6.168374227941176e-06 -3.5263592788208385e-19
6.198173137254902e-06 -3.6502310364643303e-19
6.227972046568627e-06 -3.587551037500748e-19
6.257770955882353e-06 -3.5403042370186527e-19
6.287569865196078e-06 -3.629097384618913e-19
6.317368774509804e-06 -3.6617145001524235e-19
6.347167683823529e-06 -3.6653148276502344e-19
6.376966593137255e-06 -3.6437331976846495e-19
6.40676550245098e-06 -3.6521657511883426e-19
6.436564411764706e-06 -3.7450667359957864e-19
6.466363321078431e-06 -3.7319656607003876e-19
6.496162230392157e-06 -3.654196757438922e-19
6.525961139705882e-06 -3.7073141270692e-19
6.555760049019608e-06 -3.774044119338375e-19
6.5855589583333325e-06 -3.7582761113637833e-19
6.615357867647059e-06 -3.741332833835453e-19
6.645156776960784e-06 -3.720782247989581e-19
6.67495568627451e-06 -3.7968078751054905e-19
6.704754595588235e-06 -3.8489556936640726e-19
6.734553504901961e-06 -3.7346571990114283e-19
6.764352414215686e-06 -3.7687706437770044e-19
6.7941513235294115e-06 -3.835366294488262e-19
6.823950232843137e-06 -3.810646452407388e-19
6.853749142156863e-06 -3.8330530521234327e-19
6.883548051470588e-06 -3.7769476917070415e-19
6.913346960784313e-06 -3.805023079856202e-19
6.943145870098039e-06 -3.884477263585058e-19
6.9729447794117636e-06 -3.804461827829048e-19
7.00274368872549e-06 -3.7886238512827466e-19
7.032542598039215e-06 -3.848863206371085e-19
7.062341507352941e-06 -3.8456146695805733e-19
7.092140416666666e-06 -3.8518664968932e-19
7.121939325980392e-06 -3.8260144089124313e-19
7.1517382352941165e-06 -3.8020735793734636e-19
7.1815371446078425e-06 -3.8780554775434276e-19
7.211336053921568e-06 -3.8570257154922976e-19
7.241134963235294e-06 -3.7718011142908403e-19
7.270933872549019e-06 -3.8281442213251437e-19
7.300732781862745e-06 -3.852517839131524e-19
7.33053169117647e-06 -3.821514219997119e-19
7.3603306004901954e-06 -3.8027612819360936e-19
7.390129509803921e-06 -3.7656970919559948e-19
7.419928419117647e-06 -3.835194315034075e-19
7.449727328431372e-06 -3.8461857246679108e-19
7.479526237745098e-06 -3.74633791889306e-19
7.509325147058823e-06 -3.76550392398526e-19
7.539124056372548e-06 -3.8038732145828325e-19
7.5689229656862736e-06 -3.7880431609457464e-19
7.598721875e-06 -3.7523469516762588e-19
7.628520784313725e-06 -3.703727755237013e-19
7.65831969362745e-06 -3.747493926169238e-19
7.688118602941177e-06 -3.774449728890671e-19
7.717917512254902e-06 -3.6841341229574307e-19
7.747716421568627e-06 -3.676543086235244e-19
7.777515330882353e-06 -3.715098179361088e-19
7.80731424019608e-06 -3.6900056550336467e-19
7.837113149509803e-06 -3.662621969490557e-19
7.866912058823528e-06 -3.6109048448334376e-19
7.896710968137253e-06 -3.6322993554015346e-19
7.92650987745098e-06 -3.6756479038388755e-19
7.956308786764705e-06 -3.58667444319328e-19
7.98610769607843e-06 -3.535576105949664e-19
8.015906605392156e-06 -3.563760388980051e-19
8.045705514705883e-06 -3.567195763074181e-19
8.075504424019608e-06 -3.549632727477121e-19
8.105303333333333e-06 -3.4807441048037535e-19
8.135102242647058e-06 -3.465179433753906e-19
8.164901151960785e-06 -3.5059502181837344e-19
8.19470006127451e-06 -3.4636158032461234e-19
8.224498970588234e-06 -3.3997170103426105e-19
8.25429787990196e-06 -3.3857200283024406e-19
8.284096789215686e-06 -3.4142986443058113e-19
8.313895698529411e-06 -3.3918570897862137e-19
8.343694607843136e-06 -3.302097455750386e-19
8.373493517156862e-06 -3.2670272590985684e-19
8.403292426470589e-06 -3.311158279750802e-19
8.433091335784314e-06 -3.3119056710099777e-19
8.462890245098039e-06 -3.207010133044935e-19
8.492689154411764e-06 -3.179817678571046e-19
8.522488063725491e-06 -3.2117201025198295e-19
8.552286973039216e-06 -3.195802811445258e-19
8.582085882352941e-06 -3.1534128032369774e-19
8.611884791666665e-06 -3.054547016347193e-19
8.641683700980392e-06 -3.0770112067531337e-19
8.671482610294117e-06 -3.13546041897878e-19
8.701281519607842e-06 -3.003198290709922e-19
8.731080428921567e-06 -2.931333075133834e-19
8.760879338235294e-06 -2.987352251733722e-19
8.79067824754902e-06 -2.9841573329727467e-19
8.820477156862745e-06 -2.922968433920899e-19
8.85027606617647e-06 -2.8380473024293985e-19
8.880074975490197e-06 -2.8371784806332116e-19
8.909873884803922e-06 -2.902653445391429e-19
8.939672794117647e-06 -2.8057741161843307e-19
8.96947170343137e-06 -2.697106981125463e-19
8.999270612745098e-06 -2.741391321828149e-19
9.029069522058823e-06 -2.739017913714235e-19
9.058868431372548e-06 -2.684236089472442e-19
9.088667340686273e-06 -2.6032303389319464e-19
9.11846625e-06 -2.5539835681997434e-19
9.148265159313725e-06 -2.6246838100203576e-19
9.17806406862745e-06 -2.5806894794584347e-19
9.207862977941176e-06 -2.4470376715793836e-19
9.237661887254901e-06 -2.446089013250594e-19
9.267460796568628e-06 -2.485613448399858e-19
9.297259705882353e-06 -2.462313238667999e-19
9.327058615196078e-06 -2.3533492132190247e-19
9.356857524509802e-06 -2.286174022082155e-19
9.386656433823529e-06 -2.3569351676984353e-19
9.416455343137254e-06 -2.325864908666513e-19
9.446254252450979e-06 -2.1734203010605667e-19
9.476053161764704e-06 -2.158022253121399e-19
9.505852071078431e-06 -2.199146140635605e-19
9.535650980392156e-06 -2.168756999793972e-19
9.565449889705882e-06 -2.0815255047970617e-19
9.595248799019607e-06 -1.9972988429422874e-19
9.625047708333334e-06 -2.0513191625783786e-19
9.654846617647059e-06 -2.0646347369934528e-19
9.684645526960784e-06 -1.9185027997019649e-19
9.71444443627451e-06 -1.860759722897843e-19
9.744243345588235e-06 -1.9103703669592568e-19
9.77404225490196e-06 -1.8943307255678855e-19
9.803841164215685e-06 -1.8072377813271013e-19
9.83364007352941e-06 -1.7030439109095965e-19
9.863438982843137e-06 -1.7055582966077857e-19
9.893237892156862e-06 -1.7771816373371215e-19
9.923036801470587e-06 -1.6544013320638218e-19
9.952835710784313e-06 -1.5331918534107284e-19
9.98263462009804e-06 -1.5975214978873313e-19
1.0012433529411765e-05 -1.6047259862279027e-19
1.004223243872549e-05 -1.53946194606561e-19
1.0072031348039215e-05 -1.41834921958935e-19
1.0101830257352942e-05 -1.3734664620212237e-19
1.0131629166666666e-05 -1.479376166529838e-19
1.016142807598039e-05 -1.4103554364652207e-19
1.0191226985294116e-05 -1.222259437139079e-19
1.0221025894607843e-05 -1.2422250384041084e-19
1.0250824803921568e-05 -1.3191013798243134e-19
1.0280623713235293e-05 -1.2260232517183035e-19
1.0310422622549018e-05 -1.109171975264238e-19
1.0340221531862745e-05 -1.0694749035354453e-19
1.037002044117647e-05 -1.1352121299885026e-19
1.0399819350490196e-05 -1.1312696683385905e-19
1.0429618259803921e-05 -9.29905903166544e-20
1.0459417169117648e-05 -9.103602369096294e-20
1.0489216078431371e-05 -1.0166839180962248e-19
1.0519014987745097e-05 -9.382463050568688e-20
1.0548813897058822e-05 -8.191520403918235e-20
1.0578612806372549e-05 -7.528952851341616e-20
1.0608411715686274e-05 -7.967950607964404e-20
1.0638210624999999e-05 -8.30216591424661e-20
1.0668009534313724e-05 -6.490048145632425e-20
1.0697808443627451e-05 -5.681454831330847e-20
1.0727607352941176e-05 -6.701663686465664e-20
1.0757406262254902e-05 -6.489802289474609e-20
1.0787205171568627e-05 -5.396678467473355e-20
1.0817004080882354e-05 -4.3816653652573645e-20
1.0846802990196079e-05 -4.574250291720835e-20
1.0876601899509802e-05 -5.353283300922707e-20
1.0906400808823528e-05 -3.7925916631540366e-20
1.0936199718137255e-05 -2.319152309875039e-20
1.096599862745098e-05 -3.3447162174726577e-20
1.0995797536764705e-05 -3.4286062083310376e-20
1.102559644607843e-05 -2.207151157729205e-20
1.1055395355392157e-05 -1.389965080608735e-20
1.1085194264705882e-05 -1.110358031108819e-20
1.1114993174019607e-05 -2.0272689216181936e-20
1.1144792083333333e-05 -1.1312278614423706e-20
1.117459099264706e-05 9.036891650230698e-21
1.1204389901960785e-05 8.523204933112775e-22
1.123418881127451e-05 -4.541187996059193e-21
1.1263987720588233e-05 7.627760328952554e-21
1.129378662990196e-05 1.8514297269467228e-20
1.1323585539215686e-05 2.3200355899894128e-20
1.135338444852941e-05 1.324046029131278e-20
1.1383183357843136e-05 1.6652013403823453e-20
1.1412982267156863e-05 4.0029884161481625e-20
1.1442781176470588e-05 3.69811678665012e-20
1.1472580085784313e-05 2.571271514033904e-20
1.1502378995098038e-05 3.666519729925946e-20
1.1532177904411764e-05 5.012513775303469e-20
1.156197681372549e-05 5.563266271952367e-20
1.1591775723039216e-05 4.7170326989999555e-20
1.1621574632352941e-05 4.624688892212404e-20
1.1651373541666664e-05 6.796172365115795e-20
1.1681172450980391e-05 7.364211047553291e-20
1.1710971360294117e-05 6.020933086765445e-20
1.1740770269607842e-05 6.509269096878143e-20
1.1770569178921567e-05 8.169941193786059e-20
1.1800368088235294e-05 8.621402424016171e-20
1.1830166997549019e-05 8.198640006679283e-20
1.1859965906862744e-05 7.857826072145841e-20
1.188976481617647e-05 9.36700453204255e-20
1.1919563725490196e-05 1.0725142855388018e-19
1.1949362634803922e-05 9.329870445203209e-20
1.1979161544117647e-05 9.386186926157428e-20
1.2008960453431372e-05 1.1118785967732106e-19
1.2038759362745097e-05 1.1691129853138539e-19
1.2068558272058822e-05 1.154048096502548e-19
1.2098357181372548e-05 1.092627139162239e-19
1.2128156090686273e-05 1.2119819486057992e-19
1.2157955e-05 1.384455517123339e-19
1.2187753909313725e-05 1.2784258302162006e-19
1.221755281862745e-05 1.223565731957477e-19
1.2247351727941175e-05 1.3762327752786988e-19
1.2277150637254902e-05 1.485772712285325e-19
1.2306949546568627e-05 1.4717296269328905e-19
1.2336748455882353e-05 1.389045437054337e-19
1.2366547365196078e-05 1.4588938953802082e-19
1.2396346274509805e-05 1.6603845788650164e-19
1.2426145183823528e-05 1.6158895001251684e-19
1.2455944093137253e-05 1.4967066244777763e-19
1.2485743002450979e-05 1.6415515646681392e-19
1.2515541911764706e-05 1.7725263190080188e-19
1.254534082107843e-05 1.743212685513207e-19
1.2575139730392156e-05 1.6799570154878522e-19
1.2604938639705881e-05 1.6996013335746745e-19
1.2634737549019608e-05 1.8950797055284166e-19
1.2664536458333333e-05 1.9323704807513266e-19
1.2694335367647058e-05 1.7638973552600517e-19
1.2724134276960784e-05 1.8438440843570252e-19
1.275393318627451e-05 2.0223351823199444e-19
1.2783732095588234e-05 2.0165433053450046e-19
1.281353100490196e-05 1.9568217812663838e-19
1.2843329914215684e-05 1.9485287737825848e-19
1.2873128823529411e-05 2.1063287458153408e-19
1.2902927732843137e-05 2.207288314581367e-19
1.2932726642156862e-05 2.0284508382106992e-19
1.2962525551470587e-05 2.0358930847727078e-19
1.2992324460784314e-05 2.252286986313143e-19
1.3022123370098039e-05 2.2581499652007963e-19
1.3051922279411764e-05 2.189948632082235e-19
1.308172118872549e-05 2.170126194586468e-19
1.3111520098039216e-05 2.279801250185082e-19
1.3141319007352942e-05 2.4330084554286124e-19
1.3171117916666665e-05 2.305251638014739e-19
1.320091682598039e-05 2.2263863948737096e-19
1.3230715735294117e-05 2.4267665463962077e-19
1.3260514644607842e-05 2.5022843712646763e-19
1.3290313553921568e-05 2.403313278759735e-19
1.3320112463235293e-05 2.359046627425276e-19
1.334991137254902e-05 2.4498658311550576e-19
1.3379710281862745e-05 2.6030530991815964e-19
1.340950919117647e-05 2.5354741709987806e-19
1.3439308100490195e-05 2.41729898831111e-19
1.3469107009803922e-05 2.5805712473821463e-19
1.3498905919117647e-05 2.671274399594181e-19
1.3528704828431373e-05 2.591233604329456e-19
1.3558503737745096e-05 2.5790337643617206e-19
1.3588302647058823e-05 2.610916175183194e-19
1.3618101556372548e-05 2.7450683281165136e-19
1.3647900465686273e-05 2.745056309424979e-19
1.3677699374999999e-05 2.579323741240697e-19
1.3707498284313726e-05 2.69839767743899e-19
1.373729719362745e-05 2.839820580798009e-19
1.3767096102941176e-05 2.774790914761906e-19
1.3796895012254901e-05 2.747514304097448e-19
1.3826693921568626e-05 2.7321784271939634e-19
1.3856492830882353e-05 2.853623138966109e-19
1.3886291740196078e-05 2.9528759356687167e-19
1.3916090649509804e-05 2.7744054432135627e-19
1.3945889558823527e-05 2.7832866372333736e-19
1.3975688468137254e-05 2.962196263989745e-19
1.400548737745098e-05 2.942824104682568e-19
1.4035286286764704e-05 2.8761071441892033e-19
1.406508519607843e-05 2.8640836797220876e-19
1.4094884105392157e-05 2.962647929208062e-19
1.4124683014705882e-05 3.0622026754168573e-19
1.4154481924019607e-05 2.9323547583279253e-19
1.4184280833333332e-05 2.8745313348672217e-19
1.4214079742647059e-05 3.0602343429512456e-19
1.4243878651960784e-05 3.112608231054951e-19
1.427367756127451e-05 3.000972780862283e-19
1.4303476470588233e-05 2.9820540439214064e-19
1.433327537990196e-05 3.0648109331883017e-19
1.4363074289215685e-05 3.172709248871228e-19
1.439287319852941e-05 3.089846183900382e-19
1.4422672107843135e-05 2.9657417824920656e-19
1.4452471017156862e-05 3.1368246515214456e-19
1.4482269926470588e-05 3.216910536906921e-19
1.4512068835784313e-05 3.0987589547246984e-19
1.4541867745098038e-05 3.0716233358389754e-19
1.4571666654411765e-05 3.1263375142552526e-19
1.460146556372549e-05 3.2416871168150867e-19
1.4631264473039215e-05 3.2198493537811187e-19
1.466106338235294e-05 3.0683862722821514e-19
1.4690862291666666e-05 3.1685235341880025e-19
1.4720661200980391e-05 3.298873440680262e-19
1.4750460110294116e-05 3.186573351366757e-19
1.4780259019607841e-05 3.151444177414301e-19
1.4810057928921568e-05 3.190928437735091e-19
1.4839856838235293e-05 3.2637820621560568e-19
1.4869655747549019e-05 3.3069101899467765e-19
1.4899454656862744e-05 3.137370865503651e-19
1.492925356617647e-05 3.1688210248453603e-19
1.4959052475490196e-05 3.3615172758813606e-19
1.4988851384803921e-05 3.2856582408895397e-19
1.5018650294117646e-05 3.192254660916849e-19
1.5048449203431373e-05 3.2366464060679573e-19
1.5078248112745097e-05 3.2929674825899944e-19
1.5108047022058822e-05 3.335243656364271e-19
1.5137845931372547e-05 3.244523113630295e-19
1.5167644840686274e-05 3.1772009488095866e-19
1.519744375e-05 3.346321384522924e-19
1.5227242659313724e-05 3.350806297715718e-19
1.525704156862745e-05 3.2083511356105013e-19
1.5286840477941177e-05 3.2577380532781215e-19
1.53166393872549e-05 3.3002489464491825e-19
1.5346438296568627e-05 3.346142764478148e-19
1.5376237205882354e-05 3.3031234079524697e-19
1.5406036115196077e-05 3.1660530497375714e-19
1.5435835024509804e-05 3.3129815318457406e-19
1.546563393382353e-05 3.3888006721769274e-19
1.5495432843137255e-05 3.2242286773864155e-19
1.552523175245098e-05 3.2242717241483476e-19
1.5555030661764705e-05 3.270773221643918e-19
1.5584829571078432e-05 3.3177639891805033e-19
1.561462848039216e-05 3.31081844273678e-19
1.564442738970588e-05 3.152809397042386e-19
1.5674226299019606e-05 3.2360054311166587e-19
1.5704025208333333e-05 3.375026735913928e-19
1.5733824117647056e-05 3.235519931516736e-19
1.5763623026960783e-05 3.1753135479667777e-19
1.5793421936274507e-05 3.2404465989434573e-19
1.5823220845588234e-05 3.2744601030192664e-19
1.585301975490196e-05 3.2688695946278416e-19
1.5882818664215684e-05 3.1369149383492985e-19
1.591261757352941e-05 3.1279388392666424e-19
1.5942416482843138e-05 3.302985300564631e-19
1.597221539215686e-05 3.213345696599432e-19
1.6002014301470588e-05 3.080885276550786e-19
1.603181321078431e-05 3.1640671957153113e-19
1.606161212009804e-05 3.186509652562223e-19
1.6091411029411765e-05 3.1956362069583826e-19
1.612120993872549e-05 3.1052480447185094e-19
1.6151008848039216e-05 3.025249556393136e-19
1.618080775735294e-05 3.180638024984069e-19
1.6210606666666666e-05 3.1599571499911634e-19
1.6240405575980393e-05 3.0017357386379653e-19
1.6270204485294117e-05 3.030668992145709e-19
1.6300003394607844e-05 3.072568184374592e-19
1.632980230392157e-05 3.0799328996142803e-19
1.6359601213235294e-05 3.015078549749158e-19
1.638940012254902e-05 2.9022510458553766e-19
1.641919903186274e-05 3.0075755211090023e-19
1.6448997941176468e-05 3.069487432192598e-19
1.6478796850490195e-05 2.901670681466133e-19
1.650859575980392e-05 2.8729518180467367e-19
1.6538394669117645e-05 2.9309268572103783e-19
1.6568193578431372e-05 2.9138908938935023e-19
1.6597992487745096e-05 2.8891250961819075e-19
1.6627791397058823e-05 2.765479947149954e-19
1.6657590306372546e-05 2.776563183019972e-19
1.6687389215686273e-05 2.915360922756245e-19
1.6717188125e-05 2.763538824158607e-19
1.6746987034313723e-05 2.6628340660908226e-19
1.677678594362745e-05 2.7561179657211304e-19
1.6806584852941177e-05 2.7398562181702866e-19
1.68363837622549e-05 2.71640231164789e-19
1.6866182671568628e-05 2.6120982392698675e-19
1.689598158088235e-05 2.570350599254437e-19
1.6925780490196078e-05 2.7115656258805166e-19
1.6955579399509805e-05 2.6162017446113403e-19
1.698537830882353e-05 2.4466918383126765e-19
1.7015177218137255e-05 2.5084564171766704e-19
1.7044976127450982e-05 2.5391766972977083e-19
1.7074775036764706e-05 2.495811308432257e-19
1.7104573946078433e-05 2.417898891421868e-19
1.7134372855392156e-05 2.3171584431188e-19
1.7164171764705883e-05 2.4348251310527464e-19
1.7193970674019606e-05 2.452107805409447e-19
1.722376958333333e-05 2.2340660149328195e-19
1.7253568492647057e-05 2.2613588359375956e-19
1.7283367401960784e-05 2.314528231807516e-19
1.7313166311274507e-05 2.2545358657426453e-19
1.7342965220588234e-05 2.203939064009122e-19
1.7372764129901958e-05 2.080025232010921e-19
1.7402563039215685e-05 2.147271413686902e-19
1.743236194852941e-05 2.20308424854445e-19
1.7462160857843135e-05 2.0011820734084928e-19
1.7491959767156862e-05 1.9634150236694135e-19
1.752175867647059e-05 2.0465480042876298e-19
1.7551557585784312e-05 2.0062357052272566e-19
1.758135649509804e-05 1.9650723070059694e-19
1.7611155404411763e-05 1.8534642998632973e-19
1.764095431372549e-05 1.8330458180081032e-19
1.7670753223039216e-05 1.955881087682972e-19
1.770055213235294e-05 1.7958836879920935e-19
1.7730351041666667e-05 1.6632396484150088e-19
1.7760149950980394e-05 1.7575022026353466e-19
1.7789948860294117e-05 1.7330864183637435e-19
1.7819747769607844e-05 1.6986977742965827e-19
1.7849546678921568e-05 1.5867878262393293e-19
1.7879345588235295e-05 1.5103269452722632e-19
1.790914449754902e-05 1.6591987871369381e-19
1.793894340686274e-05 1.5746221584248758e-19
1.796874231617647e-05 1.395776784328189e-19
1.7998541225490195e-05 1.4470782324086128e-19
1.802834013480392e-05 1.4532617114564635e-19
1.8058139044117646e-05 1.4110471846999699e-19
1.808793795343137e-05 1.332543146564223e-19
1.8117736862745096e-05 1.2224873126583602e-19
1.8147535772058823e-05 1.2969397042606004e-19
1.8177334681372547e-05 1.3132722208958773e-19
1.8207133590686274e-05 1.1245574633089434e-19
1.82369325e-05 1.099721294613208e-19
1.8266731409313724e-05 1.1718179068123373e-19
1.829653031862745e-05 1.1149655680225053e-19
1.8326329227941174e-05 1.0470028599455814e-19
1.83561281372549e-05 9.461599739417367e-20
1.8385927046568628e-05 9.636558472124956e-20
1.841572595588235e-05 1.0472351621806727e-19
1.844552486519608e-05 8.328357242334033e-20
1.8475323774509802e-05 7.45881969971695e-20
1.850512268382353e-05 8.732787843259103e-20
1.8534921593137256e-05 8.033231879511372e-20
1.856472050245098e-05 7.353942727613749e-20
1.8594519411764706e-05 6.341363679427926e-20
1.8624318321078433e-05 6.135899292123942e-20
1.8654117230392157e-05 7.356651186479548e-20
1.8683916139705884e-05 5.710099697659123e-20
1.8713715049019604e-05 4.283939249126355e-20
1.874351395833333e-05 5.173570993765009e-20
1.8773312867647057e-05 4.941300616603199e-20
1.880311177696078e-05 4.1710457761490484e-20
1.8832910686274508e-05 3.2781577682605894e-20
1.8862709595588235e-05 2.47613605464778e-20
1.8892508504901958e-05 3.521166927619533e-20
1.8922307414215685e-05 3.0846636014920683e-20
1.895210632352941e-05 8.893026028754809e-21
1.8981905232843136e-05 1.3070776508716955e-20
1.9011704142156862e-05 1.8988774575339417e-20
1.9041503051470586e-05 8.621098089486741e-21
1.9071301960784313e-05 8.828574567913845e-23
1.910110087009804e-05 -6.810300874673732e-21
1.9130899779411763e-05 -2.3270668273681512e-21
1.916069868872549e-05 -1.902246825268863e-21
1.9190497598039214e-05 -2.209009766438788e-20
1.922029650735294e-05 -2.48803364853948e-20
1.9250095416666667e-05 -1.6566577115264163e-20
1.927989432598039e-05 -2.5106247639536445e-20
1.9309693235294118e-05 -3.3785414622044457e-20
1.9339492144607845e-05 -4.310343312410673e-20
1.9369291053921568e-05 -3.908292257427927e-20
1.9399089963235295e-05 -3.3511165748427664e-20
1.942888887254902e-05 -5.579996281496083e-20
1.9458687781862742e-05 -6.174812414146092e-20
1.948848669117647e-05 -5.2638357243267575e-20
1.9518285600490193e-05 -5.923877196420254e-20
1.954808450980392e-05 -6.673960120755425e-20
1.9577883419117646e-05 -7.706902699604968e-20
1.960768232843137e-05 -7.891870335115163e-20
1.9637481237745097e-05 -7.0132748078766e-20
1.966728014705882e-05 -8.456545232452415e-20
1.9697079056372547e-05 -1.0097864129018942e-19
1.9726877965686274e-05 -9.058929276880127e-20
1.9756676874999998e-05 -9.020605109541954e-20
1.9786475784313725e-05 -1.0384662404682647e-19
1.981627469362745e-05 -1.1029231076285652e-19
1.9846073602941175e-05 -1.157718677660126e-19
1.9875872512254902e-05 -1.085561635941191e-19
1.9905671421568625e-05 -1.1307326926916274e-19
1.9935470330882352e-05 -1.361423018766936e-19
1.996526924019608e-05 -1.3098160151246223e-19
1.9995068149509803e-05 -1.2502801236138872e-19
2.002486705882353e-05 -1.377628146720907e-19
2.0054665968137256e-05 -1.454113419481837e-19
2.008446487745098e-05 -1.5204033675065803e-19
2.0114263786764707e-05 -1.4512606557742058e-19
2.014406269607843e-05 -1.4533862520155784e-19
2.0173861605392157e-05 -1.6879324191933364e-19
2.0203660514705884e-05 -1.6897052357201654e-19
2.0233459424019604e-05 -1.6019541240243634e-19
2.026325833333333e-05 -1.6961304421281796e-19
2.0293057242647058e-05 -1.7949250492885652e-19
2.032285615196078e-05 -1.8762531350803208e-19
2.035265506127451e-05 -1.831804655810214e-19
2.0382453970588232e-05 -1.7959057850453427e-19
2.041225287990196e-05 -1.9876501563482404e-19
2.0442051789215686e-05 -2.0482820483481474e-19
2.047185069852941e-05 -1.9472315425481267e-19
2.0501649607843136e-05 -2.0127263620559743e-19
2.0531448517156863e-05 -2.1136513498906828e-19
2.0561247426470587e-05 -2.17809641645178e-19
2.0591046335784313e-05 -2.1930032475317355e-19
2.0620845245098037e-05 -2.137062145947868e-19
2.0650644154411764e-05 -2.2653675679310353e-19
2.068044306372549e-05 -2.395366161866693e-19
2.0710241973039214e-05 -2.3092633681769563e-19
2.074004088235294e-05 -2.3175454608789233e-19
2.0769839791666665e-05 -2.4345294478373445e-19
2.079963870098039e-05 -2.5052859745129096e-19
2.082943761029412e-05 -2.521014885657649e-19
2.0859236519607842e-05 -2.454845102676598e-19
2.088903542892157e-05 -2.525145461879831e-19
2.0918834338235296e-05 -2.714402311948722e-19
2.094863324754902e-05 -2.6486994500688104e-19
2.0978432156862743e-05 -2.572696528953977e-19
2.1008231066176466e-05 -2.733115781094049e-19
2.1038029975490193e-05 -2.807989806922602e-19
2.106782888480392e-05 -2.8119901786624976e-19
2.1097627794117644e-05 -2.796906305244237e-19
2.112742670343137e-05 -2.7909288882621567e-19
2.1157225612745097e-05 -2.982387016001248e-19
2.118702452205882e-05 -2.9850982537446113e-19
2.1216823431372548e-05 -2.837350982069612e-19
2.124662234068627e-05 -2.9733707370514237e-19
2.1276421249999998e-05 -3.064426501920112e-19
2.1306220159313725e-05 -3.0692469198418113e-19
2.133601906862745e-05 -3.06690152326868e-19
2.1365817977941176e-05 -3.022921503225097e-19
2.1395616887254902e-05 -3.2042873086359643e-19
2.1425415796568626e-05 -3.268882512681134e-19
2.1455214705882353e-05 -3.1196909038839316e-19
2.1485013615196076e-05 -3.1994191466769e-19
2.1514812524509803e-05 -3.3025760526534173e-19
2.154461143382353e-05 -3.3125056275503225e-19
2.1574410343137254e-05 -3.3176553170702487e-19
2.160420925245098e-05 -3.262143401193496e-19
2.1634008161764707e-05 -3.37292720963843e-19
2.166380707107843e-05 -3.481937988980835e-19
2.1693605980392158e-05 -3.363195748298128e-19
2.172340488970588e-05 -3.372003244557559e-19
2.1753203799019605e-05 -3.4957597844422917e-19
2.1783002708333332e-05 -3.521944571631542e-19
2.1812801617647055e-05 -3.523598650675879e-19
2.1842600526960782e-05 -3.4845369770902294e-19
2.187239943627451e-05 -3.514677034921608e-19
2.1902198345588233e-05 -3.674564656942387e-19
2.193199725490196e-05 -3.609669216510669e-19
2.1961796164215683e-05 -3.5044069023891943e-19
2.199159507352941e-05 -3.6601263313350507e-19
2.2021393982843137e-05 -3.700004854038819e-19
2.205119289215686e-05 -3.670059284726479e-19
2.2080991801470587e-05 -3.669999109429689e-19
2.2110790710784314e-05 -3.63298444049911e-19
2.2140589620098038e-05 -3.7929885712773975e-19
2.2170388529411764e-05 -3.810708245380103e-19
2.2200187438725488e-05 -3.650821224287442e-19
2.2229986348039215e-05 -3.773664039962939e-19
2.2259785257352942e-05 -3.8533657892498947e-19
2.2289584166666665e-05 -3.7947673977085323e-19
2.2319383075980392e-05 -3.8072554094991355e-19
2.234918198529412e-05 -3.769373899492086e-19
2.2378980894607843e-05 -3.8598406846085254e-19
2.240877980392157e-05 -3.9361496961298285e-19
2.2438578713235293e-05 -3.777900576005895e-19
2.246837762254902e-05 -3.8198931207662377e-19
2.2498176531862747e-05 -3.957303060359461e-19
2.2527975441176467e-05 -3.9171985914764672e-19
2.2557774350490194e-05 -3.91244267465036e-19
2.258757325980392e-05 -3.86505076380103e-19
2.2617372169117644e-05 -3.915778222022615e-19
2.264717107843137e-05 -4.0444943313613874e-19
2.2676969987745095e-05 -3.892113039833463e-19
2.270676889705882e-05 -3.86078176676181e-19
2.273656780637255e-05 -4.017593982807466e-19
2.2766366715686272e-05 -3.9964117594151323e-19
2.2796165625e-05 -3.970300346329819e-19
2.2825964534313726e-05 -3.938989464536494e-19
2.285576344362745e-05 -3.953836456614143e-19
2.2885562352941176e-05 -4.087779493096997e-19
2.29153612622549e-05 -4.003758539695665e-19
2.2945160171568627e-05 -3.906798150896782e-19
2.2974959080882353e-05 -4.039335637778237e-19
2.3004757990196077e-05 -4.0498359654081817e-19
2.3034556899509804e-05 -4.0027402851536053e-19
2.3064355808823527e-05 -4.0011831816007927e-19
2.3094154718137254e-05 -3.9604250722263967e-19
2.312395362745098e-05 -4.0581739305725606e-19
2.3153752536764705e-05 -4.0745174552812915e-19
2.318355144607843e-05 -3.92673015137068e-19
2.321335035539216e-05 -4.0096959125107536e-19
2.3243149264705882e-05 -4.094783447325384e-19
2.3272948174019605e-05 -4.0163610017825524e-19
2.330274708333333e-05 -4.013467734007835e-19
2.3332545992647056e-05 -3.983849108162865e-19
2.3362344901960783e-05 -4.0357340844274746e-19
2.3392143811274506e-05 -4.0865342891121603e-19
2.3421942720588233e-05 -3.9326322718155317e-19
2.345174162990196e-05 -3.957692282444082e-19
2.3481540539215684e-05 -4.0766157787663748e-19
2.351133944852941e-05 -4.0057853800861703e-19
2.3541138357843134e-05 -3.9688315319096383e-19
2.357093726715686e-05 -3.949421248029447e-19
2.3600736176470588e-05 -3.966510967417525e-19
2.363053508578431e-05 -4.0550714746488707e-19
2.3660333995098038e-05 -3.941088200245079e-19
2.3690132904411765e-05 -3.878469042054372e-19
2.371993181372549e-05 -4.000646656766519e-19
2.3749730723039215e-05 -3.97050495074613e-19
2.377952963235294e-05 -3.9082249781996754e-19
2.3809328541666666e-05 -3.885476815511596e-19
2.3839127450980393e-05 -3.863661115042337e-19
2.3868926360294116e-05 -3.9477631333715217e-19
2.3898725269607843e-05 -3.9080915204406115e-19
2.392852417892157e-05 -3.7753905769899317e-19
2.3958323088235294e-05 -3.8526837412948165e-19
2.398812199754902e-05 -3.8974735313777606e-19
2.4017920906862744e-05 -3.809436382558839e-19
2.4047719816176468e-05 -3.77818777034459e-19
2.4077518725490194e-05 -3.75789497889544e-19
2.4107317634803918e-05 -3.811338265498118e-19
2.4137116544117645e-05 -3.8001515051926214e-19
2.4166915453431372e-05 -3.643749527792644e-19
2.4196714362745095e-05 -3.695278055779861e-19
2.4226513272058822e-05 -3.7568564995561593e-19
2.4256312181372546e-05 -3.65251791867462e-19
2.4286111090686273e-05 -3.638528431334643e-19
2.431591e-05 -3.5964438489151875e-19
2.4345708909313723e-05 -3.61134393041914e-19
2.437550781862745e-05 -3.666754961643277e-19
2.4405306727941177e-05 -3.5070049609000903e-19
2.44351056372549e-05 -3.485330164867151e-19
2.4464904546568627e-05 -3.5813788696404225e-19
2.449470345588235e-05 -3.49074023820673e-19
2.4524502365196078e-05 -3.439128311651844e-19
2.4554301274509804e-05 -3.414137036987343e-19
2.4584100183823528e-05 -3.3839261441259875e-19
2.4613899093137255e-05 -3.438302719941892e-19
2.4643698002450982e-05 -3.3413431895979396e-19
2.4673496911764705e-05 -3.246051332149504e-19
2.4703295821078432e-05 -3.345219273946407e-19
2.4733094730392156e-05 -3.3061353646887364e-19
2.4762893639705883e-05 -3.2151385597331933e-19
2.479269254901961e-05 -3.19937448519679e-19
2.482249145833333e-05 -3.146371979873695e-19
2.4852290367647056e-05 -3.2137540669742314e-19
2.4882089276960783e-05 -3.143815683701863e-19
2.4911888186274507e-05 -2.9747328663488713e-19
2.4941687095588234e-05 -3.073254973644763e-19
2.4971486004901957e-05 -3.061947652317815e-19
2.5001284914215684e-05 -2.946335317655161e-19
2.503108382352941e-05 -2.9360805412475384e-19
2.5060882732843135e-05 -2.879630818564421e-19
2.509068164215686e-05 -2.9082805192918683e-19
2.512048055147059e-05 -2.898455301704116e-19
2.5150279460784312e-05 -2.745857535919572e-19
2.518007837009804e-05 -2.7542676463868717e-19
2.5209877279411762e-05 -2.7927148088709114e-19
2.523967618872549e-05 -2.6878868612359107e-19
2.5269475098039216e-05 -2.6331700268492407e-19
2.529927400735294e-05 -2.586343515224708e-19
2.5329072916666666e-05 -2.5824748018204844e-19
2.535887182598039e-05 -2.620045041840006e-19
2.5388670735294117e-05 -2.4529552490034785e-19
2.5418469644607844e-05 -2.3915979277389656e-19
2.5448268553921567e-05 -2.4963848081634693e-19
2.5478067463235294e-05 -2.4015336246033823e-19
2.550786637254902e-05 -2.3193295094897275e-19
2.5537665281862745e-05 -2.2942536607817527e-19
2.5567464191176468e-05 -2.2396786930738207e-19
2.559726310049019e-05 -2.2875974317432805e-19
2.562706200980392e-05 -2.185967446783495e-19
2.5656860919117645e-05 -2.0364807658114557e-19
2.568665982843137e-05 -2.131209820844607e-19
2.5716458737745096e-05 -2.097171387294505e-19
2.5746257647058823e-05 -1.9612825538245991e-19
2.5776056556372546e-05 -1.940607420810858e-19
2.5805855465686273e-05 -1.8830704924299124e-19
2.5835654374999997e-05 -1.9320739784149669e-19
2.5865453284313724e-05 -1.8772093027564802e-19
2.589525219362745e-05 -1.6844605567216228e-19
2.5925051102941174e-05 -1.7695457420192233e-19
2.59548500122549e-05 -1.763625322352968e-19
2.5984648921568628e-05 -1.6156990095408066e-19
2.601444783088235e-05 -1.6010662756580927e-19
2.6044246740196078e-05 -1.5164357649879014e-19
2.60740456495098e-05 -1.538330242267688e-19
2.610384455882353e-05 -1.5581970956347308e-19
2.6133643468137255e-05 -1.337398823273924e-19
2.616344237745098e-05 -1.348781551658896e-19
2.6193241286764706e-05 -1.442039262205921e-19
2.6223040196078433e-05 -1.271032051788022e-19
2.6252839105392156e-05 -1.220395404043909e-19
2.6282638014705883e-05 -1.1944410203710063e-19
2.6312436924019607e-05 -1.1356297106938088e-19
2.634223583333333e-05 -1.1928850423089842e-19
2.6372034742647057e-05 -1.0139970252351634e-19
2.640183365196078e-05 -9.150310483426508e-20
2.6431632561274507e-05 -1.0499220739450478e-19
2.6461431470588234e-05 -9.331111051478273e-20
2.6491230379901958e-05 -8.283469006413178e-20
2.6521029289215685e-05 -8.144294576029684e-20
2.6550828198529408e-05 -7.569500424950723e-20
2.6580627107843135e-05 -8.085461168213273e-20
2.6610426017156862e-05 -6.882753600073974e-20
2.6640224926470586e-05 -5.319430939001814e-20
2.6670023835784312e-05 -6.512138361381658e-20
2.669982274509804e-05 -6.090276228338977e-20
2.6729621654411763e-05 -4.4016862781022467e-20
2.675942056372549e-05 -4.244793053783436e-20
2.6789219473039213e-05 -3.778891007056282e-20
2.681901838235294e-05 -4.0628101332280506e-20
2.6848817291666667e-05 -3.584228468600006e-20
2.687861620098039e-05 -1.5033149306620556e-20
2.6908415110294117e-05 -2.2463910178208298e-20
2.6938214019607844e-05 -2.717752767017687e-20
2.6968012928921568e-05 -8.637452006299642e-21
2.6997811838235295e-05 -5.7294554964304205e-21
2.7027610747549018e-05 -2.136171180664902e-21
2.7057409656862745e-05 -1.0815534562012109e-23
2.708720856617647e-05 -2.107773135525333e-21
2.7117007475490192e-05 1.8409475126048713e-20
2.714680638480392e-05 2.061487527390658e-20
2.7176605294117646e-05 8.166435941011335e-21
2.720640420343137e-05 2.5409779025982432e-20
2.7236203112745096e-05 3.468879687555138e-20
2.726600202205882e-05 3.124095156001492e-20
2.7295800931372547e-05 3.673021099576818e-20
2.7325599840686274e-05 3.5739918432574375e-20
2.7355398749999997e-05 4.7939648536035795e-20
2.7385197659313724e-05 6.024653974111116e-20
2.741499656862745e-05 4.707437987143797e-20
2.7444795477941175e-05 5.560367146177155e-20
2.74745943872549e-05 7.354058463679369e-20
2.7504393296568625e-05 6.988160349162033e-20
2.7534192205882352e-05 7.334206955520808e-20
2.756399111519608e-05 7.42844964139908e-20
2.7593790024509802e-05 8.046158744741692e-20
2.762358893382353e-05 9.703474797112039e-20
2.7653387843137253e-05 8.67480744400484e-20
2.768318675245098e-05 8.685784251156957e-20
2.7712985661764706e-05 1.0857631002756661e-19
2.774278457107843e-05 1.064557354399309e-19
2.7772583480392157e-05 1.0771556058520429e-19
2.7802382389705884e-05 1.1209748370582145e-19
2.7832181299019607e-05 1.1257096237004795e-19
2.786198020833333e-05 1.338726042383316e-19
2.7891779117647054e-05 1.2898977822494073e-19
2.792157802696078e-05 1.1847655000738256e-19
2.7951376936274508e-05 1.4295963103913195e-19
2.798117584558823e-05 1.454701963212552e-19
2.801097475490196e-05 1.4106755030323548e-19
2.8040773664215685e-05 1.4841417449078835e-19
2.807057257352941e-05 1.4613304502006432e-19
2.8100371482843136e-05 1.631086620574823e-19
2.813017039215686e-05 1.6962518403947013e-19
2.8159969301470586e-05 1.530465804653797e-19
2.8189768210784313e-05 1.7021525779205529e-19
2.8219567120098037e-05 1.84074479625059e-19
2.8249366029411763e-05 1.745048635662785e-19
2.827916493872549e-05 1.8272565912793406e-19
2.8308963848039214e-05 1.8574866001165632e-19
2.833876275735294e-05 1.9190976438536001e-19
2.8368561666666664e-05 2.044973175848918e-19
2.839836057598039e-05 1.9103841077540216e-19
2.8428159485294118e-05 1.9702097002007495e-19
2.845795839460784e-05 2.1741218592002366e-19
2.848775730392157e-05 2.098922810714165e-19
2.8517556213235295e-05 2.115020381336209e-19
2.854735512254902e-05 2.1867760396704983e-19
2.8577154031862746e-05 2.232964523891631e-19
2.8606952941176466e-05 2.365272339134661e-19
2.8636751850490193e-05 2.265370581490106e-19
2.866655075980392e-05 2.251794321381677e-19
2.8696349669117643e-05 2.4744947706837396e-19
2.872614857843137e-05 2.4515202975739165e-19
2.8755947487745097e-05 2.408054352357969e-19
2.878574639705882e-05 2.4730054570265637e-19
2.8815545306372547e-05 2.5060503689177434e-19
2.884534421568627e-05 2.621818341291727e-19
2.8875143124999998e-05 2.603279230270693e-19
2.8904942034313725e-05 2.5315399097811156e-19
2.8934740943627448e-05 2.710690152471841e-19
2.8964539852941175e-05 2.7666898650747807e-19
2.8994338762254902e-05 2.6854025202411944e-19
2.9024137671568626e-05 2.74822036397346e-19
2.9053936580882352e-05 2.77898091104939e-19
2.9083735490196076e-05 2.8575093791375877e-19
2.9113534399509803e-05 2.8967678307666935e-19
2.914333330882353e-05 2.7756698106267516e-19
2.9173132218137253e-05 2.9062595070283103e-19
2.920293112745098e-05 3.041709053912396e-19
2.9232730036764707e-05 2.9212306608361707e-19
2.926252894607843e-05 2.966542913649973e-19
2.9292327855392157e-05 3.027418124595906e-19
2.932212676470588e-05 3.063995379634886e-19
2.9351925674019608e-05 3.1430073149410827e-19
2.938172458333333e-05 3.0184765463373633e-19
2.9411523492647055e-05 3.0879843127093227e-19
2.9441322401960782e-05 3.2776941767273745e-19
2.947112131127451e-05 3.1491077299352667e-19
2.9500920220588232e-05 3.127396416960488e-19
2.953071912990196e-05 3.2391060105034347e-19
2.9560518039215683e-05 3.246332171721664e-19
2.959031694852941e-05 3.3063052174312323e-19
2.9620115857843136e-05 3.2485628959528423e-19
2.964991476715686e-05 3.235539561236854e-19
2.9679713676470587e-05 3.425920357742979e-19
2.9709512585784314e-05 3.375290517207071e-19
2.9739311495098037e-05 3.297301174707302e-19
2.9769110404411764e-05 3.4048754116870384e-19
2.9798909313725488e-05 3.41427046254329e-19
2.9828708223039214e-05 3.4465087368014725e-19
2.985850713235294e-05 3.4320858939830185e-19
2.9888306041666665e-05 3.364333979723356e-19
2.9918104950980392e-05 3.511140024581642e-19
2.9947903860294115e-05 3.5515305271468915e-19
2.9977702769607842e-05 3.4224926740226524e-19
3.000750167892157e-05 3.4896582098903203e-19
3.0037300588235293e-05 3.556014084386916e-19
3.006709949754902e-05 3.5504105525621364e-19
3.0096898406862746e-05 3.5702704278544797e-19
3.012669731617647e-05 3.4994935357850906e-19
3.0156496225490193e-05 3.5812112265829403e-19
3.0186295134803917e-05 3.668491585311942e-19
3.0216094044117644e-05 3.5270405455022004e-19
3.024589295343137e-05 3.5568368298668933e-19
3.0275691862745094e-05 3.6300601849976267e-19
3.030549077205882e-05 3.617897637298573e-19
3.0335289681372548e-05 3.6546558894964585e-19
3.036508859068627e-05 3.5745137508766787e-19
3.03948875e-05 3.6160281688144025e-19
3.0424686409313722e-05 3.738448940041719e-19
3.045448531862745e-05 3.630476302149083e-19
3.0484284227941176e-05 3.597103322572657e-19
3.05140831372549e-05 3.681334427669069e-19
3.0543882046568626e-05 3.672977859179774e-19
3.057368095588235e-05 3.691302397212909e-19
3.060347986519608e-05 3.658281787942361e-19
3.06332787745098e-05 3.6058343601571663e-19
3.066307768382353e-05 3.7371634449111984e-19
3.0692876593137254e-05 3.710544594170699e-19
3.072267550245098e-05 3.590895147753665e-19
3.075247441176471e-05 3.695726450307251e-19
3.078227332107843e-05 3.710198687291892e-19
3.0812072230392155e-05 3.6873580243812755e-19
3.084187113970588e-05 3.699113176625113e-19
3.087167004901961e-05 3.628230555969174e-19
3.0901468958333335e-05 3.7162864884187916e-19
3.093126786764706e-05 3.7277236679709927e-19
3.096106677696078e-05 3.5964526862326195e-19
3.099086568627451e-05 3.6632163288555343e-19
3.1020664595588236e-05 3.685076107366597e-19
3.105046350490196e-05 3.65300546722431e-19
3.108026241421569e-05 3.66632868345617e-19
3.111006132352941e-05 3.5935568848235774e-19
3.113986023284314e-05 3.6688609226067327e-19
3.1169659142156864e-05 3.7224616777003907e-19
3.119945805147059e-05 3.573827625916583e-19
3.122925696078432e-05 3.6173349874343114e-19
3.125905587009804e-05 3.6702159293532808e-19
3.128885477941176e-05 3.59692355474689e-19
3.1318653688725485e-05 3.6344007836940584e-19
3.134845259803921e-05 3.5749336747866876e-19
3.137825150735294e-05 3.5567213871873916e-19
3.1408050416666665e-05 3.6571012748012334e-19
3.1437849325980386e-05 3.548650576299908e-19
3.146764823529411e-05 3.511290370010442e-19
3.149744714460784e-05 3.6075672079682435e-19
3.1527246053921566e-05 3.5391033773151486e-19
3.155704496323529e-05 3.5331287470089037e-19
3.158684387254901e-05 3.5392211253830326e-19
3.161664278186274e-05 3.4609657402443837e-19
3.164644169117647e-05 3.5464556633764106e-19
3.1676240600490194e-05 3.510106857405239e-19
3.170603950980392e-05 3.4067780194799243e-19
3.173583841911764e-05 3.506279594242514e-19
3.176563732843137e-05 3.451522927176187e-19
3.1795436237745095e-05 3.405333026952777e-19
3.182523514705882e-05 3.463783373624162e-19
3.185503405637255e-05 3.3846214417957463e-19
3.1884832965686276e-05 3.4181652953680785e-19
3.1914631874999996e-05 3.432654381068252e-19
3.194443078431372e-05 3.3239516195873207e-19
3.197422969362745e-05 3.3686786044192564e-19
3.2004028602941176e-05 3.3749732202819597e-19
3.20338275122549e-05 3.298088248589696e-19
3.206362642156862e-05 3.328107190004402e-19
3.209342533088235e-05 3.2750986550504465e-19
3.212322424019608e-05 3.2579509674552616e-19
3.2153023149509804e-05 3.3267430764303213e-19
3.218282205882353e-05 3.199081664066024e-19
3.221262096813725e-05 3.2075143603057576e-19
3.224241987745098e-05 3.2782266583456323e-19
3.2272218786764705e-05 3.1520445797267177e-19
3.230201769607843e-05 3.192418702974263e-19
3.233181660539216e-05 3.1789252323147647e-19
3.236161551470588e-05 3.098841533004654e-19
3.2391414424019606e-05 3.1758649663004764e-19
3.242121333333333e-05 3.0806353393598034e-19
3.245101224264706e-05 3.0325346561227175e-19
3.2480811151960786e-05 3.1092328064069235e-19
3.251061006127451e-05 3.019346780076473e-19
3.254040897058823e-05 3.006704142282501e-19
3.257020787990196e-05 3.028499085830745e-19
3.260000678921569e-05 2.939628744003166e-19
3.2629805698529414e-05 2.9803344998869116e-19
3.265960460784314e-05 2.962464587238819e-19
3.268940351715686e-05 2.8576442921846294e-19
3.271920242647059e-05 2.9157627091085625e-19
3.2749001335784315e-05 2.871897133831507e-19
3.277880024509804e-05 2.7954462644843386e-19
3.280859915441176e-05 2.8414173429415366e-19
3.283839806372548e-05 2.7706444938996866e-19
3.286819697303921e-05 2.750144924263638e-19
3.2897995882352936e-05 2.7709884338954347e-19
3.292779479166666e-05 2.6806982488244326e-19
3.295759370098039e-05 2.704381959090895e-19
3.2987392610294116e-05 2.6946090687744223e-19
3.301719151960784e-05 2.589771505646102e-19
3.3046990428921564e-05 2.627780923595655e-19
3.307678933823529e-05 2.5989759906006275e-19
3.310658824754902e-05 2.5121347825291316e-19
3.3136387156862744e-05 2.559495332315433e-19
3.3166186066176464e-05 2.493932341842387e-19
3.319598497549019e-05 2.4384219785977883e-19
3.322578388480392e-05 2.462269921698848e-19
3.3255582794117645e-05 2.353738330481938e-19
3.328538170343137e-05 2.383780968326623e-19
3.331518061274509e-05 2.4030815789375713e-19
3.334497952205882e-05 2.2797141523116933e-19
3.3374778431372546e-05 2.3184742652908273e-19
3.340457734068627e-05 2.2754349041419585e-19
3.343437625e-05 2.202117654651529e-19
3.3464175159313727e-05 2.239136786853417e-19
3.349397406862745e-05 2.1405239669873978e-19
3.3523772977941174e-05 2.116073676804471e-19
3.35535718872549e-05 2.1465248191441487e-19
3.358337079656863e-05 2.0363694841370768e-19
3.3613169705882354e-05 2.0340367599969957e-19
3.3642968615196074e-05 2.0421440130193684e-19
3.36727675245098e-05 1.9415817332270064e-19
3.370256643382353e-05 1.9657620514341425e-19
3.3732365343137255e-05 1.9250136718262543e-19
3.376216425245098e-05 1.8464324096608782e-19
3.37919631617647e-05 1.9072496798917374e-19
3.382176207107843e-05 1.7982156668071093e-19
3.3851560980392156e-05 1.7373168064491024e-19
3.388135988970588e-05 1.8069418179849568e-19
3.391115879901961e-05 1.690781166911553e-19
3.3940957708333337e-05 1.6774943925918706e-19
3.397075661764706e-05 1.6723286714366424e-19
3.4000555526960784e-05 1.5730819123690132e-19
3.403035443627451e-05 1.6298419641052466e-19
3.406015334558824e-05 1.5659427940581776e-19
3.4089952254901964e-05 1.4638649889397177e-19
3.4119751164215684e-05 1.534645326721989e-19
3.414955007352941e-05 1.4857748653168684e-19
3.417934898284314e-05 1.3959632937807762e-19
3.4209147892156865e-05 1.401081825174732e-19
3.423894680147059e-05 1.3307878322467248e-19
3.426874571078431e-05 1.3344231564241198e-19
3.429854462009804e-05 1.3223468502027357e-19
3.4328343529411766e-05 1.1852164164928828e-19
3.4358142438725486e-05 1.2407294457741537e-19
3.438794134803921e-05 1.2269200815849194e-19
3.441774025735293e-05 1.1099370320657767e-19
3.444753916666666e-05 1.147628478029611e-19
3.447733807598039e-05 1.0781109284702531e-19
3.4507136985294114e-05 1.0639932529770488e-19
3.453693589460784e-05 1.0838589927168534e-19
3.456673480392157e-05 9.396352834156422e-20
3.459653371323529e-05 9.572389791648135e-20
3.4626332622549015e-05 9.825240694354419e-20
3.465613153186274e-05 8.749587404516476e-20
3.468593044117647e-05 8.715212348825205e-20
3.4715729350490195e-05 8.313869627675384e-20
3.4745528259803915e-05 7.770741101664043e-20
3.477532716911764e-05 8.238172057779991e-20
3.480512607843137e-05 7.195779377958835e-20
3.4834924987745096e-05 6.498637260212602e-20
3.486472389705882e-05 7.489591964981203e-20
3.489452280637254e-05 6.541436123836926e-20
3.492432171568627e-05 5.766694670029803e-20
3.4954120625e-05 5.971445816450659e-20
3.4983919534313724e-05 5.2651292306609565e-20
3.501371844362745e-05 5.509911343105665e-20
3.504351735294118e-05 4.869531464600668e-20
3.50733162622549e-05 3.8821488910216464e-20
3.5103115171568625e-05 4.7631768908527994e-20
3.513291408088235e-05 4.095511305412137e-20
3.516271299019608e-05 3.092295515983394e-20
3.5192511899509805e-05 3.417866050280271e-20
3.5222310808823525e-05 2.8682268473069546e-20
3.525210971813725e-05 2.9426454355492226e-20
3.528190862745098e-05 2.7577911877067894e-20
3.5311707536764706e-05 1.382095356187827e-20
3.534150644607843e-05 1.862505222403936e-20
3.537130535539215e-05 2.0256805239191234e-20
3.540110426470588e-05 6.4564200085137926e-21
3.543090317401961e-05 8.293580179600132e-21
3.5460702083333334e-05 6.055248285143076e-21
3.549050099264706e-05 1.2494878671119317e-21
3.552029990196079e-05 4.662005475927948e-21
3.555009881127451e-05 -1.0243618540062999e-20
3.5579897720588235e-05 -9.349315417259497e-21
3.560969662990196e-05 1.04728944191399e-21
3.563949553921569e-05 -1.528779407180806e-20
3.5669294448529415e-05 -1.8337525269322093e-20
3.5699093357843135e-05 -1.6340928149499486e-20
3.572889226715686e-05 -2.3378142818756143e-20
3.575869117647059e-05 -1.960331060453926e-20
3.5788490085784316e-05 -2.951520089878078e-20
3.581828899509804e-05 -3.706789238761005e-20
3.584808790441176e-05 -2.5208986233579315e-20
3.587788681372548e-05 -3.4866085332129623e-20
3.590768572303921e-05 -4.470683155043315e-20
3.593748463235294e-05 -3.7938949670746485e-20
3.5967283541666664e-05 -4.4016485664594816e-20
3.599708245098039e-05 -4.5876864788752597e-20
3.602688136029411e-05 -4.9262870786758576e-20
3.605668026960784e-05 -5.996276829831673e-20
3.6086479178921565e-05 -5.1553872961694397e-20
3.611627808823529e-05 -5.403889830827529e-20
3.614607699754902e-05 -6.896714768887041e-20
3.617587590686274e-05 -6.350178904571224e-20
3.6205674816176466e-05 -6.624665285388446e-20
3.623547372549019e-05 -7.051018304736332e-20
3.626527263480392e-05 -6.806726907786788e-20
3.6295071544117646e-05 -8.175920342611096e-20
3.6324870453431366e-05 -7.708972487518861e-20
3.635466936274509e-05 -7.281698803303147e-20
3.638446827205882e-05 -9.003955093526477e-20
3.641426718137255e-05 -8.633834690380505e-20
3.6444066090686274e-05 -8.542165612278206e-20
3.6473865e-05 -9.263819417241502e-20
3.650366390931372e-05 -9.17352196078219e-20
3.653346281862745e-05 -1.0290067527146505e-19
3.6563261727941175e-05 -1.0091929092512254e-19
3.65930606372549e-05 -9.418595874104717e-20
3.662285954656863e-05 -1.0938541426283719e-19
3.665265845588235e-05 -1.1070692800924016e-19
3.6682457365196076e-05 -1.049820931400114e-19
3.67122562745098e-05 -1.1326833411125084e-19
3.674205518382353e-05 -1.1349491433857662e-19
3.6771854093137256e-05 -1.181229250034024e-19
3.6801653002450976e-05 -1.2608690768003422e-19
3.68314519117647e-05 -1.1720276969596568e-19
3.686125082107843e-05 -1.2465494844431492e-19
3.689104973039216e-05 -1.3657778794994469e-19
3.6920848639705884e-05 -1.2753004236150964e-19
3.6950647549019604e-05 -1.3207555364332168e-19
3.698044645833333e-05 -1.3538851076937197e-19
3.701024536764706e-05 -1.3614402999579948e-19
3.7040044276960785e-05 -1.4853122443580385e-19
3.706984318627451e-05 -1.3810747812286156e-19
3.709964209558824e-05 -1.404440275114203e-19
3.712944100490196e-05 -1.5716574336627746e-19
3.7159239914215686e-05 -1.4722634138003405e-19
3.718903882352941e-05 -1.5071017192833477e-19
3.721883773284314e-05 -1.5824537170089084e-19
3.7248636642156866e-05 -1.5574709535595793e-19
3.7278435551470586e-05 -1.6683171366964332e-19
3.730823446078431e-05 -1.6326352779933023e-19
3.733803337009804e-05 -1.5933874944136442e-19
3.736783227941177e-05 -1.7466721147509697e-19
3.739763118872549e-05 -1.7069212184337102e-19
3.742743009803921e-05 -1.6688457962612377e-19
3.7457229007352934e-05 -1.7802529133112785e-19
3.748702791666666e-05 -1.7417276264530913e-19
3.751682682598039e-05 -1.8020692412937375e-19
3.7546625735294115e-05 -1.8529414553697732e-19
3.757642464460784e-05 -1.7499961864824038e-19
3.760622355392156e-05 -1.8891984324865709e-19
3.763602246323529e-05 -1.9411141944910435e-19
3.7665821372549016e-05 -1.8333332096123163e-19
3.769562028186274e-05 -1.93935758124058e-19
3.772541919117647e-05 -1.9523120627220265e-19
3.775521810049019e-05 -1.950885260179349e-19
3.7785017009803917e-05 -2.0363891837350313e-19
3.7814815919117643e-05 -1.931044950253949e-19
3.784461482843137e-05 -1.99393862836978e-19
3.78744137377451e-05 -2.1156406976521657e-19
3.790421264705882e-05 -2.005432254900695e-19
3.7934011556372544e-05 -2.0797185089845638e-19
3.796381046568627e-05 -2.142324147172711e-19
3.7993609375e-05 -2.0681300634791653e-19
3.8023408284313725e-05 -2.166163085193525e-19
3.805320719362745e-05 -2.141116598318062e-19
3.808300610294117e-05 -2.1091099909126687e-19
3.81128050122549e-05 -2.245431125553869e-19
3.8142603921568626e-05 -2.171090695273718e-19
3.817240283088235e-05 -2.1621168325635538e-19
3.820220174019608e-05 -2.273218221454064e-19
3.82320006495098e-05 -2.2066391278529564e-19
3.8261799558823527e-05 -2.2680387171296703e-19
3.8291598468137253e-05 -2.2940162967607917e-19
3.832139737745098e-05 -2.2098069564189533e-19
3.835119628676471e-05 -2.344363139985916e-19
3.838099519607843e-05 -2.3363238770908945e-19
3.8410794105392154e-05 -2.267861209595859e-19
3.844059301470588e-05 -2.3781941977151884e-19
3.847039192401961e-05 -2.336693840309172e-19
3.8500190833333335e-05 -2.34077842506902e-19
3.852998974264706e-05 -2.4119932334505886e-19
3.855978865196078e-05 -2.3226464200783827e-19
3.858958756127451e-05 -2.3942129022831925e-19
3.8619386470588236e-05 -2.46482423840747e-19
3.864918537990196e-05 -2.3400098551662963e-19
3.867898428921569e-05 -2.4293529892735516e-19
3.870878319852941e-05 -2.472854733095234e-19
3.8738582107843137e-05 -2.398869569518276e-19
3.8768381017156863e-05 -2.4981316541144266e-19
3.879817992647059e-05 -2.4251402478195803e-19
3.882797883578432e-05 -2.4267018228385e-19
3.885777774509804e-05 -2.552569873920065e-19
3.8887576654411764e-05 -2.4200365856860726e-19
3.8917375563725484e-05 -2.4652483212616634e-19
3.894717447303921e-05 -2.5509668628852456e-19
3.897697338235294e-05 -2.4466798766312714e-19
3.900677229166666e-05 -2.5371425308724897e-19
3.9036571200980385e-05 -2.540707011877497e-19
3.906637011029411e-05 -2.469717330148479e-19
3.909616901960784e-05 -2.6015159075549576e-19
3.9125967928921566e-05 -2.540759219435225e-19
3.915576683823529e-05 -2.485854010019486e-19
3.918556574754901e-05 -2.605689889367062e-19
3.921536465686274e-05 -2.5313092072658504e-19
3.924516356617647e-05 -2.5464580888008713e-19
3.9274962475490194e-05 -2.6084819473651364e-19
3.930476138480392e-05 -2.5073842802135143e-19
3.933456029411764e-05 -2.586176481008248e-19
3.936435920343137e-05 -2.603156205847619e-19
3.9394158112745094e-05 -2.5237561600805376e-19
3.942395702205882e-05 -2.633334832476399e-19
3.945375593137255e-05 -2.5991381791116813e-19
3.948355484068627e-05 -2.5589620456187636e-19
3.9513353749999995e-05 -2.653050897038536e-19
3.954315265931372e-05 -2.568886975140256e-19
3.957295156862745e-05 -2.588283452497076e-19
3.9602750477941176e-05 -2.667939787722381e-19
3.96325493872549e-05 -2.5585226610354356e-19
3.966234829656862e-05 -2.6151518243445938e-19
3.969214720588235e-05 -2.6508374114562864e-19
3.972194611519608e-05 -2.5532935829039815e-19
3.9751745024509804e-05 -2.6633433632979095e-19
3.978154393382353e-05 -2.633465657330076e-19
3.981134284313725e-05 -2.556477843998138e-19
3.984114175245098e-05 -2.69712752168312e-19
3.9870940661764704e-05 -2.604928009989344e-19
3.990073957107843e-05 -2.5787345455258635e-19
3.993053848039216e-05 -2.6854629743865653e-19
3.996033738970588e-05 -2.568001674431026e-19
3.9990136299019605e-05 -2.6263725916852756e-19
4.001993520833333e-05 -2.6709027136131206e-19
4.004973411764706e-05 -2.543932244240717e-19
4.0079533026960786e-05 -2.6482803840717785e-19
4.010933193627451e-05 -2.6552459172450553e-19
4.013913084558823e-05 -2.5536345941229225e-19
4.016892975490196e-05 -2.64572628004044e-19
4.019872866421569e-05 -2.6096287729243655e-19
4.0228527573529414e-05 -2.5910785496228285e-19
4.025832648284314e-05 -2.667642684349349e-19
4.028812539215686e-05 -2.5464159742365243e-19
4.031792430147059e-05 -2.5820186404931266e-19
4.0347723210784314e-05 -2.6551027449948573e-19
4.037752212009804e-05 -2.5369133368612263e-19
4.040732102941177e-05 -2.5975184009349674e-19
4.043711993872548e-05 -2.604013561325223e-19
4.046691884803921e-05 -2.5329104072356584e-19
4.0496717757352935e-05 -2.6183711550059284e-19
4.052651666666666e-05 -2.5544618175310814e-19
4.055631557598039e-05 -2.5244222007698614e-19
4.0586114485294116e-05 -2.6233802840646185e-19
4.0615913394607836e-05 -2.5311220076994283e-19
4.064571230392156e-05 -2.533321110912937e-19
4.067551121323529e-05 -2.571648092055444e-19
4.070531012254902e-05 -2.473977760909064e-19
4.0735109031862744e-05 -2.5549289280700225e-19
4.0764907941176464e-05 -2.5321267414425327e-19
4.079470685049019e-05 -2.429790989109206e-19
4.082450575980392e-05 -2.547102436444094e-19
4.0854304669117645e-05 -2.5029991065354837e-19
4.088410357843137e-05 -2.4288584607618595e-19
4.091390248774509e-05 -2.506119701815039e-19
4.094370139705882e-05 -2.448381682286032e-19
4.0973500306372545e-05 -2.452277037864232e-19
4.100329921568627e-05 -2.48667178443187e-19
4.1033098125e-05 -2.373712248689247e-19
4.1062897034313726e-05 -2.4243108186013e-19
4.1092695943627446e-05 -2.4477312282439973e-19
4.112249485294117e-05 -2.3526348557987877e-19
4.11522937622549e-05 -2.4142772250129266e-19
4.118209267156863e-05 -2.355126915918508e-19
4.1211891580882354e-05 -2.334218262986256e-19
4.1241690490196074e-05 -2.4352851712903565e-19
4.12714893995098e-05 -2.292730587592647e-19
4.130128830882353e-05 -2.286062852252403e-19
4.1331087218137255e-05 -2.3956501899015387e-19
4.136088612745098e-05 -2.2697675153447304e-19
4.13906850367647e-05 -2.2703128119237234e-19
4.142048394607843e-05 -2.3043739946096784e-19
4.1450282855392155e-05 -2.215021502530318e-19
4.148008176470588e-05 -2.2805198878067874e-19
4.150988067401961e-05 -2.2222394166513235e-19
4.153967958333333e-05 -2.1422631138229804e-19
4.1569478492647056e-05 -2.2732795132082036e-19
4.159927740196078e-05 -2.181411109489098e-19
4.162907631127451e-05 -2.1164325954488704e-19
4.165887522058824e-05 -2.18609483282399e-19
4.1688674129901964e-05 -2.0995383180990964e-19
4.1718473039215684e-05 -2.1493176603640175e-19
4.174827194852941e-05 -2.1297391301733817e-19
4.177807085784314e-05 -1.9907784268995005e-19
4.1807869767156865e-05 -2.0961905003186921e-19
4.183766867647059e-05 -2.0757096758927192e-19
4.186746758578431e-05 -1.9669861626701295e-19
4.189726649509804e-05 -2.0218039841149816e-19
4.1927065404411765e-05 -1.965069248040981e-19
4.1956864313725486e-05 -1.971948326102858e-19
4.198666322303921e-05 -2.00981162192205e-19
4.201646213235293e-05 -1.8653716141882782e-19
4.204626104166666e-05 -1.895927639335337e-19
4.2076059950980386e-05 -1.9606742385218717e-19
4.210585886029411e-05 -1.8316714675275319e-19
4.213565776960784e-05 -1.8431618766946835e-19
4.216545667892157e-05 -1.8397358672100807e-19
4.219525558823529e-05 -1.7697436968988286e-19
4.2225054497549014e-05 -1.8297616706918415e-19
4.225485340686274e-05 -1.722000810056055e-19
4.228465231617647e-05 -1.693269676905638e-19
4.2314451225490195e-05 -1.8088509759036292e-19
4.2344250134803915e-05 -1.6722990648394062e-19
4.237404904411764e-05 -1.6380160545027509e-19
4.240384795343137e-05 -1.6883562937555003e-19
4.2433646862745096e-05 -1.6161888547175956e-19
4.246344577205882e-05 -1.6487608107365432e-19
4.249324468137254e-05 -1.5803722157003065e-19
4.252304359068627e-05 -1.4949695632242728e-19
4.2552842499999996e-05 -1.5977688199395793e-19
4.258264140931372e-05 -1.5245911980849476e-19
4.261244031862745e-05 -1.4273893118761282e-19
4.264223922794118e-05 -1.488792738380391e-19
4.26720381372549e-05 -1.4300914416960362e-19
4.2701837046568624e-05 -1.4414381128648888e-19
4.273163595588235e-05 -1.4377918979796728e-19
4.276143486519608e-05 -1.2918928926075518e-19
4.2791233774509805e-05 -1.3940422507553453e-19
4.2821032683823525e-05 -1.3968364611701049e-19
4.285083159313725e-05 -1.2159669920296217e-19
4.288063050245098e-05 -1.2829886890650563e-19
4.2910429411764706e-05 -1.2774459798460336e-19
4.294022832107843e-05 -1.2257314633537113e-19
4.297002723039215e-05 -1.2509918974684202e-19
4.299982613970588e-05 -1.1229129971863822e-19
4.3029625049019606e-05 -1.1586802731273227e-19
4.305942395833333e-05 -1.2306540644053158e-19
4.308922286764706e-05 -1.0758119379144697e-19
4.311902177696079e-05 -1.0796918920266024e-19
4.314882068627451e-05 -1.1042176811887763e-19
4.3178619595588234e-05 -1.0499963079209756e-19
4.320841850490196e-05 -1.0846011071215131e-19
4.323821741421569e-05 -9.730944056614195e-20
4.3268016323529415e-05 -9.331827758400663e-20
4.3297815232843135e-05 -1.0518059951408324e-19
4.332761414215686e-05 -9.348690329422543e-20
4.335741305147059e-05 -8.65754813571238e-20
4.3387211960784316e-05 -9.453749611312948e-20
4.341701087009804e-05 -8.812253807187682e-20
4.344680977941176e-05 -8.951963363042056e-20
4.347660868872549e-05 -8.634782602134126e-20
4.350640759803921e-05 -7.568922372227747e-20
4.3536206507352937e-05 -8.830994479068911e-20
4.3566005416666664e-05 -8.362232088665246e-20
4.3595804325980384e-05 -7.113302702759844e-20
4.362560323529411e-05 -8.094622281644923e-20
4.365540214460784e-05 -7.479638852064782e-20
4.3685201053921564e-05 -7.209741562925011e-20
4.371499996323529e-05 -7.37799083443925e-20
4.374479887254902e-05 -6.142672686878817e-20
4.377459778186274e-05 -6.950954278779055e-20
4.3804396691176465e-05 -7.008123744340179e-20
4.383419560049019e-05 -5.59147397840049e-20
4.386399450980392e-05 -6.193738588814945e-20
4.3893793419117646e-05 -6.119662229154788e-20
4.3923592328431366e-05 -5.672432141704034e-20
4.395339123774509e-05 -5.738339450966915e-20
4.398319014705882e-05 -4.660723031266207e-20
4.401298905637255e-05 -5.0188963052217056e-20
4.4042787965686274e-05 -5.578084458348902e-20
4.4072586874999994e-05 -4.0892955822117145e-20
4.410238578431372e-05 -4.065089621279821e-20
4.413218469362745e-05 -4.640189810035618e-20
4.4161983602941174e-05 -3.948215896681874e-20
4.41917825122549e-05 -4.036393648630685e-20
4.422158142156863e-05 -3.451713861037657e-20
4.425138033088235e-05 -3.103084318221181e-20
4.4281179240196075e-05 -4.235157949990182e-20
4.43109781495098e-05 -3.004763145855775e-20
4.434077705882353e-05 -2.0980216114804614e-20
4.4370575968137256e-05 -3.1432787179340834e-20
4.4400374877450976e-05 -2.456786795306151e-20
4.44301737867647e-05 -2.3108776617821925e-20
4.445997269607843e-05 -2.30276100652904e-20
4.448977160539216e-05 -1.3247485047019279e-20
4.4519570514705884e-05 -2.2458972563408832e-20
4.4549369424019604e-05 -1.941034181554388e-20
4.457916833333333e-05 -6.4800805259292195e-21
4.460896724264706e-05 -1.5194497952178247e-20
4.4638766151960784e-05 -1.2622113938750132e-20
4.466856506127451e-05 -6.92974706734684e-21
4.469836397058824e-05 -9.801607254254856e-21
4.472816287990196e-05 2.5541491141612234e-22
4.4757961789215685e-05 -4.4982291943596565e-21
4.478776069852941e-05 -8.75458607827922e-21
4.481755960784314e-05 8.496242961629905e-21
4.4847358517156866e-05 3.4674978727388004e-21
4.4877157426470586e-05 -3.923713378629044e-22
4.490695633578431e-05 7.785129641525827e-21
4.493675524509804e-05 3.862899973613202e-21
4.496655415441177e-05 1.3190204998190977e-20
4.4996353063725494e-05 1.2974834309373054e-20
4.502615197303921e-05 3.6987985076111795e-21
4.5055950882352934e-05 1.92443146153884e-20
4.508574979166666e-05 2.189889585085145e-20
4.511554870098039e-05 1.1941126440781747e-20
4.5145347610294115e-05 1.9170192433543676e-20
4.517514651960784e-05 2.1527931876382333e-20
4.520494542892156e-05 2.3362992311307028e-20
4.523474433823529e-05 2.9592142330634457e-20
4.5264543247549015e-05 2.053378985014643e-20
4.529434215686274e-05 2.4792995155757532e-20
4.532414106617647e-05 3.6934573616902484e-20
4.535393997549019e-05 2.802217568626526e-20
4.5383738884803916e-05 2.926586174893892e-20
4.541353779411764e-05 3.3834205004880334e-20
4.544333670343137e-05 3.348426203511581e-20
4.54731356127451e-05 4.294850194551687e-20
4.550293452205882e-05 3.425671509078413e-20
4.5532733431372544e-05 3.3043135494644564e-20
4.556253234068627e-05 5.0389280789010176e-20
4.559233125e-05 4.206531454287829e-20
4.5622130159313725e-05 3.863982510348873e-20
4.565192906862745e-05 4.7341906014172115e-20
4.568172797794117e-05 4.4573685499925685e-20
4.57115268872549e-05 4.990974623724914e-20
4.5741325796568625e-05 4.869748209704242e-20
4.577112470588235e-05 4.327811999192996e-20
4.580092361519608e-05 5.575568528385101e-20
4.58307225245098e-05 5.509223325088616e-20
4.5860521433823526e-05 4.889893055409263e-20
4.589032034313725e-05 5.651715152141234e-20
4.592011925245098e-05 5.546648674058443e-20
4.594991816176471e-05 5.904632106643778e-20
4.597971707107843e-05 6.071146071966886e-20
4.6009515980392154e-05 5.186540093315932e-20
4.603931488970588e-05 6.232356184790985e-20
4.606911379901961e-05 6.62861135115335e-20
4.6098912708333335e-05 5.631935792158965e-20
4.6128711617647055e-05 6.215832089641568e-20
4.615851052696078e-05 6.352278165245956e-20
4.618830943627451e-05 6.42494659482489e-20
4.6218108345588235e-05 7.06597891535883e-20
4.624790725490196e-05 6.112671360323667e-20
4.627770616421569e-05 6.387861028886169e-20
4.630750507352941e-05 7.583093007929795e-20
4.6337303982843136e-05 6.716471895174256e-20
4.636710289215686e-05 6.536327461942946e-20
4.639690180147059e-05 7.032838004998723e-20
4.642670071078432e-05 6.958451537460414e-20
4.645649962009804e-05 7.599880807977798e-20
4.6486298529411764e-05 6.94941358576232e-20
4.651609743872549e-05 6.601340358863521e-20
4.654589634803921e-05 8.068474626086069e-20
4.657569525735294e-05 7.425362874021887e-20
4.660549416666666e-05 6.972262274610493e-20
4.6635293075980385e-05 7.71782820964634e-20
4.666509198529411e-05 7.391299600504694e-20
4.669489089460784e-05 7.96829484027315e-20
4.6724689803921566e-05 7.68073671022828e-20
4.675448871323529e-05 6.805198399507279e-20
4.678428762254901e-05 8.120456095618215e-20
4.681408653186274e-05 8.169110835457266e-20
4.6843885441176466e-05 7.147992935706672e-20
4.687368435049019e-05 7.610475499444863e-20
4.690348325980392e-05 7.729189605440421e-20
4.693328216911764e-05 8.060428740684846e-20
4.696308107843137e-05 8.170166381896529e-20
4.6992879987745094e-05 7.141307943526861e-20
4.702267889705882e-05 7.955314251415308e-20
4.705247780637255e-05 8.585942185972168e-20
4.708227671568627e-05 7.503638777969781e-20
4.7112075624999995e-05 7.662883390126954e-20
4.714187453431372e-05 7.845994572196377e-20
4.717167344362745e-05 7.948896657103955e-20
4.7201472352941176e-05 8.344279744212067e-20
4.72312712622549e-05 7.247019346131562e-20
4.726107017156862e-05 7.444046680311472e-20
4.729086908088235e-05 8.815005823096505e-20
4.7320667990196076e-05 7.660679340906682e-20
4.73504668995098e-05 7.24852170992531e-20
4.738026580882353e-05 8.128970999995465e-20
4.741006471813725e-05 7.939347872574168e-20
4.743986362745098e-05 8.368730013077913e-20
4.7469662536764704e-05 7.534981169859967e-20
4.749946144607843e-05 6.813389576238922e-20
4.752926035539216e-05 8.54593128681578e-20
4.755905926470588e-05 8.135546121633735e-20
4.7588858174019605e-05 7.026820503195761e-20
4.761865708333333e-05 7.674395655580303e-20
4.764845599264706e-05 7.72780546354428e-20
4.7678254901960786e-05 8.151976762606668e-20
4.770805381127451e-05 7.831691400138593e-20
4.773785272058823e-05 6.812902755380923e-20
4.776765162990196e-05 8.16069067435584e-20
4.7797450539215686e-05 8.45849413921605e-20
4.782724944852941e-05 6.950576433499552e-20
4.785704835784314e-05 7.252950031787201e-20
4.788684726715686e-05 7.696247890827626e-20
4.791664617647059e-05 7.838778460492016e-20
4.7946445085784314e-05 7.811798842177599e-20
4.797624399509804e-05 6.614995913325553e-20
4.800604290441177e-05 7.422297060797866e-20
4.803584181372549e-05 8.564191863341165e-20
4.806564072303921e-05 7.065502147117474e-20
4.8095439632352935e-05 6.857868380888608e-20
4.812523854166666e-05 7.592803941020259e-20
4.815503745098039e-05 7.657880508772012e-20
4.818483636029411e-05 7.817345172593715e-20
4.8214635269607836e-05 6.622590036219893e-20
4.824443417892156e-05 6.907943869820915e-20
4.827423308823529e-05 8.459115980741317e-20
4.8304031997549017e-05 7.219637855545961e-20
4.8333830906862743e-05 6.462156831566679e-20
4.8363629816176464e-05 7.327003994045893e-20
4.839342872549019e-05 7.577390856568043e-20
4.842322763480392e-05 7.708391046795402e-20
4.8453026544117644e-05 6.815684330701119e-20
4.848282545343137e-05 6.533749833467026e-20
4.851262436274509e-05 8.248979184250506e-20
4.854242327205882e-05 7.619317724542912e-20
4.8572222181372545e-05 6.21241189915802e-20
4.860202109068627e-05 7.277802141137893e-20
4.863182e-05 7.4133498433807e-20
4.866161890931372e-05 7.39991503792167e-20
4.8691417818627446e-05 7.287984961101772e-20
4.872121672794117e-05 6.329301737667427e-20
4.87510156372549e-05 7.694418716846002e-20
4.8780814546568627e-05 8.028739044818114e-20
4.8810613455882353e-05 6.418562953040929e-20
4.8840412365196074e-05 6.855318999092771e-20
4.88702112745098e-05 7.562358656056144e-20
4.890001018382353e-05 7.631485137081005e-20
4.8929809093137254e-05 7.280547143889589e-20
4.895960800245098e-05 6.151829219209369e-20
4.89894069117647e-05 7.236141655604391e-20
4.901920582107843e-05 8.404420234645581e-20
4.9049004730392155e-05 6.453832549596856e-20
4.907880363970588e-05 6.314911781248144e-20
4.910860254901961e-05 7.720667114678951e-20
4.913840145833333e-05 7.454231505616935e-20
4.9168200367647056e-05 7.417977346497671e-20
4.919799927696078e-05 6.553606335152415e-20
4.922779818627451e-05 6.664709547771706e-20
4.9257597095588237e-05 8.383816512629091e-20
4.9287396004901963e-05 6.99729563868383e-20
4.9317194914215684e-05 6.053095805987539e-20
4.934699382352941e-05 7.419285588458083e-20
4.937679273284314e-05 7.411843660034525e-20
4.9406591642156864e-05 7.314313115797675e-20
4.943639055147059e-05 6.596280500341485e-20
4.946618946078431e-05 6.250111249789003e-20
4.949598837009804e-05 8.194991064634922e-20
4.9525787279411765e-05 7.632605316678357e-20
4.955558618872549e-05 5.886153545327639e-20
4.958538509803922e-05 7.095543516984185e-20
4.961518400735293e-05 7.737012605389074e-20
4.964498291666666e-05 7.215426443343516e-20
4.9674781825980386e-05 6.73594887949468e-20
4.970458073529411e-05 6.172055157131835e-20
4.973437964460784e-05 7.651794413661076e-20
4.976417855392157e-05 7.772236078456868e-20
4.979397746323529e-05 5.855386396281042e-20
4.9823776372549014e-05 6.750141786017175e-20
4.985357528186274e-05 7.598300944725595e-20
4.988337419117647e-05 7.184916284209258e-20
4.9913173100490194e-05 7.009056157856862e-20
4.9942972009803915e-05 6.090311958918762e-20
4.997277091911764e-05 7.115768149168884e-20
5.000256982843137e-05 8.367066031443881e-20
5.0032368737745095e-05 6.255687560080524e-20
5.006216764705882e-05 5.988338333157819e-20
5.009196655637254e-05 7.825813509415439e-20
5.012176546568627e-05 7.251537886085813e-20
5.0151564374999996e-05 6.810184846019566e-20
5.018136328431372e-05 6.482576640918544e-20
5.021116219362745e-05 6.520710247624861e-20
5.024096110294118e-05 8.213194824990525e-20
5.02707600122549e-05 6.991105534777727e-20
5.0300558921568624e-05 5.784394920279386e-20
5.033035783088235e-05 7.553401990239651e-20
5.036015674019608e-05 7.635037263683727e-20
5.0389955649509804e-05 6.911788878138661e-20
5.0419754558823525e-05 6.571362714830899e-20
5.044955346813725e-05 6.444107558830347e-20
5.047935237745098e-05 7.927864451179424e-20
5.0509151286764705e-05 7.630123495778249e-20
5.053895019607843e-05 5.731774911311759e-20
5.056874910539215e-05 7.084780112181698e-20
5.059854801470588e-05 8.118067925710157e-20
5.0628346924019606e-05 7.028002206676262e-20
5.065814583333333e-05 6.932153800118121e-20
5.068794474264706e-05 6.547659665543793e-20
5.071774365196078e-05 7.716001052141333e-20
5.074754256127451e-05 8.323495483064502e-20
5.0777341470588234e-05 5.998796499239142e-20
5.080714037990196e-05 6.812240247741648e-20
5.083693928921569e-05 8.323567785344246e-20
5.0866738198529414e-05 7.375719960788292e-20
5.0896537107843135e-05 6.915169974798833e-20
5.092633601715686e-05 6.710440585384465e-20
5.095613492647059e-05 7.737118242966658e-20
5.0985933835784315e-05 8.645295396824045e-20
5.101573274509804e-05 6.800305509828862e-20
5.104553165441176e-05 6.534932597299882e-20
5.107533056372549e-05 8.486309261323837e-20
5.1105129473039216e-05 8.176709890392488e-20
5.1134928382352936e-05 7.263356468176196e-20
5.116472729166666e-05 7.303983854210158e-20
5.119452620098038e-05 7.6398128901775e-20
5.122432511029411e-05 8.816478243404404e-20
5.125412401960784e-05 7.700177216052123e-20
5.1283922928921564e-05 6.427032668289701e-20
5.131372183823529e-05 8.668447994106216e-20
5.134352074754902e-05 8.772547541222328e-20
5.137331965686274e-05 7.412089392740138e-20
5.1403118566176465e-05 7.723082387893223e-20
5.143291747549019e-05 7.94789194512444e-20
5.146271638480392e-05 9.050532138838575e-20
5.1492515294117645e-05 8.633807799433743e-20
5.1522314203431366e-05 6.9332993345618e-20
5.155211311274509e-05 8.383379563671684e-20
5.158191202205882e-05 9.395675116047063e-20
5.1611710931372546e-05 8.146245872571834e-20
5.164150984068627e-05 8.058523315208268e-20
5.167130874999999e-05 8.364571410190916e-20
5.170110765931372e-05 9.125227865055417e-20
5.173090656862745e-05 9.461303118764778e-20
5.1760705477941174e-05 7.763066198268481e-20
5.17905043872549e-05 8.344862748157947e-20
5.182030329656863e-05 1.0124089209469594e-19
5.185010220588235e-05 8.991971771619006e-20
5.1879901115196075e-05 8.407756598798169e-20
5.19097000245098e-05 8.908499553949544e-20
5.193949893382353e-05 9.320277884492572e-20
5.1969297843137255e-05 1.0180494797231906e-19
5.1999096752450976e-05 8.770637848776872e-20
5.20288956617647e-05 8.351906085965658e-20
5.205869457107843e-05 1.0688422066607882e-19
5.2088493480392156e-05 1.0076337471490603e-19
5.211829238970588e-05 8.930897255853274e-20
5.21480912990196e-05 9.574225240720082e-20
5.217789020833333e-05 9.960668349669636e-20
5.220768911764706e-05 1.0822762551924235e-19
5.2237488026960784e-05 9.938912724922135e-20
5.226728693627451e-05 8.846321715546879e-20
5.229708584558824e-05 1.082392565233355e-19
5.232688475490196e-05 1.1099518046366655e-19
5.2356683664215685e-05 9.50384895635897e-20
5.238648257352941e-05 1.0141449981612765e-19
5.241628148284314e-05 1.0733289574922218e-19
5.2446080392156865e-05 1.1066278643299794e-19
5.2475879301470586e-05 1.1003375088979522e-19
5.250567821078431e-05 9.646411081675332e-20
5.253547712009804e-05 1.1067868275047764e-19
5.2565276029411766e-05 1.2195489765369474e-19
5.259507493872549e-05 1.0482717993674031e-19
5.262487384803921e-05 1.0544233701804422e-19
5.2654672757352933e-05 1.1213291452415782e-19
5.268447166666666e-05 1.1696401054959285e-19
5.271427057598039e-05 1.1950513199106912e-19
5.2744069485294114e-05 1.0455297888481465e-19
5.2773868394607834e-05 1.111277657560696e-19
5.280366730392156e-05 1.2945031864832227e-19
5.283346621323529e-05 1.1645363995203736e-19
5.2863265122549015e-05 1.101972936866659e-19
5.289306403186274e-05 1.1944886686444042e-19
5.292286294117647e-05 1.2246848739921357e-19
5.295266185049019e-05 1.267175609182056e-19
5.2982460759803916e-05 1.1698668147707495e-19
5.301225966911764e-05 1.1329271388711664e-19
5.304205857843137e-05 1.316356197919091e-19
5.3071857487745096e-05 1.2734143085325454e-19
5.3101656397058817e-05 1.1531249084446838e-19
5.3131455306372543e-05 1.2341062380801472e-19
5.316125421568627e-05 1.2845889043349566e-19
5.3191053125e-05 1.3236991312466201e-19
5.3220852034313724e-05 1.2668533495434058e-19
5.3250650943627444e-05 1.1779720624527326e-19
5.328044985294117e-05 1.3490775183131895e-19
5.33102487622549e-05 1.3724501177883278e-19
5.3340047671568625e-05 1.2196556969985571e-19
5.336984658088235e-05 1.2704771242132553e-19
5.339964549019608e-05 1.3162161881352085e-19
5.34294443995098e-05 1.3452281751588927e-19
5.3459243308823526e-05 1.350756257003994e-19
5.348904221813725e-05 1.2194892607082941e-19
5.351884112745098e-05 1.3164098334222754e-19
5.3548640036764706e-05 1.458149611233662e-19
5.3578438946078427e-05 1.3005240114138927e-19
5.3608237855392153e-05 1.2800363947592567e-19
5.363803676470588e-05 1.3697132816837958e-19
5.366783567401961e-05 1.3902273757519363e-19
5.3697634583333334e-05 1.407509423912913e-19
5.3727433492647054e-05 1.2804937950147537e-19
5.375723240196078e-05 1.3127108662897534e-19
5.378703131127451e-05 1.4841390965373419e-19
5.3816830220588235e-05 1.3591217267028438e-19
5.384662912990196e-05 1.2883510655609046e-19
5.387642803921569e-05 1.405960808923222e-19
5.390622694852941e-05 1.4092424724978349e-19
5.3936025857843136e-05 1.4317617041863442e-19
5.396582476715686e-05 1.374467496550957e-19
5.399562367647059e-05 1.3220560658996484e-19
5.4025422585784316e-05 1.4931562867393543e-19
5.4055221495098037e-05 1.4487742689563026e-19
5.4085020404411763e-05 1.3202544498104049e-19
5.411481931372549e-05 1.4120989464895695e-19
5.414461822303922e-05 1.4338884255893318e-19
5.417441713235294e-05 1.4492996009304731e-19
5.420421604166666e-05 1.4141537252362024e-19
5.4234014950980384e-05 1.3223466580430199e-19
5.426381386029411e-05 1.4729351582489922e-19
5.429361276960784e-05 1.5219705705412013e-19
5.4323411678921565e-05 1.364463247489624e-19
5.435321058823529e-05 1.394613486179394e-19
5.438300949754901e-05 1.4703235632008375e-19
5.441280840686274e-05 1.492816330267187e-19
5.4442607316176466e-05 1.4606148513948977e-19
5.447240622549019e-05 1.3374585969840546e-19
5.450220513480392e-05 1.4509885678032279e-19
5.453200404411764e-05 1.560088684476266e-19
5.456180295343137e-05 1.3873613198204488e-19
5.4591601862745094e-05 1.390044287277076e-19
5.462140077205882e-05 1.4831922504674959e-19
5.465119968137255e-05 1.4871818021481422e-19
5.468099859068627e-05 1.5102259551218305e-19
5.4710797499999994e-05 1.399808914416678e-19
5.474059640931372e-05 1.4082733016511137e-19
5.477039531862745e-05 1.572360346706973e-19
5.4800194227941175e-05 1.478839610804527e-19
5.48299931372549e-05 1.3716729588703923e-19
5.485979204656862e-05 1.4704549259577588e-19
5.488959095588235e-05 1.5012442230501422e-19
5.4919389865196076e-05 1.5019384008434636e-19
5.49491887745098e-05 1.446372043357918e-19
5.497898768382353e-05 1.369620756476047e-19
5.500878659313725e-05 1.553312481056346e-19
5.503858550245098e-05 1.5549742239216016e-19
5.5068384411764704e-05 1.3672300013830298e-19
5.509818332107843e-05 1.4790160007222976e-19
5.512798223039216e-05 1.5289309343980575e-19
5.515778113970588e-05 1.4943687550468687e-19
5.5187580049019604e-05 1.487411282888668e-19
5.521737895833333e-05 1.378590496098027e-19
5.524717786764706e-05 1.5031481843099002e-19
5.5276976776960785e-05 1.5737838439557842e-19
5.5306775686274505e-05 1.3853577244938732e-19
5.533657459558823e-05 1.4199549678492234e-19
5.536637350490196e-05 1.5120143278598395e-19
5.5396172414215686e-05 1.5053447992799943e-19
5.542597132352941e-05 1.4994963200783308e-19
5.545577023284314e-05 1.3920274331612147e-19
5.548556914215686e-05 1.437920275977808e-19
5.551536805147059e-05 1.5760150980385194e-19
5.5545166960784314e-05 1.4213060079999992e-19
5.557496587009804e-05 1.3742635359377327e-19
5.560476477941177e-05 1.4950690613350601e-19
5.563456368872549e-05 1.472320523669658e-19
5.5664362598039215e-05 1.4800031251070874e-19
5.5694161507352935e-05 1.3946716060515304e-19
5.572396041666666e-05 1.3659724093702445e-19
5.575375932598039e-05 1.5357363979293575e-19
5.578355823529411e-05 1.462154461889195e-19
5.5813357144607835e-05 1.3283758293355399e-19
5.584315605392156e-05 1.431250465362368e-19
5.587295496323529e-05 1.474834060340872e-19
5.5902753872549016e-05 1.443082830206927e-19
5.593255278186274e-05 1.3871396820543317e-19
5.596235169117646e-05 1.3119786854507065e-19
5.599215060049019e-05 1.4573433998335638e-19
5.602194950980392e-05 1.4688152670245404e-19
5.6051748419117644e-05 1.2773242096661183e-19
5.608154732843137e-05 1.3523291753352798e-19
5.611134623774509e-05 1.4182131697404936e-19
5.614114514705882e-05 1.3913745286867034e-19
5.6170944056372545e-05 1.3575848198078662e-19
5.620074296568627e-05 1.2486324465814083e-19
5.6230541875e-05 1.3776525674970122e-19
5.626034078431372e-05 1.4616413082676794e-19
5.6290139693627445e-05 1.261403095583209e-19
5.631993860294117e-05 1.2463536516907677e-19
5.63497375122549e-05 1.3494472860691736e-19
5.6379536421568626e-05 1.3457790690341605e-19
5.640933533088235e-05 1.3004680551869722e-19
5.643913424019607e-05 1.1932621578808248e-19
5.64689331495098e-05 1.2457627583447433e-19
5.649873205882353e-05 1.4064624249709528e-19
5.6528530968137254e-05 1.2371835007824275e-19
5.655832987745098e-05 1.1139256811517816e-19
5.65881287867647e-05 1.294909815537224e-19
5.661792769607843e-05 1.2860059134120548e-19
5.6647726605392155e-05 1.2130640743793464e-19
5.667752551470588e-05 1.1585519694027519e-19
5.670732442401961e-05 1.113394833957909e-19
5.673712333333333e-05 1.2807978576084356e-19
5.6766922242647055e-05 1.2126171903761413e-19
5.679672115196078e-05 1.0108562918348356e-19
5.682652006127451e-05 1.1402230712113427e-19
5.6856318970588236e-05 1.2236433583612573e-19
5.688611787990196e-05 1.1316004237695047e-19
5.691591678921568e-05 1.0522837281715458e-19
5.694571569852941e-05 1.0207689107971147e-19
5.697551460784314e-05 1.150409834386247e-19
5.7005313517156864e-05 1.1543075433618446e-19
5.703511242647059e-05 9.355466037463809e-20
5.706491133578431e-05 9.887423441585296e-20
5.709471024509804e-05 1.119229645590701e-19
5.7124509154411765e-05 1.016997363638159e-19
5.715430806372549e-05 9.532694117422101e-20
5.718410697303922e-05 9.108481068493079e-20
5.721390588235293e-05 9.921617179462225e-20
5.724370479166666e-05 1.0770986030834804e-19
5.7273503700980386e-05 8.502340771065717e-20
5.730330261029411e-05 8.230186624886558e-20
5.733310151960784e-05 9.935780882032728e-20
5.736290042892156e-05 9.34641554020837e-20
5.7392699338235286e-05 8.391278405422668e-20
5.742249824754901e-05 7.624512759308673e-20
5.745229715686274e-05 8.120561417597494e-20
5.748209606617647e-05 9.500346516590342e-20
5.7511894975490194e-05 7.717961972911476e-20
5.7541693884803914e-05 6.378917274035192e-20
5.757149279411764e-05 8.303721188966983e-20
5.760129170343137e-05 8.406678787512152e-20
5.7631090612745095e-05 7.108078755590164e-20
5.766088952205882e-05 6.352099720675911e-20
5.769068843137254e-05 6.36311071914623e-20
5.772048734068627e-05 7.934794668466189e-20
5.7750286249999996e-05 6.937815022026407e-20
5.778008515931372e-05 4.868588730854645e-20
5.780988406862745e-05 6.12314392426487e-20
5.783968297794117e-05 7.023059401452632e-20
5.7869481887254896e-05 5.850924499451479e-20
5.789928079656862e-05 4.782741265615199e-20
5.792907970588235e-05 4.926937893368904e-20
5.795887861519608e-05 6.140354994145511e-20
5.7988677524509804e-05 5.845636135374252e-20
5.8018476433823524e-05 3.62382014793016e-20
5.804827534313725e-05 4.1503398338017065e-20
5.807807425245098e-05 5.807305691292586e-20
5.8107873161764705e-05 4.46583660537299e-20
5.813767207107843e-05 3.37474090309619e-20
5.816747098039215e-05 3.3060812902684954e-20
5.819726988970588e-05 4.021714834211178e-20
5.8227068799019606e-05 4.6261826411718064e-20
5.825686770833333e-05 2.3701347740673142e-20
5.828666661764706e-05 2.054755263984048e-20
5.831646552696078e-05 4.147356601892476e-20
5.8346264436274506e-05 3.3713085621171546e-20
5.837606334558823e-05 2.0045958238898576e-20
5.840586225490196e-05 1.7023478249095388e-20
5.843566116421569e-05 2.3315215694013436e-20
5.8465460073529414e-05 3.29026317533846e-20
5.8495258982843134e-05 1.431128320422031e-20
5.852505789215686e-05 2.3665057678807694e-21
5.855485680147059e-05 2.156775012160705e-20
5.8584655710784315e-05 2.0990229620411565e-20
5.861445462009804e-05 4.6002192388712584e-21
5.864425352941176e-05 1.0754932261913862e-21
5.867405243872549e-05 6.177732169669733e-21
5.8703851348039216e-05 1.5383629200112663e-20
5.873365025735294e-05 5.161178893711399e-21
5.876344916666666e-05 -1.37860315817913e-20
5.879324807598038e-05 -7.052127394527359e-22
5.882304698529411e-05 1.1519655443328102e-20
5.885284589460784e-05 -6.248288059687506e-21
5.8882644803921564e-05 -1.6408029398981857e-20
5.891244371323529e-05 -1.0956022056658834e-20
5.894224262254902e-05 -2.513137069049845e-21
5.897204153186274e-05 -6.093829000718522e-21
5.9001840441176464e-05 -2.776966381617474e-20
5.903163935049019e-05 -2.16552559588573e-20
5.906143825980392e-05 -3.828843120593284e-21
5.9091237169117645e-05 -2.0330420625753274e-20
5.9121036078431365e-05 -3.1306466521700336e-20
5.915083498774509e-05 -2.6688261092952124e-20
5.918063389705882e-05 -2.094890015905219e-20
5.9210432806372546e-05 -1.7793148224564647e-20
5.924023171568627e-05 -3.924741957265482e-20
5.927003062499999e-05 -4.2030222589245075e-20
5.929982953431372e-05 -2.058729690539725e-20
5.932962844362745e-05 -3.271844012862984e-20
5.9359427352941174e-05 -4.8922793662763525e-20
5.93892262622549e-05 -4.4989659559350336e-20
5.941902517156863e-05 -3.8928605424210037e-20
5.944882408088235e-05 -3.3872432873999364e-20
5.9478622990196074e-05 -5.0868361259079055e-20
5.95084218995098e-05 -6.247920103195368e-20
5.953822080882353e-05 -4.0449517486130704e-20
5.9568019718137255e-05 -4.2489519300559605e-20
5.9597818627450975e-05 -6.422533376436735e-20
5.96276175367647e-05 -6.427018972837351e-20
5.965741644607843e-05 -5.692837239138463e-20
5.9687215355392156e-05 -5.1290896733055166e-20
5.971701426470588e-05 -6.535346800335553e-20
5.97468131740196e-05 -8.057809755386371e-20
5.977661208333333e-05 -6.276238066092643e-20
5.980641099264706e-05 -5.744654745515817e-20
5.9836209901960784e-05 -7.866380053050384e-20
5.986600881127451e-05 -8.251414316775818e-20
5.989580772058823e-05 -7.468185392858401e-20
5.992560662990196e-05 -7.019796776689637e-20
5.9955405539215684e-05 -7.718053661101629e-20
5.998520444852941e-05 -9.588997900252833e-20
6.001500335784314e-05 -8.814952598703328e-20
6.0044802267156865e-05 -7.326428897391434e-20
6.0074601176470585e-05 -9.038172855549071e-20
6.010440008578431e-05 -1.0216915689728493e-19
6.013419899509804e-05 -9.373076623435129e-20
6.0163997904411766e-05 -8.764965662652977e-20
6.019379681372549e-05 -9.180627301889564e-20
6.022359572303921e-05 -1.0944696713844175e-19
6.025339463235294e-05 -1.0980036561001848e-19
6.028319354166666e-05 -8.953114746795113e-20
6.031299245098039e-05 -1.0140345138080256e-19
6.0342791360294114e-05 -1.213384004312522e-19
6.0372590269607834e-05 -1.1315286869058958e-19
6.040238917892156e-05 -1.0590666338550083e-19
6.043218808823529e-05 -1.0798933734955757e-19
6.0461986997549015e-05 -1.228039638103051e-19
6.049178590686274e-05 -1.29477205058259e-19
6.052158481617647e-05 -1.1056566438861565e-19
6.055138372549019e-05 -1.1362650039065087e-19
6.0581182634803915e-05 -1.351181979327261e-19
6.061098154411764e-05 -1.3165115637405902e-19
6.064078045343137e-05 -1.217441283940941e-19
6.0670579362745096e-05 -1.2422152095696247e-19
6.0700378272058816e-05 -1.3583198726430602e-19
6.073017718137254e-05 -1.469766284413239e-19
