0.0 -1.1069118468542321e-19
2.9797983026874116e-08 -1.2688304377331377e-19
5.959596605374823e-08 -1.2226649071290395e-19
8.939394908062234e-08 -1.0980071954598742e-19
1.1919193210749647e-07 -1.0426968316070367e-19
1.4898991513437058e-07 -1.2364392932080797e-19
1.7878789816124469e-07 -1.2981499071361633e-19
2.085858811881188e-07 -1.0504433756393075e-19
2.3838386421499293e-07 -1.0533039453713286e-19
2.68181847241867e-07 -1.2613096114740225e-19
2.9797983026874115e-07 -1.2555249022454158e-19
3.277778132956153e-07 -1.1252498867764458e-19
3.5757579632248937e-07 -1.0482806753197054e-19
3.873737793493635e-07 -1.1833883387773413e-19
4.171717623762376e-07 -1.3432230886577777e-19
4.4696974540311173e-07 -1.129593581265801e-19
4.7676772842998586e-07 -1.0003662658543278e-19
5.0656571145686e-07 -1.2249764381316695e-19
5.36363694483734e-07 -1.2742495447363e-19
5.661616775106082e-07 -1.152220809028128e-19
5.959596605374823e-07 -1.0542088899076557e-19
6.257576435643564e-07 -1.120243350740489e-19
6.555556265912306e-07 -1.333385415444309e-19
6.853536096181047e-07 -1.184579514044578e-19
7.151515926449787e-07 -9.892132408489958e-20
7.449495756718529e-07 -1.192276556039508e-19
7.74747558698727e-07 -1.2872323675277936e-19
8.04545541725601e-07 -1.1708851999762512e-19
8.343435247524752e-07 -1.0760285650798971e-19
8.641415077793493e-07 -1.0978952889556563e-19
8.939394908062235e-07 -1.2946388113954814e-19
9.237374738330976e-07 -1.2531957663932112e-19
9.535354568599717e-07 -9.925816900906073e-20
9.833334398868459e-07 -1.1100048239061883e-19
1.01313142291372e-06 -1.3062988912803173e-19
1.0429294059405941e-06 -1.2107899527406629e-19
1.072727388967468e-06 -1.093974520251029e-19
1.1025253719943422e-06 -1.0685089040205787e-19
1.1323233550212163e-06 -1.2471129059706898e-19
1.1621213380480905e-06 -1.315431341746971e-19
1.1919193210749646e-06 -1.0321042995452017e-19
1.2217173041018387e-06 -1.0524795925946332e-19
1.2515152871287129e-06 -1.3062897460363863e-19
1.281313270155587e-06 -1.2242541099400848e-19
1.3111112531824612e-06 -1.0888611362060228e-19
1.3409092362093353e-06 -1.0807447321567219e-19
1.3707072192362094e-06 -1.1946817344265537e-19
1.4005052022630833e-06 -1.3286632080411891e-19
1.4303031852899575e-06 -1.1066014268705758e-19
1.4601011683168316e-06 -9.983502704361357e-20
1.4898991513437058e-06 -1.2755881976705186e-19
1.51969713437058e-06 -1.2715487656978056e-19
1.549495117397454e-06 -1.095799102591266e-19
1.579293100424328e-06 -1.0758620084588606e-19
1.609091083451202e-06 -1.1436246731755684e-19
1.6388890664780762e-06 -1.2963786410971867e-19
1.6686870495049504e-06 -1.1797658262824964e-19
1.6984850325318245e-06 -9.761829440184352e-20
1.7282830155586986e-06 -1.1859616284874384e-19
1.7580809985855728e-06 -1.3070034751952268e-19
1.787878981612447e-06 -1.122651862130731e-19
1.817676964639321e-06 -1.0647934489079797e-19
1.8474749476661952e-06 -1.1214237256015306e-19
1.8772729306930693e-06 -1.24933327665307e-19
1.9070709137199435e-06 -1.223414031752971e-19
1.9368688967468174e-06 -9.787888272703806e-20
1.9666668797736917e-06 -1.1027690241208243e-19
1.9964648628005657e-06 -1.2895657360175606e-19
2.02626284582744e-06 -1.1224199743871094e-19
2.056060828854314e-06 -1.0499671141893577e-19
2.0858588118811883e-06 -1.0766740857577421e-19
2.115656794908062e-06 -1.1921968337343575e-19
2.145454777934936e-06 -1.2606470496945629e-19
2.1752527609618105e-06 -1.000335774372229e-19
2.2050507439886844e-06 -1.0111135079361312e-19
2.2348487270155587e-06 -1.2801901997781181e-19
2.2646467100424327e-06 -1.162005967149737e-19
2.294444693069307e-06 -1.0100891581184707e-19
2.324242676096181e-06 -1.0547049599460862e-19
2.3540406591230553e-06 -1.1322011849897092e-19
2.3838386421499292e-06 -1.2262440173888401e-19
2.4136366251768036e-06 -1.0380954391979583e-19
2.4434346082036775e-06 -9.29424171410677e-20
2.473232591230552e-06 -1.2017282567368568e-19
2.5030305742574258e-06 -1.1975829102975955e-19
2.5328285572842997e-06 -9.958256049418145e-20
2.562626540311174e-06 -1.0104191368974201e-19
2.592424523338048e-06 -1.1101841084355597e-19
2.6222225063649223e-06 -1.1969372624249287e-19
2.6520204893917962e-06 -1.067157688003055e-19
2.6818184724186706e-06 -8.963457915895469e-20
2.7116164554455445e-06 -1.0980246337709118e-19
2.741414438472419e-06 -1.194677840418867e-19
2.7712124214992928e-06 -9.825341065982306e-20
2.8010104045261667e-06 -9.75124898613406e-20
2.830808387553041e-06 -1.0607205036492244e-19
2.860606370579915e-06 -1.1194149364123531e-19
2.8904043536067893e-06 -1.106914549610512e-19
2.9202023366336632e-06 -8.971155309690125e-20
2.9500003196605376e-06 -9.955604846640351e-20
2.9797983026874115e-06 -1.2002911200606822e-19
3.009596285714286e-06 -1.0090533239607198e-19
3.03939426874116e-06 -9.131004030502215e-20
3.069192251768034e-06 -9.953046838951419e-20
3.098990234794908e-06 -1.0726092693013301e-19
3.1287882178217824e-06 -1.0862740170883544e-19
3.158586200848656e-06 -8.963874915089903e-20
3.1883841838755307e-06 -9.085302300352929e-20
3.218182166902404e-06 -1.1261760921636392e-19
3.247980149929279e-06 -1.0405282837628911e-19
3.2777781329561525e-06 -8.836786262256673e-20
3.307576115983027e-06 -9.493773993964467e-20
3.3373740990099007e-06 -1.0385971956595842e-19
3.367172082036775e-06 -1.0529283932246488e-19
3.396970065063649e-06 -9.112433249631642e-20
3.4267680480905233e-06 -8.348483067479198e-20
3.4565660311173973e-06 -1.0483616492757534e-19
3.4863640141442716e-06 -1.0488113212417441e-19
3.5161619971711455e-06 -8.428495532971921e-20
3.54595998019802e-06 -8.876189471736923e-20
3.575757963224894e-06 -9.847039556189899e-20
3.605555946251768e-06 -1.0100423521966233e-19
3.635353929278642e-06 -9.250816755718082e-20
3.6651519123055164e-06 -7.96591649042134e-20
3.6949498953323904e-06 -9.484603670003617e-20
3.7247478783592647e-06 -1.0544382948332802e-19
3.7545458613861386e-06 -8.522271928546926e-20
3.784343844413013e-06 -7.964862833240895e-20
3.814141827439887e-06 -9.274295283069943e-20
3.843939810466761e-06 -9.656107374374019e-20
3.873737793493635e-06 -9.124470644577103e-20
3.903535776520509e-06 -7.697069341454582e-20
3.9333337595473835e-06 -8.253985576271484e-20
3.963131742574257e-06 -1.0204291554396289e-19
3.992929725601131e-06 -8.693356890744872e-20
4.022727708628005e-06 -7.436238075619854e-20
4.05252569165488e-06 -8.63922445229252e-20
4.082323674681753e-06 -9.240181953453839e-20
4.112121657708628e-06 -8.925815831836906e-20
4.141919640735502e-06 -7.553494264814841e-20
4.1717176237623765e-06 -7.586325508492563e-20
4.20151560678925e-06 -9.458019084292078e-20
4.231313589816124e-06 -8.729732735467316e-20
4.261111572842998e-06 -7.120112464055782e-20
4.290909555869872e-06 -7.975330246166485e-20
4.320707538896746e-06 -8.693412596523961e-20
4.350505521923621e-06 -8.653139995525922e-20
4.380303504950495e-06 -7.73920364365996e-20
4.410101487977369e-06 -6.828856769092327e-20
4.439899471004243e-06 -8.676451046903136e-20
4.4696974540311175e-06 -8.9963238974096e-20
4.499495437057991e-06 -6.913053540182695e-20
4.529293420084865e-06 -7.114462731177096e-20
4.559091403111739e-06 -8.079913063675067e-20
4.588889386138614e-06 -8.34074396508229e-20
4.618687369165488e-06 -7.772382635340746e-20
4.648485352192362e-06 -6.490819312946538e-20
4.678283335219236e-06 -7.673501346329549e-20
4.708081318246111e-06 -8.881032674709484e-20
4.7378793012729845e-06 -7.043934703472364e-20
4.7676772842998584e-06 -6.525507052122391e-20
4.797475267326732e-06 -7.705707561281744e-20
4.827273250353607e-06 -8.017384058791327e-20
4.85707123338048e-06 -7.729792452911503e-20
4.886869216407355e-06 -6.400033315823905e-20
4.916667199434229e-06 -6.805649491017558e-20
4.946465182461104e-06 -8.691226198973561e-20
4.976263165487977e-06 -7.21867703808007e-20
5.0060611485148515e-06 -5.918423839133177e-20
5.0358591315417254e-06 -7.177027293384965e-20
5.065657114568599e-06 -7.72648679296133e-20
5.095455097595473e-06 -7.623134580934956e-20
5.125253080622348e-06 -6.46811675683547e-20
5.155051063649222e-06 -6.106845261228084e-20
5.184849046676096e-06 -8.054838331112226e-20
5.21464702970297e-06 -7.628517709436524e-20
5.244445012729845e-06 -5.833618987440647e-20
5.2742429957567185e-06 -6.497138561090481e-20
5.3040409787835925e-06 -7.3805349015143e-20
5.333838961810466e-06 -7.400614133634359e-20
5.363636944837341e-06 -6.443952627674473e-20
5.393434927864215e-06 -5.535820659454172e-20
5.423232910891089e-06 -7.313765456429446e-20
5.453030893917963e-06 -7.860165226587971e-20
5.482828876944838e-06 -5.729335881091134e-20
5.512626859971712e-06 -5.904681496684047e-20
5.5424248429985855e-06 -7.013389703978373e-20
5.5722228260254595e-06 -6.994634717048024e-20
5.602020809052333e-06 -6.617542705650242e-20
5.631818792079208e-06 -5.3583574179893713e-20
5.661616775106082e-06 -6.187272855333312e-20
5.691414758132956e-06 -7.668284774540854e-20
5.72121274115983e-06 -5.723343765665095e-20
5.751010724186704e-06 -5.1379585030536336e-20
5.780808707213579e-06 -6.500180494791481e-20
5.8106066902404526e-06 -6.681652200621603e-20
5.8404046732673265e-06 -6.495396459367625e-20
5.8702026562942e-06 -5.110380960543263e-20
5.900000639321075e-06 -5.1854668345259484e-20
5.929798622347949e-06 -7.158555317172391e-20
5.959596605374823e-06 -6.043102552469521e-20
5.989394588401697e-06 -4.451158954280348e-20
6.019192571428572e-06 -5.484794084539814e-20
6.048990554455446e-06 -6.263350843851551e-20
6.07878853748232e-06 -5.88054680200396e-20
6.108586520509193e-06 -4.7620071195877197e-20
6.138384503536068e-06 -4.495214692629508e-20
6.168182486562942e-06 -6.277447590167078e-20
6.197980469589816e-06 -6.022084324274287e-20
6.227778452616689e-06 -3.944455892745941e-20
6.257576435643565e-06 -4.639080918670577e-20
6.287374418670439e-06 -5.671079136441781e-20
6.317172401697312e-06 -5.327037749268033e-20
6.346970384724186e-06 -4.444503947742032e-20
6.376768367751061e-06 -3.560194856061396e-20
6.4065663507779344e-06 -5.095255843584433e-20
6.436364333804808e-06 -5.687430220156009e-20
6.466162316831682e-06 -3.513683621680162e-20
6.495960299858558e-06 -3.5726172187808567e-20
6.525758282885431e-06 -4.849171048182975e-20
6.555556265912305e-06 -4.793937637179609e-20
6.585354248939179e-06 -4.0366145944230857e-20
6.615152231966054e-06 -2.90280830373947e-20
6.6449502149929275e-06 -3.825148685497829e-20
6.6747481980198015e-06 -5.19444996498835e-20
6.704546181046675e-06 -3.297633705514849e-20
6.73434416407355e-06 -2.1759955825796165e-20
6.764142147100424e-06 -3.8393107560052706e-20
6.793940130127298e-06 -4.188964794421562e-20
6.823738113154172e-06 -3.342492631438562e-20
6.853536096181047e-06 -2.2770378968400903e-20
6.883334079207921e-06 -2.439043687969149e-20
6.9131320622347945e-06 -4.4074469946243136e-20
6.9429300452616685e-06 -3.2146584604198424e-20
6.972728028288543e-06 -1.3188040493202102e-20
7.002526011315417e-06 -2.757415250342293e-20
7.032323994342291e-06 -3.434298084582646e-20
7.062121977369165e-06 -2.780121482099037e-20
7.09191996039604e-06 -1.7171801569522008e-20
7.121717943422914e-06 -1.257173055105139e-20
7.151515926449788e-06 -3.0851660665179934e-20
7.1813139094766616e-06 -2.9614216587984555e-20
7.211111892503536e-06 -5.3851857353042976e-21
7.24090987553041e-06 -1.2103268496408674e-20
7.270707858557284e-06 -2.708468936079996e-20
7.300505841584158e-06 -2.072742876687655e-20
7.330303824611033e-06 -1.1241575044689932e-20
7.360101807637907e-06 -4.112040855720885e-21
7.389899790664781e-06 -1.7202769303024354e-20
7.419697773691655e-06 -2.560032908499984e-20
7.4494957567185294e-06 -1.1440173992237714e-22
7.479293739745403e-06 2.685764938576466e-21
7.509091722772277e-06 -1.7074784483506024e-20
7.538889705799151e-06 -1.392653018354819e-20
7.568687688826026e-06 -1.2912178765151862e-21
7.5984856718529e-06 6.447326303347158e-21
7.628283654879774e-06 -3.846561985813812e-21
7.658081637906647e-06 -1.7480373958988937e-20
7.687879620933522e-06 2.58415004077928e-21
7.717677603960396e-06 1.5112333140827292e-20
7.74747558698727e-06 -4.797537197482582e-21
7.777273570014144e-06 -8.031765320228918e-21
7.807071553041017e-06 5.599539456459224e-21
7.836869536067892e-06 1.516810198925956e-20
7.866667519094767e-06 1.0797926776152559e-20
7.89646550212164e-06 -6.739014037872748e-21
7.926263485148515e-06 7.262784232997528e-21
7.95606146817539e-06 2.810795986101655e-20
7.985859451202263e-06 9.81549542114802e-21
8.015657434229137e-06 -1.0794900977704404e-22
8.04545541725601e-06 1.3507410273898235e-20
8.075253400282885e-06 2.3993566289900905e-20
8.10505138330976e-06 2.3088799284571017e-20
8.134849366336633e-06 7.72532493112763e-21
8.164647349363506e-06 1.0036538920694713e-20
8.194445332390383e-06 3.466276761278714e-20
8.224243315417256e-06 2.8910475287757054e-20
8.25404129844413e-06 1.022351182555521e-20
8.283839281471004e-06 2.0793277168851457e-20
8.313637264497878e-06 3.419131416783524e-20
8.343435247524753e-06 3.6280966394761065e-20
8.373233230551626e-06 2.2290301652396673e-20
8.4030312135785e-06 1.6501867858748998e-20
8.432829196605376e-06 4.323163928947327e-20
8.462627179632249e-06 4.352027371015785e-20
8.492425162659122e-06 2.2733830437228966e-20
8.522223145685997e-06 2.8668575895206826e-20
8.552021128712871e-06 4.260563276347246e-20
8.581819111739744e-06 4.9673893864189507e-20
8.61161709476662e-06 3.6730870656132876e-20
8.641415077793492e-06 2.505096703437767e-20
8.671213060820369e-06 5.005818442787534e-20
8.701011043847242e-06 6.127409767564339e-20
8.730809026874115e-06 3.688629925381752e-20
8.76060700990099e-06 3.507132954800512e-20
8.790404992927865e-06 5.30291560945938e-20
8.820202975954738e-06 6.074904876398139e-20
8.850000958981612e-06 5.2134128848809567e-20
8.879798942008485e-06 3.665835143008189e-20
8.90959692503536e-06 5.3810832029034146e-20
8.939394908062235e-06 7.302429700862775e-20
8.969192891089108e-06 5.473824603168135e-20
8.998990874115983e-06 4.549471643920436e-20
9.028788857142858e-06 6.122154015000155e-20
9.05858684016973e-06 7.311536746151446e-20
9.088384823196605e-06 6.705772908096736e-20
9.118182806223479e-06 5.1675236463787845e-20
9.147980789250353e-06 6.013938242541557e-20
9.177778772277228e-06 8.243360522983182e-20
9.207576755304101e-06 7.199313799306299e-20
9.237374738330976e-06 5.463694425818922e-20
9.26717272135785e-06 6.936974766509413e-20
9.296970704384724e-06 8.498778562380294e-20
9.326768687411599e-06 8.077528617352853e-20
9.356566670438472e-06 6.731166982423813e-20
9.386364653465346e-06 6.747896022836326e-20
9.416162636492221e-06 9.357803178268757e-20
9.445960619519094e-06 9.181557858456056e-20
9.475758602545969e-06 6.682759195535743e-20
9.505556585572844e-06 7.905895231199133e-20
9.535354568599717e-06 9.590280160326135e-20
9.565152551626592e-06 9.374954345771899e-20
9.594950534653465e-06 8.338196691378884e-20
9.624748517680338e-06 7.62810526093797e-20
9.654546500707214e-06 9.928942453191059e-20
9.684344483734087e-06 1.098290252828267e-19
9.71414246676096e-06 8.529560385282407e-20
9.743940449787835e-06 8.512286486708684e-20
9.77373843281471e-06 1.0691649308194909e-19
9.803536415841585e-06 1.089800701186781e-19
9.833334398868458e-06 9.777748376514646e-20
9.863132381895331e-06 9.017837181082536e-20
9.892930364922207e-06 1.0419494487646727e-19
9.92272834794908e-06 1.2198440524799013e-19
9.952526330975953e-06 1.0452426017070914e-19
9.982324314002828e-06 9.345949293861573e-20
1.0012122297029703e-05 1.1475239159080155e-19
1.0041920280056576e-05 1.2289690973023813e-19
1.0071718263083451e-05 1.1281865072209207e-19
1.0101516246110324e-05 1.0402331361149392e-19
1.0131314229137199e-05 1.141015216782429e-19
1.0161112212164074e-05 1.3512286270124286e-19
1.0190910195190947e-05 1.213251711651566e-19
1.0220708178217821e-05 1.0358891882248736e-19
1.0250506161244696e-05 1.2268712881989336e-19
1.028030414427157e-05 1.357109165835885e-19
1.0310102127298444e-05 1.2842849399191857e-19
1.0339900110325317e-05 1.164912996911472e-19
1.0369698093352192e-05 1.2088114277391814e-19
1.0399496076379067e-05 1.445024625667541e-19
1.042929405940594e-05 1.4010480751333658e-19
1.0459092042432814e-05 1.1874942640035517e-19
1.048889002545969e-05 1.2929954734554143e-19
1.0518688008486562e-05 1.4812460303248907e-19
1.0548485991513437e-05 1.4206234415639523e-19
1.057828397454031e-05 1.304088308992972e-19
1.0608081957567185e-05 1.3072018432919111e-19
1.063787994059406e-05 1.4778682980923878e-19
1.0667677923620933e-05 1.5579569945861446e-19
1.0697475906647808e-05 1.3234466952115407e-19
1.0727273889674682e-05 1.3453990374695276e-19
1.0757071872701555e-05 1.5876103268514226e-19
1.078686985572843e-05 1.5417514295664326e-19
1.0816667838755303e-05 1.4356282692181147e-19
1.0846465821782178e-05 1.4063840996628554e-19
1.0876263804809053e-05 1.5464958128794603e-19
1.0906061787835926e-05 1.677069324339031e-19
1.09358597708628e-05 1.466008826701821e-19
1.0965657753889675e-05 1.3892538458870106e-19
1.0995455736916548e-05 1.6248805334024223e-19
1.1025253719943423e-05 1.664849693813938e-19
1.1055051702970298e-05 1.5187990017481069e-19
1.1084849685997171e-05 1.4858876239489977e-19
1.1114647669024046e-05 1.5947578716945905e-19
1.1144445652050919e-05 1.7363521188391004e-19
1.1174243635077792e-05 1.621913318989361e-19
1.1204041618104667e-05 1.4593688726475737e-19
1.123383960113154e-05 1.6627349122568482e-19
1.1263637584158416e-05 1.7694858210471932e-19
1.1293435567185291e-05 1.6240831287660482e-19
1.1323233550212164e-05 1.564015107972064e-19
1.1353031533239039e-05 1.6049209385857552e-19
1.1382829516265912e-05 1.7725774542430751e-19
1.1412627499292785e-05 1.7400059692860784e-19
1.144242548231966e-05 1.5220092020205783e-19
1.1472223465346533e-05 1.6586663927653028e-19
1.1502021448373408e-05 1.8254001641403304e-19
1.1531819431400284e-05 1.7105691854651029e-19
1.1561617414427157e-05 1.6238704997624734e-19
1.159141539745403e-05 1.6509340314280994e-19
1.1621213380480905e-05 1.800147001765522e-19
1.1651011363507778e-05 1.8387880554804445e-19
1.1680809346534653e-05 1.6070282788043822e-19
1.1710607329561526e-05 1.6261024691046917e-19
1.17404053125884e-05 1.8545670051405664e-19
1.1770203295615276e-05 1.7957194215011526e-19
1.180000127864215e-05 1.6656884491869292e-19
1.1829799261669023e-05 1.6689181146324885e-19
1.1859597244695898e-05 1.7880525913086972e-19
1.1889395227722771e-05 1.881730001904956e-19
1.1919193210749646e-05 1.7103488442817695e-19
1.1948991193776519e-05 1.652240213312504e-19
1.1978789176803394e-05 1.8485679661808653e-19
1.2008587159830269e-05 1.8590088796446446e-19
1.2038385142857143e-05 1.7233502015883798e-19
1.2068183125884017e-05 1.6795586258857557e-19
1.2097981108910891e-05 1.789469634028063e-19
1.2127779091937764e-05 1.8930263094987307e-19
1.215757707496464e-05 1.7663120681496523e-19
1.2187375057991512e-05 1.6594898813405834e-19
1.2217173041018385e-05 1.8138251847046947e-19
1.2246971024045262e-05 1.903304394326816e-19
1.2276769007072137e-05 1.7665552984995607e-19
1.230656699009901e-05 1.6959203432146228e-19
1.2336364973125884e-05 1.7862438263044847e-19
1.2366162956152757e-05 1.910868855219564e-19
1.2395960939179632e-05 1.8324709787762664e-19
1.2425758922206505e-05 1.648260878616611e-19
1.2455556905233378e-05 1.7821263961502326e-19
1.2485354888260255e-05 1.9243723326092303e-19
1.251515287128713e-05 1.7833234334574256e-19
1.2544950854314003e-05 1.7093150009893914e-19
1.2574748837340877e-05 1.7643201788765275e-19
1.260454682036775e-05 1.8709589421945546e-19
1.2634344803394624e-05 1.8698989004476894e-19
1.2664142786421498e-05 1.6855736258051316e-19
1.2693940769448371e-05 1.7231513923536577e-19
1.2723738752475248e-05 1.906514670565213e-19
1.2753536735502123e-05 1.8336471006862968e-19
1.2783334718528996e-05 1.7117203283738837e-19
1.2813132701555869e-05 1.7300872276363448e-19
1.2842930684582744e-05 1.8131857728844369e-19
1.2872728667609617e-05 1.8685643079887072e-19
1.2902526650636492e-05 1.7200267103029387e-19
1.2932324633663365e-05 1.6456370391049647e-19
1.2962122616690241e-05 1.8485613260396962e-19
1.2991920599717116e-05 1.8499955384959095e-19
1.3021718582743989e-05 1.6829745665543115e-19
1.3051516565770862e-05 1.6938966016096666e-19
1.3081314548797737e-05 1.771558541284346e-19
1.311111253182461e-05 1.8367421993770617e-19
1.3140910514851485e-05 1.7243013113270162e-19
1.3170708497878358e-05 1.601014400637562e-19
1.3200506480905234e-05 1.7669264623365182e-19
1.3230304463932107e-05 1.8178348083375986e-19
1.3260102446958982e-05 1.6725391868794015e-19
1.3289900429985855e-05 1.634470444054595e-19
1.331969841301273e-05 1.6977191378770071e-19
1.3349496396039603e-05 1.784307444518355e-19
1.3379294379066478e-05 1.7156582120239464e-19
1.340909236209335e-05 1.5587211554731616e-19
1.3438890345120224e-05 1.6573565110049858e-19
1.34686883281471e-05 1.7895173231098968e-19
1.3498486311173975e-05 1.6559608738502647e-19
1.3528284294200848e-05 1.5625741565927435e-19
1.3558082277227723e-05 1.6158091554953045e-19
1.3587880260254596e-05 1.684755922736008e-19
1.361767824328147e-05 1.6835044959523316e-19
1.3647476226308344e-05 1.5239372353693907e-19
1.3677274209335217e-05 1.538600137222486e-19
1.3707072192362093e-05 1.7017817227734584e-19
1.3736870175388968e-05 1.6084873231867664e-19
1.3766668158415841e-05 1.494146373461361e-19
1.3796466141442716e-05 1.5305016238248984e-19
1.3826264124469589e-05 1.5886558515013175e-19
1.3856062107496462e-05 1.61942616147692e-19
1.3885860090523337e-05 1.4951810160331456e-19
1.391565807355021e-05 1.4185099278210268e-19
1.3945456056577086e-05 1.5772597455487498e-19
1.3975254039603961e-05 1.5619097876698027e-19
1.4005052022630834e-05 1.4062703692244192e-19
1.4034850005657709e-05 1.4337024149615816e-19
1.4064647988684582e-05 1.4907028634252649e-19
1.4094445971711455e-05 1.5254145656819726e-19
1.412424395473833e-05 1.441918960097724e-19
1.4154041937765203e-05 1.300685983921962e-19
1.418383992079208e-05 1.4377927299599508e-19
1.4213637903818954e-05 1.5117176276189603e-19
1.4243435886845827e-05 1.3276831500684356e-19
1.42732338698727e-05 1.3063557525596461e-19
1.4303031852899575e-05 1.3575672890361042e-19
1.4332829835926448e-05 1.3952562699157825e-19
1.4362627818953323e-05 1.3799296102488942e-19
1.4392425801980196e-05 1.2026913858363489e-19
1.4422223785007073e-05 1.2747041832518584e-19
1.4452021768033947e-05 1.415001959691828e-19
1.448181975106082e-05 1.246578556692145e-19
1.4511617734087694e-05 1.1765803361016728e-19
1.4541415717114568e-05 1.2538619952215497e-19
1.4571213700141441e-05 1.2746181704283859e-19
1.4601011683168316e-05 1.2632085610756312e-19
1.463080966619519e-05 1.115586572564169e-19
1.4660607649222066e-05 1.088209244565515e-19
1.4690405632248939e-05 1.2740400451044094e-19
1.4720203615275814e-05 1.1710235789955464e-19
1.4750001598302687e-05 1.0107555225127992e-19
1.4779799581329561e-05 1.0967609927677082e-19
1.4809597564356435e-05 1.1424307995046763e-19
1.483939554738331e-05 1.140618275273236e-19
1.4869193530410182e-05 1.0131489606543468e-19
1.4898991513437059e-05 9.286633974110739e-20
1.4928789496463932e-05 1.1056943514077237e-19
1.4958587479490807e-05 1.078365472191455e-19
1.498838546251768e-05 8.818270963268858e-20
1.5018183445544555e-05 9.200302272283489e-20
1.5047981428571428e-05 9.769777216955623e-20
1.5077779411598302e-05 9.624626919256745e-20
1.5107577394625175e-05 8.995232965521848e-20
1.5137375377652052e-05 7.731476318658545e-20
1.5167173360678925e-05 8.779862902213846e-20
1.51969713437058e-05 9.653356818304308e-20
1.5226769326732673e-05 7.666652734828451e-20
1.5256567309759548e-05 7.367065042897461e-20
1.5286365292786422e-05 8.298253831562373e-20
1.5316163275813294e-05 8.019238381103552e-20
1.534596125884017e-05 7.488777933588696e-20
1.5375759241867043e-05 6.304441258935342e-20
1.5405557224893918e-05 6.653049156713838e-20
1.5435355207920793e-05 7.945374997601818e-20
1.5465153190947668e-05 6.442150931092053e-20
1.549495117397454e-05 5.341812494750143e-20
1.5524749157001414e-05 6.341574509925093e-20
1.555454714002829e-05 6.436127655897595e-20
1.558434512305516e-05 5.960410706665085e-20
1.5614143106082035e-05 5.0183129486488055e-20
1.5643941089108913e-05 4.5787639881977625e-20
1.5673739072135784e-05 5.992340232803814e-20
1.570353705516266e-05 5.392134900912764e-20
1.5733335038189534e-05 3.539757468281433e-20
1.5763133021216405e-05 4.270630005571965e-20
1.579293100424328e-05 4.8283006263222843e-20
1.5822728987270155e-05 4.352909636104724e-20
1.585252697029703e-05 3.461548350586053e-20
1.5882324953323904e-05 2.6165767907613488e-20
1.591212293635078e-05 4.00635905444733e-20
1.594192091937765e-05 4.157484710087543e-20
1.5971718902404525e-05 2.0211002412471735e-20
1.60015168854314e-05 2.1784563628769888e-20
1.6031314868458275e-05 3.227715902300415e-20
1.6061112851485146e-05 2.7769681689759717e-20
1.609091083451202e-05 1.8965785846720962e-20
1.6120708817538896e-05 9.58935569796514e-21
1.615050680056577e-05 1.7816785522578906e-20
1.6180304783592645e-05 2.718731562242959e-20
1.621010276661952e-05 7.265671776274803e-21
1.623990074964639e-05 8.353527439281154e-22
1.6269698732673266e-05 1.4690312232675317e-20
1.629949671570014e-05 1.208371328311127e-20
1.6329294698727012e-05 4.417116899697721e-21
1.635909268175389e-05 -3.838529564489083e-21
1.6388890664780765e-05 -3.0368382627395242e-21
1.6418688647807637e-05 1.030226392880068e-20
1.644848663083451e-05 -1.6472387496813958e-21
1.6478284613861386e-05 -1.730565787248594e-20
1.650808259688826e-05 -5.686256981785502e-21
1.6537880579915132e-05 -2.5578347529404204e-21
1.6567678562942007e-05 -1.2240895647281277e-20
1.6597476545968882e-05 -1.9129072774251095e-20
1.6627274528995757e-05 -2.073685839594315e-20
1.665707251202263e-05 -8.355392714680536e-21
1.6686870495049506e-05 -1.367788495631045e-20
1.6716668478076378e-05 -3.2338248073882094e-20
1.6746466461103252e-05 -2.2932777916664533e-20
1.6776264444130127e-05 -1.7115800832858417e-20
1.6806062427157e-05 -2.6408721554168572e-20
1.6835860410183877e-05 -3.287927011539481e-20
1.686565839321075e-05 -3.916188296069089e-20
1.6895456376237623e-05 -2.886978636772239e-20
1.6925254359264498e-05 -2.6058786972388664e-20
1.6955052342291372e-05 -4.6554585997801985e-20
1.6984850325318244e-05 -4.6175605768899535e-20
1.701464830834512e-05 -3.331829943027268e-20
1.7044446291371993e-05 -3.959066015256257e-20
1.7074244274398868e-05 -4.823061436597525e-20
1.7104042257425743e-05 -5.2610210409502724e-20
1.7133840240452618e-05 -4.9306163178648065e-20
1.716363822347949e-05 -4.077003142240676e-20
1.7193436206506364e-05 -5.634126487572394e-20
1.722323418953324e-05 -6.66366925077043e-20
1.7253032172560113e-05 -5.235215537305968e-20
1.7282830155586985e-05 -5.4001684986606997e-20
1.731262813861386e-05 -6.401511582729052e-20
1.7342426121640738e-05 -6.94117230295618e-20
1.737222410466761e-05 -6.663586387105363e-20
1.7402022087694484e-05 -5.666921256190703e-20
1.743182007072136e-05 -6.950360940980044e-20
1.746161805374823e-05 -8.179195017373046e-20
1.7491416036775105e-05 -6.932993401120962e-20
1.752121401980198e-05 -6.719686715936297e-20
1.7551012002828854e-05 -7.837694389440655e-20
1.758080998585573e-05 -8.50739721180677e-20
1.7610607968882604e-05 -8.409674644453406e-20
1.7640405951909475e-05 -7.431183818400375e-20
1.767020393493635e-05 -8.021453811657339e-20
1.7700001917963225e-05 -9.713647644422524e-20
1.77297999009901e-05 -8.896562217682285e-20
1.775959788401697e-05 -8.084195187138697e-20
1.7789395867043846e-05 -9.24639341610782e-20
1.781919385007072e-05 -9.809994665294325e-20
1.7848991833097595e-05 -9.863405438386736e-20
1.787878981612447e-05 -9.299237451465159e-20
1.7908587799151345e-05 -9.172258089615016e-20
1.7938385782178216e-05 -1.1023559757508964e-19
1.796818376520509e-05 -1.0805205263873984e-19
1.7997981748231966e-05 -9.472830433396743e-20
1.8027779731258837e-05 -1.0634921896403407e-19
1.8057577714285715e-05 -1.1273008468079606e-19
1.808737569731259e-05 -1.1235516578304285e-19
1.811717368033946e-05 -1.1043218654997568e-19
1.8146971663366336e-05 -1.0432769039960937e-19
1.817676964639321e-05 -1.185178521276864e-19
1.8206567629420082e-05 -1.2443600351596888e-19
1.8236365612446957e-05 -1.1128898778253538e-19
1.8266163595473832e-05 -1.1544819203050704e-19
1.8295961578500707e-05 -1.247393910689769e-19
1.832575956152758e-05 -1.2755949439974208e-19
1.8355557544554456e-05 -1.2480984440717262e-19
1.8385355527581328e-05 -1.179405672346425e-19
1.8415153510608202e-05 -1.2926263679497796e-19
1.8444951493635077e-05 -1.3918419477131532e-19
1.8474749476661952e-05 -1.2632687537806607e-19
1.8504547459688823e-05 -1.2579117562344952e-19
1.85343454427157e-05 -1.3735768199059095e-19
1.8564143425742576e-05 -1.385750390894167e-19
1.8593941408769448e-05 -1.3808949293305288e-19
1.8623739391796322e-05 -1.3256574728243406e-19
1.8653537374823197e-05 -1.350846356705599e-19
1.868333535785007e-05 -1.5208674472793088e-19
1.8713133340876943e-05 -1.447344128955971e-19
1.8742931323903818e-05 -1.340937281987395e-19
1.8772729306930693e-05 -1.480637578470395e-19
1.8802527289957568e-05 -1.5202761299852729e-19
1.8832325272984442e-05 -1.4853103405124634e-19
1.8862123256011314e-05 -1.4573780093691128e-19
1.889192123903819e-05 -1.448353305965204e-19
1.8921719222065063e-05 -1.5881247531634606e-19
1.8951517205091938e-05 -1.5746306142661374e-19
1.898131518811881e-05 -1.4630870939438432e-19
1.9011113171145688e-05 -1.5624465047243554e-19
1.904091115417256e-05 -1.6281039649411728e-19
1.9070709137199434e-05 -1.6163920071325203e-19
1.910050712022631e-05 -1.5939779108078118e-19
1.9130305103253183e-05 -1.566687513468783e-19
1.9160103086280055e-05 -1.6760882338720321e-19
1.918990106930693e-05 -1.7101853101050893e-19
1.9219699052333804e-05 -1.5907375064810337e-19
1.9249497035360676e-05 -1.6247094031626575e-19
1.9279295018387554e-05 -1.7259785645668237e-19
1.930909300141443e-05 -1.7043527964452777e-19
1.93388909844413e-05 -1.68735025638609e-19
1.9368688967468175e-05 -1.677468567351235e-19
1.939848695049505e-05 -1.7253773726030454e-19
1.942828493352192e-05 -1.8129811941124082e-19
1.9458082916548796e-05 -1.7223251627290099e-19
1.948788089957567e-05 -1.6988022383279973e-19
1.9517678882602545e-05 -1.8141350733887494e-19
1.954747686562942e-05 -1.8057811602802547e-19
1.9577274848656295e-05 -1.7806162227654923e-19
1.960707283168317e-05 -1.7672760512909544e-19
1.963687081471004e-05 -1.7811700552800743e-19
1.9666668797736916e-05 -1.8725662943399282e-19
1.969646678076379e-05 -1.8344742776210685e-19
1.9726264763790662e-05 -1.7566165248274125e-19
1.975606274681754e-05 -1.8513347222595266e-19
1.9785860729844415e-05 -1.9123849304458699e-19
1.9815658712871286e-05 -1.8624089448131995e-19
1.984545669589816e-05 -1.8432117201550963e-19
1.9875254678925036e-05 -1.8446191023209693e-19
1.9905052661951907e-05 -1.9268486392276084e-19
1.9934850644978782e-05 -1.9487842550171007e-19
1.9964648628005657e-05 -1.828462440677015e-19
1.999444661103253e-05 -1.891967375776433e-19
2.0024244594059406e-05 -1.9689454864030448e-19
2.005404257708628e-05 -1.900998896301722e-19
2.0083840560113152e-05 -1.903336234852013e-19
2.0113638543140027e-05 -1.9012742253728414e-19
2.0143436526166902e-05 -1.9560172670534204e-19
2.0173234509193777e-05 -2.0029046809468087e-19
2.0203032492220648e-05 -1.9140277475057586e-19
2.0232830475247526e-05 -1.9196237683230752e-19
2.0262628458274397e-05 -1.99679647947351e-19
2.0292426441301272e-05 -1.9877117309886518e-19
2.0322224424328147e-05 -1.9433264715376637e-19
2.0352022407355022e-05 -1.9398138581164874e-19
2.0381820390381893e-05 -1.983224987418987e-19
2.0411618373408768e-05 -2.0256954995105043e-19
2.0441416356435643e-05 -1.9597308068830383e-19
2.0471214339462517e-05 -1.9255039105040893e-19
2.0501012322489392e-05 -2.0317494267596146e-19
2.0530810305516267e-05 -2.0256724064585527e-19
2.056060828854314e-05 -1.980136103997905e-19
2.0590406271570013e-05 -1.9916493611590925e-19
2.0620204254596888e-05 -1.9856242267964633e-19
2.0650002237623763e-05 -2.0483607446050863e-19
2.0679800220650634e-05 -2.0250681679687764e-19
2.0709598203677512e-05 -1.9455481357342672e-19
2.0739396186704384e-05 -2.0171136478278265e-19
2.076919416973126e-05 -2.045144598228952e-19
2.0798992152758133e-05 -2.005281116843617e-19
2.0828790135785008e-05 -1.9974979120053437e-19
2.085858811881188e-05 -1.9898920333072366e-19
2.0888386101838754e-05 -2.0450561318053793e-19
2.091818408486563e-05 -2.0646405183399357e-19
2.0947982067892504e-05 -1.9909110008399097e-19
2.097778005091938e-05 -2.0025857479477376e-19
2.1007578033946253e-05 -2.0664205322012783e-19
2.1037376016973125e-05 -2.0337686389530493e-19
2.1067174e-05 -2.003685132884225e-19
2.1096971983026874e-05 -2.0110267349168073e-19
2.1126769966053746e-05 -2.030612706205801e-19
2.115656794908062e-05 -2.0702048225261995e-19
2.1186365932107495e-05 -2.003189905468088e-19
2.121616391513437e-05 -1.983605915468984e-19
2.1245961898161245e-05 -2.0705705141804802e-19
2.127575988118812e-05 -2.0513063496979478e-19
2.130555786421499e-05 -2.022821181210431e-19
2.1335355847241866e-05 -2.01206535455593e-19
2.136515383026874e-05 -2.0290391276393413e-19
2.1394951813295615e-05 -2.082120991225379e-19
2.1424749796322486e-05 -2.0176433353726373e-19
2.1454547779349365e-05 -1.9887735764720264e-19
2.1484345762376236e-05 -2.0356501923331784e-19
2.151414374540311e-05 -2.0462972194194588e-19
2.1543941728429986e-05 -2.0334125061089477e-19
2.157373971145686e-05 -1.9891308403770002e-19
2.160353769448373e-05 -2.0100166853710206e-19
2.1633335677510606e-05 -2.0593225717270586e-19
2.166313366053748e-05 -2.0352556774691279e-19
2.1692931643564356e-05 -1.9874065490033108e-19
2.172272962659123e-05 -2.0074948964280824e-19
2.1752527609618106e-05 -2.0524724689436473e-19
2.1782325592644977e-05 -2.0179511422254413e-19
2.1812123575671852e-05 -1.9793326157142708e-19
2.1841921558698726e-05 -1.9786068910853698e-19
2.18717195417256e-05 -2.0198522177464903e-19
2.1901517524752473e-05 -2.0226365978389381e-19
2.193131550777935e-05 -1.9592423523637885e-19
2.1961113490806222e-05 -1.9682581510911464e-19
2.1990911473833097e-05 -1.9953185329352715e-19
2.2020709456859972e-05 -2.0033182121748826e-19
2.2050507439886846e-05 -1.9671651624567947e-19
2.2080305422913718e-05 -1.925451992635941e-19
2.2110103405940596e-05 -1.9885256921116586e-19
2.2139901388967467e-05 -1.9965506950211276e-19
2.2169699371994342e-05 -1.9305618689905248e-19
2.2199497355021214e-05 -1.907669809005718e-19
2.2229295338048092e-05 -1.940211382565383e-19
2.2259093321074963e-05 -1.9733570825423216e-19
2.2288891304101838e-05 -1.9139577841769436e-19
2.2318689287128713e-05 -1.871465647963592e-19
2.2348487270155584e-05 -1.9102229787068966e-19
2.2378285253182462e-05 -1.9439299912179903e-19
2.2408083236209334e-05 -1.913930038722818e-19
2.243788121923621e-05 -1.8521002135330047e-19
2.246767920226308e-05 -1.8729607821026908e-19
2.2497477185289958e-05 -1.9044839551457365e-19
2.2527275168316833e-05 -1.88276791707786e-19
2.2557073151343704e-05 -1.8294912562923901e-19
2.2586871134370582e-05 -1.809874678717926e-19
2.2616669117397454e-05 -1.8846629109828862e-19
2.264646710042433e-05 -1.8480076414268036e-19
2.26762650834512e-05 -1.7645819221722663e-19
2.2706063066478078e-05 -1.7968693736364047e-19
2.273586104950495e-05 -1.8216191509543553e-19
2.2765659032531824e-05 -1.8256176055490485e-19
2.27954570155587e-05 -1.760000417472708e-19
2.282525499858557e-05 -1.7151851304453576e-19
2.285505298161245e-05 -1.803123788367237e-19
2.288485096463932e-05 -1.7910199476220588e-19
2.2914648947666195e-05 -1.696204166971496e-19
2.2944446930693066e-05 -1.6929152015714501e-19
2.2974244913719944e-05 -1.7251142256912654e-19
2.3004042896746815e-05 -1.739030013979474e-19
2.303384087977369e-05 -1.6775058846817563e-19
2.306363886280057e-05 -1.6199522817788173e-19
2.309343684582744e-05 -1.7011621926181104e-19
2.3123234828854315e-05 -1.7309979880212038e-19
2.3153032811881186e-05 -1.6151153476273802e-19
2.318283079490806e-05 -1.5774347167816342e-19
2.3212628777934932e-05 -1.636785126187488e-19
2.324242676096181e-05 -1.6568308921775486e-19
2.3272224743988685e-05 -1.6147550795806315e-19
2.3302022727015556e-05 -1.534511912276634e-19
2.3331820710042435e-05 -1.5355955101109513e-19
2.3361618693069306e-05 -1.6151268178024827e-19
2.339141667609618e-05 -1.5514970105387436e-19
2.3421214659123052e-05 -1.4649125632241642e-19
2.345101264214993e-05 -1.5308666694419399e-19
2.34808106251768e-05 -1.5404571651036898e-19
2.3510608608203676e-05 -1.4952154615555722e-19
2.354040659123055e-05 -1.452920162520475e-19
2.3570204574257423e-05 -1.4204820802085457e-19
2.36000025572843e-05 -1.5039358996633814e-19
2.3629800540311172e-05 -1.459676110281252e-19
2.3659598523338047e-05 -1.337842284075283e-19
2.3689396506364918e-05 -1.3940632678780057e-19
2.3719194489391796e-05 -1.4136582061562511e-19
2.374899247241867e-05 -1.3888196325946992e-19
2.3778790455445543e-05 -1.348744628033113e-19
2.380858843847242e-05 -1.2934565480328145e-19
2.3838386421499292e-05 -1.3721333740011784e-19
2.3868184404526167e-05 -1.3687284310573824e-19
2.3897982387553038e-05 -1.2461747957175285e-19
2.3927780370579916e-05 -1.2461116207800927e-19
2.3957578353606788e-05 -1.296381723244827e-19
2.3987376336633663e-05 -1.2788968700573015e-19
2.4017174319660537e-05 -1.2084265402160684e-19
2.404697230268741e-05 -1.1499836225560833e-19
2.4076770285714287e-05 -1.1931285885757287e-19
2.4106568268741158e-05 -1.247043863755844e-19
2.4136366251768033e-05 -1.1257726784087425e-19
2.4166164234794904e-05 -1.0665140460876795e-19
2.4195962217821783e-05 -1.1701993225506756e-19
2.4225760200848657e-05 -1.152814735697231e-19
2.425555818387553e-05 -1.0886484205322885e-19
2.4285356166902407e-05 -1.0302246212712668e-19
2.431515414992928e-05 -1.0344493579762365e-19
2.4344952132956153e-05 -1.1274867792681835e-19
2.4374750115983024e-05 -1.0200103844025685e-19
2.44045480990099e-05 -8.996188218489254e-20
2.443434608203677e-05 -9.851647867297618e-20
2.446414406506365e-05 -1.0146704982167128e-19
2.4493942048090524e-05 -9.511023924212878e-20
2.4523740031117395e-05 -8.870522997494969e-20
2.4553538014144273e-05 -8.810691433777835e-20
2.4583335997171144e-05 -9.560444143183145e-20
2.461313398019802e-05 -8.954962241181482e-20
2.464293196322489e-05 -7.683759968839749e-20
2.467272994625177e-05 -8.200807580442972e-20
2.4702527929278644e-05 -8.623143884714331e-20
2.4732325912305515e-05 -8.023527328309522e-20
2.4762123895332393e-05 -7.362570633754592e-20
2.4791921878359264e-05 -7.00333373918267e-20
2.482171986138614e-05 -7.733169594613705e-20
2.485151784441301e-05 -7.622135558667666e-20
2.4881315827439885e-05 -6.100388526933969e-20
2.4911113810466757e-05 -6.356115422622842e-20
2.4940911793493635e-05 -7.156379493042963e-20
2.497070977652051e-05 -6.479355232357448e-20
2.500050775954738e-05 -5.847739927015742e-20
2.503030574257426e-05 -5.528628711435045e-20
2.506010372560113e-05 -5.903065288489154e-20
2.5089901708628005e-05 -6.095426744797404e-20
2.5119699691654877e-05 -4.788907178820591e-20
2.5149497674681755e-05 -4.4518525498837823e-20
2.5179295657708626e-05 -5.350115894040209e-20
2.52090936407355e-05 -5.0496964639189516e-20
2.5238891623762376e-05 -4.2673608273286576e-20
2.5268689606789247e-05 -3.976410955528887e-20
2.5298487589816125e-05 -4.128504728205478e-20
2.5328285572842997e-05 -4.570184434621186e-20
2.535808355586987e-05 -3.73125672923203e-20
2.5387881538896743e-05 -2.6938882246200353e-20
2.541767952192362e-05 -3.5275891009178055e-20
2.5447477504950496e-05 -3.7703387743636956e-20
2.5477275487977367e-05 -2.6728022400442292e-20
2.5507073471004245e-05 -2.175248647401888e-20
2.5536871454031117e-05 -2.3440370414069103e-20
2.556666943705799e-05 -2.908124329519035e-20
2.5596467420084863e-05 -2.2400577471053434e-20
2.5626265403111738e-05 -9.448895039254857e-21
2.565606338613861e-05 -1.679907707654758e-20
2.5685861369165487e-05 -2.2141538767418914e-20
2.5715659352192362e-05 -1.1160858135485686e-20
2.5745457335219233e-05 -5.287994782980947e-21
2.577525531824611e-05 -6.32260883277678e-21
2.5805053301272983e-05 -1.1027378691819541e-20
2.5834851284299858e-05 -7.890123778586221e-21
2.586464926732673e-05 5.313733245510426e-21
2.5894447250353607e-05 3.0728117512900387e-21
2.5924245233380482e-05 -4.632240518134829e-21
2.5954043216407353e-05 4.578847866576263e-21
2.598384119943423e-05 1.2029482987324174e-20
2.6013639182461103e-05 9.722525007424569e-21
2.6043437165487978e-05 8.16511793011288e-21
2.607323514851485e-05 8.963444990466461e-21
2.6103033131541724e-05 1.882676717618948e-20
2.6132831114568595e-05 2.292942011337948e-20
2.6162629097595473e-05 1.2631022402813702e-20
2.6192427080622348e-05 1.7365366293396546e-20
2.622222506364922e-05 2.8925099314870634e-20
2.6252023046676098e-05 2.7819144223469016e-20
2.628182102970297e-05 2.6633197692251945e-20
2.6311619012729844e-05 2.5602256417252983e-20
2.6341416995756715e-05 3.4323896864945777e-20
2.6371214978783594e-05 4.301214662140115e-20
2.6401012961810468e-05 3.1610800277602126e-20
2.643081094483734e-05 3.25227248386234e-20
2.6460608927864214e-05 4.6140899084403726e-20
2.6490406910891086e-05 4.569773103761119e-20
2.6520204893917964e-05 4.3120400888224886e-20
2.6550002876944835e-05 4.2818804513442214e-20
2.657980085997171e-05 4.887885031907644e-20
2.660959884299858e-05 5.893223026020516e-20
2.663939682602546e-05 5.266177437012382e-20
2.6669194809052334e-05 4.9071183851590523e-20
2.6698992792079206e-05 6.125993185868827e-20
2.6728790775106084e-05 6.506016236048195e-20
2.6758588758132955e-05 6.146715666120417e-20
2.678838674115983e-05 6.104150000386356e-20
2.68181847241867e-05 6.387062426390437e-20
2.684798270721358e-05 7.382808221928515e-20
2.6877780690240448e-05 7.237569473732599e-20
2.6907578673267326e-05 6.335967560820081e-20
2.69373766562942e-05 7.647014004915212e-20
2.6967174639321072e-05 8.326915907304421e-20
2.699697262234795e-05 7.682522569779586e-20
2.702677060537482e-05 7.939823625121412e-20
2.7056568588401696e-05 8.006580691388249e-20
2.7086366571428568e-05 8.857174800607599e-20
2.7116164554455446e-05 9.21373677342002e-20
2.714596253748232e-05 8.095631355273401e-20
2.7175760520509192e-05 8.729562932507487e-20
2.720555850353607e-05 9.838622836112824e-20
2.723535648656294e-05 9.378573013639069e-20
2.7265154469589816e-05 9.195731111162485e-20
2.7294952452616688e-05 9.536419471064331e-20
2.7324750435643562e-05 1.0129571977852155e-19
2.7354548418670434e-05 1.0680881020835889e-19
2.7384346401697312e-05 9.959178697204932e-20
2.7414144384724187e-05 1.001898098160085e-19
2.7443942367751058e-05 1.11378472027158e-19
2.7473740350777936e-05 1.0997214268926002e-19
2.7503538333804808e-05 1.0697762965629241e-19
2.7533336316831682e-05 1.0981723530031571e-19
2.7563134299858554e-05 1.141395887453745e-19
2.7592932282885432e-05 1.1914606030101453e-19
2.7622730265912307e-05 1.1350462181457853e-19
2.7652528248939178e-05 1.1085773321892786e-19
2.7682326231966053e-05 1.2430679197165573e-19
2.7712124214992924e-05 1.2538519568599778e-19
2.7741922198019803e-05 1.1952409559505076e-19
2.7771720181046674e-05 1.2351952903749315e-19
2.780151816407355e-05 1.2565847685862954e-19
2.783131614710042e-05 1.3208313136548281e-19
2.7861114130127298e-05 1.300087213975295e-19
2.7890912113154173e-05 1.227979505949791e-19
2.7920710096181044e-05 1.3287494725355068e-19
2.7950508079207923e-05 1.3777211174722587e-19
2.7980306062234794e-05 1.3283963781298966e-19
2.801010404526167e-05 1.3362491909765875e-19
2.803990202828854e-05 1.3669269531912985e-19
2.8069700011315418e-05 1.4134303847026108e-19
2.8099497994342293e-05 1.4275602228106112e-19
2.8129295977369164e-05 1.3720394282302843e-19
2.815909396039604e-05 1.4065757307640083e-19
2.818889194342291e-05 1.4940551868953025e-19
2.821868992644979e-05 1.4546187412832473e-19
2.824848790947666e-05 1.431260016504532e-19
2.8278285892503535e-05 1.4702850842535946e-19
2.8308083875530406e-05 1.4948659003538448e-19
2.8337881858557284e-05 1.5309532590046477e-19
2.836767984158416e-05 1.481624247986774e-19
2.839747782461103e-05 1.4877466277394115e-19
2.842727580763791e-05 1.5912347095314733e-19
2.845707379066478e-05 1.569486676594123e-19
2.8486871773691655e-05 1.5453060684589083e-19
2.8516669756718526e-05 1.5715578440248793e-19
2.85464677397454e-05 1.578794113377193e-19
2.857626572277228e-05 1.6180552519295167e-19
2.860606370579915e-05 1.5949287215806488e-19
2.8635861688826025e-05 1.5562975555596178e-19
2.8665659671852897e-05 1.640485141072139e-19
2.8695457654879775e-05 1.6580176191200344e-19
2.8725255637906646e-05 1.598472228208207e-19
2.875505362093352e-05 1.631701707551651e-19
2.8784851603960392e-05 1.6547965732260344e-19
2.881464958698727e-05 1.6885596906436285e-19
2.8844447570014145e-05 1.6994103125654417e-19
2.8874245553041017e-05 1.6385257396538574e-19
2.8904043536067895e-05 1.6948712279677519e-19
2.8933841519094763e-05 1.736500759135065e-19
2.896363950212164e-05 1.6868979375358955e-19
2.8993437485148512e-05 1.695415531207021e-19
2.9023235468175387e-05 1.7101558430444738e-19
2.905303345120226e-05 1.728206164879539e-19
2.9082831434229137e-05 1.741115344276906e-19
2.911262941725601e-05 1.708557983210069e-19
2.9142427400282883e-05 1.7281015667206582e-19
2.917222538330976e-05 1.78112324109558e-19
2.9202023366336632e-05 1.7503206341732674e-19
2.9231821349363507e-05 1.7394528689689866e-19
2.926161933239038e-05 1.7777371962778444e-19
2.9291417315417257e-05 1.7573703000359465e-19
2.932121529844413e-05 1.7812242274513286e-19
2.9351013281471003e-05 1.7699365005176617e-19
2.9380811264497878e-05 1.7248301736871736e-19
2.941060924752475e-05 1.8088037206239575e-19
2.9440407230551627e-05 1.789236020232687e-19
2.94702052135785e-05 1.7408794917125253e-19
2.9500003196605373e-05 1.7956633948726699e-19
2.9529801179632245e-05 1.7756413655216796e-19
2.9559599162659123e-05 1.7966323559674891e-19
2.9589397145685998e-05 1.8094796800402803e-19
2.961919512871287e-05 1.754002996393981e-19
2.9648993111739747e-05 1.78474525709749e-19
2.967879109476662e-05 1.8214059524470515e-19
2.9708589077793493e-05 1.7899943711364763e-19
2.9738387060820365e-05 1.7792262776781046e-19
2.976818504384724e-05 1.789463834394176e-19
2.9797983026874118e-05 1.784788855322799e-19
2.982778100990099e-05 1.8068285115248445e-19
2.9857578992927864e-05 1.7788002857020761e-19
2.9887376975954735e-05 1.7553316656340742e-19
2.9917174958981613e-05 1.8135721038764766e-19
2.9946972942008485e-05 1.7960825154180717e-19
2.997677092503536e-05 1.7632802417186326e-19
3.000656890806223e-05 1.786524892379098e-19
3.003636689108911e-05 1.7810038152196904e-19
3.0066164874115984e-05 1.7929723021274521e-19
3.0095962857142855e-05 1.7770497927166168e-19
3.0125760840169733e-05 1.7307468352990506e-19
3.0155558823196605e-05 1.7899758788982393e-19
3.018535680622348e-05 1.7954623864367304e-19
3.021515478925035e-05 1.7270018978102057e-19
3.0244952772277226e-05 1.7628992557128877e-19
3.0274750755304104e-05 1.7613500646410385e-19
3.0304548738330975e-05 1.7507865935815935e-19
3.033434672135785e-05 1.776392295674278e-19
3.036414470438472e-05 1.7090342362027132e-19
3.03939426874116e-05 1.7389557456038335e-19
3.042374067043847e-05 1.775209140748581e-19
3.0453538653465346e-05 1.6959852974284575e-19
3.0483336636492217e-05 1.7137983924710692e-19
3.0513134619519095e-05 1.7133759465051183e-19
3.054293260254597e-05 1.715636513366303e-19
3.0572730585572845e-05 1.7353179482335964e-19
3.060252856859972e-05 1.6618972178012273e-19
3.063232655162659e-05 1.6769297621413163e-19
3.066212453465346e-05 1.719688697381769e-19
3.069192251768034e-05 1.6944662147488075e-19
3.072172050070721e-05 1.657571889471755e-19
3.075151848373409e-05 1.6440755982116608e-19
3.078131646676096e-05 1.6778372694873415e-19
3.0811114449787836e-05 1.66707844567726e-19
3.084091243281471e-05 1.6160070998218547e-19
3.0870710415841586e-05 1.601727097310312e-19
3.0900508398868454e-05 1.6429992519251788e-19
3.0930306381895335e-05 1.641828350669737e-19
3.09601043649222e-05 1.580462052658172e-19
3.098990234794908e-05 1.568378853112325e-19
3.101970033097595e-05 1.5958147998384081e-19
3.104949831400283e-05 1.6107440651130178e-19
3.10792962970297e-05 1.5595565344922638e-19
3.110909428005658e-05 1.509676232344967e-19
3.113889226308345e-05 1.551385458136287e-19
3.116869024611032e-05 1.5696240659208334e-19
3.11984882291372e-05 1.4995388281851373e-19
3.122828621216407e-05 1.467041669065062e-19
3.1258084195190944e-05 1.499035238558635e-19
3.1287882178217826e-05 1.514888842215544e-19
3.1317680161244694e-05 1.4671565479029038e-19
3.134747814427157e-05 1.4037797932129974e-19
3.137727612729844e-05 1.4510210470726838e-19
3.140707411032532e-05 1.483814468314022e-19
3.1436872093352186e-05 1.4059501732738396e-19
3.146667007637907e-05 1.3676448171208253e-19
3.149646805940594e-05 1.384124516585942e-19
3.152626604243281e-05 1.4085250343891118e-19
3.155606402545969e-05 1.373354424786302e-19
3.158586200848656e-05 1.2938073309366685e-19
3.1615659991513435e-05 1.3074397402428113e-19
3.164545797454031e-05 1.3440558755109046e-19
3.1675255957567184e-05 1.3026933234104666e-19
3.170505394059406e-05 1.2466351115651707e-19
3.1734851923620934e-05 1.2585735040683543e-19
3.176464990664781e-05 1.2761493072570939e-19
3.179444788967468e-05 1.250901318595501e-19
3.182424587270156e-05 1.206523604756961e-19
3.1854043855728426e-05 1.1609922656057143e-19
3.18838418387553e-05 1.1993433328867686e-19
3.1913639821782176e-05 1.207496032403024e-19
3.194343780480905e-05 1.1258465841707538e-19
3.1973235787835925e-05 1.0890729351761897e-19
3.20030337708628e-05 1.1213030626022225e-19
3.2032831753889675e-05 1.1433326474452988e-19
3.206262973691655e-05 1.0565095218455337e-19
3.2092427719943424e-05 1.0087221102707627e-19
3.212222570297029e-05 1.0797824176917176e-19
3.2152023685997174e-05 1.0687705783779385e-19
3.218182166902404e-05 9.896744808766668e-20
3.2211619652050917e-05 9.61013852543262e-20
3.224141763507779e-05 9.922302211489842e-20
3.2271215618104666e-05 1.0050477233774998e-19
3.230101360113154e-05 9.209485430475575e-20
3.2330811584158416e-05 8.509382716252712e-20
3.236060956718529e-05 9.035896505302308e-20
3.239040755021216e-05 9.461303270790994e-20
3.242020553323904e-05 8.428329678594464e-20
3.245000351626591e-05 7.724474944056954e-20
3.247980149929278e-05 8.546303730190618e-20
3.2509599482319664e-05 8.703895144436624e-20
3.253939746534653e-05 7.77671727061539e-20
3.256919544837341e-05 7.34924329020017e-20
3.259899343140028e-05 7.502419853513196e-20
3.262879141442716e-05 7.696851739826019e-20
3.2658589397454025e-05 7.240440977358518e-20
3.2688387380480906e-05 6.457298913029625e-20
3.271818536350778e-05 6.544816029199245e-20
3.274798334653465e-05 6.997926149077373e-20
3.277778132956153e-05 6.574084114430179e-20
3.28075793125884e-05 5.746454986666506e-20
3.283737729561527e-05 5.931774293347787e-20
3.286717527864215e-05 6.431414969034053e-20
3.289697326166902e-05 5.889073518333084e-20
3.29267712446959e-05 5.1491106877067967e-20
3.295656922772277e-05 5.1229352551127643e-20
3.298636721074965e-05 5.518551902806343e-20
3.301616519377652e-05 5.2016303844963513e-20
3.30459631768034e-05 4.2677062949401604e-20
3.3075761159830265e-05 4.181060398211072e-20
3.310555914285714e-05 4.527183734628654e-20
3.3135357125884014e-05 4.3080034727329664e-20
3.316515510891089e-05 3.3742742393039275e-20
3.3194953091937764e-05 2.974934433854406e-20
3.322475107496464e-05 3.613461254634109e-20
3.325454905799151e-05 3.552850036155988e-20
3.328434704101839e-05 2.4409511886382407e-20
3.331414502404526e-05 2.1066361965832688e-20
3.334394300707213e-05 2.8506403755257e-20
3.337374099009901e-05 2.6827110300984748e-20
3.340353897312588e-05 1.8630663473839403e-20
3.3433336956152755e-05 1.53158840272413e-20
3.346313493917963e-05 1.6542682503515883e-20
3.3492932922206505e-05 1.99268840271759e-20
3.352273090523338e-05 1.219150475040894e-20
3.3552528888260254e-05 5.044284128451675e-21
3.358232687128713e-05 1.048822867977199e-20
3.3612124854314e-05 1.248832472259868e-20
3.364192283734088e-05 5.6190232563398226e-21
3.367172082036775e-05 -2.0653172709244005e-21
3.370151880339462e-05 1.1041227392255973e-21
3.37313167864215e-05 4.855049146579117e-21
3.376111476944837e-05 -3.643367842360961e-21
3.3790912752475246e-05 -1.1311090054595651e-20
3.382071073550212e-05 -8.19386026900774e-21
3.3850508718528995e-05 -3.2662151188603953e-21
3.388030670155587e-05 -1.0427844175772468e-20
3.3910104684582745e-05 -1.893305615703619e-20
3.393990266760962e-05 -1.701824162622938e-20
3.396970065063649e-05 -1.3403851674443656e-20
3.399949863366337e-05 -1.5363678562726077e-20
3.402929661669024e-05 -2.6036950481303855e-20
3.405909459971711e-05 -2.6609104325035552e-20
3.4088892582743987e-05 -1.766593814011954e-20
3.411869056577086e-05 -2.5217161872478177e-20
3.4148488548797736e-05 -3.511719012319785e-20
3.417828653182461e-05 -3.28356193227778e-20
3.4208084514851486e-05 -2.8670568394763915e-20
3.423788249787836e-05 -3.07451636844853e-20
3.4267680480905235e-05 -4.05050296963027e-20
3.42974784639321e-05 -4.2338296990155564e-20
3.432727644695898e-05 -3.510023508233431e-20
3.435707442998585e-05 -3.8135025901139475e-20
3.438687241301273e-05 -4.717589541368985e-20
3.44166703960396e-05 -4.880544117274216e-20
3.444646837906648e-05 -4.45257380878653e-20
3.447626636209335e-05 -4.4649205489544546e-20
3.4506064345120227e-05 -5.365446593466268e-20
3.45358623281471e-05 -5.89429678695433e-20
3.456566031117397e-05 -5.107433482476476e-20
3.459545829420085e-05 -5.011387318062235e-20
3.462525627722772e-05 -6.101344641228903e-20
3.4655054260254594e-05 -6.363891178464465e-20
3.4684852243281475e-05 -5.98446452420278e-20
3.471465022630834e-05 -5.790886675055904e-20
3.474444820933522e-05 -6.343619491559804e-20
3.477424619236209e-05 -7.189309231360342e-20
3.480404417538897e-05 -6.725644501273874e-20
3.4833842158415836e-05 -6.150760139463587e-20
3.486364014144272e-05 -7.187194589854663e-20
3.489343812446959e-05 -7.902248930952534e-20
3.492323610749646e-05 -7.451131057306634e-20
3.495303409052334e-05 -7.107344364033777e-20
3.498283207355021e-05 -7.492264308001256e-20
3.5012630056577084e-05 -8.528873217943852e-20
3.504242803960396e-05 -8.157092807498948e-20
3.5072226022630834e-05 -7.338467355688475e-20
3.510202400565771e-05 -8.271275961459067e-20
3.513182198868458e-05 -8.875097022600136e-20
3.516161997171146e-05 -8.590891757134907e-20
3.5191417954738326e-05 -8.382589189286382e-20
3.522121593776521e-05 -8.675614130431128e-20
3.5251013920792076e-05 -9.609924989135182e-20
3.528081190381895e-05 -9.570891313641702e-20
3.5310609886845825e-05 -8.764029733506003e-20
3.53404078698727e-05 -9.143241792726276e-20
3.5370205852899575e-05 -1.0158652486087097e-19
3.540000383592645e-05 -9.908319730199826e-20
3.5429801818953324e-05 -9.361321110826442e-20
3.54595998019802e-05 -9.82361559344787e-20
3.5489397785007074e-05 -1.0306004012892025e-19
3.551919576803394e-05 -1.0600282530234808e-19
3.5548993751060816e-05 -1.0078334157804426e-19
3.557879173408769e-05 -9.954558593082402e-20
3.5608589717114566e-05 -1.114369268918987e-19
3.563838770014144e-05 -1.1145955088673774e-19
3.5668185683168316e-05 -1.0600813853108241e-19
3.569798366619519e-05 -1.0847061723965228e-19
3.5727781649222065e-05 -1.1337161435083528e-19
3.575757963224894e-05 -1.1622186089515632e-19
3.578737761527581e-05 -1.108473105660117e-19
3.581717559830269e-05 -1.083628073156392e-19
3.5846973581329564e-05 -1.1747426838151309e-19
3.587677156435643e-05 -1.2150673651135378e-19
3.5906569547383314e-05 -1.1716190995456636e-19
3.593636753041018e-05 -1.1600991155027712e-19
3.5966165513437057e-05 -1.196050226623979e-19
3.599596349646393e-05 -1.2487558800305384e-19
3.6025761479490806e-05 -1.2344581512065072e-19
3.6055559462517674e-05 -1.1804784103993975e-19
3.6085357445544556e-05 -1.2368317780636339e-19
3.611515542857143e-05 -1.3078914150888014e-19
3.61449534115983e-05 -1.240115771525601e-19
3.617475139462518e-05 -1.213839647412332e-19
3.620454937765205e-05 -1.2817910448901736e-19
3.623434736067892e-05 -1.3027228242951566e-19
3.62641453437058e-05 -1.3092098545700388e-19
3.629394332673267e-05 -1.2482654878919195e-19
3.632374130975955e-05 -1.2577241408494797e-19
3.635353929278642e-05 -1.3917119973545268e-19
3.6383337275813297e-05 -1.3276475237332472e-19
3.6413135258840165e-05 -1.2693527623108522e-19
3.6442933241867046e-05 -1.3437632070937626e-19
3.6472731224893914e-05 -1.3530009846134464e-19
3.650252920792079e-05 -1.3776964328835366e-19
3.6532327190947664e-05 -1.313984657052569e-19
3.656212517397454e-05 -1.288930654353262e-19
3.659192315700141e-05 -1.4213778132524979e-19
3.662172114002829e-05 -1.3838348438695903e-19
3.665151912305516e-05 -1.319337741815452e-19
3.668131710608204e-05 -1.372843609051976e-19
3.671111508910891e-05 -1.3990816945872442e-19
3.674091307213578e-05 -1.4233941666294135e-19
3.6770711055162655e-05 -1.3786283848417612e-19
3.680050903818953e-05 -1.34533526040457e-19
3.6830307021216405e-05 -1.4322663024714003e-19
3.686010500424328e-05 -1.4407557018184245e-19
3.6889902987270154e-05 -1.354284053524273e-19
3.691970097029703e-05 -1.3850225381125686e-19
3.6949498953323904e-05 -1.4327043535368115e-19
3.697929693635078e-05 -1.4138218332295077e-19
3.7009094919377646e-05 -1.4223485040797117e-19
3.703889290240453e-05 -1.3682789033245565e-19
3.70686908854314e-05 -1.4090647876313663e-19
3.709848886845827e-05 -1.49773125074914e-19
3.712828685148515e-05 -1.3964228292070104e-19
3.715808483451202e-05 -1.3949858072254255e-19
3.7187882817538895e-05 -1.455432195187659e-19
3.721768080056577e-05 -1.4343049924236124e-19
3.7247478783592645e-05 -1.4440593725448736e-19
3.727727676661951e-05 -1.3954532188130087e-19
3.7307074749646394e-05 -1.4011693527359944e-19
3.733687273267327e-05 -1.4827691336333486e-19
3.736667071570014e-05 -1.435542392679613e-19
3.739646869872702e-05 -1.4011718630715345e-19
3.7426266681753886e-05 -1.4531522094668545e-19
3.745606466478076e-05 -1.4463236162689586e-19
3.7485862647807636e-05 -1.4569959183068792e-19
3.751566063083451e-05 -1.4431911030826683e-19
3.7545458613861386e-05 -1.3942045840384823e-19
3.757525659688826e-05 -1.4800431949128898e-19
3.7605054579915135e-05 -1.4849542677288751e-19
3.7634852562942e-05 -1.3828494480600246e-19
3.7664650545968885e-05 -1.4256159356343807e-19
3.769444852899575e-05 -1.4692868976770318e-19
3.772424651202263e-05 -1.4410946892802848e-19
3.77540444950495e-05 -1.4232610285427915e-19
3.778384247807638e-05 -1.3964062427547535e-19
3.781364046110325e-05 -1.4538478552719914e-19
3.7843438444130126e-05 -1.5038363193058658e-19
3.7873236427157e-05 -1.4083753467431283e-19
3.7903034410183876e-05 -1.4026513065942388e-19
3.793283239321075e-05 -1.4654050878680617e-19
3.796263037623762e-05 -1.4473519302306241e-19
3.79924283592645e-05 -1.4317246570911695e-19
3.8022226342291375e-05 -1.3808168854812774e-19
3.805202432531824e-05 -1.4064364004916972e-19
3.808182230834512e-05 -1.482038869053277e-19
3.811162029137199e-05 -1.398550602892916e-19
3.814141827439887e-05 -1.3759056407142087e-19
3.817121625742574e-05 -1.436342472990341e-19
3.820101424045262e-05 -1.4107221599156392e-19
3.8230812223479485e-05 -1.4184540979138098e-19
3.8260610206506366e-05 -1.3917460032405587e-19
3.829040818953324e-05 -1.3591503514062548e-19
3.832020617256011e-05 -1.441885980155349e-19
3.835000415558699e-05 -1.406745561868731e-19
3.837980213861386e-05 -1.323892969346289e-19
3.8409600121640734e-05 -1.378040248122886e-19
3.843939810466761e-05 -1.3848276933808504e-19
3.846919608769448e-05 -1.3651044795984536e-19
3.849899407072135e-05 -1.3571832888463958e-19
3.852879205374823e-05 -1.322222849236469e-19
3.855859003677511e-05 -1.3738682647231217e-19
3.8588388019801975e-05 -1.382698001381936e-19
3.861818600282886e-05 -1.3015097429005207e-19
3.8647983985855725e-05 -1.3256752696800338e-19
3.86777819688826e-05 -1.3509487312749517e-19
3.8707579951909475e-05 -1.3236631874684563e-19
3.873737793493635e-05 -1.3116551954686008e-19
3.8767175917963224e-05 -1.2613427189410263e-19
3.87969739009901e-05 -1.2927174629715962e-19
3.8826771884016974e-05 -1.3404404433814614e-19
3.885656986704384e-05 -1.2507070601024332e-19
3.888636785007072e-05 -1.2217629922564033e-19
3.891616583309759e-05 -1.287564232573837e-19
3.8945963816124466e-05 -1.2874142721076167e-19
3.897576179915134e-05 -1.2461300776111218e-19
3.9005559782178215e-05 -1.2221121945274947e-19
3.903535776520509e-05 -1.2214546732396066e-19
3.9065155748231965e-05 -1.2627500185048157e-19
3.909495373125884e-05 -1.2236954383389403e-19
3.9124751714285715e-05 -1.1421935380679111e-19
3.915454969731259e-05 -1.1962552082397425e-19
3.918434768033946e-05 -1.2190621334509052e-19
3.921414566336634e-05 -1.1821794998237578e-19
3.9243943646393214e-05 -1.148845471434351e-19
3.927374162942008e-05 -1.126549198440016e-19
3.9303539612446956e-05 -1.20570109999939e-19
3.933333759547383e-05 -1.1696633332178042e-19
3.9363135578500706e-05 -1.0780121042020835e-19
3.939293356152758e-05 -1.1315035763907106e-19
3.9422731544554455e-05 -1.1507648469434696e-19
3.9452529527581323e-05 -1.1184315693213181e-19
3.9482327510608205e-05 -1.0768911485727386e-19
3.951212549363508e-05 -1.0545996192349654e-19
3.954192347666195e-05 -1.101758564385103e-19
3.957172145968883e-05 -1.1028366437494857e-19
3.96015194427157e-05 -1.024457891966477e-19
3.963131742574257e-05 -1.0255707218194904e-19
3.966111540876945e-05 -1.0791756944433149e-19
3.969091339179632e-05 -1.0364842451701552e-19
3.9720711374823196e-05 -9.926280219818828e-20
3.975050935785007e-05 -9.851939768106427e-20
3.9780307340876946e-05 -1.0134127319007922e-19
3.9810105323903814e-05 -1.0411975170608669e-19
3.9839903306930696e-05 -9.389969014413696e-20
3.9869701289957564e-05 -9.109115193640967e-20
3.989949927298444e-05 -9.95448995130385e-20
3.992929725601131e-05 -9.718400195865211e-20
3.995909523903819e-05 -9.258369909351972e-20
3.998889322206506e-05 -8.947893948534236e-20
4.001869120509194e-05 -9.015653214652713e-20
4.004848918811881e-05 -9.645308457410224e-20
4.007828717114569e-05 -8.896417192000038e-20
4.010808515417256e-05 -8.184451571998655e-20
4.013788313719943e-05 -8.89195314151262e-20
4.0167681120226304e-05 -8.964460952229487e-20
4.019747910325318e-05 -8.398154831143608e-20
4.0227277086280054e-05 -7.973803121295422e-20
4.025707506930693e-05 -7.893515390086248e-20
4.0286873052333804e-05 -8.444170588109803e-20
4.031667103536068e-05 -8.157601602265659e-20
4.034646901838755e-05 -7.175864307489921e-20
4.037626700141443e-05 -7.606852209302319e-20
4.0406064984441296e-05 -8.083281766949545e-20
4.043586296746818e-05 -7.526569052992679e-20
4.046566095049505e-05 -7.056973734723672e-20
4.049545893352192e-05 -6.851412891737786e-20
4.0525256916548795e-05 -7.401630672028988e-20
4.055505489957567e-05 -7.324692519313207e-20
4.0584852882602544e-05 -6.145890336611421e-20
4.061465086562942e-05 -6.334012198829757e-20
4.0644448848656294e-05 -6.995596044543512e-20
4.067424683168316e-05 -6.502298995292269e-20
4.0704044814710044e-05 -5.944099705518626e-20
4.073384279773692e-05 -5.751997734106814e-20
4.0763640780763786e-05 -6.160550602052211e-20
4.079343876379067e-05 -6.439807733410266e-20
4.0823236746817536e-05 -5.2888982792244545e-20
4.085303472984441e-05 -5.0134866686089954e-20
4.0882832712871285e-05 -5.969522766966244e-20
4.091263069589816e-05 -5.546054677989071e-20
4.0942428678925035e-05 -4.712386569031624e-20
4.097222666195191e-05 -4.545152682536824e-20
4.1002024644978784e-05 -4.8943649428344344e-20
4.103182262800565e-05 -5.2167115553282974e-20
4.1061620611032534e-05 -4.2353810859810624e-20
4.10914185940594e-05 -3.7232913683707084e-20
4.112121657708628e-05 -4.579306211756232e-20
4.115101456011315e-05 -4.456713318555554e-20
4.1180812543140026e-05 -3.775870405838226e-20
4.12106105261669e-05 -3.536180446985097e-20
4.1240408509193776e-05 -3.394683423210236e-20
4.127020649222065e-05 -3.922469102068439e-20
4.1300004475247525e-05 -3.523479988593233e-20
4.13298024582744e-05 -2.4895217150812823e-20
4.135960044130127e-05 -3.03532576004773e-20
4.138939842432814e-05 -3.330754679548927e-20
4.1419196407355025e-05 -2.6579494723945588e-20
4.144899439038189e-05 -2.1875424966404623e-20
4.147879237340877e-05 -2.306206546497207e-20
4.150859035643564e-05 -2.736049263710058e-20
4.153838833946252e-05 -2.36236816756916e-20
4.156818632248939e-05 -1.3997279662336604e-20
4.1597984305516266e-05 -1.639926537155236e-20
4.1627782288543134e-05 -2.3336839939503928e-20
4.1657580271570016e-05 -1.5750267185196656e-20
4.168737825459689e-05 -8.699867649716234e-21
4.171717623762376e-05 -9.96868056967009e-21
4.1746974220650633e-05 -1.2912946043153266e-20
4.177677220367751e-05 -1.1821732247197169e-20
4.180657018670438e-05 -3.33028372713906e-21
4.183636816973126e-05 -2.9447183955105605e-21
4.186616615275813e-05 -9.084499545834373e-21
4.189596413578501e-05 -5.6904994980729846e-21
4.192576211881188e-05 2.2978159254396326e-21
4.195556010183876e-05 2.999046355892646e-21
4.1985358084865625e-05 -1.4479908451870586e-21
4.2015156067892506e-05 -1.0395964929546545e-21
4.2044954050919374e-05 8.015267446668989e-21
4.207475203394625e-05 1.122804855215642e-20
