0.0 -1.1263991298311674e-19
2.982237391304348e-08 -1.2232662233797825e-19
5.964474782608696e-08 -1.4130672784182294e-19
8.946712173913044e-08 -1.286812453367287e-19
1.1928949565217392e-07 -1.303951149700267e-19
1.491118695652174e-07 -1.4508108660265224e-19
1.789342434782609e-07 -1.4769630097403727e-19
2.0875661739130437e-07 -1.52262402925052e-19
2.3857899130434783e-07 -1.4713453380413171e-19
2.6840136521739135e-07 -1.524359091887938e-19
2.982237391304348e-07 -1.7198444630858423e-19
3.2804611304347827e-07 -1.6524208091832017e-19
3.578684869565218e-07 -1.6237541106322084e-19
3.8769086086956524e-07 -1.7661426253486284e-19
4.1751323478260875e-07 -1.7851449356589412e-19
4.4733560869565216e-07 -1.8510328367655075e-19
4.771579826086957e-07 -1.8557148484958723e-19
5.069803565217391e-07 -1.8136981981351973e-19
5.368027304347827e-07 -2.0082174058648665e-19
5.666251043478262e-07 -2.0373014354755508e-19
5.964474782608696e-07 -1.912550932738725e-19
6.262698521739132e-07 -2.044070105827241e-19
6.560922260869565e-07 -2.1251532415953177e-19
6.859146e-07 -2.1282101084473187e-19
7.157369739130436e-07 -2.171660325731262e-19
7.45559347826087e-07 -2.120727054892991e-19
7.753817217391305e-07 -2.260116997427543e-19
8.052040956521739e-07 -2.3841361738586486e-19
8.350264695652175e-07 -2.235643569850649e-19
8.64848843478261e-07 -2.3016556620921646e-19
8.946712173913043e-07 -2.4423875312013374e-19
9.244935913043479e-07 -2.4213753621539943e-19
9.543159652173913e-07 -2.4705114044939464e-19
9.84138339130435e-07 -2.428555526272779e-19
1.0139607130434783e-06 -2.4937217140228317e-19
1.0437830869565218e-06 -2.683701767734949e-19
1.0736054608695654e-06 -2.547053256815858e-19
1.1034278347826087e-06 -2.5403865260060755e-19
1.1332502086956523e-06 -2.730924032556862e-19
1.1630725826086959e-06 -2.7134786879640476e-19
1.1928949565217392e-06 -2.7445868358860423e-19
1.2227173304347828e-06 -2.7298305469206767e-19
1.2525397043478264e-06 -2.745516645282891e-19
1.2823620782608695e-06 -2.9410425192157545e-19
1.312184452173913e-06 -2.8604551860211277e-19
1.3420068260869566e-06 -2.788280803647931e-19
1.3718292e-06 -2.964659733747984e-19
1.4016515739130435e-06 -2.9792978158315677e-19
1.4314739478260871e-06 -2.985956490292578e-19
1.4612963217391305e-06 -2.999140434406975e-19
1.491118695652174e-06 -2.967392473535754e-19
1.5209410695652174e-06 -3.140274216161466e-19
1.550763443478261e-06 -3.166690354894092e-19
1.5805858173913045e-06 -3.038048809840532e-19
1.6104081913043479e-06 -3.1616474401081477e-19
1.6402305652173914e-06 -3.2445834835772427e-19
1.670052939130435e-06 -3.2081497378597667e-19
1.6998753130434784e-06 -3.2417382052466907e-19
1.729697686956522e-06 -3.2100796732247186e-19
1.7595200608695655e-06 -3.3068412716425525e-19
1.7893424347826086e-06 -3.416847606541169e-19
1.8191648086956522e-06 -3.255871748771704e-19
1.8489871826086958e-06 -3.317986576185555e-19
1.8788095565217391e-06 -3.492776707555354e-19
1.9086319304347827e-06 -3.421658379570303e-19
1.938454304347826e-06 -3.424532076870984e-19
1.96827667826087e-06 -3.422567303734791e-19
1.998099052173913e-06 -3.4712856283933517e-19
2.0279214260869565e-06 -3.635713763218905e-19
2.0577438000000003e-06 -3.4857445496654956e-19
2.0875661739130436e-06 -3.445965437725855e-19
2.117388547826087e-06 -3.66673769524631e-19
2.1472109217391308e-06 -3.604822627304516e-19
2.177033295652174e-06 -3.586589547192971e-19
2.2068556695652175e-06 -3.6190990850525675e-19
2.2366780434782613e-06 -3.603982902447286e-19
2.2665004173913046e-06 -3.7768497838669043e-19
2.296322791304348e-06 -3.6984498769907883e-19
2.3261451652173917e-06 -3.5849444825000966e-19
2.355967539130435e-06 -3.7965059810148554e-19
2.3857899130434784e-06 -3.810646768898068e-19
2.4156122869565222e-06 -3.731034051090914e-19
2.4454346608695656e-06 -3.762136241799623e-19
2.475257034782609e-06 -3.741157194023412e-19
2.5050794086956527e-06 -3.8798102655605415e-19
2.5349017826086956e-06 -3.88360668009315e-19
2.564724156521739e-06 -3.6920349826065487e-19
2.5945465304347828e-06 -3.864242466571726e-19
2.624368904347826e-06 -3.9677019508595416e-19
2.6541912782608695e-06 -3.8350301240681523e-19
2.6840136521739133e-06 -3.8806852628655843e-19
2.7138360260869566e-06 -3.8839414787994597e-19
2.7436584e-06 -3.951963118249597e-19
2.7734807739130437e-06 -4.0180465254950236e-19
2.803303147826087e-06 -3.832711580673597e-19
2.8331255217391304e-06 -3.915823601406596e-19
2.8629478956521742e-06 -4.087316088612268e-19
2.8927702695652176e-06 -3.950122579928102e-19
2.922592643478261e-06 -3.9513273809443415e-19
2.9524150173913043e-06 -3.986149738299248e-19
2.982237391304348e-06 -3.9954992577855107e-19
3.0120597652173914e-06 -4.1078906455663834e-19
3.0418821391304348e-06 -3.9733921279218658e-19
3.0717045130434785e-06 -3.955789050605334e-19
3.101526886956522e-06 -4.1544327205617814e-19
3.1313492608695652e-06 -4.080427129445266e-19
3.161171634782609e-06 -3.996276086981706e-19
3.1909940086956524e-06 -4.0321397401597055e-19
3.2208163826086957e-06 -4.0664310585862722e-19
3.2506387565217395e-06 -4.1608672973391794e-19
3.280461130434783e-06 -4.0726176667854107e-19
3.3102835043478262e-06 -3.9680534126385384e-19
3.34010587826087e-06 -4.1507173756606284e-19
3.3699282521739133e-06 -4.1644041750764054e-19
3.3997506260869567e-06 -4.0316605004552085e-19
3.4295730000000005e-06 -4.0809928434231764e-19
3.459395373913044e-06 -4.094200289342375e-19
3.489217747826087e-06 -4.1548965252787924e-19
3.519040121739131e-06 -4.1539881907277074e-19
3.548862495652174e-06 -3.9779975280442044e-19
3.5786848695652172e-06 -4.1125687768702664e-19
3.608507243478261e-06 -4.228222013647944e-19
3.6383296173913044e-06 -4.0336031698969753e-19
3.6681519913043477e-06 -4.0616426700897677e-19
3.6979743652173915e-06 -4.127244377252638e-19
3.727796739130435e-06 -4.1205439613037846e-19
3.7576191130434782e-06 -4.16807682196543e-19
3.787441486956522e-06 -4.0093066575881613e-19
3.817263860869565e-06 -4.0525228373729414e-19
3.847086234782609e-06 -4.2286470095251534e-19
3.876908608695652e-06 -4.0738966997241705e-19
3.906730982608696e-06 -4.011605198948076e-19
3.93655335652174e-06 -4.0791373934111723e-19
3.966375730434783e-06 -4.102142838882114e-19
3.996198104347826e-06 -4.1375737483965206e-19
4.02602047826087e-06 -4.004707684906485e-19
4.055842852173913e-06 -3.977925584137296e-19
4.085665226086956e-06 -4.1764285342341338e-19
4.1154876000000006e-06 -4.080445594214661e-19
4.1453099739130435e-06 -3.947521525039476e-19
4.175132347826087e-06 -4.0527675686267412e-19
4.20495472173913e-06 -4.050066315024906e-19
4.234777095652174e-06 -4.0555176917941827e-19
4.264599469565217e-06 -3.99201552382129e-19
4.2944218434782615e-06 -3.882826406260729e-19
4.3242442173913045e-06 -4.061499436087966e-19
4.354066591304348e-06 -4.0478456448822885e-19
4.383888965217391e-06 -3.8609867944900735e-19
4.413711339130435e-06 -3.9428431990053e-19
4.443533713043478e-06 -3.970001717268608e-19
4.4733560869565225e-06 -3.972146452209506e-19
4.5031784608695654e-06 -3.9569761692595885e-19
4.533000834782609e-06 -3.8061379166245505e-19
4.562823208695652e-06 -3.930754665959825e-19
4.592645582608696e-06 -3.993595029379823e-19
4.622467956521739e-06 -3.7806680279186455e-19
4.6522903304347835e-06 -3.8141224216170976e-19
4.682112704347826e-06 -3.8738932798780695e-19
4.71193507826087e-06 -3.8457880425717098e-19
4.741757452173913e-06 -3.841519342055842e-19
4.771579826086957e-06 -3.713012546734406e-19
4.8014022e-06 -3.7681147626823667e-19
4.8312245739130444e-06 -3.8957055932275977e-19
4.861046947826087e-06 -3.7249074085149205e-19
4.890869321739131e-06 -3.6702564195352663e-19
4.920691695652174e-06 -3.758030212839648e-19
4.950514069565218e-06 -3.7385602036178634e-19
4.980336443478261e-06 -3.737179194191325e-19
5.010158817391305e-06 -3.610737259797811e-19
5.039981191304348e-06 -3.5796639834231473e-19
5.069803565217391e-06 -3.7616209208698495e-19
5.099625939130435e-06 -3.6369389564764643e-19
5.129448313043478e-06 -3.492764522446834e-19
5.159270686956522e-06 -3.6237097578101393e-19
5.1890930608695655e-06 -3.6039167417068853e-19
5.218915434782609e-06 -3.569043979390784e-19
5.248737808695652e-06 -3.5372108135243424e-19
5.278560182608696e-06 -3.433446263491249e-19
5.308382556521739e-06 -3.5813469553221097e-19
5.338204930434783e-06 -3.553221857405767e-19
5.3680273043478265e-06 -3.3426659679123873e-19
5.39784967826087e-06 -3.434047095319592e-19
5.427672052173913e-06 -3.471527838099983e-19
5.457494426086957e-06 -3.4060085661578953e-19
5.4873168e-06 -3.367865151286169e-19
5.517139173913044e-06 -3.272358787504598e-19
5.5469615478260875e-06 -3.371327549052956e-19
5.576783921739131e-06 -3.4194876187221677e-19
5.606606295652174e-06 -3.203242970492423e-19
5.636428669565218e-06 -3.220346763483883e-19
5.666251043478261e-06 -3.333936843529069e-19
5.696073417391305e-06 -3.2547210434166123e-19
5.7258957913043484e-06 -3.194406720666846e-19
5.755718165217392e-06 -3.110362698497221e-19
5.785540539130435e-06 -3.140923112846624e-19
5.815362913043479e-06 -3.2443213092674313e-19
5.845185286956522e-06 -3.059603623205091e-19
5.875007660869566e-06 -2.9820148544953544e-19
5.9048300347826086e-06 -3.125340042741059e-19
5.934652408695653e-06 -3.072416750919837e-19
5.964474782608696e-06 -3.004656663728525e-19
5.99429715652174e-06 -2.9512829228381995e-19
6.024119530434783e-06 -2.9206806313800615e-19
6.053941904347827e-06 -3.046044383199406e-19
6.0837642782608695e-06 -2.9155948319564916e-19
6.113586652173913e-06 -2.752499579457349e-19
6.143409026086957e-06 -2.893185281404429e-19
6.1732314e-06 -2.884417270240186e-19
6.203053773913044e-06 -2.7868664114494143e-19
6.232876147826087e-06 -2.745880402749546e-19
6.2626985217391305e-06 -2.6780630266965026e-19
6.292520895652174e-06 -2.7848133947552763e-19
6.322343269565218e-06 -2.752423438279476e-19
6.352165643478261e-06 -2.5410278991835053e-19
6.381988017391305e-06 -2.6391350802830605e-19
6.411810391304348e-06 -2.6957843666376004e-19
6.4416327652173915e-06 -2.5741218868339246e-19
6.471455139130435e-06 -2.5444972328569195e-19
6.501277513043479e-06 -2.4630543894067893e-19
6.531099886956522e-06 -2.5221438536294746e-19
6.560922260869566e-06 -2.558765603836827e-19
6.590744634782609e-06 -2.324940643197993e-19
6.6205670086956524e-06 -2.3494944720887264e-19
6.650389382608696e-06 -2.467174493866094e-19
6.68021175652174e-06 -2.3490001663739523e-19
6.710034130434783e-06 -2.305279522677751e-19
6.739856504347827e-06 -2.246884058190726e-19
6.76967887826087e-06 -2.2413783110414734e-19
6.799501252173913e-06 -2.3447814289315055e-19
6.829323626086957e-06 -2.1464740380657289e-19
6.859146000000001e-06 -2.0597935059792575e-19
6.888968373913044e-06 -2.2369144538674105e-19
6.918790747826088e-06 -2.1345282907923117e-19
6.948613121739131e-06 -2.0388553232235506e-19
6.978435495652174e-06 -2.0189576606833403e-19
7.008257869565218e-06 -1.973514954454592e-19
7.038080243478262e-06 -2.092823722778414e-19
7.067902617391305e-06 -1.9659945722727494e-19
7.097724991304348e-06 -1.8033078884203571e-19
7.1275473652173916e-06 -1.9606627648512202e-19
7.1573697391304345e-06 -1.9255869325491328e-19
7.187192113043479e-06 -1.8020393866176959e-19
7.217014486956522e-06 -1.7894167507748007e-19
7.246836860869566e-06 -1.7261866587659875e-19
7.276659234782609e-06 -1.8018677202750055e-19
7.3064816086956525e-06 -1.7730061740464929e-19
7.3363039826086955e-06 -1.557116729257294e-19
7.36612635652174e-06 -1.657368388171137e-19
7.395948730434783e-06 -1.7245377325058113e-19
7.425771104347827e-06 -1.5591701049924916e-19
7.45559347826087e-06 -1.5448512587060962e-19
7.4854158521739135e-06 -1.496120521818285e-19
7.5152382260869564e-06 -1.5093027743553801e-19
7.545060600000001e-06 -1.5507553013846675e-19
7.574882973913044e-06 -1.3403358540909664e-19
7.604705347826087e-06 -1.3470904749622628e-19
7.63452772173913e-06 -1.4744241128351826e-19
7.664350095652175e-06 -1.3245780358017268e-19
7.694172469565218e-06 -1.2612838365289012e-19
7.723994843478261e-06 -1.2548797344976882e-19
7.753817217391304e-06 -1.2350541355979198e-19
7.783639591304349e-06 -1.3087620712351445e-19
7.813461965217392e-06 -1.1365749725201735e-19
7.843284339130435e-06 -1.0475790454273431e-19
7.87310671304348e-06 -1.2049178129974604e-19
7.902929086956522e-06 -1.1066542476134477e-19
7.932751460869567e-06 -1.0208952310653192e-19
7.962573834782608e-06 -1.0104580159684708e-19
7.992396208695653e-06 -9.472255569470814e-20
8.022218582608697e-06 -1.0336120211590174e-19
8.05204095652174e-06 -9.391299756370543e-20
8.081863330434783e-06 -7.648969231806023e-20
8.111685704347826e-06 -9.036353467524672e-20
8.14150807826087e-06 -8.962294177917073e-20
8.171330452173912e-06 -7.388803821406092e-20
8.201152826086957e-06 -7.606246270613035e-20
8.230975200000001e-06 -7.169309152009445e-20
8.260797573913044e-06 -7.420610227822952e-20
8.290619947826087e-06 -7.268456162818318e-20
8.32044232173913e-06 -5.148085489655655e-20
8.350264695652175e-06 -5.997988437371705e-20
8.38008706956522e-06 -6.80036092971426e-20
8.40990944347826e-06 -4.928690351969248e-20
8.439731817391305e-06 -4.651353296380708e-20
8.469554191304348e-06 -4.695477255125969e-20
8.499376565217393e-06 -4.5770484074802746e-20
8.529198939130434e-06 -4.906403263041148e-20
8.559021313043478e-06 -3.2543838645824555e-20
8.588843686956523e-06 -2.9991472231862803e-20
8.618666060869566e-06 -4.250099404343143e-20
8.648488434782609e-06 -2.733260858602983e-20
8.678310808695652e-06 -2.0553237437965758e-20
8.708133182608696e-06 -2.2916212316582686e-20
8.737955556521741e-06 -1.8634399564868764e-20
8.767777930434782e-06 -2.4035525989869732e-20
8.797600304347827e-06 -1.0053098892990505e-20
8.82742267826087e-06 8.92746818607775e-22
8.857245052173915e-06 -1.598265453782098e-20
8.887067426086956e-06 -9.36005001134825e-21
8.9168898e-06 4.8676652623090716e-21
8.946712173913045e-06 1.751339508607143e-21
8.976534547826088e-06 5.7395699664460734e-21
9.006356921739131e-06 1.5038232033949182e-21
9.036179295652174e-06 8.452022251184126e-21
9.066001669565218e-06 2.684890366142791e-20
9.095824043478261e-06 1.1611670353024487e-20
9.125646417391304e-06 1.0943860613604046e-20
9.155468791304349e-06 3.121335992981527e-20
9.185291165217392e-06 2.747163862296856e-20
9.215113539130435e-06 2.8359700559238665e-20
9.244935913043478e-06 2.8521971138233245e-20
9.274758286956522e-06 2.864758912225392e-20
9.304580660869567e-06 4.85527187530642e-20
9.334403034782608e-06 4.172357418790912e-20
9.364225408695653e-06 3.0434991732351286e-20
9.394047782608696e-06 5.0784263846465666e-20
9.42387015652174e-06 5.285933478231445e-20
9.453692530434783e-06 5.0273967112664133e-20
9.483514904347826e-06 5.504283314756974e-20
9.513337278260871e-06 5.147023901238685e-20
9.543159652173914e-06 6.870048574306563e-20
9.572982026086957e-06 7.052274463148656e-20
9.6028044e-06 5.407709911157562e-20
9.632626773913044e-06 7.052911859136363e-20
9.662449147826089e-06 7.872082507145295e-20
9.69227152173913e-06 7.359291459280992e-20
9.722093895652175e-06 7.96444335017376e-20
9.751916269565218e-06 7.411812037400219e-20
9.781738643478262e-06 8.404840482961169e-20
9.811561017391304e-06 9.754730528360416e-20
9.841383391304348e-06 8.016229045924651e-20
9.871205765217393e-06 8.644267514261714e-20
9.901028139130436e-06 1.0523315153083428e-19
9.930850513043479e-06 9.758936356602461e-20
9.960672886956522e-06 9.920661456342103e-20
9.990495260869566e-06 1.0073128102330623e-19
1.002031763478261e-05 1.0255602065479913e-19
1.0050140008695652e-05 1.1845968385974608e-19
1.0079962382608697e-05 1.0838016189411324e-19
1.010978475652174e-05 1.035967534840983e-19
1.0139607130434783e-05 1.2436820406480688e-19
1.0169429504347825e-05 1.219164558882606e-19
1.019925187826087e-05 1.2033624379335053e-19
1.0229074252173915e-05 1.2388058942290658e-19
1.0258896626086956e-05 1.222566251873059e-19
1.0288719e-05 1.4063642048806924e-19
1.0318541373913044e-05 1.363571821708299e-19
1.0348363747826088e-05 1.216697948314432e-19
1.0378186121739131e-05 1.4201422057847386e-19
1.0408008495652174e-05 1.4791582307861808e-19
1.0437830869565219e-05 1.3942248613059238e-19
1.0467653243478262e-05 1.4400771430078908e-19
1.0497475617391304e-05 1.4355474600602686e-19
1.0527297991304347e-05 1.5556116624396068e-19
1.0557120365217392e-05 1.62418613984226e-19
1.0586942739130437e-05 1.445405402296534e-19
1.0616765113043478e-05 1.5606791633590072e-19
1.0646587486956523e-05 1.723285135647008e-19
1.0676409860869565e-05 1.6130545543487912e-19
1.070623223478261e-05 1.6330315992086675e-19
1.0736054608695653e-05 1.645051260268133e-19
1.0765876982608696e-05 1.7077366832281728e-19
1.079569935652174e-05 1.8407515107280315e-19
1.0825521730434783e-05 1.674869173432252e-19
1.0855344104347826e-05 1.7022513489788766e-19
1.088516647826087e-05 1.9226465977557218e-19
1.0914988852173914e-05 1.8288878488059073e-19
1.0944811226086959e-05 1.8139016203890403e-19
1.09746336e-05 1.8599032694157562e-19
1.1004455973913044e-05 1.8733237931726066e-19
1.1034278347826087e-05 2.0264742666699466e-19
1.1064100721739132e-05 1.9163429859500727e-19
1.1093923095652175e-05 1.834370971749286e-19
1.1123745469565218e-05 2.073492667766835e-19
1.1153567843478262e-05 2.0497682704212412e-19
1.1183390217391304e-05 1.9503218218490653e-19
1.1213212591304348e-05 2.0317683795008075e-19
1.1243034965217391e-05 2.0485635126131422e-19
1.1272857339130436e-05 2.1583603351739645e-19
1.1302679713043479e-05 2.1453271724053494e-19
1.1332502086956522e-05 1.9998137586727718e-19
1.1362324460869566e-05 2.1668468129496594e-19
1.139214683478261e-05 2.2678668665917483e-19
1.1421969208695652e-05 2.1465265334435253e-19
1.1451791582608697e-05 2.1481892551105288e-19
1.148161395652174e-05 2.1952543352178584e-19
1.1511436330434784e-05 2.2863175760490526e-19
1.1541258704347826e-05 2.313845825489061e-19
1.157108107826087e-05 2.1643573324974285e-19
1.1600903452173913e-05 2.258467493873458e-19
1.1630725826086958e-05 2.435699931051839e-19
1.16605482e-05 2.314575850854347e-19
1.1690370573913044e-05 2.292125331175761e-19
1.1720192947826088e-05 2.3597981272759963e-19
1.1750015321739131e-05 2.3924932292561177e-19
1.1779837695652174e-05 2.4860717941111886e-19
1.1809660069565217e-05 2.3425726005864503e-19
1.1839482443478262e-05 2.330819100513523e-19
1.1869304817391306e-05 2.5748498033200463e-19
1.1899127191304348e-05 2.477126556810207e-19
1.1928949565217392e-05 2.394529901495794e-19
1.1958771939130435e-05 2.4967567402026247e-19
1.198859431304348e-05 2.5099568072330926e-19
1.2018416686956523e-05 2.602339111971883e-19
1.2048239060869566e-05 2.532027921220818e-19
1.207806143478261e-05 2.440931772752032e-19
1.2107883808695653e-05 2.650458904299162e-19
1.2137706182608696e-05 2.6647982819405594e-19
1.2167528556521739e-05 2.5237269563717722e-19
1.2197350930434784e-05 2.570071118700122e-19
1.2227173304347827e-05 2.6345456711641683e-19
1.225699567826087e-05 2.6982800507753606e-19
1.2286818052173914e-05 2.6715802107813546e-19
1.2316640426086957e-05 2.541613394759591e-19
1.23464628e-05 2.7004145558845398e-19
1.2376285173913045e-05 2.826657041354782e-19
1.2406107547826088e-05 2.64946607802921e-19
1.2435929921739132e-05 2.6624735653784725e-19
1.2465752295652173e-05 2.75237575598007e-19
1.2495574669565218e-05 2.794592066476235e-19
1.2525397043478261e-05 2.810791675144707e-19
1.2555219417391306e-05 2.6565371364973645e-19
1.2585041791304349e-05 2.7452326556950254e-19
1.2614864165217391e-05 2.929593594387513e-19
1.2644686539130436e-05 2.7695603511001706e-19
1.2674508913043479e-05 2.724503891438004e-19
1.2704331286956522e-05 2.850636073529507e-19
1.2734153660869567e-05 2.875088454332927e-19
1.276397603478261e-05 2.9013337306801573e-19
1.2793798408695654e-05 2.795872094630787e-19
1.2823620782608695e-05 2.7917762642027614e-19
1.285344315652174e-05 3.007162954890583e-19
1.2883265530434783e-05 2.919310089852115e-19
1.2913087904347828e-05 2.7849495691081093e-19
1.294291027826087e-05 2.8896347826771885e-19
1.2972732652173913e-05 2.9534631000951846e-19
1.3002555026086958e-05 2.97664953685288e-19
1.3032377400000001e-05 2.8756318098021506e-19
1.3062199773913044e-05 2.824951472553212e-19
1.3092022147826089e-05 3.0331329221916816e-19
1.3121844521739131e-05 3.025456671459905e-19
1.3151666895652174e-05 2.8551253227994404e-19
1.3181489269565217e-05 2.9205408763628094e-19
1.3211311643478262e-05 3.0069246511666386e-19
1.3241134017391305e-05 3.025112041999607e-19
1.3270956391304348e-05 2.9663789574029284e-19
1.3300778765217392e-05 2.867539000161978e-19
1.3330601139130435e-05 3.020901713551903e-19
1.336042351304348e-05 3.0969788293976204e-19
1.3390245886956521e-05 2.9106067967930205e-19
1.3420068260869566e-05 2.925912859726689e-19
1.3449890634782609e-05 3.0417138739573507e-19
1.3479713008695653e-05 3.059290033049835e-19
1.3509535382608696e-05 3.018635966078475e-19
1.353935775652174e-05 2.9103217655816766e-19
1.3569180130434784e-05 3.00454969653737e-19
1.3599002504347827e-05 3.1510764815255373e-19
1.362882487826087e-05 2.986740199735405e-19
1.3658647252173914e-05 2.916170408605904e-19
1.3688469626086957e-05 3.0486483030782846e-19
1.3718292000000002e-05 3.0704322834108343e-19
1.3748114373913043e-05 3.0435071004156583e-19
1.3777936747826088e-05 2.946735499531655e-19
1.380775912173913e-05 2.9683267185478553e-19
1.3837581495652175e-05 3.1563086941571666e-19
1.3867403869565218e-05 3.0483908819658446e-19
1.3897226243478261e-05 2.910672135740443e-19
1.3927048617391306e-05 3.033675398541379e-19
1.3956870991304349e-05 3.091368648468947e-19
1.3986693365217392e-05 3.0709255535019694e-19
1.4016515739130436e-05 2.965869886102289e-19
1.404633811304348e-05 2.9425058737076766e-19
1.4076160486956524e-05 3.112695516335589e-19
1.4105982860869565e-05 3.0774278176237225e-19
1.413580523478261e-05 2.920497632617462e-19
1.4165627608695653e-05 2.9827045566594605e-19
1.4195449982608696e-05 3.0772081539063356e-19
1.422527235652174e-05 3.0468889794407624e-19
1.4255094730434783e-05 2.9864831286861023e-19
1.4284917104347828e-05 2.928846899624696e-19
1.4314739478260869e-05 3.0508518434517184e-19
1.4344561852173914e-05 3.1262076778558778e-19
1.4374384226086958e-05 2.90403803768536e-19
1.4404206600000001e-05 2.915806340194196e-19
1.4434028973913044e-05 3.064445364731196e-19
1.4463851347826087e-05 3.0107385237338136e-19
1.4493673721739132e-05 2.9694165685275427e-19
1.4523496095652175e-05 2.8920146595485143e-19
1.4553318469565218e-05 2.9537048169117967e-19
1.4583140843478262e-05 3.0906495502974664e-19
1.4612963217391305e-05 2.924890961140923e-19
1.464278559130435e-05 2.8471332436473285e-19
1.4672607965217391e-05 2.9957921919645667e-19
1.4702430339130436e-05 2.9899946571216962e-19
1.473225271304348e-05 2.9210941300610673e-19
1.4762075086956523e-05 2.8687802424070597e-19
1.4791897460869566e-05 2.872317312489446e-19
1.4821719834782609e-05 3.020829556135692e-19
1.4851542208695654e-05 2.920488919025365e-19
1.4881364582608697e-05 2.7556916301846016e-19
1.491118695652174e-05 2.9021709824749717e-19
1.4941009330434784e-05 2.9394882825063607e-19
1.4970831704347827e-05 2.863028657477012e-19
1.5000654078260872e-05 2.808213130910319e-19
1.5030476452173913e-05 2.7810853715834647e-19
1.5060298826086957e-05 2.925739305483979e-19
1.5090121200000002e-05 2.8885591061012803e-19
1.5119943573913045e-05 2.6926077181980716e-19
1.5149765947826088e-05 2.7756656205017535e-19
1.5179588321739133e-05 2.8765940937506727e-19
1.5209410695652174e-05 2.77919302952294e-19
1.5239233069565217e-05 2.7226333844765695e-19
1.526905544347826e-05 2.706006983679276e-19
1.5298877817391304e-05 2.7752490964551246e-19
1.532870019130435e-05 2.8331356994143584e-19
1.535852256521739e-05 2.6303317741473394e-19
1.5388344939130436e-05 2.632983323385411e-19
1.541816731304348e-05 2.7953996935095675e-19
1.5447989686956522e-05 2.678938943515746e-19
1.547781206086957e-05 2.6321438871673907e-19
1.5507634434782608e-05 2.6207096408246916e-19
1.553745680869565e-05 2.625337977097544e-19
1.5567279182608697e-05 2.732755192878885e-19
1.559710155652174e-05 2.556212090802858e-19
1.5626923930434783e-05 2.4771422668368287e-19
1.5656746304347826e-05 2.6620558433414506e-19
1.568656867826087e-05 2.6052361521558063e-19
1.5716391052173915e-05 2.51090418329569e-19
1.574621342608696e-05 2.5052386682803666e-19
1.5776035799999998e-05 2.500645706781802e-19
1.5805858173913044e-05 2.5832929953978266e-19
1.5835680547826087e-05 2.4913341695805157e-19
1.5865502921739134e-05 2.340772990807049e-19
1.5895325295652176e-05 2.4742874961008485e-19
1.5925147669565216e-05 2.511016185809668e-19
1.5954970043478262e-05 2.373989159409447e-19
1.5984792417391305e-05 2.3655787057714624e-19
1.6014614791304348e-05 2.36305217963914e-19
1.6044437165217394e-05 2.4110669127559747e-19
1.6074259539130434e-05 2.3978119012070576e-19
1.610408191304348e-05 2.228329062080265e-19
1.6133904286956523e-05 2.2946435838144366e-19
1.6163726660869566e-05 2.3842828352418693e-19
1.6193549034782613e-05 2.264905744406115e-19
1.6223371408695652e-05 2.2185051584570605e-19
1.6253193782608695e-05 2.2115003656341303e-19
1.628301615652174e-05 2.2395150427196367e-19
1.6312838530434784e-05 2.2637807363170914e-19
1.6342660904347824e-05 2.1116513974443448e-19
1.637248327826087e-05 2.0964478556023434e-19
1.6402305652173913e-05 2.2393026200297226e-19
1.643212802608696e-05 2.1465169579937216e-19
1.6461950400000002e-05 2.0491921727545735e-19
1.6491772773913042e-05 2.0723679513840502e-19
1.6521595147826088e-05 2.0902563306378597e-19
1.655141752173913e-05 2.1195596675678897e-19
1.6581239895652174e-05 1.9745967881284928e-19
1.661106226956522e-05 1.9263185060853355e-19
1.664088464347826e-05 2.0596530129634463e-19
1.6670707017391306e-05 1.988737655571783e-19
1.670052939130435e-05 1.8953319219118154e-19
1.6730351765217392e-05 1.8952974056757636e-19
1.676017413913044e-05 1.902898514920569e-19
1.6789996513043478e-05 1.9392884361618637e-19
1.681981888695652e-05 1.8526355552107732e-19
1.6849641260869567e-05 1.7497758855324914e-19
1.687946363478261e-05 1.8546841342139273e-19
1.6909286008695656e-05 1.8652871497365565e-19
1.6939108382608696e-05 1.722607203574543e-19
1.696893075652174e-05 1.7207774398026793e-19
1.6998753130434785e-05 1.7299094153981737e-19
1.7028575504347828e-05 1.7389039819844763e-19
1.7058397878260868e-05 1.7086259995522117e-19
1.7088220252173914e-05 1.5589437536586008e-19
1.7118042626086957e-05 1.623154047284146e-19
1.7147865e-05 1.7023109512598022e-19
1.7177687373913046e-05 1.567699043380888e-19
1.7207509747826086e-05 1.530288306934509e-19
1.7237332121739132e-05 1.532801234596136e-19
1.7267154495652175e-05 1.5328035786755053e-19
1.7296976869565218e-05 1.541070058102392e-19
1.7326799243478264e-05 1.4163990682666758e-19
1.7356621617391304e-05 1.3970413719502324e-19
1.7386443991304347e-05 1.4850565397921706e-19
1.7416266365217393e-05 1.3856650510209312e-19
1.7446088739130436e-05 1.3064400629574339e-19
1.7475911113043482e-05 1.3423142404876046e-19
1.7505733486956522e-05 1.3304444808483238e-19
1.7535555860869565e-05 1.3374862293305952e-19
1.756537823478261e-05 1.2388835619521744e-19
1.7595200608695654e-05 1.1649944135017275e-19
1.7625022982608694e-05 1.287160493436759e-19
1.765484535652174e-05 1.2283575727711465e-19
1.7684667730434783e-05 1.1029929820223366e-19
1.771449010434783e-05 1.1291525113972724e-19
1.7744312478260872e-05 1.100697176746038e-19
1.777413485217391e-05 1.0995562005527513e-19
1.7803957226086958e-05 1.0666347978442255e-19
1.78337796e-05 9.536320791679833e-20
1.7863601973913044e-05 1.0243818780684549e-19
1.789342434782609e-05 1.0282478198472566e-19
1.792324672173913e-05 9.120064034252237e-20
1.7953069095652176e-05 9.131225961473448e-20
1.798289146956522e-05 9.013616422230305e-20
1.8012713843478262e-05 9.027143587809841e-20
1.8042536217391308e-05 8.516585197976614e-20
1.8072358591304348e-05 7.48577073557269e-20
1.810218096521739e-05 7.854982670322519e-20
1.8132003339130437e-05 8.155764923234787e-20
1.816182571304348e-05 7.176960635905366e-20
1.8191648086956523e-05 6.662333945476025e-20
1.8221470460869566e-05 6.916159627402783e-20
1.825129283478261e-05 6.7260445430418e-20
1.8281115208695655e-05 6.503708873404742e-20
1.8310937582608698e-05 5.569708545404305e-20
1.8340759956521737e-05 5.427574359429889e-20
1.8370582330434784e-05 6.374612521084124e-20
1.8400404704347827e-05 5.0457303121358035e-20
1.843022707826087e-05 4.373192469066086e-20
1.8460049452173916e-05 4.772237344163404e-20
1.8489871826086955e-05 4.271510217919198e-20
1.8519694200000002e-05 4.4484423352735226e-20
1.8549516573913045e-05 3.59666187820785e-20
1.8579338947826088e-05 2.902716648138968e-20
1.8609161321739134e-05 3.9014310022497395e-20
1.8638983695652173e-05 3.3033581285488253e-20
1.8668806069565216e-05 2.309205325356418e-20
1.8698628443478263e-05 2.5790582254976066e-20
1.8728450817391306e-05 2.1725840830723264e-20
1.8758273191304352e-05 2.1294513618621162e-20
1.878809556521739e-05 1.8986727992933438e-20
1.8817917939130434e-05 7.637700263476523e-21
1.884774031304348e-05 1.3537996899566291e-20
1.8877562686956524e-05 1.3126935743475597e-20
1.8907385060869567e-05 1.0001525927132718e-22
1.893720743478261e-05 2.229475117317489e-21
1.8967029808695652e-05 8.709623595373388e-23
1.89968521826087e-05 -6.005220834192984e-22
1.9026674556521742e-05 -5.602150864583306e-22
1.905649693043478e-05 -1.4926353005030964e-20
1.9086319304347828e-05 -1.1165689174923277e-20
1.911614167826087e-05 -5.342791801433785e-21
1.9145964052173913e-05 -1.9737369285519423e-20
1.917578642608696e-05 -2.2067779993171367e-20
1.92056088e-05 -2.0582702426676042e-20
1.9235431173913042e-05 -2.5049985445567918e-20
1.926525354782609e-05 -2.3723883568617132e-20
1.929507592173913e-05 -3.3537323435436e-20
1.9324898295652178e-05 -3.704622429555682e-20
1.9354720669565217e-05 -2.8392797592257074e-20
1.938454304347826e-05 -3.8626583755024676e-20
1.9414365417391307e-05 -4.490596068429186e-20
1.944418779130435e-05 -4.181848589555364e-20
1.9474010165217392e-05 -4.586618442535076e-20
1.9503832539130435e-05 -4.55448724374825e-20
1.9533654913043478e-05 -5.137292603435424e-20
1.9563477286956525e-05 -5.969585920174366e-20
1.9593299660869568e-05 -5.3399617945076855e-20
1.9623122034782607e-05 -5.81612944943563e-20
1.9652944408695653e-05 -6.743960741835807e-20
1.9682766782608696e-05 -6.286327663611108e-20
1.971258915652174e-05 -6.815330759410519e-20
1.9742411530434786e-05 -7.027252476496596e-20
1.9772233904347825e-05 -6.938896312600175e-20
1.980205627826087e-05 -8.054977775948282e-20
1.9831878652173914e-05 -7.571492353816983e-20
1.9861701026086957e-05 -7.332471442886443e-20
1.9891523400000004e-05 -8.902112747452882e-20
1.9921345773913043e-05 -8.715696563886099e-20
1.9951168147826086e-05 -8.47091720359798e-20
1.9980990521739132e-05 -9.283742543573384e-20
2.0010812895652175e-05 -9.076360549138033e-20
2.004063526956522e-05 -9.908170779824215e-20
2.007045764347826e-05 -1.0161275097389374e-19
2.0100280017391304e-05 -9.223968761703542e-20
2.013010239130435e-05 -1.0576538606901434e-19
2.0159924765217393e-05 -1.0862637958336992e-19
2.0189747139130436e-05 -1.0401115757580849e-19
2.021956951304348e-05 -1.13266112201161e-19
2.0249391886956522e-05 -1.0931593833301411e-19
2.0279214260869565e-05 -1.149979593499036e-19
2.030903663478261e-05 -1.2231341135567658e-19
2.033885900869565e-05 -1.1363167092292266e-19
2.0368681382608697e-05 -1.222640290819113e-19
2.039850375652174e-05 -1.2982617071833742e-19
2.0428326130434783e-05 -1.233130135963781e-19
2.045814850434783e-05 -1.288154869447129e-19
2.048797087826087e-05 -1.3136096569699228e-19
2.0517793252173912e-05 -1.3148613895382279e-19
2.0547615626086958e-05 -1.4080513038784517e-19
2.0577438e-05 -1.345488719386496e-19
2.0607260373913047e-05 -1.3466094460752e-19
2.0637082747826087e-05 -1.4840011306844744e-19
2.066690512173913e-05 -1.4363773943407257e-19
2.0696727495652176e-05 -1.4451817113780982e-19
2.072654986956522e-05 -1.502116616073604e-19
2.0756372243478262e-05 -1.472461220334816e-19
2.0786194617391305e-05 -1.5662928431991442e-19
2.0816016991304348e-05 -1.5675173321955275e-19
2.0845839365217394e-05 -1.5044656722601114e-19
2.0875661739130437e-05 -1.6328719078036847e-19
2.090548411304348e-05 -1.638985172061861e-19
2.0935306486956523e-05 -1.5908975164471758e-19
2.0965128860869566e-05 -1.672549364154385e-19
2.099495123478261e-05 -1.6486927828164204e-19
2.1024773608695655e-05 -1.6987649285932153e-19
2.1054595982608695e-05 -1.7601673905350976e-19
2.108441835652174e-05 -1.685341235860977e-19
2.1114240730434784e-05 -1.7770936767373878e-19
2.1144063104347827e-05 -1.8264372661326228e-19
2.1173885478260873e-05 -1.7620180886350186e-19
2.1203707852173913e-05 -1.8141722967875435e-19
2.1233530226086956e-05 -1.8344832947333787e-19
2.1263352600000002e-05 -1.8581667382440414e-19
2.1293174973913045e-05 -1.907984910876771e-19
2.1322997347826088e-05 -1.863727546354011e-19
2.135281972173913e-05 -1.8967742200285927e-19
2.1382642095652174e-05 -1.987609827259403e-19
2.141246446956522e-05 -1.9475857067151528e-19
2.1442286843478263e-05 -1.9536155380211773e-19
2.1472109217391306e-05 -2.0130585206237327e-19
2.150193159130435e-05 -1.9957665375155446e-19
2.1531753965217392e-05 -2.062358225750687e-19
2.1561576339130435e-05 -2.061521702371503e-19
2.159139871304348e-05 -2.0194690109361705e-19
2.162122108695652e-05 -2.1388865431622124e-19
2.1651043460869567e-05 -2.1190777608967822e-19
2.168086583478261e-05 -2.0915187162429086e-19
2.1710688208695653e-05 -2.1612190472408442e-19
2.17405105826087e-05 -2.1304090425563905e-19
2.177033295652174e-05 -2.2057318601803273e-19
2.180015533043478e-05 -2.2288540892660484e-19
2.1829977704347828e-05 -2.1557542370222807e-19
2.185980007826087e-05 -2.2624310691943765e-19
2.1889622452173917e-05 -2.28733404970833e-19
2.1919444826086957e-05 -2.228895692485606e-19
2.19492672e-05 -2.2923902111427797e-19
2.1979089573913046e-05 -2.294083912607003e-19
2.200891194782609e-05 -2.312167298689693e-19
2.2038734321739132e-05 -2.3707990409173825e-19
2.2068556695652175e-05 -2.312147392048882e-19
2.2098379069565218e-05 -2.3525758089822702e-19
2.2128201443478264e-05 -2.436887208854883e-19
2.2158023817391307e-05 -2.3727209616474857e-19
2.218784619130435e-05 -2.406133220593706e-19
2.2217668565217393e-05 -2.458283449237673e-19
2.2247490939130436e-05 -2.4236058056178976e-19
2.227731331304348e-05 -2.488458026877865e-19
2.2307135686956525e-05 -2.453584336614184e-19
2.2336958060869565e-05 -2.441319215405165e-19
2.2366780434782607e-05 -2.5655406438926013e-19
2.2396602808695654e-05 -2.4901789487618633e-19
2.2426425182608697e-05 -2.4925506857959526e-19
2.2456247556521743e-05 -2.577883678741329e-19
2.2486069930434783e-05 -2.527620211994653e-19
2.2515892304347826e-05 -2.5914754401358892e-19
2.2545714678260872e-05 -2.5987139887623464e-19
2.2575537052173915e-05 -2.5537277176510737e-19
2.2605359426086958e-05 -2.640353910058964e-19
2.26351818e-05 -2.6340866491190516e-19
2.2665004173913044e-05 -2.608944318974473e-19
2.269482654782609e-05 -2.6558138406540227e-19
2.2724648921739133e-05 -2.6296579183567385e-19
2.2754471295652176e-05 -2.6564304044817746e-19
2.278429366956522e-05 -2.7112724590077206e-19
2.281411604347826e-05 -2.656527372211671e-19
2.2843938417391305e-05 -2.6964358726819124e-19
2.287376079130435e-05 -2.7326048599692034e-19
2.2903583165217394e-05 -2.6846657295306755e-19
2.2933405539130437e-05 -2.745310867876999e-19
2.296322791304348e-05 -2.7364666100807486e-19
2.2993050286956523e-05 -2.729180616797576e-19
2.302287266086957e-05 -2.799988905894171e-19
2.305269503478261e-05 -2.736996373811987e-19
2.308251740869565e-05 -2.7620853715087173e-19
2.3112339782608698e-05 -2.823799998358274e-19
2.314216215652174e-05 -2.7742812597307293e-19
2.3171984530434784e-05 -2.8070451299958016e-19
2.3201806904347826e-05 -2.8151367042546163e-19
2.323162927826087e-05 -2.807975148361854e-19
2.3261451652173916e-05 -2.858302916868253e-19
2.329127402608696e-05 -2.832063292731053e-19
2.33210964e-05 -2.8310706814031684e-19
2.3350918773913044e-05 -2.890944188813083e-19
2.3380741147826087e-05 -2.867833663165639e-19
2.341056352173913e-05 -2.850607255817807e-19
2.3440385895652177e-05 -2.885832476614779e-19
2.347020826956522e-05 -2.873416254139653e-19
2.3500030643478263e-05 -2.891626096401557e-19
2.3529853017391305e-05 -2.9013428137027637e-19
2.355967539130435e-05 -2.876007714726487e-19
2.3589497765217395e-05 -2.9280021976426446e-19
2.3619320139130434e-05 -2.9216391860993133e-19
2.3649142513043477e-05 -2.8900055843910326e-19
2.3678964886956523e-05 -2.948977797859704e-19
2.3708787260869566e-05 -2.9282975377268824e-19
2.3738609634782613e-05 -2.9227732299071073e-19
2.3768432008695652e-05 -2.961092102405738e-19
2.3798254382608695e-05 -2.920676393518888e-19
2.382807675652174e-05 -2.9454262748468025e-19
2.3857899130434784e-05 -2.965886673869662e-19
2.3887721504347827e-05 -2.930456112263648e-19
2.391754387826087e-05 -2.9730879357544637e-19
2.3947366252173913e-05 -2.96206033535474e-19
2.397718862608696e-05 -2.9350973915641494e-19
2.4007011000000002e-05 -2.99263125905712e-19
2.4036833373913045e-05 -2.9713015193684494e-19
2.406665574782609e-05 -2.947889819783068e-19
2.409647812173913e-05 -2.992214858119804e-19
2.4126300495652174e-05 -2.936783592406015e-19
2.415612286956522e-05 -2.955036600811908e-19
2.4185945243478263e-05 -3.0064854396900357e-19
2.4215767617391306e-05 -2.9713588996139963e-19
2.424558999130435e-05 -3.0124694361904304e-19
2.4275412365217392e-05 -2.9784690293854867e-19
2.430523473913044e-05 -2.929034413557789e-19
2.4335057113043478e-05 -2.9874256910781404e-19
2.436487948695652e-05 -2.985998295910484e-19
2.4394701860869567e-05 -2.9830097913401033e-19
2.442452423478261e-05 -2.9854176047273367e-19
2.4454346608695653e-05 -2.9483417794527057e-19
2.4484168982608696e-05 -2.98845652336248e-19
2.451399135652174e-05 -3.0039551884695345e-19
2.4543813730434785e-05 -2.9461466752928405e-19
2.457363610434783e-05 -2.974621024716536e-19
2.460345847826087e-05 -3.002759982401214e-19
2.4633280852173914e-05 -2.945927367104822e-19
2.4663103226086957e-05 -2.9760743522940697e-19
2.46929256e-05 -2.9530476847521944e-19
2.4722747973913046e-05 -2.928430485665985e-19
2.475257034782609e-05 -3.005535376304942e-19
2.4782392721739132e-05 -2.947480252542846e-19
2.4812215095652175e-05 -2.9355028737561984e-19
2.4842037469565218e-05 -2.969386077239726e-19
2.4871859843478264e-05 -2.9046998512635993e-19
2.4901682217391304e-05 -2.9507503878753285e-19
2.4931504591304347e-05 -2.943312805751646e-19
2.4961326965217393e-05 -2.880819553019506e-19
2.4991149339130436e-05 -2.9496882639774773e-19
2.5020971713043482e-05 -2.9175746817988995e-19
2.5050794086956522e-05 -2.8711132622840956e-19
2.5080616460869565e-05 -2.937685800276818e-19
2.511043883478261e-05 -2.9023836629914054e-19
2.5140261208695654e-05 -2.8853251300224586e-19
2.5170083582608697e-05 -2.913507250875965e-19
2.519990595652174e-05 -2.844866721657834e-19
2.5229728330434783e-05 -2.865184045042143e-19
2.5259550704347826e-05 -2.9049462755575977e-19
2.5289373078260872e-05 -2.8476317755977976e-19
2.5319195452173915e-05 -2.861383750976848e-19
2.5349017826086958e-05 -2.8514067687686433e-19
2.53788402e-05 -2.835950697666949e-19
2.5408662573913044e-05 -2.848922683062294e-19
2.543848494782609e-05 -2.793344952140974e-19
2.5468307321739133e-05 -2.8220672790497354e-19
2.5498129695652173e-05 -2.8629795037352147e-19
2.552795206956522e-05 -2.7940619911658783e-19
2.5557774443478262e-05 -2.780683538373602e-19
2.5587596817391308e-05 -2.799250794706574e-19
2.5617419191304348e-05 -2.773172103112924e-19
2.564724156521739e-05 -2.776768578496078e-19
2.5677063939130437e-05 -2.744084212251081e-19
2.570688631304348e-05 -2.7217516829762282e-19
2.5736708686956523e-05 -2.7835577668655836e-19
2.5766531060869566e-05 -2.737953930481269e-19
2.579635343478261e-05 -2.6850869754768977e-19
2.5826175808695655e-05 -2.721355235225627e-19
2.5855998182608698e-05 -2.712073557202595e-19
2.588582055652174e-05 -2.707712488651488e-19
2.5915642930434784e-05 -2.6680194298421115e-19
2.5945465304347827e-05 -2.628263248073877e-19
2.597528767826087e-05 -2.6868545002479534e-19
2.6005110052173916e-05 -2.669024058341218e-19
2.603493242608696e-05 -2.591301669784223e-19
2.6064754800000002e-05 -2.6164102355610604e-19
2.6094577173913045e-05 -2.615364542680217e-19
2.6124399547826088e-05 -2.577703798606253e-19
2.6154221921739134e-05 -2.5858923377315406e-19
2.6184044295652177e-05 -2.541406978516365e-19
2.6213866669565217e-05 -2.555486929411515e-19
2.6243689043478263e-05 -2.586828968724086e-19
2.6273511417391306e-05 -2.5007675444682997e-19
2.630333379130435e-05 -2.4877133899775256e-19
2.633315616521739e-05 -2.5140543298679547e-19
2.6362978539130435e-05 -2.486124081398114e-19
2.639280091304348e-05 -2.4629768886232986e-19
2.6422623286956524e-05 -2.4080656613063234e-19
2.6452445660869567e-05 -2.422177687380318e-19
2.648226803478261e-05 -2.457915700072044e-19
2.6512090408695653e-05 -2.3798264966354165e-19
2.6541912782608696e-05 -2.3553761095961927e-19
2.6571735156521742e-05 -2.3690780214796295e-19
2.6601557530434785e-05 -2.346344402012427e-19
2.6631379904347828e-05 -2.34826775159436e-19
2.666120227826087e-05 -2.287200186097022e-19
2.6691024652173914e-05 -2.26086707084957e-19
2.672084702608696e-05 -2.3164234390754633e-19
2.6750669400000003e-05 -2.246586007924892e-19
2.6780491773913042e-05 -2.170529431663014e-19
2.681031414782609e-05 -2.2124853835726156e-19
2.684013652173913e-05 -2.2046510938647514e-19
2.6869958895652178e-05 -2.1623103873233102e-19
2.6899781269565218e-05 -2.1325060934413222e-19
2.692960364347826e-05 -2.09797241119484e-19
2.6959426017391307e-05 -2.1396493096343925e-19
2.698924839130435e-05 -2.1087044239245983e-19
2.7019070765217393e-05 -1.9983074387596569e-19
2.7048893139130436e-05 -2.0325908052541284e-19
2.707871551304348e-05 -2.0449764105009154e-19
2.7108537886956525e-05 -1.9971625085039395e-19
2.7138360260869568e-05 -1.9598875068106515e-19
2.716818263478261e-05 -1.8968735229268397e-19
2.7198005008695654e-05 -1.9482068731033136e-19
2.7227827382608697e-05 -1.9401902690390435e-19
2.725764975652174e-05 -1.826066496939106e-19
2.7287472130434786e-05 -1.8366979648592553e-19
2.731729450434783e-05 -1.8656932397935973e-19
2.7347116878260868e-05 -1.8242100592543087e-19
2.7376939252173915e-05 -1.7774502080269811e-19
2.7406761626086958e-05 -1.7451776330878756e-19
2.7436584000000004e-05 -1.7326213456597922e-19
2.7466406373913047e-05 -1.743980378179873e-19
2.7496228747826086e-05 -1.668791589757786e-19
2.7526051121739133e-05 -1.6103235039056045e-19
2.7555873495652176e-05 -1.6616331527139726e-19
2.758569586956522e-05 -1.6127136879596147e-19
2.761551824347826e-05 -1.5678240733035628e-19
2.7645340617391304e-05 -1.5398364424647271e-19
2.767516299130435e-05 -1.5096566348515563e-19
2.7704985365217394e-05 -1.5699411199922914e-19
2.7734807739130437e-05 -1.4780467265796917e-19
2.776463011304348e-05 -1.3896103112619751e-19
2.7794452486956522e-05 -1.4519928601506655e-19
2.7824274860869565e-05 -1.4197354020140652e-19
2.785409723478261e-05 -1.3696628242090001e-19
2.7883919608695655e-05 -1.3262561534053304e-19
2.7913741982608697e-05 -1.280703777401449e-19
2.794356435652174e-05 -1.3357663940495152e-19
2.7973386730434783e-05 -1.2927582003890057e-19
2.800320910434783e-05 -1.1819814730061282e-19
2.8033031478260873e-05 -1.1914483704421394e-19
2.8062853852173912e-05 -1.2012043442742872e-19
2.809267622608696e-05 -1.1709322400845688e-19
2.81224986e-05 -1.11837840049273e-19
2.8152320973913048e-05 -1.0670160606603688e-19
2.818214334782609e-05 -1.099115898034051e-19
2.821196572173913e-05 -1.0721684492424308e-19
2.8241788095652176e-05 -9.517154172637175e-20
2.827161046956522e-05 -9.66282703360325e-20
2.8301432843478262e-05 -9.994235990060685e-20
2.8331255217391305e-05 -9.312524154997052e-20
2.8361077591304348e-05 -8.837270870138272e-20
2.839089996521739e-05 -8.325394349268939e-20
2.8420722339130437e-05 -8.572060312194846e-20
2.845054471304348e-05 -8.741967849660878e-20
2.8480367086956523e-05 -7.465507430550336e-20
2.8510189460869566e-05 -7.076301153733753e-20
2.854001183478261e-05 -7.507623306837712e-20
2.8569834208695655e-05 -7.105169558078765e-20
2.85996565826087e-05 -6.448392891697452e-20
2.8629478956521738e-05 -6.057303701085627e-20
2.8659301330434784e-05 -6.050028339148649e-20
2.8689123704347827e-05 -6.08693768278778e-20
2.8718946078260874e-05 -5.354142035408638e-20
2.8748768452173916e-05 -4.733563675343831e-20
2.8778590826086956e-05 -5.025170402878915e-20
2.8808413200000002e-05 -4.7654724301960765e-20
2.8838235573913045e-05 -4.1453640089176554e-20
2.8868057947826088e-05 -3.76335843563474e-20
2.889788032173913e-05 -3.351878857153966e-20
2.8927702695652174e-05 -3.5604414216036214e-20
2.895752506956522e-05 -3.094666388435944e-20
2.8987347443478263e-05 -2.0196522899909174e-20
2.9017169817391306e-05 -2.310983194282484e-20
2.904699219130435e-05 -2.423401822980855e-20
2.9076814565217392e-05 -1.613247843677577e-20
2.9106636939130435e-05 -1.2522730835859746e-20
2.913645931304348e-05 -8.75289115035113e-21
2.9166281686956524e-05 -9.101434774152079e-21
2.9196104060869567e-05 -9.922778371391407e-21
2.922592643478261e-05 1.6742688794858024e-21
2.9255748808695653e-05 4.957096012455997e-21
2.92855711826087e-05 1.5107993347632634e-21
2.9315393556521742e-05 7.376900541134677e-21
2.9345215930434782e-05 1.2262706289516764e-20
2.9375038304347828e-05 1.7243112917235974e-20
2.940486067826087e-05 1.7619677888936725e-20
2.9434683052173914e-05 1.4344553865790153e-20
2.946450542608696e-05 2.529727489376766e-20
2.94943278e-05 3.1744473265816135e-20
2.9524150173913046e-05 2.573377726183303e-20
2.955397254782609e-05 3.014482260460415e-20
2.9583794921739132e-05 3.5974610969718576e-20
2.9613617295652175e-05 4.0631764506198486e-20
2.9643439669565218e-05 4.500549005166542e-20
2.967326204347826e-05 4.0200667439838164e-20
2.9703084417391307e-05 4.854013545336503e-20
2.973290679130435e-05 5.932646729173261e-20
2.9762729165217393e-05 5.333623639544885e-20
2.9792551539130436e-05 5.3812786892223137e-20
2.982237391304348e-05 6.143609470486757e-20
2.9852196286956525e-05 6.650276087542073e-20
2.9882018660869568e-05 6.907910380259977e-20
2.9911841034782608e-05 6.608498881972826e-20
2.9941663408695654e-05 7.023697712303419e-20
2.9971485782608697e-05 8.256569510924277e-20
3.0001308156521743e-05 8.187833925183775e-20
3.0031130530434786e-05 7.847001510099845e-20
3.0060952904347826e-05 8.590412315075124e-20
3.0090775278260872e-05 9.122134923218898e-20
3.0120597652173915e-05 9.529018265664578e-20
3.0150420026086958e-05 9.376810034712781e-20
3.0180242400000004e-05 9.32630558819002e-20
3.0210064773913044e-05 1.0601396076672251e-19
3.023988714782609e-05 1.0845259985419158e-19
3.0269709521739133e-05 1.029697608105897e-19
3.0299531895652176e-05 1.0809526457102623e-19
3.0329354269565222e-05 1.145230476661746e-19
3.0359176643478265e-05 1.193379143835954e-19
3.0388999017391308e-05 1.2033492745945272e-19
3.0418821391304348e-05 1.1818309501075546e-19
3.044864376521739e-05 1.277448108117473e-19
3.0478466139130434e-05 1.3588692359468402e-19
3.050828851304348e-05 1.3055394283723358e-19
3.053811088695652e-05 1.316798818705103e-19
3.0567933260869566e-05 1.3879975406038826e-19
3.059775563478261e-05 1.4432880536558821e-19
3.062757800869566e-05 1.4608600685567387e-19
3.06574003826087e-05 1.4164325075111454e-19
3.068722275652174e-05 1.4825468757608274e-19
3.071704513043478e-05 1.589731813195003e-19
3.074686750434782e-05 1.5566416087337925e-19
3.077668987826087e-05 1.5400198606046118e-19
3.0806512252173916e-05 1.6058040693038456e-19
