0.0 -7.410747161933562e-20
2.981025866666667e-08 -7.527150603952159e-20
5.962051733333334e-08 -5.928967902593228e-20
8.9430776e-08 -6.469893791391516e-20
1.1924103466666667e-07 -8.824966719089072e-20
1.4905129333333333e-07 -8.335631839160551e-20
1.78861552e-07 -6.957988971029502e-20
2.0867181066666665e-07 -7.591122215039594e-20
2.3848206933333334e-07 -8.886301047321692e-20
2.68292328e-07 -9.639260751853944e-20
2.9810258666666666e-07 -8.235491061071419e-20
3.279128453333333e-07 -7.733670732538538e-20
3.57723104e-07 -1.021699951458473e-19
3.875333626666667e-07 -1.0593262178183512e-19
4.173436213333333e-07 -8.971194397219182e-20
4.4715387999999997e-07 -9.13086658263573e-20
4.769641386666667e-07 -1.0516308203953736e-19
5.067743973333333e-07 -1.1539028106712802e-19
5.36584656e-07 -1.0694566144895938e-19
5.663949146666667e-07 -9.44471902916856e-20
5.962051733333333e-07 -1.125330169810219e-19
6.26015432e-07 -1.2719387475244632e-19
6.558256906666667e-07 -1.1031206402033017e-19
6.856359493333333e-07 -1.0519911487065127e-19
7.15446208e-07 -1.2029234431662744e-19
7.452564666666667e-07 -1.315360976995689e-19
7.750667253333334e-07 -1.264853397696796e-19
8.04876984e-07 -1.1198850405304524e-19
8.346872426666666e-07 -1.244581919659549e-19
8.644975013333334e-07 -1.453698832737332e-19
8.943077599999999e-07 -1.313322025845947e-19
9.241180186666666e-07 -1.203564042090883e-19
9.539282773333334e-07 -1.3455658225932417e-19
9.83738536e-07 -1.4627458483905333e-19
1.0135487946666667e-06 -1.4480468488352837e-19
1.0433590533333334e-06 -1.2929273661077631e-19
1.073169312e-06 -1.3388847228480857e-19
1.1029795706666667e-06 -1.5942846810511775e-19
1.1327898293333333e-06 -1.5281992285326775e-19
1.162600088e-06 -1.3612625839334198e-19
1.1924103466666667e-06 -1.457193499574562e-19
1.2222206053333333e-06 -1.6114488313444325e-19
1.252030864e-06 -1.626045907929123e-19
1.2818411226666666e-06 -1.4714918423182018e-19
1.3116513813333333e-06 -1.4550530784925796e-19
1.34146164e-06 -1.6925308523960154e-19
1.3712718986666666e-06 -1.7118965085467826e-19
1.4010821573333335e-06 -1.513489534431967e-19
1.430892416e-06 -1.5473737171275696e-19
1.4607026746666666e-06 -1.7189429409312438e-19
1.4905129333333335e-06 -1.7580745711519326e-19
1.520323192e-06 -1.6472524869614933e-19
1.5501334506666668e-06 -1.58165028589317e-19
1.5799437093333335e-06 -1.7699327644305545e-19
1.609753968e-06 -1.8678691126960122e-19
1.6395642266666668e-06 -1.6762914775295845e-19
1.6693744853333332e-06 -1.6588673432104143e-19
1.699184744e-06 -1.823517667308555e-19
1.7289950026666668e-06 -1.8714270981414937e-19
1.7588052613333332e-06 -1.8136077858667976e-19
1.7886155199999999e-06 -1.708421698672371e-19
1.8184257786666668e-06 -1.8191867080998812e-19
1.8482360373333332e-06 -1.9897116111586728e-19
1.878046296e-06 -1.8472075434390217e-19
1.9078565546666667e-06 -1.7625469240475618e-19
1.937666813333333e-06 -1.9093572652716877e-19
1.967477072e-06 -2.015973592290613e-19
1.9972873306666665e-06 -1.9651404668885827e-19
2.0270975893333334e-06 -1.832106282386508e-19
2.056907848e-06 -1.8926307989165994e-19
2.0867181066666667e-06 -2.0858376049327769e-19
2.1165283653333336e-06 -2.0251899287092446e-19
2.146338624e-06 -1.8586241769894224e-19
2.1761488826666665e-06 -1.9601582157611982e-19
2.2059591413333333e-06 -2.125501938131933e-19
2.2357694000000002e-06 -2.0812049637601044e-19
2.2655796586666667e-06 -1.9384208218462456e-19
2.2953899173333335e-06 -1.9638961850468415e-19
2.325200176e-06 -2.1764531181876707e-19
2.3550104346666664e-06 -2.170703433853944e-19
2.3848206933333333e-06 -1.9697328961580794e-19
2.414630952e-06 -2.0314048255843791e-19
2.4444412106666666e-06 -2.19854739491297e-19
2.4742514693333335e-06 -2.1785512725793596e-19
2.504061728e-06 -2.0632952067510773e-19
2.5338719866666664e-06 -2.02586473872393e-19
2.5636822453333333e-06 -2.19697169473837e-19
2.593492504e-06 -2.271247359787928e-19
2.6233027626666666e-06 -2.0878789118326843e-19
2.653113021333333e-06 -2.0743658064947681e-19
2.68292328e-06 -2.2505343960488684e-19
2.712733538666667e-06 -2.2885684356748566e-19
2.7425437973333332e-06 -2.1788947047469747e-19
2.772354056e-06 -2.0952729576410563e-19
2.802164314666667e-06 -2.222870593247718e-19
2.831974573333333e-06 -2.3545102988181026e-19
2.861784832e-06 -2.2031043147311463e-19
2.8915950906666668e-06 -2.0926505470502032e-19
2.9214053493333332e-06 -2.261144982520237e-19
2.951215608e-06 -2.371593563898423e-19
2.981025866666667e-06 -2.2504695082794743e-19
3.010836125333333e-06 -2.155632007670248e-19
3.040646384e-06 -2.2435471373724293e-19
3.0704566426666667e-06 -2.3780270838290325e-19
3.1002669013333336e-06 -2.315090159932218e-19
3.13007716e-06 -2.1560003444483066e-19
3.159887418666667e-06 -2.2404485866760483e-19
3.1896976773333334e-06 -2.3899313275089555e-19
3.219507936e-06 -2.3182000507743937e-19
3.2493181946666667e-06 -2.2052947934525246e-19
3.2791284533333336e-06 -2.225701414198911e-19
3.308938712e-06 -2.3813999017420773e-19
3.3387489706666665e-06 -2.3940739875051e-19
3.3685592293333333e-06 -2.182232823037175e-19
3.398369488e-06 -2.222442889907376e-19
3.4281797466666667e-06 -2.411330158581872e-19
3.4579900053333335e-06 -2.365548754200769e-19
3.487800264e-06 -2.22828101370663e-19
3.5176105226666664e-06 -2.202944641191038e-19
3.5474207813333333e-06 -2.3519328025786664e-19
3.5772310399999998e-06 -2.418453237061983e-19
3.6070412986666666e-06 -2.2263302373471983e-19
3.6368515573333335e-06 -2.1747540279891084e-19
3.6666618160000004e-06 -2.3686140595309275e-19
3.6964720746666664e-06 -2.3993902948571926e-19
3.7262823333333333e-06 -2.2469785515013626e-19
3.756092592e-06 -2.1816990535984e-19
3.7859028506666666e-06 -2.305523217894133e-19
3.8157131093333335e-06 -2.42238244495187e-19
3.845523368e-06 -2.2582202326666208e-19
3.875333626666666e-06 -2.1364466864946595e-19
3.905143885333334e-06 -2.315926990847548e-19
3.934954144e-06 -2.3839839960986206e-19
3.9647644026666666e-06 -2.246596750447717e-19
3.994574661333333e-06 -2.1601247183658614e-19
4.02438492e-06 -2.2342442605184607e-19
4.054195178666667e-06 -2.3668578000491635e-19
4.084005437333333e-06 -2.2793422503304986e-19
4.113815696e-06 -2.1236684599936102e-19
4.143625954666667e-06 -2.216177839411707e-19
4.173436213333333e-06 -2.3417029794228606e-19
4.203246472e-06 -2.2579026611310436e-19
4.233056730666667e-06 -2.1275815332418e-19
4.262866989333334e-06 -2.1565024690256944e-19
4.292677248e-06 -2.3002033464779495e-19
4.3224875066666665e-06 -2.270969490476317e-19
4.352297765333333e-06 -2.0725216512684572e-19
4.382108024e-06 -2.1137143741032073e-19
4.411918282666667e-06 -2.2719491506609215e-19
4.441728541333333e-06 -2.218425319013244e-19
4.4715388000000004e-06 -2.083429885125242e-19
4.501349058666667e-06 -2.0727814928490324e-19
4.531159317333333e-06 -2.2045373917738935e-19
4.560969576000001e-06 -2.21271685783823e-19
4.590779834666667e-06 -2.0469987762290776e-19
4.620590093333333e-06 -2.0214442447432656e-19
4.650400352e-06 -2.1546980323821853e-19
4.6802106106666664e-06 -2.172235537570924e-19
4.710020869333333e-06 -2.0163706146772494e-19
4.739831128e-06 -1.9497970958955653e-19
4.769641386666667e-06 -2.0805275746767663e-19
4.799451645333333e-06 -2.1483309540165032e-19
4.829261904e-06 -1.9941737333612962e-19
4.859072162666667e-06 -1.88744346630062e-19
4.888882421333333e-06 -2.0417313952330118e-19
4.9186926800000006e-06 -2.111745838891632e-19
4.948502938666667e-06 -1.9411738463198218e-19
4.978313197333333e-06 -1.8618791896586659e-19
5.008123456e-06 -1.9430887245141734e-19
5.037933714666666e-06 -2.0257419006386173e-19
5.067743973333333e-06 -1.939097511315319e-19
5.097554232e-06 -1.7742294402524694e-19
5.1273644906666666e-06 -1.8541286360810954e-19
5.157174749333333e-06 -1.9802047702523532e-19
5.186985008e-06 -1.864234777858432e-19
5.216795266666667e-06 -1.733160450771973e-19
5.246605525333333e-06 -1.7759705303137553e-19
5.2764157840000005e-06 -1.89937350522018e-19
5.306226042666666e-06 -1.8524773638279283e-19
5.336036301333333e-06 -1.6636370941963953e-19
5.36584656e-06 -1.6881793384372018e-19
5.395656818666666e-06 -1.835898071253682e-19
5.425467077333334e-06 -1.761357968324181e-19
5.455277336e-06 -1.6052603642481252e-19
5.4850875946666665e-06 -1.608832861389915e-19
5.514897853333334e-06 -1.7198050513138293e-19
5.544708112e-06 -1.727929224549008e-19
5.574518370666667e-06 -1.5421812054228317e-19
5.604328629333334e-06 -1.5066516993166435e-19
5.6341388880000004e-06 -1.663774674473288e-19
5.663949146666666e-06 -1.6457685090896225e-19
5.693759405333333e-06 -1.4830107520252858e-19
5.723569664e-06 -1.4340062555289147e-19
5.753379922666666e-06 -1.5358712639939107e-19
5.7831901813333335e-06 -1.5741928991792004e-19
5.81300044e-06 -1.4237766177534133e-19
5.8428106986666664e-06 -1.3142943207869143e-19
5.872620957333334e-06 -1.4431158642837446e-19
5.902431216e-06 -1.5034666981669282e-19
5.932241474666667e-06 -1.3466946576488093e-19
5.962051733333334e-06 -1.2651141666779857e-19
5.9918619919999995e-06 -1.3296213264267438e-19
6.021672250666666e-06 -1.4328614851439848e-19
6.051482509333333e-06 -1.31820248699036e-19
6.081292768e-06 -1.135774366839919e-19
6.111103026666666e-06 -1.2457421311611345e-19
6.1409132853333335e-06 -1.3275412800105562e-19
6.170723544e-06 -1.2157045827988118e-19
6.200533802666667e-06 -1.0819440046713057e-19
6.230344061333334e-06 -1.1125795204348904e-19
6.26015432e-06 -1.2476206317712713e-19
6.289964578666667e-06 -1.165695332387016e-19
6.319774837333334e-06 -9.926265899342599e-20
6.3495850959999995e-06 -1.0126942625764955e-19
6.379395354666667e-06 -1.1620664891185885e-19
6.409205613333333e-06 -1.0998070665226298e-19
6.439015872e-06 -8.839256082178944e-20
6.468826130666667e-06 -9.150258340197165e-20
6.498636389333333e-06 -1.0389087904214677e-19
6.528446648e-06 -9.897690468293109e-20
6.558256906666667e-06 -8.174158612052637e-20
6.588067165333334e-06 -7.756390495539546e-20
6.617877424e-06 -9.278502301685804e-20
6.647687682666667e-06 -9.346009214395677e-20
6.677497941333333e-06 -7.443525020616791e-20
6.707308199999999e-06 -6.715394748996468e-20
6.737118458666667e-06 -8.184103704473882e-20
6.766928717333333e-06 -8.502925051268828e-20
6.796738976e-06 -6.541882528619344e-20
6.826549234666667e-06 -5.625173691992425e-20
6.856359493333333e-06 -6.847359896132209e-20
6.886169752e-06 -7.373381937685086e-20
6.915980010666667e-06 -5.637715756586035e-20
6.9457902693333335e-06 -4.6143858566411365e-20
6.975600528e-06 -5.680962977660995e-20
7.005410786666667e-06 -6.359673614282105e-20
7.035221045333333e-06 -4.9579162642465026e-20
7.065031303999999e-06 -3.430776286534175e-20
7.094841562666667e-06 -4.3897750327425085e-20
7.124651821333333e-06 -5.3551090564603057e-20
7.1544620799999995e-06 -4.040968518293102e-20
7.184272338666667e-06 -2.5814713014927494e-20
7.214082597333333e-06 -3.004489710904546e-20
7.2438928560000006e-06 -4.1774028974023345e-20
7.273703114666667e-06 -3.2257694553021327e-20
7.3035133733333335e-06 -1.3581790212720828e-20
7.333323632000001e-06 -1.8327161600895612e-20
7.363133890666666e-06 -3.099846835964574e-20
7.392944149333333e-06 -2.228197085238139e-20
7.422754408e-06 -5.397423329351211e-21
7.4525646666666666e-06 -5.389014007394258e-21
7.482374925333333e-06 -1.860610738299265e-20
7.512185184e-06 -1.5209948930983815e-20
7.541995442666667e-06 6.59554140204744e-21
7.571805701333333e-06 7.128207047439079e-21
7.6016159600000005e-06 -7.003443976584927e-21
7.631426218666667e-06 -2.5942126804390738e-21
7.661236477333333e-06 1.4884053891221966e-20
7.691046736e-06 2.1113741336759903e-20
7.720856994666667e-06 7.120904926665663e-21
7.750667253333333e-06 4.950675762548126e-21
7.780477512e-06 2.6321701054916794e-20
7.810287770666667e-06 3.1861990146066144e-20
7.840098029333333e-06 1.637358718601482e-20
7.869908288e-06 1.6753137278721946e-20
7.899718546666666e-06 3.4823011140190716e-20
7.929528805333333e-06 4.245308399716631e-20
7.959339064e-06 3.194255392280704e-20
7.989149322666666e-06 2.4912822352304726e-20
8.018959581333333e-06 4.275135840095965e-20
8.04876984e-06 5.684166019759159e-20
8.078580098666666e-06 4.314058064364972e-20
8.108390357333334e-06 3.653401041298082e-20
8.138200616e-06 5.194474074077886e-20
8.168010874666666e-06 6.43232992478593e-20
8.197821133333334e-06 5.729611213771634e-20
8.227631392e-06 4.504645996750078e-20
8.257441650666667e-06 5.796059085937295e-20
8.287251909333334e-06 7.709897519097083e-20
8.317062168e-06 6.854834958389212e-20
8.346872426666667e-06 5.783061328519012e-20
8.376682685333332e-06 6.800480240651728e-20
8.406492944e-06 8.359155397643445e-20
8.436303202666667e-06 8.243738946604493e-20
8.466113461333334e-06 6.885217006570661e-20
8.49592372e-06 7.474182412539801e-20
8.525733978666667e-06 9.531243574666469e-20
8.555544237333333e-06 9.225237022116296e-20
8.585354496e-06 7.682123622427935e-20
8.615164754666667e-06 8.530287771470898e-20
8.644975013333333e-06 1.0268145559318838e-19
8.674785272e-06 1.0244597190965479e-19
8.704595530666666e-06 9.109045362101098e-20
8.734405789333333e-06 9.046806806867785e-20
8.764216048e-06 1.0985627404386772e-19
8.794026306666668e-06 1.1780428274908784e-19
8.823836565333333e-06 1.0019227525202898e-19
8.853646824e-06 9.908746734098518e-20
8.883457082666666e-06 1.1890073952128e-19
8.913267341333332e-06 1.2330821564485578e-19
8.943077600000001e-06 1.1089465343755103e-19
8.972887858666666e-06 1.069514857602665e-19
9.002698117333334e-06 1.2424979056155022e-19
9.032508376e-06 1.3556654645786267e-19
9.062318634666667e-06 1.2090396559694032e-19
9.092128893333332e-06 1.149088641700338e-19
9.121939152000001e-06 1.3285715902625057e-19
9.151749410666667e-06 1.4328507433667686e-19
9.181559669333334e-06 1.3341526249754769e-19
9.211369928e-06 1.232648111816655e-19
9.241180186666665e-06 1.365293226749294e-19
9.270990445333333e-06 1.5313026344228337e-19
9.300800704e-06 1.4099716275112028e-19
9.330610962666667e-06 1.299166475787797e-19
9.360421221333333e-06 1.4636071234309948e-19
9.39023148e-06 1.5859866776819135e-19
9.420041738666666e-06 1.4995350300378085e-19
9.449851997333333e-06 1.4121701698534462e-19
9.479662256e-06 1.4925525689010818e-19
9.509472514666668e-06 1.6687013890508725e-19
9.539282773333333e-06 1.625487009145398e-19
9.569093031999999e-06 1.4623243712576236e-19
9.598903290666666e-06 1.5735466054552692e-19
9.628713549333333e-06 1.7270203681070281e-19
9.658523808e-06 1.6744128593486154e-19
9.688334066666666e-06 1.5702180582360532e-19
9.718144325333334e-06 1.5870957753847755e-19
9.747954584e-06 1.7703407812208867e-19
9.777764842666667e-06 1.798004934601132e-19
9.807575101333334e-06 1.622940767724971e-19
9.837385360000001e-06 1.6544519986412602e-19
9.867195618666667e-06 1.8412337443340742e-19
9.897005877333334e-06 1.8398882812014702e-19
9.926816136e-06 1.719997691815743e-19
9.956626394666665e-06 1.7164154451418554e-19
9.986436653333334e-06 1.8522058205649488e-19
1.0016246912e-05 1.9233498576397126e-19
1.0046057170666667e-05 1.7739045210725025e-19
1.0075867429333333e-05 1.727338422147922e-19
1.0105677688e-05 1.916289160917454e-19
1.0135487946666666e-05 1.9666692141217303e-19
1.0165298205333335e-05 1.8528070939758478e-19
1.0195108464e-05 1.801821430281868e-19
1.0224918722666668e-05 1.9022430750568302e-19
1.0254728981333333e-05 2.0443134228443087e-19
1.0284539239999999e-05 1.9343470224210361e-19
1.0314349498666666e-05 1.789421223156533e-19
1.0344159757333333e-05 1.9755551387631227e-19
1.0373970016e-05 2.0687450253921124e-19
1.0403780274666666e-05 1.9331423822600111e-19
1.0433590533333334e-05 1.89391202255776e-19
1.0463400791999999e-05 1.9514673185658624e-19
1.0493211050666666e-05 2.0991205699525305e-19
1.0523021309333334e-05 2.05953833332737e-19
1.0552831568000001e-05 1.881822348892212e-19
1.0582641826666667e-05 1.99900044458473e-19
1.0612452085333332e-05 2.135820317949518e-19
1.0642262344e-05 2.0572356287785943e-19
1.0672072602666667e-05 1.968522824363183e-19
1.0701882861333334e-05 2.0029619788142481e-19
1.073169312e-05 2.1339396750407075e-19
1.0761503378666667e-05 2.1331018682299616e-19
1.0791313637333333e-05 1.9700511941436226e-19
1.0821123896e-05 1.99714249048239e-19
1.0850934154666667e-05 2.1851922728389375e-19
1.0880744413333334e-05 2.1239102304274285e-19
1.0910554672e-05 2.0060191802562118e-19
1.0940364930666666e-05 2.066793679378872e-19
1.0970175189333333e-05 2.1322016750907496e-19
1.0999985447999999e-05 2.185359729470696e-19
1.1029795706666668e-05 2.0695878503157708e-19
1.1059605965333333e-05 1.9937011306170136e-19
1.1089416224e-05 2.1878522117607275e-19
1.1119226482666666e-05 2.192421608582365e-19
1.1149036741333333e-05 2.062741320659062e-19
1.1178846999999999e-05 2.0690122031206464e-19
1.1208657258666668e-05 2.139354487767795e-19
1.1238467517333334e-05 2.2268827937022484e-19
1.1268277776000001e-05 2.1236826493004663e-19
1.1298088034666666e-05 2.0176648988952233e-19
1.1327898293333332e-05 2.1774672313183197e-19
1.1357708552e-05 2.236540440560336e-19
1.1387518810666667e-05 2.1170368924878792e-19
1.1417329069333334e-05 2.0775704724134047e-19
1.1447139328e-05 2.1285082815375155e-19
1.1476949586666667e-05 2.2169379845998345e-19
1.1506759845333332e-05 2.1606351055550812e-19
1.1536570104000001e-05 2.0359343547546993e-19
1.1566380362666667e-05 2.1321165971810322e-19
1.1596190621333334e-05 2.2345613995092285e-19
1.162600088e-05 2.1388473774672605e-19
1.1655811138666666e-05 2.0593131356001525e-19
1.1685621397333333e-05 2.1130840348496503e-19
1.1715431656e-05 2.193096030507799e-19
1.1745241914666667e-05 2.194182052169087e-19
1.1775052173333333e-05 2.0612545375929246e-19
1.1804862432e-05 2.0465605250224118e-19
1.1834672690666666e-05 2.205431569471638e-19
1.1864482949333333e-05 2.1360535858117012e-19
1.1894293208e-05 2.0233366476609866e-19
1.1924103466666668e-05 2.086644210945167e-19
1.1953913725333333e-05 2.1389285122383118e-19
1.1983723983999999e-05 2.1536757427359541e-19
1.2013534242666666e-05 2.0387101419911422e-19
1.2043344501333332e-05 1.9996401626531902e-19
1.2073154760000001e-05 2.1484882286438692e-19
1.2102965018666667e-05 2.123172994007947e-19
1.2132775277333334e-05 1.9960168110782347e-19
1.2162585536e-05 2.0105255762766216e-19
1.2192395794666667e-05 2.071900685893312e-19
1.2222206053333332e-05 2.0712494758572604e-19
1.2252016312000001e-05 2.0035191649767293e-19
1.2281826570666667e-05 1.9343284445250603e-19
1.2311636829333333e-05 2.0055230201513376e-19
1.2341447088e-05 2.0720901902062846e-19
1.2371257346666665e-05 1.9469906785396506e-19
1.2401067605333334e-05 1.912985698676792e-19
1.2430877864e-05 1.9740219439567446e-19
1.2460688122666667e-05 1.9706644791491875e-19
1.2490498381333333e-05 1.9701705265048344e-19
1.252030864e-05 1.8571493488579487e-19
1.2550118898666666e-05 1.8705595800270215e-19
1.2579929157333335e-05 1.992395788027282e-19
1.2609739416e-05 1.8589620449255775e-19
1.2639549674666668e-05 1.7957613014512273e-19
1.2669359933333333e-05 1.865426877364709e-19
1.2699170191999999e-05 1.8649638179333957e-19
1.2728980450666666e-05 1.8599943152414503e-19
1.2758790709333334e-05 1.764221218475902e-19
1.2788600968e-05 1.7343534513816585e-19
1.2818411226666666e-05 1.8388607308830762e-19
1.2848221485333334e-05 1.78988592181714e-19
1.2878031744e-05 1.6874576325642868e-19
1.2907842002666667e-05 1.7090438553864614e-19
1.2937652261333334e-05 1.7383264898863078e-19
1.2967462520000001e-05 1.7291206854552825e-19
1.2997272778666667e-05 1.655412226551714e-19
1.3027083037333332e-05 1.5838905589955868e-19
1.3056893296e-05 1.6596589505520692e-19
1.3086703554666665e-05 1.6941731727562158e-19
1.3116513813333334e-05 1.5688657806370871e-19
1.3146324072e-05 1.5405680346447367e-19
1.3176134330666667e-05 1.5903902985584926e-19
1.3205944589333333e-05 1.5901317731724238e-19
1.3235754848e-05 1.5499287481423554e-19
1.3265565106666666e-05 1.4437527853732893e-19
1.3295375365333335e-05 1.4858144193451524e-19
1.3325185624e-05 1.552268912745507e-19
1.3354995882666666e-05 1.4224525389429964e-19
1.3384806141333333e-05 1.3817991558142852e-19
1.3414616399999999e-05 1.4219647816773962e-19
1.3444426658666668e-05 1.4159782890416576e-19
1.3474236917333333e-05 1.403700388864552e-19
1.3504047176e-05 1.3085271149053396e-19
1.3533857434666666e-05 1.2865085458636928e-19
1.3563667693333334e-05 1.3783152186872587e-19
1.3593477952e-05 1.3053970795211484e-19
1.3623288210666668e-05 1.2063879330765036e-19
1.3653098469333334e-05 1.23769341156101e-19
1.3682908728e-05 1.2388729031456196e-19
1.3712718986666667e-05 1.2335870212106546e-19
1.3742529245333332e-05 1.1645101701152384e-19
1.3772339504e-05 1.0898138953220264e-19
1.3802149762666667e-05 1.176576189532765e-19
1.3831960021333334e-05 1.1536933356526202e-19
1.386177028e-05 1.0426334314418744e-19
1.3891580538666667e-05 1.0538821594396506e-19
1.3921390797333333e-05 1.0610223935161578e-19
1.3951201056e-05 1.0589849282986862e-19
1.3981011314666667e-05 1.0046604051511618e-19
1.4010821573333335e-05 9.061243950865999e-20
1.4040631832e-05 9.558552182721117e-20
1.4070442090666666e-05 9.907969143573805e-20
1.4100252349333333e-05 8.703299598335656e-20
1.4130062607999999e-05 8.291661353609937e-20
1.4159872866666668e-05 8.611422459271108e-20
1.4189683125333333e-05 8.54330505546433e-20
1.4219493384e-05 8.248726716620676e-20
1.4249303642666666e-05 7.334412925456107e-20
1.4279113901333333e-05 7.354405425417318e-20
1.4308924159999999e-05 8.085465239939566e-20
1.4338734418666668e-05 7.055289805303977e-20
1.4368544677333334e-05 6.195718776632808e-20
1.4398354936e-05 6.637314644913766e-20
1.4428165194666667e-05 6.597320356476112e-20
1.4457975453333332e-05 6.368596969673435e-20
1.4487785712000001e-05 5.443318308716608e-20
1.4517595970666667e-05 4.881522486172023e-20
1.4547406229333334e-05 5.941373088892899e-20
1.4577216488e-05 5.439948877768699e-20
1.4607026746666667e-05 4.2107906605953267e-20
1.4636837005333333e-05 4.357854547858976e-20
1.4666647264000002e-05 4.4794158089260636e-20
1.4696457522666667e-05 4.4584548097382785e-20
1.4726267781333333e-05 3.7005776632563604e-20
1.475607804e-05 2.6898466829644784e-20
1.4785888298666666e-05 3.400879797776129e-20
1.4815698557333333e-05 3.687249461980593e-20
1.4845508816e-05 2.2508148884956297e-20
1.4875319074666668e-05 2.0138427482329035e-20
1.4905129333333333e-05 2.4249550023246364e-20
1.4934939592e-05 2.2967199069040517e-20
1.4964749850666666e-05 1.8558258639002688e-20
1.4994560109333333e-05 7.904765661185066e-21
1.5024370368e-05 1.1443767094782712e-20
1.5054180626666666e-05 1.667444601578692e-20
1.5083990885333334e-05 4.615221788898214e-21
1.5113801143999999e-05 -1.79824442249645e-21
1.5143611402666666e-05 -5.912081068850393e-22
1.5173421661333332e-05 2.4892638508115053e-21
1.5203231920000001e-05 -1.0080837038409557e-21
1.5233042178666667e-05 -1.463350635548322e-20
1.5262852437333334e-05 -1.3896317206118016e-20
1.5292662696e-05 -4.921035246707672e-21
1.5322472954666665e-05 -1.2711543283056206e-20
1.5352283213333334e-05 -2.3967623850484912e-20
1.5382093472e-05 -2.2123003564184794e-20
1.5411903730666665e-05 -1.9070382704824322e-20
1.5441713989333334e-05 -2.1399167064144365e-20
1.5471524248e-05 -3.157147044459376e-20
1.5501334506666665e-05 -3.778702986757476e-20
1.5531144765333334e-05 -2.8973034849114195e-20
1.5560955024e-05 -3.2852893935769243e-20
1.5590765282666666e-05 -4.5003536081678414e-20
1.5620575541333335e-05 -4.476161806856951e-20
1.56503858e-05 -4.2805324276670725e-20
1.5680196058666666e-05 -4.19551942857032e-20
1.5710006317333335e-05 -5.04666465406974e-20
1.5739816576e-05 -5.914541912506908e-20
1.5769626834666666e-05 -5.0667207976909093e-20
1.579943709333333e-05 -5.012562305348391e-20
1.5829247352e-05 -6.344811353924467e-20
1.5859057610666666e-05 -6.852461193806498e-20
1.5888867869333335e-05 -6.557428719496436e-20
1.5918678128e-05 -6.26208337787906e-20
1.5948488386666666e-05 -7.148408156339619e-20
1.5978298645333332e-05 -8.265367515227836e-20
1.6008108904e-05 -7.579714466551094e-20
1.6037919162666667e-05 -7.072053777652754e-20
1.6067729421333336e-05 -8.280796791427642e-20
1.609753968e-05 -9.227048219247653e-20
1.6127349938666667e-05 -8.804988188837874e-20
1.6157160197333332e-05 -8.287609385229932e-20
1.6186970455999998e-05 -8.962052925502548e-20
1.6216780714666667e-05 -1.0268245016964366e-19
1.6246590973333333e-05 -1.0205600378332569e-19
1.6276401232e-05 -9.412683569192238e-20
1.6306211490666667e-05 -1.0149281909802863e-19
1.6336021749333333e-05 -1.137255054629325e-19
1.6365832008e-05 -1.116808753534067e-19
1.6395642266666667e-05 -1.0519904228412715e-19
1.6425452525333333e-05 -1.0998468829210593e-19
1.6455262784e-05 -1.2262206995325812e-19
1.6485073042666668e-05 -1.2457331780245135e-19
1.6514883301333333e-05 -1.145376052026933e-19
1.654469356e-05 -1.1956342186340955e-19
1.6574503818666668e-05 -1.3388013527422077e-19
1.6604314077333333e-05 -1.337497912587058e-19
1.6634124336e-05 -1.277583566086971e-19
1.6663934594666668e-05 -1.295092255114957e-19
1.6693744853333334e-05 -1.4093658312901326e-19
1.6723555112e-05 -1.4715933043961082e-19
1.6753365370666665e-05 -1.3813173161596546e-19
1.678317562933333e-05 -1.37285015135825e-19
1.6812985888e-05 -1.5018084515342033e-19
1.684279614666667e-05 -1.5472238644714653e-19
1.6872606405333334e-05 -1.5022307095333879e-19
1.6902416664e-05 -1.4647347360637634e-19
1.693222692266667e-05 -1.5625645848563554e-19
1.6962037181333334e-05 -1.6892900497673502e-19
1.699184744e-05 -1.5989342542159806e-19
1.7021657698666665e-05 -1.5418478544972555e-19
1.7051467957333334e-05 -1.6842624857066064e-19
1.7081278216e-05 -1.7571230535430354e-19
1.7111088474666666e-05 -1.6951607663443222e-19
1.714089873333333e-05 -1.6428471245739774e-19
1.7170708992e-05 -1.7149943331910242e-19
1.720051925066667e-05 -1.846738141736744e-19
1.7230329509333335e-05 -1.8004655189575418e-19
1.7260139768e-05 -1.6986735460936746e-19
1.7289950026666666e-05 -1.811801090561615e-19
1.7319760285333335e-05 -1.9328948018038293e-19
1.7349570544e-05 -1.8720182736173285e-19
1.7379380802666666e-05 -1.8085234337760572e-19
1.7409191061333332e-05 -1.8532904407806808e-19
1.7439001319999997e-05 -1.9889206686456508e-19
1.7468811578666666e-05 -2.0057467597590765e-19
1.7498621837333332e-05 -1.8524754728355012e-19
1.7528432096e-05 -1.9230954511059728e-19
1.7558242354666667e-05 -2.0714131906799672e-19
1.7588052613333336e-05 -2.015706856203517e-19
1.7617862872e-05 -1.9721003703060317e-19
1.7647673130666667e-05 -1.9811417993828853e-19
1.7677483389333332e-05 -2.0860955527998898e-19
1.7707293648e-05 -2.1552919366399936e-19
1.7737103906666667e-05 -2.0276506544568754e-19
1.7766914165333333e-05 -2.0258476760398638e-19
1.7796724423999998e-05 -2.169591835515933e-19
1.7826534682666664e-05 -2.1775643372764654e-19
1.7856344941333333e-05 -2.0993320592997878e-19
1.7886155200000002e-05 -2.0938205154932328e-19
1.7915965458666667e-05 -2.1834511727608333e-19
1.7945775717333333e-05 -2.2650459630478014e-19
1.7975585976000002e-05 -2.1668973425141736e-19
1.8005396234666668e-05 -2.0934014045643865e-19
1.8035206493333333e-05 -2.24938283003952e-19
1.8065016752e-05 -2.3031668258287247e-19
1.8094827010666664e-05 -2.218057152926425e-19
1.8124637269333333e-05 -2.1961949031514685e-19
1.8154447528e-05 -2.2512921288341926e-19
1.8184257786666665e-05 -2.359499440201854e-19
1.8214068045333334e-05 -2.301139731497922e-19
1.8243878304000003e-05 -2.1883222899803757e-19
1.8273688562666668e-05 -2.3131972594811177e-19
1.8303498821333334e-05 -2.402205441431507e-19
1.833330908e-05 -2.318373003503059e-19
1.836311933866667e-05 -2.282458637266077e-19
1.8392929597333334e-05 -2.3180061097667913e-19
1.8422739856e-05 -2.4125621196727645e-19
1.8452550114666665e-05 -2.420280609195068e-19
1.848236037333333e-05 -2.297845257550511e-19
1.8512170632e-05 -2.350980578167397e-19
1.8541980890666665e-05 -2.4741949687236695e-19
1.8571791149333334e-05 -2.4232048136512e-19
1.8601601408e-05 -2.352050147499249e-19
1.863141166666667e-05 -2.3710104848211027e-19
1.8661221925333335e-05 -2.451853780990652e-19
1.8691032184e-05 -2.492210565707095e-19
1.8720842442666666e-05 -2.3804667986030448e-19
1.8750652701333335e-05 -2.354484067412806e-19
1.878046296e-05 -2.517605173164684e-19
1.8810273218666666e-05 -2.509780480162108e-19
1.884008347733333e-05 -2.4036597713629664e-19
1.8869893735999997e-05 -2.4273199066422913e-19
1.8899703994666666e-05 -2.490857196207663e-19
1.8929514253333335e-05 -2.5494057962232684e-19
1.8959324512e-05 -2.463751488654804e-19
1.8989134770666666e-05 -2.384462092154009e-19
1.9018945029333335e-05 -2.5182016350182705e-19
1.9048755288e-05 -2.5659634293885435e-19
1.9078565546666667e-05 -2.4676938753461665e-19
1.9108375805333332e-05 -2.4425705547586e-19
1.9138186063999998e-05 -2.507566944368369e-19
1.9167996322666667e-05 -2.5715814042246633e-19
1.9197806581333332e-05 -2.5192788885998715e-19
1.9227616839999998e-05 -2.4311832422423893e-19
1.9257427098666667e-05 -2.5095131791114293e-19
1.9287237357333336e-05 -2.59170227855854e-19
1.9317047616e-05 -2.517763629104187e-19
1.9346857874666667e-05 -2.4600777234581307e-19
1.9376668133333333e-05 -2.4926877246794326e-19
1.9406478392000002e-05 -2.561791735676987e-19
1.9436288650666667e-05 -2.551384670199944e-19
1.9466098909333333e-05 -2.443769838958028e-19
1.9495909168e-05 -2.4799253609608086e-19
1.9525719426666664e-05 -2.599620144946872e-19
1.9555529685333333e-05 -2.532644140926357e-19
1.9585339944e-05 -2.446330776335338e-19
1.9615150202666668e-05 -2.484160053586664e-19
1.9644960461333333e-05 -2.5397425360650995e-19
1.9674770720000002e-05 -2.562909760448229e-19
1.9704580978666668e-05 -2.4704187448713086e-19
1.9734391237333333e-05 -2.419015629701951e-19
1.9764201496e-05 -2.557329179069422e-19
1.9794011754666668e-05 -2.5516484438509863e-19
1.9823822013333334e-05 -2.4273843614983286e-19
1.9853632272e-05 -2.440201116130353e-19
1.9883442530666665e-05 -2.4842727398261095e-19
1.991325278933333e-05 -2.536346560243733e-19
1.9943063048e-05 -2.4683700887868313e-19
1.997287330666667e-05 -2.3758596878982973e-19
2.0002683565333334e-05 -2.5097730095816113e-19
2.0032493824e-05 -2.523709730062719e-19
2.006230408266667e-05 -2.4034822372894013e-19
2.0092114341333334e-05 -2.4058247594743457e-19
2.01219246e-05 -2.426997575892003e-19
2.0151734858666665e-05 -2.480781172457946e-19
2.018154511733333e-05 -2.43879695948913e-19
2.0211355376e-05 -2.315371310307975e-19
2.0241165634666666e-05 -2.4001669606421224e-19
2.027097589333333e-05 -2.4852021191596424e-19
2.0300786152e-05 -2.3857712830373765e-19
2.033059641066667e-05 -2.33999141246371e-19
2.0360406669333335e-05 -2.3788482078480987e-19
2.0390216928e-05 -2.4107843507082643e-19
2.0420027186666666e-05 -2.402200045668031e-19
2.0449837445333335e-05 -2.2877510749734e-19
2.0479647704e-05 -2.296231325584438e-19
2.0509457962666666e-05 -2.412904535701445e-19
2.0539268221333332e-05 -2.3269529801654873e-19
2.0569078479999997e-05 -2.251795443719666e-19
2.0598888738666666e-05 -2.2782027332788167e-19
2.0628698997333332e-05 -2.30011322041091e-19
2.0658509256e-05 -2.3377692162676654e-19
2.0688319514666667e-05 -2.234038469374235e-19
2.0718129773333336e-05 -2.180047627445878e-19
2.0747940032e-05 -2.306368905134234e-19
2.0777750290666667e-05 -2.2659094094708937e-19
2.0807560549333332e-05 -2.1608154279974166e-19
2.0837370808e-05 -2.1875468464228383e-19
2.0867181066666667e-05 -2.1947712129303674e-19
2.0896991325333333e-05 -2.219794090052324e-19
2.0926801583999998e-05 -2.1762366374111643e-19
2.0956611842666664e-05 -2.0465007394286782e-19
2.0986422101333333e-05 -2.1452499996014468e-19
2.1016232360000002e-05 -2.2142535746438414e-19
2.1046042618666667e-05 -2.0575420566522686e-19
2.1075852877333333e-05 -2.0418319906288126e-19
2.1105663136000002e-05 -2.0925720916360575e-19
2.1135473394666668e-05 -2.1028324092115042e-19
2.1165283653333333e-05 -2.0735277242744848e-19
2.1195093912e-05 -1.9331750167914643e-19
2.1224904170666664e-05 -1.9747379856737595e-19
2.1254714429333333e-05 -2.0823768927162699e-19
2.1284524688e-05 -1.9496526678975231e-19
2.1314334946666665e-05 -1.8847577895019505e-19
2.1344145205333334e-05 -1.9273769564019994e-19
2.1373955464000003e-05 -1.9442543890469844e-19
2.1403765722666668e-05 -1.9561169134744346e-19
2.1433575981333334e-05 -1.8198062230419716e-19
2.146338624e-05 -1.7933718544508755e-19
2.149319649866667e-05 -1.9348983499228804e-19
2.1523006757333334e-05 -1.8465361475686263e-19
2.1552817016e-05 -1.7314719872124287e-19
2.1582627274666665e-05 -1.7637320917264253e-19
2.161243753333333e-05 -1.7902089744939118e-19
2.1642247792e-05 -1.7962397808120556e-19
2.1672058050666665e-05 -1.6860379831661289e-19
2.1701868309333334e-05 -1.6123815162325023e-19
2.1731678568e-05 -1.7407716986107193e-19
2.176148882666667e-05 -1.7301669888822628e-19
2.1791299085333335e-05 -1.5649919834295451e-19
2.1821109344e-05 -1.579909974032227e-19
2.1850919602666666e-05 -1.629340272456135e-19
2.188072986133333e-05 -1.6200672331997347e-19
2.191054012e-05 -1.580573650494592e-19
2.1940350378666666e-05 -1.4471059226555701e-19
2.197016063733333e-05 -1.5017725467012833e-19
2.1999970895999997e-05 -1.5911350458719613e-19
2.202978115466667e-05 -1.4307647163626103e-19
2.2059591413333335e-05 -1.384852543029465e-19
2.2089401672e-05 -1.4400021364384595e-19
2.2119211930666666e-05 -1.4493862452594553e-19
2.2149022189333335e-05 -1.4139227280237915e-19
2.2178832448e-05 -1.2682164479936873e-19
2.2208642706666667e-05 -1.3180612346400899e-19
2.2238452965333332e-05 -1.4282804568731418e-19
2.2268263223999998e-05 -1.2867183567554404e-19
2.2298073482666667e-05 -1.2128931582179334e-19
2.2327883741333332e-05 -1.25073171482697e-19
2.2357693999999998e-05 -1.254429115137121e-19
2.2387504258666667e-05 -1.254426083311922e-19
2.2417314517333336e-05 -1.1439397330386509e-19
2.2447124776e-05 -1.0876716379097656e-19
2.2476935034666667e-05 -1.2304519908620685e-19
2.2506745293333333e-05 -1.1807304144643852e-19
2.2536555552000002e-05 -1.0197614070024526e-19
2.2566365810666667e-05 -1.0700379206668188e-19
2.2596176069333333e-05 -1.0944469005016613e-19
2.2625986328e-05 -1.0815355224962829e-19
2.2655796586666664e-05 -1.0016915012922056e-19
2.2685606845333333e-05 -8.964347607888932e-20
2.2715417104e-05 -1.0288922918613108e-19
2.2745227362666668e-05 -1.0231948296667034e-19
2.2775037621333333e-05 -8.438506007317148e-20
2.2804847880000002e-05 -8.701141582978955e-20
2.2834658138666668e-05 -9.096453498028439e-20
2.2864468397333334e-05 -9.130527754394297e-20
2.2894278656e-05 -8.619573015192354e-20
2.2924088914666665e-05 -7.156023823721616e-20
2.2953899173333334e-05 -8.055650253863392e-20
2.2983709432e-05 -8.879562672533195e-20
2.3013519690666665e-05 -7.005538148989463e-20
2.304332994933333e-05 -6.56369868409213e-20
2.3073140208000003e-05 -7.245523094301208e-20
2.310295046666667e-05 -7.138564960803804e-20
2.3132760725333334e-05 -6.876237650084438e-20
2.3162570984e-05 -5.626311501688026e-20
2.319238124266667e-05 -5.643934407947565e-20
2.3222191501333334e-05 -7.061091984100865e-20
2.325200176e-05 -5.846499548458078e-20
2.3281812018666666e-05 -4.528975777442532e-20
2.331162227733333e-05 -5.31090634637271e-20
2.3341432536e-05 -5.479547562761867e-20
2.3371242794666666e-05 -5.095141100585211e-20
2.340105305333333e-05 -3.969758312835513e-20
2.3430863312e-05 -3.321901942817915e-20
2.346067357066667e-05 -5.080283735663626e-20
2.3490483829333335e-05 -4.380779863381404e-20
2.3520294088e-05 -2.2965049416827147e-20
2.3550104346666666e-05 -3.2162837341186964e-20
2.3579914605333335e-05 -3.4506814424992466e-20
2.3609724864e-05 -3.1023970208830434e-20
2.3639535122666666e-05 -2.6511207501291205e-20
2.3669345381333332e-05 -1.5090522299435366e-20
2.3699155639999998e-05 -2.6544126768522616e-20
2.3728965898666667e-05 -2.893489575649798e-20
2.3758776157333332e-05 -7.875938237235465e-21
2.3788586416e-05 -8.047737224901795e-21
2.3818396674666667e-05 -1.6422404614750478e-20
2.3848206933333336e-05 -1.2777629180594243e-20
2.3878017192e-05 -5.975851990487981e-21
2.3907827450666667e-05 5.160758839185955e-21
2.3937637709333332e-05 -4.922993850507977e-22
2.3967447967999998e-05 -1.1421474077844287e-20
2.3997258226666667e-05 7.891573774088476e-21
2.4027068485333333e-05 1.5823615954421282e-20
2.4056878743999998e-05 1.748717506523397e-21
2.4086689002666664e-05 4.676462159479796e-21
2.4116499261333336e-05 1.268152717248506e-20
2.4146309520000002e-05 2.133450941428638e-20
2.4176119778666667e-05 2.2634431927147065e-20
2.4205930037333333e-05 9.709536087086594e-21
2.4235740296000002e-05 2.215245479874483e-20
2.4265550554666668e-05 3.782692510470708e-20
2.4295360813333333e-05 2.5045621507247646e-20
2.4325171072e-05 2.3236022713750678e-20
2.4354981330666664e-05 3.209325857627173e-20
2.4384791589333333e-05 3.975654765604411e-20
2.4414601848e-05 4.387756334283942e-20
2.4444412106666665e-05 2.915203438468845e-20
2.4474222365333334e-05 3.554021151621857e-20
2.4504032624000003e-05 5.693266325814329e-20
2.4533842882666668e-05 4.6549400469336896e-20
2.4563653141333334e-05 4.188638473913438e-20
2.45934634e-05 5.1631313566934337e-20
2.4623273658666665e-05 5.72988558197277e-20
2.4653083917333334e-05 6.480488060419722e-20
2.4682894176e-05 5.324511648651923e-20
2.4712704434666665e-05 5.0470898319280854e-20
2.474251469333333e-05 7.384270454811293e-20
2.4772324952e-05 7.128891239708941e-20
2.480213521066667e-05 5.954408484913538e-20
2.4831945469333334e-05 6.677259922620555e-20
2.4861755728e-05 7.403796808795406e-20
2.489156598666667e-05 8.205829062154422e-20
2.4921376245333335e-05 7.68433989682237e-20
2.4951186504e-05 6.822525318884988e-20
2.4980996762666666e-05 8.610174535873947e-20
2.501080702133333e-05 9.387934210006195e-20
2.504061728e-05 7.913050718706697e-20
2.5070427538666666e-05 8.291882263987914e-20
2.510023779733333e-05 9.252473121553825e-20
2.5130048055999997e-05 9.608943577692927e-20
2.515985831466667e-05 9.76699796162689e-20
2.5189668573333335e-05 8.579864707737243e-20
2.5219478832e-05 9.609399855132831e-20
2.5249289090666666e-05 1.1438326882639292e-19
2.5279099349333335e-05 1.0010497159310764e-19
2.5308909608e-05 9.753303708672377e-20
2.5338719866666667e-05 1.0883279852768254e-19
2.5368530125333332e-05 1.139855284828875e-19
2.5398340383999998e-05 1.1642882604214675e-19
2.5428150642666667e-05 1.0450266589213578e-19
2.5457960901333332e-05 1.093648975495945e-19
2.5487771159999998e-05 1.292572702448646e-19
2.5517581418666667e-05 1.204819599801294e-19
2.5547391677333336e-05 1.1097861701630826e-19
2.5577201936e-05 1.232280514803125e-19
2.5607012194666667e-05 1.2890320717246934e-19
2.5636822453333333e-05 1.3084820118031621e-19
2.5666632712e-05 1.261583920897407e-19
2.5696442970666667e-05 1.2128928014544811e-19
2.5726253229333333e-05 1.4073489768703067e-19
2.5756063488e-05 1.4225272204698065e-19
2.5785873746666664e-05 1.2705819191801897e-19
2.5815684005333333e-05 1.3534767424657005e-19
2.5845494264000002e-05 1.4309259193022855e-19
2.5875304522666668e-05 1.469832841183445e-19
2.5905114781333333e-05 1.4268164025782923e-19
2.5934925040000002e-05 1.3294938439050308e-19
2.5964735298666668e-05 1.5069504283393409e-19
2.5994545557333334e-05 1.5989030470385126e-19
2.6024355816e-05 1.4344714759704522e-19
2.6054166074666665e-05 1.461656002839303e-19
2.6083976333333334e-05 1.5797138076150567e-19
2.6113786592e-05 1.5887485706163453e-19
2.6143596850666665e-05 1.5721155229806673e-19
2.617340710933333e-05 1.501583797394525e-19
2.6203217368000003e-05 1.5646374533953187e-19
2.623302762666667e-05 1.7252691793393161e-19
2.6262837885333334e-05 1.6018048745340752e-19
2.6292648144e-05 1.53340971870056e-19
2.632245840266667e-05 1.6889266454398613e-19
2.6352268661333334e-05 1.7079933658420394e-19
2.638207892e-05 1.7153625151787957e-19
2.6411889178666666e-05 1.633805578337679e-19
2.644169943733333e-05 1.6239542343562241e-19
2.6471509696e-05 1.8355546911786558e-19
2.6501319954666666e-05 1.754063912522479e-19
2.653113021333333e-05 1.6307487005406824e-19
2.6560940472e-05 1.7531268941952378e-19
2.659075073066667e-05 1.8159496684881843e-19
2.6620560989333335e-05 1.8077972233146232e-19
2.6650371248e-05 1.7446780221234741e-19
2.6680181506666666e-05 1.7264179521719343e-19
2.6709991765333332e-05 1.8869826309908737e-19
2.6739802024e-05 1.9004153097068473e-19
2.6769612282666666e-05 1.7399863039698697e-19
2.6799422541333332e-05 1.8136793946538056e-19
2.6829232799999998e-05 1.9319301252332837e-19
2.6859043058666667e-05 1.8798458045500158e-19
2.6888853317333336e-05 1.8525294159606426e-19
2.6918663576e-05 1.815141211696604e-19
2.6948473834666667e-05 1.9138150308672223e-19
2.6978284093333336e-05 2.0175539364445074e-19
2.7008094352e-05 1.8310924551793206e-19
2.7037904610666667e-05 1.8478133531983616e-19
2.7067714869333333e-05 1.9967443711779703e-19
2.7097525127999998e-05 1.9688489183395615e-19
2.7127335386666667e-05 1.964497360377819e-19
2.7157145645333333e-05 1.896167807981188e-19
2.7186955904e-05 1.962353038587367e-19
2.7216766162666664e-05 2.0951511457462661e-19
2.7246576421333336e-05 1.9514655129330153e-19
2.7276386680000002e-05 1.903233914007732e-19
2.7306196938666668e-05 2.0357585914529362e-19
2.7336007197333333e-05 2.059494651369605e-19
2.7365817456e-05 2.027908103359569e-19
2.7395627714666668e-05 1.9800657779240157e-19
2.7425437973333333e-05 1.98976909836694e-19
2.7455248232e-05 2.1370250721117085e-19
2.7485058490666665e-05 2.0966951732889724e-19
2.7514868749333334e-05 1.9578673330403593e-19
2.7544679008e-05 2.0695148579519339e-19
2.7574489266666665e-05 2.136741598001506e-19
2.7604299525333334e-05 2.1049014624791298e-19
2.7634109784000003e-05 2.0748644356881918e-19
2.766392004266667e-05 2.0133422871928705e-19
2.7693730301333334e-05 2.147514017333476e-19
2.772354056e-05 2.187794220016534e-19
2.7753350818666665e-05 2.0202170515836199e-19
2.7783161077333334e-05 2.089228947171565e-19
2.7812971336e-05 2.1864946217487643e-19
2.7842781594666665e-05 2.1618809422571318e-19
2.787259185333333e-05 2.1464553162355165e-19
2.7902402112e-05 2.0748505178863728e-19
2.793221237066667e-05 2.166528901893741e-19
2.7962022629333335e-05 2.2746318746511973e-19
2.7991832888e-05 2.1088981752855256e-19
2.802164314666667e-05 2.0846684350450712e-19
2.8051453405333335e-05 2.2215175473002416e-19
2.8081263664e-05 2.2107665018692535e-19
2.8111073922666666e-05 2.1708321694540633e-19
2.814088418133333e-05 2.1302112174261056e-19
2.817069444e-05 2.1616867785560661e-19
2.8200504698666666e-05 2.289435351047762e-19
2.8230314957333332e-05 2.205684442260853e-19
2.8260125215999997e-05 2.0935031096432688e-19
2.828993547466667e-05 2.2265560928722763e-19
2.8319745733333335e-05 2.2690181339068916e-19
2.8349555992e-05 2.198199250785e-19
2.8379366250666666e-05 2.1610158879365741e-19
2.8409176509333332e-05 2.1524332371771083e-19
2.8438986768e-05 2.278324652374371e-19
2.8468797026666667e-05 2.2481496325113515e-19
2.8498607285333332e-05 2.0886472621668774e-19
2.8528417543999998e-05 2.1981866115504516e-19
2.8558227802666667e-05 2.2702578483533955e-19
2.8588038061333332e-05 2.2047655118348027e-19
2.8617848319999998e-05 2.167254270509487e-19
2.8647658578666667e-05 2.1349942051469977e-19
2.8677468837333336e-05 2.2537190972363273e-19
2.8707279096e-05 2.2676230647554546e-19
2.8737089354666667e-05 2.099699370380906e-19
2.8766899613333333e-05 2.134486574676324e-19
2.8796709872e-05 2.240992274606313e-19
2.8826520130666667e-05 2.203917983320631e-19
2.8856330389333333e-05 2.1479453719329164e-19
2.8886140648e-05 2.1089928545684735e-19
2.8915950906666664e-05 2.1633516344648567e-19
2.8945761165333333e-05 2.2651545041330075e-19
2.8975571424000002e-05 2.127079853149765e-19
2.9005381682666668e-05 2.0456342079192797e-19
2.9035191941333333e-05 2.200038469784121e-19
2.9065002200000002e-05 2.1963865530745915e-19
2.9094812458666668e-05 2.1218676684803636e-19
2.9124622717333334e-05 2.068104156366083e-19
2.9154432976e-05 2.0811125834004438e-19
2.9184243234666665e-05 2.2175181610817845e-19
2.9214053493333334e-05 2.108068938844773e-19
2.9243863752e-05 1.9677286633880094e-19
2.9273674010666665e-05 2.1041432751368351e-19
2.930348426933333e-05 2.15992760795294e-19
2.9333294528000003e-05 2.084861239803371e-19
2.936310478666667e-05 2.0117307960202652e-19
2.9392915045333334e-05 2.0019311856358318e-19
2.9422725304e-05 2.1304248027845522e-19
2.9452535562666665e-05 2.0908761375025932e-19
2.9482345821333334e-05 1.8960441424052826e-19
2.951215608e-05 1.980373524085626e-19
2.9541966338666666e-05 2.0910641815610283e-19
2.957177659733333e-05 1.9980549388133807e-19
2.9601586856e-05 1.9334156009732246e-19
2.9631397114666666e-05 1.9136240255830426e-19
2.9661207373333335e-05 2.0082652792934194e-19
2.9691017632e-05 2.0409039291914489e-19
2.972082789066667e-05 1.8635773111351701e-19
2.9750638149333335e-05 1.855817886434461e-19
2.9780448408e-05 1.9836339974599301e-19
2.9810258666666666e-05 1.9461611931673214e-19
2.9840068925333332e-05 1.8419173752478393e-19
2.9869879184e-05 1.8004722787749658e-19
2.9899689442666666e-05 1.8821854523614914e-19
2.9929499701333332e-05 1.9587826898845537e-19
2.9959309959999998e-05 1.7711613791843446e-19
2.9989120218666667e-05 1.7056837105841013e-19
3.0018930477333336e-05 1.8862644495081436e-19
3.0048740736e-05 1.8442928972234293e-19
3.0078550994666667e-05 1.7544627316384377e-19
3.0108361253333332e-05 1.7118562105342987e-19
3.0138171512e-05 1.7226242725941057e-19
3.0167981770666667e-05 1.8495823144967241e-19
3.0197792029333333e-05 1.717332782625396e-19
3.0227602287999998e-05 1.5780120134896878e-19
3.0257412546666667e-05 1.7092158060666664e-19
3.0287222805333333e-05 1.7412690749302194e-19
3.0317033064e-05 1.6495558159945156e-19
3.0346843322666664e-05 1.5711030183009878e-19
3.0376653581333336e-05 1.5645814854084839e-19
3.0406463840000002e-05 1.6972616071215402e-19
3.0436274098666668e-05 1.6486223914755263e-19
3.0466084357333333e-05 1.438313929534671e-19
3.0495894616e-05 1.5381557625686457e-19
3.052570487466667e-05 1.6560586737071044e-19
3.055551513333333e-05 1.5256872202356677e-19
3.0585325392e-05 1.4357385861234012e-19
3.061513565066667e-05 1.4257196049086454e-19
3.064494590933333e-05 1.520475276854897e-19
3.0674756168e-05 1.5349335081800496e-19
3.070456642666667e-05 1.3215063504901255e-19
3.073437668533334e-05 1.33225155212553e-19
3.0764186944e-05 1.4953752524147355e-19
3.079399720266667e-05 1.4198684086895622e-19
3.082380746133333e-05 1.298313745447477e-19
3.085361772e-05 1.2657922754030762e-19
3.088342797866667e-05 1.352746039556745e-19
3.091323823733333e-05 1.4064552979927053e-19
3.0943048496e-05 1.2097712972458269e-19
3.097285875466667e-05 1.1570570273138072e-19
3.100266901333333e-05 1.3174386480919577e-19
3.1032479272e-05 1.2783212767681394e-19
3.106228953066667e-05 1.1523880253208251e-19
3.109209978933334e-05 1.110696228551884e-19
3.1121910048e-05 1.1625631230129397e-19
3.115172030666667e-05 1.2550389118427436e-19
3.118153056533333e-05 1.114175038762517e-19
3.1211340824e-05 9.771303055171914e-20
3.124115108266667e-05 1.1352761630895754e-19
3.127096134133333e-05 1.157018261898151e-19
3.13007716e-05 9.970830929074804e-20
3.133058185866666e-05 9.626354448927267e-20
3.136039211733333e-05 9.830310888246142e-20
3.1390202376e-05 1.0669553401805642e-19
3.142001263466667e-05 1.013277485378382e-19
3.144982289333333e-05 7.951499420187354e-20
3.1479633152e-05 9.003157083079129e-20
3.150944341066667e-05 1.0337206589030386e-19
3.153925366933333e-05 8.79169848724643e-20
3.1569063928e-05 7.91612566981471e-20
3.159887418666666e-05 8.094084821510908e-20
3.162868444533333e-05 8.911161054657308e-20
3.1658494704e-05 8.792122245190104e-20
3.1688304962666664e-05 6.768330930083312e-20
3.171811522133333e-05 6.791901696052098e-20
3.174792548e-05 8.422718770788751e-20
3.177773573866667e-05 7.426571020835664e-20
3.180754599733333e-05 5.868766173514477e-20
3.1837356256e-05 6.350503460818559e-20
3.1867166514666664e-05 6.896357472346148e-20
3.189697677333333e-05 7.096142671944809e-20
3.1926787032e-05 5.522830301449885e-20
3.1956597290666664e-05 4.6290484185343665e-20
3.198640754933333e-05 6.737346575194317e-20
3.2016217808e-05 6.017137696604953e-20
3.2046028066666664e-05 4.328110026635607e-20
3.207583832533333e-05 4.4772470448348835e-20
3.2105648584e-05 4.870192591017608e-20
3.213545884266667e-05 5.557776395137283e-20
3.2165269101333334e-05 3.890584528207329e-20
3.219507936e-05 2.6226425697004892e-20
3.2224889618666665e-05 4.4238375117789695e-20
3.2254699877333334e-05 4.6735942830097725e-20
3.2284510136e-05 2.761129391027834e-20
3.2314320394666665e-05 2.2281205945600157e-20
3.2344130653333334e-05 3.0862409243098415e-20
3.2373940911999996e-05 3.5118373060635124e-20
3.2403751170666665e-05 2.4876882486140052e-20
3.2433561429333334e-05 8.243760043097446e-21
3.2463371688e-05 1.791336358851865e-20
3.2493181946666665e-05 2.9625354075291047e-20
3.2522992205333334e-05 9.775169416199312e-21
3.2552802464e-05 1.3677735810507924e-21
3.2582612722666665e-05 9.867082155691801e-21
3.2612422981333334e-05 1.3179172015268024e-20
3.264223324e-05 8.88114619578536e-21
3.2672043498666666e-05 -9.382896751783448e-21
3.2701853757333335e-05 -6.926228232858213e-21
3.2731664016e-05 9.740208177726746e-21
3.2761474274666666e-05 -5.631009825229239e-21
3.2791284533333335e-05 -1.983041227406514e-20
3.2821094792000004e-05 -1.2730669173594834e-20
3.2850905050666666e-05 -8.988714003708567e-21
3.2880715309333335e-05 -1.0701894976018598e-20
3.2910525568e-05 -2.7069564726702435e-20
3.2940335826666666e-05 -3.1681117636332115e-20
3.2970146085333335e-05 -1.152920849885839e-20
3.2999956344e-05 -2.1515945297898563e-20
3.3029766602666666e-05 -4.0806390824314434e-20
3.3059576861333335e-05 -3.420275408720914e-20
3.308938712e-05 -3.103840631659016e-20
3.311919737866667e-05 -3.0017642235540545e-20
3.3149007637333336e-05 -4.1001189219898147e-20
3.3178817896000005e-05 -5.58493832926144e-20
3.320862815466667e-05 -3.8313071601124794e-20
3.3238438413333336e-05 -3.656643778580252e-20
3.3268248672e-05 -6.098957673911081e-20
3.329805893066667e-05 -5.83001289744145e-20
3.3327869189333336e-05 -5.0942984589411645e-20
3.3357679448000005e-05 -5.2532392360927423e-20
3.338748970666667e-05 -5.727572762712722e-20
3.3417299965333336e-05 -7.366276516090319e-20
3.3447110224e-05 -6.43292387680856e-20
3.347692048266667e-05 -5.248412310247619e-20
3.350673074133333e-05 -7.60556795040183e-20
3.3536541e-05 -8.082075192605852e-20
3.356635125866666e-05 -7.036829942441892e-20
3.359616151733334e-05 -7.286310269712975e-20
3.3625971776e-05 -7.639212330560841e-20
3.365578203466667e-05 -9.184254141401811e-20
3.368559229333334e-05 -8.856442536597981e-20
3.3715402552e-05 -7.194271918799249e-20
3.374521281066667e-05 -9.104041981256009e-20
3.377502306933333e-05 -1.0311539415729594e-19
3.3804833328e-05 -9.044949828565985e-20
3.383464358666666e-05 -8.879361539286477e-20
3.386445384533334e-05 -9.518790735748419e-20
3.3894264104e-05 -1.0848019873208036e-19
3.392407436266667e-05 -1.1056492675621356e-19
3.395388462133333e-05 -9.325843318747553e-20
3.398369488e-05 -1.0259664439877124e-19
3.401350513866667e-05 -1.219900265422003e-19
3.404331539733333e-05 -1.114387839813796e-19
3.4073125656e-05 -1.0667944972965815e-19
3.410293591466667e-05 -1.1423717419291347e-19
3.413274617333334e-05 -1.200283449941954e-19
3.4162556432e-05 -1.2785467805405136e-19
3.419236669066667e-05 -1.1561633950524017e-19
3.422217694933333e-05 -1.1398342563720295e-19
3.4251987208e-05 -1.3726950443500894e-19
3.428179746666666e-05 -1.3227726374669824e-19
3.431160772533333e-05 -1.2362316721531598e-19
3.4341417984e-05 -1.3147896124972318e-19
3.437122824266667e-05 -1.34278516932347e-19
3.440103850133334e-05 -1.444555204534234e-19
3.443084876e-05 -1.3793345216143965e-19
3.446065901866667e-05 -1.2735805749368814e-19
3.449046927733333e-05 -1.4941605964844377e-19
3.4520279536e-05 -1.5270243053588386e-19
3.455008979466666e-05 -1.386203072273814e-19
3.457990005333333e-05 -1.4555620767821104e-19
3.4609710311999994e-05 -1.5047491077943048e-19
3.463952057066667e-05 -1.5869688644861509e-19
3.466933082933333e-05 -1.5794386760975404e-19
3.4699141088e-05 -1.441638705520823e-19
3.472895134666667e-05 -1.6098148524686173e-19
3.475876160533333e-05 -1.7097928077964787e-19
3.4788571864e-05 -1.5659675127035976e-19
3.4818382122666664e-05 -1.5869726453031655e-19
3.484819238133333e-05 -1.6569542032571366e-19
3.4878002639999995e-05 -1.7101063290510942e-19
3.490781289866667e-05 -1.734710929189065e-19
3.493762315733333e-05 -1.6238784322269546e-19
3.4967433416e-05 -1.6727498746234454e-19
3.4997243674666664e-05 -1.860315234280692e-19
3.502705393333333e-05 -1.7651058847270256e-19
3.5056864192e-05 -1.6888634241421192e-19
3.5086674450666664e-05 -1.8080397784103267e-19
3.511648470933333e-05 -1.831130698035878e-19
3.5146294968e-05 -1.8810876156389015e-19
3.517610522666667e-05 -1.8054306412601998e-19
3.520591548533333e-05 -1.760486710955521e-19
3.5235725744e-05 -1.9738878847191344e-19
3.5265536002666665e-05 -1.907329097689552e-19
3.5295346261333334e-05 -1.8133335088518292e-19
3.5325156519999996e-05 -1.9356741262199201e-19
3.5354966778666665e-05 -1.946422873353637e-19
3.5384777037333334e-05 -1.995163570138823e-19
3.5414587296e-05 -1.9683290673667662e-19
3.544439755466667e-05 -1.897706235249793e-19
3.5474207813333334e-05 -2.0612761522631956e-19
3.5504018072e-05 -2.07836711094515e-19
3.5533828330666665e-05 -1.9535771025832154e-19
3.5563638589333334e-05 -2.0173672704527572e-19
3.5593448847999996e-05 -2.0666100469485086e-19
3.5623259106666665e-05 -2.0877097213453392e-19
3.565306936533333e-05 -2.0971154617502372e-19
3.5682879624e-05 -2.0199399526128026e-19
3.5712689882666666e-05 -2.1212659965830087e-19
3.5742500141333335e-05 -2.2078267770180044e-19
3.5772310400000004e-05 -2.0695063058071774e-19
3.5802120658666666e-05 -2.1145004000699907e-19
3.5831930917333335e-05 -2.2019486141403275e-19
3.5861741176e-05 -2.1578707031840103e-19
3.5891551434666666e-05 -2.2186050646708067e-19
3.592136169333333e-05 -2.157796045093375e-19
3.5951171952000004e-05 -2.1461971317755388e-19
3.5980982210666666e-05 -2.320299500242952e-19
3.6010792469333335e-05 -2.2143256957359173e-19
3.6040602728e-05 -2.1504734217969654e-19
3.6070412986666666e-05 -2.291463996370569e-19
3.6100223245333335e-05 -2.266766939779836e-19
3.6130033504e-05 -2.2838989899167607e-19
3.6159843762666667e-05 -2.2866527398997465e-19
3.618965402133333e-05 -2.2268645619356465e-19
3.6219464280000005e-05 -2.3639837962236276e-19
3.624927453866667e-05 -2.3428781056945635e-19
3.6279084797333336e-05 -2.2309466262200937e-19
3.6308895056e-05 -2.3461694079107517e-19
3.633870531466667e-05 -2.34671421118568e-19
3.636851557333333e-05 -2.3464260303942187e-19
3.6398325832e-05 -2.379862299789752e-19
3.642813609066667e-05 -2.298679274021093e-19
3.6457946349333336e-05 -2.412952358819887e-19
3.6487756608000005e-05 -2.4491343157848e-19
3.651756686666667e-05 -2.328373657464819e-19
3.6547377125333336e-05 -2.4145791198845355e-19
3.6577187384e-05 -2.4477548371667645e-19
3.660699764266667e-05 -2.4134655238941554e-19
3.663680790133333e-05 -2.4692050036244703e-19
3.666661816e-05 -2.408224803493871e-19
3.669642841866666e-05 -2.4168359925591925e-19
3.672623867733334e-05 -2.5324154127152025e-19
3.6756048936e-05 -2.4312903568583893e-19
3.678585919466667e-05 -2.422747811839405e-19
3.681566945333334e-05 -2.5249568197864234e-19
3.6845479712e-05 -2.464312158144431e-19
3.687528997066667e-05 -2.5117940572863194e-19
3.690510022933333e-05 -2.492093424061043e-19
3.6934910488e-05 -2.4458230030535133e-19
3.696472074666666e-05 -2.5931536220967563e-19
3.699453100533334e-05 -2.5176986537665606e-19
3.7024341264e-05 -2.4561737251791735e-19
3.705415152266667e-05 -2.561036087013175e-19
3.708396178133333e-05 -2.4953984660665947e-19
3.711377204e-05 -2.5375770518634547e-19
3.714358229866667e-05 -2.571892694816366e-19
3.717339255733333e-05 -2.462458148446132e-19
3.7203202816e-05 -2.570601740493827e-19
3.723301307466666e-05 -2.6049898406469077e-19
3.726282333333334e-05 -2.5071546431865745e-19
3.7292633592e-05 -2.568539537094841e-19
3.732244385066667e-05 -2.564967130966228e-19
3.735225410933333e-05 -2.540215239426547e-19
3.7382064368e-05 -2.602218626477397e-19
3.741187462666666e-05 -2.52512650251124e-19
3.744168488533333e-05 -2.53893153848773e-19
3.7471495144e-05 -2.6371812563285047e-19
3.750130540266667e-05 -2.5170675569480503e-19
3.753111566133334e-05 -2.542346020856573e-19
3.756092592e-05 -2.600598634572705e-19
3.759073617866667e-05 -2.5364366620079865e-19
3.762054643733333e-05 -2.616387682717908e-19
3.7650356696e-05 -2.54321286930256e-19
3.768016695466666e-05 -2.503570520941503e-19
3.770997721333333e-05 -2.637601037041119e-19
3.7739787471999994e-05 -2.5389068778469855e-19
3.776959773066667e-05 -2.5071112621470824e-19
3.779940798933333e-05 -2.5790325510315886e-19
3.7829218248e-05 -2.5204974494901594e-19
3.785902850666667e-05 -2.5706080998438857e-19
3.788883876533333e-05 -2.5553053575459744e-19
3.7918649024e-05 -2.4705427969214656e-19
3.7948459282666664e-05 -2.5844229233771704e-19
3.797826954133333e-05 -2.568786697280973e-19
3.8008079799999995e-05 -2.464641511770523e-19
3.803789005866667e-05 -2.526207867404455e-19
3.806770031733333e-05 -2.514851847851235e-19
3.8097510576e-05 -2.522228927095919e-19
3.8127320834666664e-05 -2.5384276577464542e-19
3.815713109333333e-05 -2.4256608681423035e-19
3.8186941352e-05 -2.499713878620495e-19
3.8216751610666664e-05 -2.5473930134614303e-19
3.824656186933333e-05 -2.4253489009320466e-19
3.8276372127999995e-05 -2.4644594909323526e-19
3.830618238666667e-05 -2.4678035960738183e-19
3.8335992645333333e-05 -2.4549249924371424e-19
3.8365802904e-05 -2.509005482340715e-19
3.8395613162666665e-05 -2.412101273170489e-19
3.8425423421333334e-05 -2.418780830021656e-19
3.8455233679999996e-05 -2.4973536346971677e-19
3.8485043938666665e-05 -2.4075611268313763e-19
3.8514854197333334e-05 -2.3850340962891346e-19
3.8544664456e-05 -2.4108700564213007e-19
3.857447471466667e-05 -2.395202755287551e-19
3.8604284973333334e-05 -2.4368562475382295e-19
3.8634095232e-05 -2.368239543026192e-19
3.8663905490666665e-05 -2.3088715043456625e-19
3.8693715749333334e-05 -2.440730437886618e-19
3.8723526007999996e-05 -2.3900839548246217e-19
3.8753336266666665e-05 -2.2961567651642857e-19
3.878314652533333e-05 -2.363591500166552e-19
3.8812956784000003e-05 -2.326626278770413e-19
3.8842767042666666e-05 -2.3543945569754883e-19
3.8872577301333335e-05 -2.347520708054171e-19
3.8902387560000004e-05 -2.2228012843236085e-19
3.8932197818666666e-05 -2.3182770975644997e-19
3.8962008077333335e-05 -2.3478426833050045e-19
3.8991818336e-05 -2.2220194738576665e-19
3.9021628594666666e-05 -2.2501360464430273e-19
3.905143885333333e-05 -2.270104433180887e-19
3.9081249112000004e-05 -2.268371879142513e-19
3.9111059370666666e-05 -2.279925876991644e-19
3.9140869629333335e-05 -2.168098845678472e-19
3.9170679888e-05 -2.2067148597864867e-19
3.9200490146666666e-05 -2.2983661029115e-19
3.9230300405333335e-05 -2.1624718010022495e-19
3.9260110664e-05 -2.154469295927678e-19
3.9289920922666667e-05 -2.196387340661013e-19
3.931973118133333e-05 -2.1528921036546116e-19
3.9349541440000005e-05 -2.2099466271321523e-19
3.937935169866667e-05 -2.116444178450638e-19
3.9409161957333336e-05 -2.0806798981960937e-19
3.9438972216e-05 -2.226607961293702e-19
3.946878247466667e-05 -2.113245078483659e-19
3.949859273333333e-05 -2.0372776514615967e-19
3.9528402992e-05 -2.111906049381746e-19
3.955821325066667e-05 -2.0789461299032485e-19
3.9588023509333336e-05 -2.10449699954747e-19
3.9617833768000005e-05 -2.0293458254024148e-19
3.964764402666667e-05 -1.957293216479467e-19
3.9677454285333336e-05 -2.115056696471588e-19
3.9707264544e-05 -2.0489950299115324e-19
3.973707480266667e-05 -1.9234904944877283e-19
3.976688506133333e-05 -2.0119825329723492e-19
3.979669532e-05 -1.9938193492812048e-19
3.982650557866666e-05 -1.9962363647933752e-19
3.985631583733334e-05 -1.9774832132047334e-19
3.9886126096e-05 -1.8536518300853492e-19
3.991593635466667e-05 -1.969031414500098e-19
3.994574661333334e-05 -2.0063978590457088e-19
3.9975556872e-05 -1.8245230061438907e-19
4.000536713066667e-05 -1.8615570831176288e-19
4.003517738933333e-05 -1.8962046614051335e-19
4.0064987648e-05 -1.8586490096887062e-19
4.009479790666666e-05 -1.8746634004265636e-19
4.012460816533334e-05 -1.7495859908401811e-19
4.0154418424e-05 -1.8020553836366042e-19
4.018422868266667e-05 -1.9191261996961398e-19
4.021403894133333e-05 -1.7332494704617675e-19
4.02438492e-05 -1.7127059936303422e-19
4.027365945866667e-05 -1.8003182340995985e-19
4.030346971733333e-05 -1.751310580275551e-19
4.0333279976e-05 -1.7518245254332624e-19
4.036309023466666e-05 -1.646716961687912e-19
4.039290049333334e-05 -1.6339500811618766e-19
4.0422710752e-05 -1.77258190147316e-19
4.045252101066667e-05 -1.6438480564036776e-19
4.048233126933333e-05 -1.5534601659785508e-19
4.0512141528e-05 -1.6624417853625416e-19
4.054195178666666e-05 -1.635932957760641e-19
4.057176204533333e-05 -1.6118851992663505e-19
4.0601572304e-05 -1.569892140533993e-19
4.063138256266667e-05 -1.4906169992956794e-19
4.066119282133334e-05 -1.6110923473791453e-19
4.069100308e-05 -1.5748784058978755e-19
4.072081333866667e-05 -1.4081888614013798e-19
4.075062359733333e-05 -1.487871672668883e-19
4.0780433856e-05 -1.5058956652733058e-19
4.081024411466666e-05 -1.4649286493169139e-19
4.084005437333333e-05 -1.4372714312385991e-19
4.0869864631999994e-05 -1.3419682598565457e-19
4.089967489066667e-05 -1.4393641233003808e-19
4.092948514933333e-05 -1.455285031932485e-19
4.0959295408e-05 -1.2784199054631712e-19
4.098910566666667e-05 -1.314309230927309e-19
4.101891592533333e-05 -1.3722603913945336e-19
4.1048726184e-05 -1.3142496068359044e-19
4.1078536442666664e-05 -1.290550589057011e-19
4.110834670133333e-05 -1.2032440591977887e-19
4.1138156959999995e-05 -1.2265857733052513e-19
4.116796721866667e-05 -1.338527643605705e-19
4.119777747733333e-05 -1.1598680013357846e-19
4.1227587736e-05 -1.091572652029745e-19
4.1257397994666664e-05 -1.2410776159700627e-19
4.128720825333333e-05 -1.1617047816057156e-19
4.1317018512e-05 -1.1170061561465782e-19
4.1346828770666664e-05 -1.0826435546299798e-19
4.137663902933333e-05 -1.0315933001457955e-19
4.1406449287999995e-05 -1.164725125029736e-19
4.143625954666667e-05 -1.0533514588767299e-19
4.1466069805333333e-05 -9.017992129032429e-20
4.1495880064e-05 -1.0222451007342641e-19
4.1525690322666665e-05 -1.0136415049422867e-19
4.1555500581333334e-05 -9.44502881145005e-20
4.1585310839999996e-05 -9.083910826744039e-20
4.1615121098666665e-05 -8.515740088920362e-20
4.1644931357333334e-05 -9.560080250190088e-20
4.1674741616e-05 -9.127301055077065e-20
4.170455187466667e-05 -7.288892842881708e-20
4.1734362133333334e-05 -8.407721872630043e-20
4.1764172392e-05 -8.615256390908512e-20
4.1793982650666665e-05 -7.509971721661709e-20
4.1823792909333334e-05 -7.441210613036316e-20
4.1853603167999996e-05 -6.617849526689166e-20
4.1883413426666665e-05 -7.343253642656505e-20
4.191322368533333e-05 -7.633354339444191e-20
4.1943033944000003e-05 -5.652372133017599e-20
4.1972844202666666e-05 -6.008587150398034e-20
4.2002654461333335e-05 -6.830420498628621e-20
4.2032464720000004e-05 -5.914900631052631e-20
4.2062274978666666e-05 -5.570690678893859e-20
4.2092085237333335e-05 -4.9694440783625106e-20
4.2121895496e-05 -5.2365506886650267e-20
4.2151705754666666e-05 -6.065632769707933e-20
4.218151601333333e-05 -4.158756467803801e-20
4.2211326272000004e-05 -3.6445524707964684e-20
4.2241136530666666e-05 -5.002449246640807e-20
4.2270946789333335e-05 -4.059851681024474e-20
4.2300757048e-05 -3.549674014980392e-20
4.2330567306666666e-05 -3.4175068617325874e-20
4.2360377565333335e-05 -3.029522025649053e-20
4.2390187824e-05 -3.9525481870388766e-20
4.241999808266667e-05 -2.936602978682434e-20
4.244980834133333e-05 -1.7939423659179476e-20
4.2479618600000005e-05 -2.955759978661232e-20
4.250942885866667e-05 -2.647260096920143e-20
4.2539239117333336e-05 -1.7924999318063526e-20
4.2569049376e-05 -1.52139169993497e-20
4.259885963466667e-05 -1.0916000824338945e-20
4.262866989333333e-05 -1.9586549407478974e-20
4.2658480152e-05 -1.6317208145701334e-20
4.268829041066667e-05 9.274209437962408e-22
4.271810066933333e-05 -6.818763035267921e-21
4.2747910928000005e-05 -1.2021464643348621e-20
4.277772118666667e-05 -1.2630503015722393e-21
4.2807531445333336e-05 6.124032344650548e-22
4.2837341704e-05 5.16542030562535e-21
4.286715196266667e-05 1.267939592968004e-21
4.289696222133333e-05 -2.6280976341294474e-21
4.292677248e-05 1.5012035682680814e-20
4.295658273866666e-05 1.5365031502253338e-20
4.298639299733334e-05 4.36990393655872e-21
4.3016203256000006e-05 1.3708056755463596e-20
4.304601351466667e-05 1.994628473635822e-20
4.307582377333334e-05 2.034774329831049e-20
4.3105634032e-05 1.9524943978988102e-20
4.313544429066667e-05 1.3819445139530455e-20
4.316525454933333e-05 2.7534519334594826e-20
4.3195064808e-05 3.4613987040447306e-20
4.322487506666666e-05 1.972078841684864e-20
4.325468532533334e-05 2.723858433033941e-20
4.3284495584e-05 3.729526589441422e-20
4.331430584266667e-05 3.508562760148371e-20
4.334411610133333e-05 3.899151069543052e-20
4.337392636e-05 3.265218657797118e-20
4.340373661866667e-05 3.8154138646198846e-20
4.343354687733333e-05 5.342266644686245e-20
4.3463357136e-05 4.197665652444478e-20
4.349316739466666e-05 3.9615024510862875e-20
4.352297765333334e-05 5.0726014589957824e-20
4.3552787912e-05 5.262373212323985e-20
4.358259817066667e-05 5.666793204659205e-20
4.361240842933333e-05 4.98014612327357e-20
4.3642218688e-05 5.068332373942249e-20
4.367202894666666e-05 6.933471505521635e-20
4.370183920533333e-05 6.254932527357219e-20
4.3731649464e-05 5.3876053329081025e-20
4.376145972266666e-05 6.783954676962675e-20
4.379126998133334e-05 6.96804984508958e-20
4.382108024e-05 6.93315633022505e-20
4.385089049866667e-05 7.042304301292556e-20
4.388070075733333e-05 6.625557038314224e-20
4.3910511016e-05 7.908320523691897e-20
4.394032127466666e-05 8.206967721038519e-20
4.397013153333333e-05 7.190079155592518e-20
4.3999941791999994e-05 8.070729226328161e-20
4.402975205066667e-05 8.668292807333264e-20
4.405956230933334e-05 8.699585322792568e-20
4.4089372568e-05 8.907068247549873e-20
4.411918282666667e-05 8.363666630650718e-20
4.414899308533333e-05 9.366681757960161e-20
4.4178803344e-05 1.0320130298409518e-19
4.4208613602666664e-05 8.946012967487141e-20
4.423842386133333e-05 9.369688521231312e-20
4.4268234119999995e-05 1.0516070056386834e-19
4.429804437866667e-05 1.0138454105769843e-19
4.432785463733333e-05 1.0739492292443884e-19
4.4357664896e-05 1.0343827628517513e-19
4.4387475154666664e-05 1.0544876744515166e-19
4.441728541333333e-05 1.2214529644516618e-19
4.4447095672e-05 1.1025379150939456e-19
4.4476905930666664e-05 1.0891896306329964e-19
4.450671618933333e-05 1.2284179300193326e-19
4.4536526447999996e-05 1.196794350937491e-19
4.456633670666667e-05 1.2294492928383902e-19
4.4596146965333334e-05 1.1990956525765433e-19
4.4625957224e-05 1.1905905221368136e-19
4.4655767482666665e-05 1.361232870186329e-19
4.4685577741333334e-05 1.3157031215391736e-19
4.4715387999999996e-05 1.2265477426675976e-19
4.4745198258666665e-05 1.3582974144573607e-19
4.4775008517333334e-05 1.390643354472373e-19
4.4804818775999996e-05 1.3821763440478992e-19
4.483462903466667e-05 1.3924674441833349e-19
4.4864439293333334e-05 1.3496237874262237e-19
4.4894249552e-05 1.483919881456072e-19
4.4924059810666665e-05 1.51377852851333e-19
4.4953870069333334e-05 1.3778126067610046e-19
4.4983680327999997e-05 1.47990006779876e-19
4.5013490586666666e-05 1.5577716711953164e-19
4.504330084533333e-05 1.5297895542223693e-19
4.5073111104000004e-05 1.5523640307650627e-19
4.510292136266667e-05 1.50621364552612e-19
4.5132731621333335e-05 1.5958007021011147e-19
4.5162541880000004e-05 1.7011517130396581e-19
4.5192352138666666e-05 1.5661948417060603e-19
4.5222162397333335e-05 1.587967135993817e-19
4.5251972656e-05 1.7196613612576817e-19
4.5281782914666666e-05 1.686330049002018e-19
4.531159317333333e-05 1.7106800795616005e-19
4.5341403432000004e-05 1.6767362298457224e-19
4.5371213690666666e-05 1.676027932799388e-19
4.5401023949333335e-05 1.8392257002285018e-19
4.5430834208e-05 1.7425191896207105e-19
4.5460644466666666e-05 1.6907596685443974e-19
4.5490454725333335e-05 1.8441454953113644e-19
4.5520264984e-05 1.8287118870965311e-19
4.555007524266667e-05 1.8512289444596431e-19
4.557988550133333e-05 1.8321523710386547e-19
4.5609695760000005e-05 1.789238080512301e-19
4.563950601866667e-05 1.9610417813517122e-19
4.5669316277333336e-05 1.9221790357918456e-19
4.5699126536e-05 1.802053630533886e-19
4.572893679466667e-05 1.9411240382129979e-19
4.575874705333333e-05 1.980613474089704e-19
4.5788557312e-05 1.95199974500922e-19
4.581836757066667e-05 1.962364477772317e-19
4.584817782933333e-05 1.9279461068306748e-19
4.5877988088000005e-05 2.0430352499213236e-19
4.590779834666667e-05 2.0746158056734098e-19
4.5937608605333336e-05 1.936779359982527e-19
4.5967418864e-05 2.0128247493962008e-19
4.599722912266667e-05 2.104675442773713e-19
4.602703938133333e-05 2.0679285272872152e-19
4.605684964e-05 2.0649104143918508e-19
4.608665989866666e-05 2.023668075787038e-19
4.611647015733334e-05 2.1003145987343803e-19
4.6146280416000006e-05 2.1940204245436283e-19
4.617609067466667e-05 2.0600979185177727e-19
4.620590093333334e-05 2.0714625815325767e-19
4.6235711192e-05 2.1999740347462387e-19
4.626552145066667e-05 2.170802478021528e-19
4.629533170933333e-05 2.1540962969326955e-19
4.6325141968e-05 2.1279744335133533e-19
4.635495222666666e-05 2.157981213495271e-19
4.638476248533334e-05 2.2952503261524154e-19
4.6414572744e-05 2.1825740075237444e-19
4.644438300266667e-05 2.1016902447263543e-19
4.647419326133333e-05 2.2782417013668676e-19
4.650400352e-05 2.2632890085467303e-19
4.653381377866667e-05 2.21068145495548e-19
4.656362403733333e-05 2.2199335773461256e-19
4.6593434296e-05 2.1980470517229027e-19
4.662324455466666e-05 2.329019291748503e-19
4.665305481333334e-05 2.2990125685953816e-19
4.6682865072e-05 2.1608920654812092e-19
4.671267533066667e-05 2.2748427752344305e-19
4.674248558933333e-05 2.341475866367301e-19
4.6772295848e-05 2.28481295722281e-19
4.680210610666666e-05 2.2535783912608096e-19
4.683191636533333e-05 2.227309523304487e-19
4.6861726624e-05 2.3287320063880263e-19
4.689153688266666e-05 2.3808206997969267e-19
4.692134714133334e-05 2.2180661379965844e-19
4.69511574e-05 2.270416327196841e-19
4.698096765866667e-05 2.410815780411124e-19
4.701077791733333e-05 2.3208107619166155e-19
4.7040588176e-05 2.305196439425634e-19
4.707039843466666e-05 2.290554378114676e-19
4.710020869333333e-05 2.321618400044632e-19
4.7130018951999994e-05 2.440170364187441e-19
4.715982921066667e-05 2.2687447639942465e-19
4.718963946933334e-05 2.24003296106345e-19
4.7219449728e-05 2.433059112630804e-19
4.724925998666667e-05 2.349991499242858e-19
4.727907024533333e-05 2.306967085276835e-19
4.7308880504e-05 2.329541470211282e-19
4.7338690762666664e-05 2.326959580476064e-19
4.736850102133333e-05 2.440220657427197e-19
4.7398311279999995e-05 2.347885562512365e-19
4.742812153866667e-05 2.239898571349861e-19
4.745793179733333e-05 2.403332574427888e-19
4.7487742056e-05 2.421370725141722e-19
4.7517552314666664e-05 2.325184718040589e-19
4.754736257333333e-05 2.3265922711817495e-19
4.7577172832e-05 2.3085541450723654e-19
4.7606983090666664e-05 2.405425281642325e-19
4.7636793349333333e-05 2.4051821592158064e-19
4.7666603607999996e-05 2.2348275229276495e-19
4.769641386666667e-05 2.358389387908363e-19
4.7726224125333334e-05 2.453981942466209e-19
4.7756034384e-05 2.3235622375212647e-19
4.7785844642666665e-05 2.3217956240987603e-19
4.7815654901333334e-05 2.3314803536652314e-19
4.7845465159999996e-05 2.3776782690519213e-19
4.7875275418666665e-05 2.423033829683373e-19
4.7905085677333334e-05 2.2594996287398664e-19
4.7934895935999996e-05 2.3019685695862516e-19
4.796470619466667e-05 2.4527902480801166e-19
4.7994516453333334e-05 2.3259749940180605e-19
4.8024326712e-05 2.3098963789324675e-19
4.8054136970666665e-05 2.333350269303394e-19
4.8083947229333334e-05 2.328360777992633e-19
4.8113757487999997e-05 2.437195573086149e-19
4.8143567746666666e-05 2.297926239646352e-19
4.817337800533333e-05 2.2248428448918097e-19
4.8203188264e-05 2.4300603752453095e-19
4.823299852266667e-05 2.361423099189338e-19
4.8262808781333335e-05 2.2555185254485297e-19
4.8292619040000004e-05 2.3206220207627783e-19
4.8322429298666666e-05 2.302859665304939e-19
4.8352239557333335e-05 2.3785867505516036e-19
4.8382049816e-05 2.3230248878178234e-19
4.8411860074666666e-05 2.1790715719833935e-19
4.844167033333333e-05 2.356405599662419e-19
4.8471480592000004e-05 2.377430472867178e-19
4.8501290850666666e-05 2.232790444162406e-19
4.8531101109333335e-05 2.269488163779379e-19
4.8560911368e-05 2.2742318712968478e-19
4.8590721626666667e-05 2.3240291408596394e-19
4.8620531885333336e-05 2.298245162524413e-19
4.8650342144e-05 2.1396001270689388e-19
4.868015240266667e-05 2.258730374278657e-19
4.870996266133333e-05 2.3458047972281906e-19
4.8739772920000005e-05 2.187024519226313e-19
4.876958317866667e-05 2.1880793318544986e-19
4.8799393437333336e-05 2.2199622486298867e-19
4.8829203696e-05 2.2291813900004516e-19
4.885901395466667e-05 2.266051274198107e-19
4.888882421333333e-05 2.1223889302498559e-19
4.8918634472e-05 2.1352631183011799e-19
4.894844473066667e-05 2.283504658767223e-19
4.897825498933333e-05 2.1454335285423973e-19
4.9008065248000005e-05 2.0759251331205646e-19
4.903787550666667e-05 2.1365549466160979e-19
4.9067685765333337e-05 2.1263468188292687e-19
4.9097496024e-05 2.1698477709526548e-19
4.912730628266667e-05 2.066973506231677e-19
4.915711654133333e-05 2.0048988946863462e-19
4.91869268e-05 2.168303310840967e-19
4.921673705866666e-05 2.0955011018000708e-19
4.924654731733333e-05 1.9647426379437282e-19
4.9276357576000006e-05 2.0524743537811388e-19
4.930616783466667e-05 2.044302605634412e-19
4.933597809333334e-05 2.029855302732401e-19
4.9365788352e-05 1.9990817365681537e-19
4.939559861066667e-05 1.887402674606235e-19
4.942540886933333e-05 1.9994886310983826e-19
4.9455219128e-05 2.0175557685546105e-19
4.948502938666666e-05 1.8626582192311562e-19
4.951483964533334e-05 1.888123412533907e-19
4.9544649904e-05 1.9048489620251857e-19
4.957446016266667e-05 1.9143139352366447e-19
4.960427042133334e-05 1.9025969085664773e-19
4.963408068e-05 1.7698181853962598e-19
4.966389093866667e-05 1.8280529900959123e-19
4.969370119733333e-05 1.9217717886074913e-19
4.9723511456e-05 1.750918238474461e-19
4.975332171466666e-05 1.6995682862035782e-19
4.978313197333334e-05 1.78739796304344e-19
4.9812942232e-05 1.7587703521770177e-19
4.984275249066667e-05 1.7372265122720381e-19
4.987256274933333e-05 1.6479646136460924e-19
4.9902373008e-05 1.6455601154605344e-19
4.993218326666666e-05 1.77018708823594e-19
4.996199352533333e-05 1.6366631273589322e-19
4.9991803784e-05 1.554823807058583e-19
5.002161404266666e-05 1.629260740923048e-19
5.005142430133334e-05 1.5903374272028412e-19
5.008123456e-05 1.5988257013048124e-19
5.011104481866667e-05 1.51426774788462e-19
5.014085507733333e-05 1.4407470418363816e-19
5.0170665336e-05 1.58518170421324e-19
5.020047559466666e-05 1.5175728705929038e-19
5.023028585333333e-05 1.3711737713285375e-19
5.0260096111999994e-05 1.4482045370137823e-19
5.0289906370666663e-05 1.442942346866624e-19
5.031971662933334e-05 1.4190412674328717e-19
5.0349526888e-05 1.3874155453187427e-19
5.037933714666667e-05 1.2735782301133942e-19
5.040914740533333e-05 1.3718742763324476e-19
5.0438957664e-05 1.392356154175624e-19
5.0468767922666664e-05 1.2150655749328283e-19
5.049857818133333e-05 1.2383059436203794e-19
5.0528388439999995e-05 1.2719325168804587e-19
5.055819869866667e-05 1.2352946784901881e-19
5.058800895733333e-05 1.222962324011709e-19
5.0617819216e-05 1.10499739536961e-19
5.064762947466667e-05 1.1535675269527213e-19
5.067743973333333e-05 1.241223523737911e-19
5.0707249992e-05 1.0612916084241126e-19
5.0737060250666664e-05 1.0393216972026783e-19
5.0766870509333333e-05 1.1047137029496292e-19
5.0796680767999996e-05 1.0439702224916913e-19
5.082649102666667e-05 1.0487707482779982e-19
5.0856301285333334e-05 9.504033110286501e-20
5.0886111544e-05 9.137131881009438e-20
5.0915921802666665e-05 1.0476003829483146e-19
5.0945732061333334e-05 9.23999654134775e-20
5.0975542319999996e-05 8.123145194441126e-20
5.1005352578666665e-05 9.15657270965954e-20
5.1035162837333334e-05 8.755969637570217e-20
5.1064973095999996e-05 8.574900885101795e-20
5.109478335466667e-05 8.124841604106156e-20
5.1124593613333334e-05 6.973773828923836e-20
5.1154403872e-05 8.323842090045258e-20
5.1184214130666665e-05 7.906845750906436e-20
5.1214024389333334e-05 6.072142152586203e-20
5.1243834648e-05 7.006067073836561e-20
5.1273644906666666e-05 6.917331398639625e-20
5.130345516533333e-05 6.391871342818699e-20
5.1333265424e-05 6.35552703339366e-20
5.136307568266667e-05 5.164248264024612e-20
5.1392885941333335e-05 5.948928327274938e-20
5.1422696200000004e-05 6.417428816895206e-20
5.1452506458666666e-05 4.517317748873685e-20
5.1482316717333335e-05 4.6576838550810826e-20
5.1512126976e-05 5.2375812335020574e-20
5.1541937234666666e-05 4.585045407126989e-20
5.157174749333333e-05 4.5692978218479625e-20
5.1601557752000004e-05 3.492954022097835e-20
5.1631368010666666e-05 3.4802539301967493e-20
5.1661178269333335e-05 4.772306767428139e-20
5.1690988528000004e-05 2.914644014070041e-20
5.1720798786666667e-05 2.2836528865318427e-20
5.1750609045333336e-05 3.5505142009589e-20
5.1780419304e-05 2.8337245318153576e-20
5.181022956266667e-05 2.582938118279765e-20
5.184003982133333e-05 1.8165135507340946e-20
5.1869850080000005e-05 1.335208185933504e-20
5.189966033866667e-05 2.717583069764183e-20
5.1929470597333336e-05 1.6708139509014298e-20
5.1959280856e-05 1.6534693519807506e-21
5.198909111466667e-05 1.1376457120876021e-20
5.201890137333333e-05 1.0571050980381693e-20
5.2048711632e-05 5.4903365397630244e-21
5.207852189066667e-05 1.6162063260418345e-21
5.210833214933333e-05 -7.669564290679213e-21
5.2138142408000005e-05 3.41497047197209e-21
5.216795266666667e-05 3.1019725117951842e-21
5.2197762925333337e-05 -1.6253542188780206e-20
5.2227573184e-05 -1.125334703117323e-20
5.225738344266667e-05 -6.665990218207077e-21
5.228719370133333e-05 -1.403194665284282e-20
5.231700396e-05 -1.7007101246935318e-20
5.234681421866666e-05 -2.6107048132664253e-20
5.237662447733333e-05 -2.1249760193904332e-20
5.2406434736000006e-05 -1.4172974223584907e-20
5.243624499466667e-05 -3.4746391204377634e-20
5.246605525333334e-05 -3.6007520225781527e-20
5.2495865512e-05 -2.399178877223369e-20
5.252567577066667e-05 -3.366256577047235e-20
5.255548602933333e-05 -3.58446115561122e-20
5.2585296288e-05 -4.254889670721772e-20
5.261510654666666e-05 -4.470321716994877e-20
5.264491680533334e-05 -3.305987787710423e-20
5.2674727064e-05 -5.0152355827892936e-20
5.270453732266667e-05 -6.059422028392742e-20
5.273434758133334e-05 -4.7221310059048875e-20
5.276415784e-05 -5.0540164524405436e-20
5.279396809866667e-05 -5.722756369004644e-20
5.282377835733333e-05 -6.281736686699579e-20
5.2853588616e-05 -6.807696250081305e-20
5.288339887466666e-05 -5.513376896426474e-20
5.291320913333334e-05 -6.19230032899253e-20
5.2943019392e-05 -8.303341701704698e-20
5.297282965066667e-05 -7.174577232376562e-20
5.300263990933333e-05 -6.78339705044857e-20
5.3032450168e-05 -7.86560927901267e-20
5.306226042666666e-05 -8.220265953437543e-20
5.309207068533333e-05 -9.062308220194417e-20
5.3121880944e-05 -8.194235654192362e-20
5.315169120266666e-05 -7.923220022636216e-20
5.318150146133334e-05 -1.014025104824564e-19
5.321131172e-05 -9.642039365815274e-20
5.324112197866667e-05 -8.604181683666018e-20
5.327093223733333e-05 -9.710904267023061e-20
5.3300742496e-05 -1.0187859733516588e-19
5.333055275466666e-05 -1.0870982435646467e-19
5.336036301333333e-05 -1.037269932908272e-19
5.3390173271999995e-05 -9.67283527354067e-20
5.3419983530666664e-05 -1.1809476998465515e-19
5.344979378933334e-05 -1.2204230019498004e-19
5.3479604048e-05 -1.086644313105001e-19
5.350941430666667e-05 -1.1541131041264924e-19
5.353922456533333e-05 -1.229704254497785e-19
5.3569034824e-05 -1.2804739477502703e-19
5.3598845082666664e-05 -1.271565998101545e-19
5.362865534133333e-05 -1.1629720917070588e-19
5.3658465599999995e-05 -1.3107555772787063e-19
5.368827585866667e-05 -1.4479041102302472e-19
5.371808611733333e-05 -1.2923764262197918e-19
5.3747896376e-05 -1.3033633657953107e-19
5.377770663466667e-05 -1.4190483399143723e-19
5.380751689333333e-05 -1.4595331011071837e-19
5.3837327152e-05 -1.489279357125822e-19
5.3867137410666665e-05 -1.3697093858213457e-19
5.3896947669333334e-05 -1.432984644282321e-19
5.3926757927999996e-05 -1.64587544402742e-19
5.395656818666667e-05 -1.5056074403919732e-19
5.3986378445333334e-05 -1.4202797514722788e-19
5.4016188704e-05 -1.5870731960402064e-19
5.4045998962666665e-05 -1.6256205372888301e-19
5.4075809221333334e-05 -1.6270483960957606e-19
5.4105619479999996e-05 -1.5729513087892611e-19
5.4135429738666665e-05 -1.5649460538007563e-19
5.4165239997333334e-05 -1.7733945595665111e-19
5.4195050255999996e-05 -1.7349500368161278e-19
5.422486051466667e-05 -1.59038664716181e-19
5.4254670773333334e-05 -1.7096608644992888e-19
5.4284481032e-05 -1.788279775819432e-19
5.4314291290666665e-05 -1.8069691237897545e-19
5.4344101549333334e-05 -1.7444462223486244e-19
5.4373911808e-05 -1.6749123180502636e-19
5.4403722066666666e-05 -1.8791110270837556e-19
5.443353232533333e-05 -1.9297017591347034e-19
5.4463342584e-05 -1.7311165927984555e-19
5.449315284266667e-05 -1.795449844647307e-19
5.4522963101333335e-05 -1.9321875579842928e-19
5.4552773360000004e-05 -1.9295795422860222e-19
5.4582583618666666e-05 -1.9030963655548976e-19
5.4612393877333335e-05 -1.8208484828655465e-19
5.4642204136e-05 -1.9554399680535644e-19
5.4672014394666666e-05 -2.0988265518669054e-19
5.470182465333333e-05 -1.8856981676326725e-19
5.4731634912e-05 -1.885509822581809e-19
5.4761445170666666e-05 -2.0540513487517573e-19
5.4791255429333335e-05 -2.0470321151252044e-19
5.4821065688000004e-05 -2.0535802836200549e-19
5.485087594666667e-05 -1.9402492232042951e-19
5.4880686205333336e-05 -2.01042451158183e-19
5.4910496464e-05 -2.2360519258852664e-19
5.494030672266667e-05 -2.0571447770238546e-19
5.497011698133333e-05 -1.9671011402213104e-19
5.4999927240000005e-05 -2.158089163779113e-19
5.502973749866667e-05 -2.194773570090328e-19
5.5059547757333336e-05 -2.1397429299755749e-19
5.5089358016e-05 -2.0661613847659016e-19
5.511916827466667e-05 -2.0976750282004425e-19
5.514897853333333e-05 -2.2956008910503705e-19
5.5178788792e-05 -2.2262863986968666e-19
5.520859905066667e-05 -2.0396318643256464e-19
5.523840930933333e-05 -2.202277372552592e-19
5.5268219568000005e-05 -2.3171136027855143e-19
5.529802982666667e-05 -2.2536425261168585e-19
5.532784008533334e-05 -2.200983753908423e-19
5.5357650344e-05 -2.160968375694703e-19
5.538746060266667e-05 -2.3498242671280163e-19
5.541727086133333e-05 -2.3852061046424825e-19
5.544708112e-05 -2.1410721922005996e-19
5.547689137866666e-05 -2.2404220070192403e-19
5.550670163733333e-05 -2.4138575121479013e-19
5.5536511896000006e-05 -2.355143752937478e-19
5.556632215466667e-05 -2.2808871229828513e-19
5.559613241333334e-05 -2.234931362876952e-19
5.5625942672e-05 -2.4004792246282367e-19
5.565575293066667e-05 -2.496466595579955e-19
5.568556318933333e-05 -2.268315389919048e-19
5.5715373448e-05 -2.2765008306539235e-19
5.574518370666666e-05 -2.482137920855213e-19
5.577499396533333e-05 -2.4631575529565986e-19
5.5804804224e-05 -2.3592329549877793e-19
5.583461448266667e-05 -2.3039432179877436e-19
