0.0 -1.0387718737197333e-19
2.981519223659889e-08 -1.2535803959134978e-19
5.963038447319778e-08 -1.1077033445708724e-19
8.944557670979666e-08 -9.840691722900806e-20
1.1926076894639555e-07 -1.0736815815262389e-19
1.4907596118299445e-07 -1.0126506015944098e-19
1.7889115341959332e-07 -1.051222529076188e-19
2.087063456561922e-07 -9.796142690552874e-20
2.385215378927911e-07 -8.094670218460347e-20
2.6833673012939e-07 -1.0018109831711801e-19
2.981519223659889e-07 -9.827373896034842e-20
3.2796711460258777e-07 -7.470591253210235e-20
3.5778230683918664e-07 -8.355973762748185e-20
3.875974990757855e-07 -8.414404468852636e-20
4.174126913123844e-07 -8.19583576253016e-20
4.472278835489833e-07 -8.260946234839124e-20
4.770430757855822e-07 -6.247446528919787e-20
5.06858268022181e-07 -7.293153986085675e-20
5.3667346025878e-07 -8.397499228048742e-20
5.664886524953789e-07 -5.939637686491912e-20
5.963038447319778e-07 -5.971265452932594e-20
6.261190369685766e-07 -6.49595522274072e-20
6.559342292051755e-07 -5.999659538490525e-20
6.857494214417745e-07 -6.283242740615485e-20
7.155646136783733e-07 -4.4127460618667165e-20
7.453798059149722e-07 -4.47915374249981e-20
7.75194998151571e-07 -6.550075813370075e-20
8.0501019038817e-07 -4.5006857186434774e-20
8.348253826247689e-07 -3.425404070336763e-20
8.646405748613678e-07 -4.5859350500747806e-20
8.944557670979666e-07 -4.199071169991777e-20
9.242709593345656e-07 -4.311157538772032e-20
9.540861515711644e-07 -3.0077909458270604e-20
9.839013438077634e-07 -2.117214073557301e-20
1.013716536044362e-06 -4.325767546845573e-20
1.0435317282809612e-06 -3.174586436194849e-20
1.07334692051756e-06 -1.1418378620340976e-20
1.1031621127541588e-06 -2.5890643868358787e-20
1.1329773049907577e-06 -2.5332561570245007e-20
1.1627924972273567e-06 -2.231582097923873e-20
1.1926076894639556e-06 -1.7708510044628094e-20
1.2224228817005545e-06 -2.2697911268362077e-22
1.2522380739371532e-06 -2.0074305160706284e-20
1.2820532661737521e-06 -2.4317482235511697e-20
1.311868458410351e-06 5.230890323939972e-21
1.34168365064695e-06 -2.1621941442202457e-21
1.371498842883549e-06 -9.38834646947802e-21
1.4013140351201476e-06 -4.03976057512651e-21
1.4311292273567465e-06 -1.744062134365016e-21
1.4609444195933455e-06 1.469766615203721e-20
1.4907596118299444e-06 3.82997373312171e-21
1.5205748040665433e-06 -9.518045909531387e-21
1.550389996303142e-06 1.7102614105835812e-20
1.5802051885397411e-06 1.878621419273751e-20
1.61002038077634e-06 4.803272214693539e-21
1.6398355730129388e-06 1.1390846412588421e-20
1.6696507652495377e-06 1.2282100780642048e-20
1.6994659574861364e-06 2.659184558107883e-20
1.7292811497227355e-06 2.697766385268856e-20
1.7590963419593345e-06 5.251357577502643e-21
1.7889115341959332e-06 2.4743406559510907e-20
1.8187267264325323e-06 3.970117296801863e-20
1.8485419186691312e-06 2.406531124133245e-20
1.87835711090573e-06 2.3738696656929824e-20
1.908172303142329e-06 2.732282100568041e-20
1.9379874953789278e-06 3.864180731177088e-20
1.9678026876155267e-06 4.452486041267051e-20
1.997617879852125e-06 2.2384788648739716e-20
2.027433072088724e-06 3.173270670919809e-20
2.0572482643253235e-06 5.576268630590603e-20
2.0870634565619224e-06 4.225602912425651e-20
2.1168786487985213e-06 3.694906763988316e-20
2.14669384103512e-06 4.182941226417397e-20
2.1765090332717187e-06 4.748421784437583e-20
2.2063242255083177e-06 6.088078269727188e-20
2.2361394177449166e-06 4.405822515527522e-20
2.2659546099815155e-06 3.8274342091769337e-20
2.295769802218114e-06 6.635809094568205e-20
2.3255849944547133e-06 5.901865001887151e-20
2.3554001866913123e-06 4.6926391109964164e-20
2.385215378927911e-06 5.606006375835363e-20
2.41503057116451e-06 5.812638453514782e-20
2.444845763401109e-06 7.254808500806664e-20
2.4746609556377075e-06 6.24724735884909e-20
2.5044761478743064e-06 4.556102143036332e-20
2.5342913401109054e-06 7.545344927197433e-20
2.5641065323475043e-06 7.821368557178469e-20
2.5939217245841036e-06 5.811802016688819e-20
2.623736916820702e-06 6.618760208107234e-20
2.653552109057301e-06 6.961205849397967e-20
2.6833673012939e-06 7.90438258895703e-20
2.713182493530499e-06 7.96413802150231e-20
2.742997685767098e-06 5.839582532144688e-20
2.7728128780036963e-06 7.720044105641393e-20
2.8026280702402952e-06 9.341475983153158e-20
2.832443262476894e-06 7.211867361197546e-20
2.862258454713493e-06 7.392134281448716e-20
2.8920736469500924e-06 8.249178433800016e-20
2.921888839186691e-06 8.736597291371704e-20
2.95170403142329e-06 9.101126473230571e-20
2.9815192236598888e-06 7.147346556852096e-20
3.0113344158964877e-06 7.916566829761766e-20
3.0411496081330866e-06 1.0327405770352743e-19
3.0709648003696855e-06 8.686374830762126e-20
3.100779992606284e-06 7.819288515852846e-20
3.130595184842883e-06 9.059608066159038e-20
3.1604103770794823e-06 9.460289787128358e-20
3.1902255693160812e-06 1.0065532712604944e-19
3.22004076155268e-06 8.689892276440583e-20
3.2498559537892786e-06 8.118133972159846e-20
3.2796711460258776e-06 1.0997865201527953e-19
3.3094863382624765e-06 1.0105219500178363e-19
3.3393015304990754e-06 8.400243164989243e-20
3.3691167227356743e-06 9.716021137326126e-20
3.398931914972273e-06 9.912532444823922e-20
3.428747107208872e-06 1.0699747484213735e-19
3.458562299445471e-06 9.898956993216119e-20
3.48837749168207e-06 8.497021626567989e-20
3.518192683918669e-06 1.1062946783281587e-19
3.548007876155268e-06 1.1386204457995132e-19
3.5778230683918664e-06 9.270577551410975e-20
3.6076382606284653e-06 9.929379016813544e-20
3.6374534528650646e-06 1.0901719521099408e-19
3.6672686451016635e-06 1.1327101496538727e-19
3.6970838373382625e-06 1.083756178759152e-19
3.726899029574861e-06 9.065263036046698e-20
3.75671422181146e-06 1.0794192228614143e-19
3.786529414048059e-06 1.2357955050479654e-19
3.816344606284658e-06 9.891769270607509e-20
3.846159798521256e-06 9.976612451368234e-20
3.8759749907578556e-06 1.1376391879754238e-19
3.905790182994454e-06 1.155134433937952e-19
3.935605375231053e-06 1.1528276519239758e-19
3.965420567467652e-06 9.783238381272546e-20
3.99523575970425e-06 1.0689364249870109e-19
4.02505095194085e-06 1.3066256441154494e-19
4.054866144177448e-06 1.0936179601505633e-19
4.084681336414048e-06 9.932372833510983e-20
4.114496528650647e-06 1.1615644156417543e-19
4.1443117208872454e-06 1.1802361065289395e-19
4.174126913123845e-06 1.1884162920238732e-19
4.203942105360443e-06 1.0628252244770349e-19
4.233757297597043e-06 1.0405995616141468e-19
4.263572489833641e-06 1.300588001440873e-19
4.29338768207024e-06 1.192200365858401e-19
4.323202874306839e-06 1.0036503214379185e-19
4.3530180665434375e-06 1.1638143710907346e-19
4.382833258780037e-06 1.2264382282665517e-19
4.412648451016635e-06 1.210093139047285e-19
4.442463643253234e-06 1.1311810965538015e-19
4.472278835489833e-06 1.0304667225145245e-19
4.502094027726432e-06 1.257761479373461e-19
4.531909219963031e-06 1.2943148409845844e-19
4.5617244121996295e-06 1.0327388090270338e-19
4.591539604436228e-06 1.128578025280373e-19
4.621354796672827e-06 1.2434035522212162e-19
4.651169988909427e-06 1.2132504488661278e-19
4.680985181146026e-06 1.19537214490201e-19
4.7108003733826245e-06 1.0476225993947165e-19
4.740615565619223e-06 1.1978249521266964e-19
4.770430757855822e-06 1.3466079105767161e-19
4.800245950092421e-06 1.0796540342576866e-19
4.83006114232902e-06 1.083372098542145e-19
4.859876334565619e-06 1.2421114623287304e-19
4.889691526802218e-06 1.2119148414462493e-19
4.9195067190388165e-06 1.1979575891584174e-19
4.949321911275415e-06 1.078426752806969e-19
4.979137103512014e-06 1.127797341521352e-19
5.008952295748613e-06 1.336983465786427e-19
5.038767487985212e-06 1.1522336013908765e-19
5.068582680221811e-06 1.0269349640502274e-19
5.098397872458409e-06 1.2165312532862314e-19
5.1282130646950086e-06 1.2348714871430918e-19
5.158028256931607e-06 1.1708157816527977e-19
5.187843449168207e-06 1.0767713455173259e-19
5.217658641404806e-06 1.0694696229186025e-19
5.247473833641404e-06 1.2844469377692007e-19
5.277289025878004e-06 1.1722668915999627e-19
5.307104218114602e-06 9.67776031244756e-20
5.3369194103512015e-06 1.145396274957456e-19
5.3667346025878e-06 1.2023683788586342e-19
5.3965497948243984e-06 1.139412675814474e-19
5.426364987060998e-06 1.0889138639771836e-19
5.456180179297596e-06 1.0112612831568012e-19
5.485995371534196e-06 1.2006711401237215e-19
5.515810563770794e-06 1.1979724677438498e-19
5.545625756007393e-06 9.500654639543679e-20
5.575440948243992e-06 1.0595105742465739e-19
5.6052561404805905e-06 1.1690995121135747e-19
5.63507133271719e-06 1.087711825369949e-19
5.664886524953788e-06 1.0328594911399565e-19
5.694701717190387e-06 9.697455750844303e-20
5.724516909426986e-06 1.096077637150716e-19
5.7543321016635855e-06 1.1883982146773067e-19
5.784147293900185e-06 9.523175985492721e-20
5.813962486136783e-06 9.385236252428571e-20
5.843777678373382e-06 1.1283708680071692e-19
5.873592870609981e-06 1.048587992005984e-19
5.90340806284658e-06 9.820830513138303e-20
5.933223255083179e-06 9.453306666158352e-20
5.9630384473197775e-06 9.660735058942708e-20
5.992853639556377e-06 1.1247211665689133e-19
6.022668831792975e-06 9.415513538876638e-20
6.052484024029574e-06 8.323612358788029e-20
6.082299216266173e-06 1.0484155907828034e-19
6.112114408502772e-06 1.0112759166415352e-19
6.141929600739371e-06 9.301274961943869e-20
6.1717447929759696e-06 9.018038209173109e-20
6.201559985212568e-06 8.824214706927478e-20
6.231375177449167e-06 1.0452324295709378e-19
6.261190369685766e-06 9.498639668539967e-20
6.291005561922366e-06 7.600452969434927e-20
6.320820754158965e-06 9.264573119263739e-20
6.350635946395563e-06 9.728669840030724e-20
6.3804511386321624e-06 8.575363306244748e-20
6.410266330868761e-06 8.383138857987089e-20
6.44008152310536e-06 7.986472626936358e-20
6.469896715341959e-06 9.150214954425749e-20
6.499711907578557e-06 9.426535265971252e-20
6.529527099815157e-06 7.035825727104779e-20
6.559342292051755e-06 8.039736883315665e-20
6.5891574842883545e-06 9.403436061965573e-20
6.618972676524953e-06 7.982229835579408e-20
6.6487878687615515e-06 7.857178370994614e-20
6.678603060998151e-06 7.371047759362052e-20
6.708418253234749e-06 7.903923883058077e-20
6.738233445471349e-06 8.881182272945566e-20
6.768048637707947e-06 6.597527432434766e-20
6.797863829944546e-06 6.82364689792682e-20
6.827679022181146e-06 8.523125253596949e-20
6.857494214417744e-06 7.457354197069576e-20
6.887309406654344e-06 7.116668054218094e-20
6.917124598890942e-06 6.708698906772638e-20
6.946939791127541e-06 6.950577615666694e-20
6.97675498336414e-06 8.162309093872304e-20
7.0065701756007385e-06 6.443915181490017e-20
7.036385367837338e-06 5.725876208621185e-20
7.066200560073936e-06 7.489856589726943e-20
7.096015752310536e-06 6.87977199266115e-20
7.125830944547134e-06 6.027983190225246e-20
7.155646136783733e-06 6.251148182410239e-20
7.185461329020332e-06 5.801919691937752e-20
7.2152765212569305e-06 6.920758086783238e-20
7.245091713493531e-06 6.473624719741406e-20
7.274906905730129e-06 4.469792843634797e-20
7.304722097966728e-06 6.275443842481694e-20
7.334537290203327e-06 6.594838360828462e-20
7.3643524824399256e-06 4.934541631540994e-20
7.394167674676525e-06 5.38276045119073e-20
7.423982866913123e-06 4.96488935469742e-20
7.453798059149722e-06 5.503250194974252e-20
7.483613251386321e-06 6.071371886115129e-20
7.51342844362292e-06 3.846445791432829e-20
7.543243635859519e-06 4.64732558765733e-20
7.573058828096118e-06 6.05354972062332e-20
7.602874020332716e-06 4.3356995487618034e-20
7.632689212569315e-06 4.451870269512507e-20
7.662504404805915e-06 4.2874486902583756e-20
7.692319597042512e-06 4.3425917470848805e-20
7.722134789279112e-06 5.576576922459673e-20
7.751949981515711e-06 3.428161457310646e-20
7.781765173752309e-06 3.164600116271292e-20
7.811580365988908e-06 5.0401727552022246e-20
7.841395558225507e-06 3.7847875994412466e-20
7.871210750462107e-06 3.299555650621008e-20
7.901025942698704e-06 3.4832565925841336e-20
7.930841134935304e-06 3.2150892243351223e-20
7.960656327171903e-06 4.497628448153526e-20
7.9904715194085e-06 3.3721508474488226e-20
8.0202867116451e-06 1.844936460259705e-20
8.0501019038817e-06 3.8539082531475824e-20
8.079917096118297e-06 3.5889652976096347e-20
8.109732288354896e-06 2.350545075625223e-20
8.139547480591496e-06 2.894988310517688e-20
8.169362672828095e-06 2.26989850305049e-20
8.199177865064695e-06 3.078157152429935e-20
8.228993057301294e-06 3.030343491416272e-20
8.258808249537893e-06 9.929770821191144e-21
8.288623441774491e-06 2.552541484019957e-20
8.31843863401109e-06 3.1492919302227146e-20
8.34825382624769e-06 1.393152604760583e-20
8.378069018484287e-06 1.9528454070623888e-20
8.407884210720887e-06 1.74956565124594e-20
8.437699402957486e-06 1.8926258960394745e-20
8.467514595194085e-06 2.666723771011855e-20
8.497329787430683e-06 6.4669826882845494e-21
8.527144979667282e-06 9.29756070993197e-21
8.556960171903882e-06 2.5224486091531538e-20
8.58677536414048e-06 9.62124612652431e-21
8.616590556377079e-06 7.697137075486347e-21
8.646405748613678e-06 1.0922258647356262e-20
8.676220940850277e-06 7.695457236408866e-21
8.706036133086875e-06 1.9398705670305856e-20
8.735851325323474e-06 6.2122397498021086e-21
8.765666517560074e-06 -3.529126551363639e-21
8.795481709796671e-06 1.6088608421287317e-20
8.82529690203327e-06 7.977084607818241e-21
8.85511209426987e-06 -5.552701050881363e-22
8.884927286506468e-06 4.610368768352986e-21
8.914742478743067e-06 2.0798467821044472e-22
8.944557670979666e-06 8.437528924628702e-21
8.974372863216266e-06 2.6595211667312173e-21
9.004188055452863e-06 -1.087938386105704e-20
9.034003247689463e-06 5.2249016493982485e-21
9.063818439926062e-06 5.576536261059984e-21
9.09363363216266e-06 -7.51669270033061e-21
9.123448824399259e-06 -1.301390974813137e-21
9.153264016635858e-06 -5.9277120921169545e-21
9.183079208872456e-06 -2.1406253397824646e-21
9.212894401109055e-06 3.0278593173677558e-21
9.242709593345655e-06 -1.8982741952597136e-20
9.272524785582256e-06 -7.235833884817821e-21
9.302339977818853e-06 4.757578250829545e-21
9.332155170055453e-06 -1.556842949087072e-20
9.361970362292052e-06 -1.1395571963319022e-20
9.39178555452865e-06 -1.0803161684474914e-20
9.421600746765249e-06 -1.0480579998958152e-20
9.451415939001848e-06 -1.510525537008016e-21
9.481231131238446e-06 -1.9921336057652252e-20
9.511046323475045e-06 -1.8897284741331685e-20
9.540861515711645e-06 -1.6549501138083494e-21
9.570676707948244e-06 -1.4525947285812304e-20
9.600491900184842e-06 -2.016162306858743e-20
9.630307092421441e-06 -1.670992115374832e-20
9.66012228465804e-06 -1.8599630659067964e-20
9.689937476894638e-06 -8.995085081117729e-21
9.719752669131237e-06 -1.901435223382932e-20
9.749567861367837e-06 -2.923465897107741e-20
9.779383053604436e-06 -8.750381685237348e-21
9.809198245841034e-06 -1.5335736613793297e-20
9.839013438077633e-06 -2.7837924777296905e-20
9.868828630314232e-06 -1.794099881297846e-20
9.89864382255083e-06 -2.3842333836193558e-20
9.92845901478743e-06 -1.7023428066253547e-20
9.958274207024029e-06 -1.680257551896383e-20
9.988089399260626e-06 -3.627015097892559e-20
1.0017904591497226e-05 -1.9877755514182774e-20
1.0047719783733825e-05 -1.5386554465765832e-20
1.0077534975970424e-05 -3.1233651891295355e-20
1.0107350168207022e-05 -2.4564519447779394e-20
1.0137165360443621e-05 -2.5709846278700913e-20
1.016698055268022e-05 -2.1275120146768254e-20
1.0196795744916818e-05 -1.888027632477764e-20
1.0226610937153418e-05 -3.653345485382916e-20
1.0256426129390017e-05 -2.6676470554230735e-20
1.0286241321626615e-05 -1.533826009903562e-20
1.0316056513863214e-05 -3.011887752502744e-20
1.0345871706099813e-05 -2.9731750780445485e-20
1.0375686898336415e-05 -2.6400235744939567e-20
1.0405502090573012e-05 -2.7900536166420565e-20
1.0435317282809612e-05 -1.8979573367543635e-20
1.0465132475046211e-05 -3.224109844039232e-20
1.0494947667282809e-05 -3.701825354019496e-20
1.0524762859519408e-05 -1.4885628107023173e-20
1.0554578051756007e-05 -2.7038268548289073e-20
1.0584393243992605e-05 -3.5582019075442356e-20
1.0614208436229204e-05 -2.3929102762824103e-20
1.0644023628465804e-05 -2.928432632468622e-20
1.0673838820702403e-05 -2.143230598674405e-20
1.0703654012939e-05 -2.751873470859115e-20
1.07334692051756e-05 -4.177228772213352e-20
1.07632843974122e-05 -1.9237534148026973e-20
1.0793099589648797e-05 -2.015299715488862e-20
1.0822914781885396e-05 -3.612213231424997e-20
1.0852729974121996e-05 -2.7749147437201683e-20
1.0882545166358595e-05 -2.7819691238650274e-20
1.0912360358595193e-05 -2.216085951916502e-20
1.0942175550831792e-05 -2.2564291908837693e-20
1.0971990743068391e-05 -3.919990044168989e-20
1.1001805935304989e-05 -2.2903971924857545e-20
1.1031621127541588e-05 -1.3587379466680536e-20
1.1061436319778188e-05 -3.522919081861111e-20
1.1091251512014785e-05 -2.9934024214767705e-20
1.1121066704251385e-05 -2.256777448432617e-20
1.1150881896487984e-05 -2.535423139115402e-20
1.1180697088724583e-05 -1.922389186293443e-20
1.1210512280961181e-05 -3.331735623034779e-20
1.124032747319778e-05 -2.977368545548898e-20
1.127014266543438e-05 -1.0891110411382434e-20
1.1299957857670977e-05 -2.669809711139833e-20
1.1329773049907577e-05 -3.084521664544648e-20
1.1359588242144176e-05 -2.1727154124750946e-20
1.1389403434380774e-05 -2.2935836965473802e-20
1.1419218626617373e-05 -1.770382537926936e-20
1.1449033818853972e-05 -2.749600435354314e-20
1.1478849011090573e-05 -3.134044037790199e-20
1.1508664203327171e-05 -1.2408331478698421e-20
1.153847939556377e-05 -1.9944675734646262e-20
1.156829458780037e-05 -3.1068883454131196e-20
1.1598109780036967e-05 -1.969124059918682e-20
1.1627924972273567e-05 -1.9576480377295272e-20
1.1657740164510166e-05 -1.6758227982018977e-20
1.1687555356746764e-05 -2.0249551665955252e-20
1.1717370548983363e-05 -3.1325738561516043e-20
1.1747185741219962e-05 -1.0379123847937228e-20
1.1777000933456562e-05 -9.419409651712215e-21
1.180681612569316e-05 -2.9582146009888195e-20
1.1836631317929759e-05 -1.8465269999018747e-20
1.1866446510166358e-05 -1.44490166581428e-20
1.1896261702402956e-05 -1.48481934131499e-20
1.1926076894639555e-05 -1.297815416502517e-20
1.1955892086876154e-05 -2.800662345961087e-20
1.1985707279112754e-05 -1.4011979318033713e-20
1.2015522471349351e-05 -4.887130147019047e-22
1.204533766358595e-05 -2.2651716495991853e-20
1.207515285582255e-05 -1.9633927292577333e-20
1.2104968048059148e-05 -7.817804802526276e-21
1.2134783240295747e-05 -1.143682835421454e-20
1.2164598432532346e-05 -8.462850109060761e-21
1.2194413624768944e-05 -1.9643216192971795e-20
1.2224228817005543e-05 -1.645655968836092e-20
1.2254044009242143e-05 3.9770279063502275e-21
1.2283859201478742e-05 -1.2449515318426336e-20
1.231367439371534e-05 -1.9902718589966156e-20
1.2343489585951939e-05 -2.9764466297323608e-21
1.2373304778188538e-05 -3.9727753893619834e-21
1.2403119970425136e-05 -4.920843640201971e-21
1.2432935162661735e-05 -1.0841871935714698e-20
1.2462750354898335e-05 -1.25197621554016e-20
1.2492565547134932e-05 7.564228535120694e-21
1.2522380739371532e-05 -1.0166315077168677e-21
1.2552195931608133e-05 -1.570278508663244e-20
1.2582011123844732e-05 -8.740510772774707e-22
1.261182631608133e-05 7.775772810674178e-22
1.264164150831793e-05 -3.773870460043869e-22
1.2671456700554529e-05 -2.224589841388483e-21
1.2701271892791126e-05 -1.0418862827468953e-20
1.2731087085027726e-05 8.136316844437737e-21
1.2760902277264325e-05 1.1131088883260825e-20
1.2790717469500923e-05 -9.200545770400487e-21
1.2820532661737522e-05 2.2818880485095725e-21
1.2850347853974121e-05 1.048737566864365e-20
1.288016304621072e-05 4.647223684703792e-21
1.2909978238447318e-05 7.541614474105504e-21
1.2939793430683918e-05 -2.8086349522952764e-21
1.2969608622920517e-05 7.420744445761117e-21
1.2999423815157115e-05 2.1436806156240827e-20
1.3029239007393714e-05 -9.517307883806589e-23
1.3059054199630313e-05 4.003097309235459e-21
1.3088869391866913e-05 1.8165423893889242e-20
1.311868458410351e-05 1.2617808540607299e-20
1.314849977634011e-05 1.5352727085909608e-20
1.3178314968576709e-05 6.057484956272904e-21
1.3208130160813307e-05 9.02154678749162e-21
1.3237945353049906e-05 2.939678031542242e-20
1.3267760545286505e-05 1.2859762722682924e-20
1.3297575737523103e-05 4.346607474174636e-21
1.3327390929759702e-05 2.2279874879501755e-20
1.3357206121996302e-05 2.03067351839386e-20
1.3387021314232901e-05 1.9643763474462996e-20
1.3416836506469499e-05 1.5076936482201732e-20
1.3446651698706098e-05 1.1251615182023586e-20
1.3476466890942697e-05 3.2823544377869754e-20
1.3506282083179295e-05 2.596826842999961e-20
1.3536097275415894e-05 8.716442015405472e-21
1.3565912467652494e-05 2.5532881856714232e-20
1.3595727659889091e-05 2.9510241909905425e-20
1.362554285212569e-05 2.399124557614447e-20
1.3655358044362292e-05 2.3153765086011706e-20
1.3685173236598891e-05 1.7600579624526537e-20
1.3714988428835489e-05 3.252823208888682e-20
1.3744803621072088e-05 3.549435270683768e-20
1.3774618813308687e-05 1.5389075557983904e-20
1.3804434005545285e-05 2.6301901722058973e-20
1.3834249197781884e-05 3.752225067162242e-20
1.3864064390018484e-05 2.862797251720501e-20
1.3893879582255081e-05 2.921641021593574e-20
1.392369477449168e-05 2.468819864170889e-20
1.395350996672828e-05 3.286316705524056e-20
1.398332515896488e-05 4.428014005506582e-20
1.4013140351201477e-05 2.506638329688192e-20
1.4042955543438076e-05 2.6036424047976926e-20
1.4072770735674676e-05 4.186675226427502e-20
1.4102585927911273e-05 3.496047723765139e-20
1.4132401120147873e-05 3.4750041093265723e-20
1.4162216312384472e-05 3.091784845371053e-20
1.4192031504621071e-05 3.23700213451012e-20
1.4221846696857669e-05 5.0873688355248734e-20
1.4251661889094268e-05 3.7107791034254106e-20
1.4281477081330868e-05 2.6705333697524864e-20
1.4311292273567465e-05 4.652005895543281e-20
1.4341107465804065e-05 4.5125295792859824e-20
1.4370922658040664e-05 3.8452829398367045e-20
1.4400737850277262e-05 3.898200387883757e-20
1.4430553042513861e-05 3.5864714942004387e-20
1.446036823475046e-05 5.084302995965779e-20
1.4490183426987061e-05 4.734121103439974e-20
1.4519998619223657e-05 2.943562208159591e-20
1.4549813811460258e-05 4.715196386553538e-20
1.4579629003696856e-05 5.295849741978831e-20
1.4609444195933455e-05 4.335902174062738e-20
1.4639259388170053e-05 4.4527831301709084e-20
1.4669074580406654e-05 4.004085688950749e-20
1.469888977264325e-05 5.374828466858282e-20
1.4728704964879851e-05 5.624491106102655e-20
1.4758520157116449e-05 3.3762121867191326e-20
1.478833534935305e-05 4.735418129797292e-20
1.4818150541589646e-05 5.920993109104015e-20
1.4847965733826247e-05 4.525953384195498e-20
1.4877780926062844e-05 4.784037408693026e-20
1.4907596118299444e-05 4.561456080511861e-20
1.4937411310536041e-05 4.972788110754365e-20
1.4967226502772643e-05 6.328337443394201e-20
1.499704169500924e-05 4.379508907341716e-20
1.502685688724584e-05 4.2854891602845626e-20
1.5056672079482437e-05 6.306869334486889e-20
1.5086487271719038e-05 5.086973622253398e-20
1.5116302463955634e-05 4.9004821517352615e-20
1.5146117656192235e-05 5.2027973181126485e-20
1.5175932848428833e-05 4.9276855287749535e-20
1.5205748040665432e-05 6.31921717345726e-20
1.523556323290203e-05 5.1613130799866076e-20
1.526537842513863e-05 4.126891450692928e-20
1.529519361737523e-05 6.080281006495294e-20
1.532500880961183e-05 5.850034336389904e-20
1.535482400184843e-05 4.994042928143588e-20
1.5384639194085025e-05 5.241340998722426e-20
1.5414454386321628e-05 4.9455767368577084e-20
1.5444269578558224e-05 6.050496876532039e-20
1.5474084770794823e-05 5.843519213675045e-20
1.5503899963031422e-05 3.998303209880657e-20
1.553371515526802e-05 5.522989892665299e-20
1.5563530347504618e-05 6.109527576404372e-20
1.559334553974122e-05 4.7927469925821826e-20
1.5623160731977816e-05 5.3010791699724125e-20
1.5652975924214416e-05 4.9089720490419707e-20
1.5682791116451015e-05 5.442567956118149e-20
1.5712606308687614e-05 6.08285468259325e-20
1.5742421500924214e-05 4.215923919505532e-20
1.5772236693160813e-05 4.9043022821145094e-20
1.580205188539741e-05 6.18595359913978e-20
1.583186707763401e-05 4.937670903733056e-20
1.5861682269870608e-05 4.796227399865701e-20
1.5891497462107207e-05 4.826854828486118e-20
1.5921312654343806e-05 5.0077159935510027e-20
1.5951127846580406e-05 5.969239395951448e-20
1.5980943038817e-05 4.3259531664608995e-20
1.6010758231053604e-05 3.961404994947423e-20
1.60405734232902e-05 6.032739311049193e-20
1.60703886155268e-05 4.9846548378015837e-20
1.61002038077634e-05 4.268472334158077e-20
1.6130019e-05 4.7897319500926546e-20
1.6159834192236594e-05 4.412278789877959e-20
1.6189649384473197e-05 5.450452568603886e-20
1.6219464576709793e-05 4.650541309874383e-20
1.6249279768946396e-05 3.298863712363478e-20
1.627909496118299e-05 5.1513709128685006e-20
1.630891015341959e-05 5.0334879792881475e-20
1.633872534565619e-05 3.6578450954124066e-20
1.636854053789279e-05 4.223963266652896e-20
1.639835573012939e-05 4.165253101560173e-20
1.642817092236599e-05 4.63645926962412e-20
1.6457986114602588e-05 4.592626300206586e-20
1.6487801306839184e-05 2.9587729978686963e-20
1.6517616499075786e-05 4.1770446211239583e-20
1.6547431691312382e-05 4.9794892265686004e-20
1.6577246883548982e-05 3.3141511711537726e-20
1.660706207578558e-05 3.56913745798302e-20
1.663687726802218e-05 3.727883565615833e-20
1.6666692460258776e-05 3.8204236317651363e-20
1.669650765249538e-05 4.183055953091322e-20
1.6726322844731975e-05 2.5522724651708035e-20
1.6756138036968574e-05 3.151379709629722e-20
1.6785953229205174e-05 4.458534406099984e-20
1.6815768421441773e-05 3.072563939849608e-20
1.6845583613678372e-05 2.911711114592982e-20
1.6875398805914972e-05 3.1866304388551383e-20
1.6905213998151568e-05 3.1408138141961223e-20
1.693502919038817e-05 3.6601812732812604e-20
1.6964844382624766e-05 2.3824921833283002e-20
1.6994659574861366e-05 2.0742068139021566e-20
1.7024474767097965e-05 3.5968566155770505e-20
1.7054289959334564e-05 2.7856838653864e-20
1.708410515157116e-05 1.944685118756395e-20
1.7113920343807763e-05 2.447311234031511e-20
1.714373553604436e-05 2.3452529234228126e-20
1.717355072828096e-05 2.8632954221407505e-20
1.7203365920517558e-05 2.2454036958999692e-20
1.7233181112754157e-05 1.0923172312585536e-20
1.7262996304990753e-05 2.558831921937707e-20
1.7292811497227356e-05 2.6387683568351637e-20
1.7322626689463952e-05 1.1383340031833861e-20
1.7352441881700555e-05 1.3323655555103453e-20
1.738225707393715e-05 1.5137536619110008e-20
1.741207226617375e-05 1.93074173068968e-20
1.744188745841035e-05 1.5749590162265296e-20
1.747170265064695e-05 1.2541778906033672e-21
1.7501517842883548e-05 1.2898899579859247e-20
1.7531333035120147e-05 2.0007140281002955e-20
1.7561148227356747e-05 3.647156742490944e-21
1.7590963419593343e-05 4.893720278823333e-21
1.7620778611829945e-05 8.202199412221631e-21
1.765059380406654e-05 6.993579813947938e-21
1.768040899630314e-05 8.990149211344866e-21
1.771022418853974e-05 -6.1955711369261545e-21
1.774003938077634e-05 -2.7096465820586294e-21
1.7769854573012935e-05 1.1062756311658644e-20
1.7799669765249538e-05 -4.011007545368059e-21
1.7829484957486134e-05 -7.439189064894357e-21
1.7859300149722733e-05 -2.8231446113716865e-21
1.7889115341959333e-05 -4.020264467709708e-21
1.7918930534195932e-05 8.963248140486786e-22
1.794874572643253e-05 -1.1152831550251752e-20
1.797856091866913e-05 -1.521582226163831e-20
1.8008376110905727e-05 2.029269516895215e-22
1.803819130314233e-05 -8.215849587959934e-21
1.8068006495378925e-05 -1.9477919829836018e-20
1.8097821687615525e-05 -1.320478145422273e-20
1.8127636879852124e-05 -1.4202392854687142e-20
1.8157452072088723e-05 -1.4535762131979357e-20
1.818726726432532e-05 -1.772896355628441e-20
1.8217082456561922e-05 -2.617849736094933e-20
1.8246897648798518e-05 -1.4687024083839876e-20
1.8276712841035117e-05 -1.3607948261231258e-20
1.8306528033271717e-05 -2.9514611939481224e-20
1.8336343225508316e-05 -2.4191298959573738e-20
1.8366158417744912e-05 -2.2601105471305513e-20
1.8395973609981515e-05 -2.4237397002598696e-20
1.842578880221811e-05 -2.3666146267865346e-20
1.8455603994454713e-05 -3.839904122546029e-20
1.848541918669131e-05 -2.9506543323974856e-20
1.851523437892791e-05 -2.135537679793336e-20
1.854504957116451e-05 -3.967954974582225e-20
1.8574864763401107e-05 -3.721237009806396e-20
1.8604679955637707e-05 -3.243486612894198e-20
1.8634495147874306e-05 -3.4960810684133117e-20
1.8664310340110905e-05 -3.197650340660387e-20
1.86941255323475e-05 -4.4227570528266557e-20
1.8723940724584104e-05 -4.314749584409365e-20
1.87537559168207e-05 -3.099903013489885e-20
1.87835711090573e-05 -4.465037758517524e-20
1.88133863012939e-05 -4.8910474321702573e-20
1.8843201493530498e-05 -4.0862974701401605e-20
1.8873016685767094e-05 -4.5928610687273255e-20
1.8902831878003697e-05 -4.4892381248325984e-20
1.8932647070240293e-05 -5.116686931655146e-20
1.8962462262476892e-05 -5.612949980528721e-20
1.899227745471349e-05 -4.0070728213285873e-20
1.902209264695009e-05 -4.810087494089949e-20
1.905190783918669e-05 -6.071862865748806e-20
1.908172303142329e-05 -5.0263898119988666e-20
1.9111538223659885e-05 -5.293971695638173e-20
1.9141353415896488e-05 -5.463773944594183e-20
1.9171168608133084e-05 -5.642845299047173e-20
1.9200983800369683e-05 -6.74026613643438e-20
1.9230798992606283e-05 -5.467002397444861e-20
1.9260614184842882e-05 -5.3259379014178807e-20
1.9290429377079478e-05 -7.089332570232804e-20
1.932024456931608e-05 -6.34020895772565e-20
1.9350059761552677e-05 -6.115948678371266e-20
1.9379874953789276e-05 -6.445426596004075e-20
1.9409690146025875e-05 -6.230459050314378e-20
1.9439505338262475e-05 -7.534271837219335e-20
1.946932053049907e-05 -6.641889018120509e-20
1.9499135722735674e-05 -5.833506886560745e-20
1.952895091497227e-05 -7.955817452484471e-20
1.9558766107208872e-05 -7.468191387524783e-20
1.9588581299445468e-05 -6.834368826412888e-20
1.9618396491682068e-05 -7.581206505828574e-20
1.964821168391867e-05 -7.068394728280402e-20
1.9678026876155266e-05 -8.140454325519739e-20
1.9707842068391866e-05 -8.133008450927247e-20
1.9737657260628465e-05 -6.75763871087586e-20
1.9767472452865064e-05 -8.23476815968719e-20
1.979728764510166e-05 -8.498348546013352e-20
1.9827102837338263e-05 -7.578733646324631e-20
1.985691802957486e-05 -8.284568815803937e-20
1.9886733221811458e-05 -8.043977538697359e-20
1.9916548414048058e-05 -8.492658021329941e-20
1.9946363606284657e-05 -9.166813892292454e-20
1.9976178798521253e-05 -7.738055123113861e-20
2.0005993990757856e-05 -8.365835503745014e-20
2.003580918299445e-05 -9.7163763111383e-20
2.006562437523105e-05 -8.548583701460862e-20
2.009543956746765e-05 -8.624161417853003e-20
2.012525475970425e-05 -9.03353118282532e-20
2.015506995194085e-05 -8.81671920506475e-20
2.0184885144177448e-05 -9.798619762546293e-20
2.0214700336414044e-05 -8.845228026054964e-20
2.0244515528650647e-05 -8.471111327377457e-20
2.0274330720887243e-05 -1.0394040480706295e-19
2.0304145913123842e-05 -9.553496832291304e-20
2.033396110536044e-05 -8.944402617035497e-20
2.036377629759704e-05 -9.907639362434377e-20
2.0393591489833637e-05 -9.436733817797056e-20
2.042340668207024e-05 -1.0150364780668042e-19
2.0453221874306836e-05 -9.886950295327958e-20
2.0483037066543435e-05 -8.710588583907442e-20
2.0512852258780034e-05 -1.0519766886274002e-19
2.0542667451016634e-05 -1.0361587620499146e-19
2.057248264325323e-05 -9.143214434149887e-20
2.0602297835489832e-05 -1.0182730106523601e-19
2.0632113027726428e-05 -1.0022719243912692e-19
2.066192821996303e-05 -1.0281390290319018e-19
2.0691743412199627e-05 -1.0488043706098487e-19
2.0721558604436226e-05 -9.345356502719173e-20
2.075137379667283e-05 -1.0592352555475439e-19
2.0781188988909425e-05 -1.1095600470990242e-19
2.0811004181146024e-05 -9.678668626037438e-20
2.0840819373382624e-05 -1.0475322567352878e-19
2.0870634565619223e-05 -1.058893653929628e-19
2.090044975785582e-05 -1.0166158347053136e-19
2.0930264950092422e-05 -1.0871479153720975e-19
2.0960080142329018e-05 -9.891838232419585e-20
2.0989895334565617e-05 -1.0178552413173899e-19
2.1019710526802216e-05 -1.1455411015892433e-19
2.1049525719038816e-05 -1.0302686435893289e-19
2.1079340911275412e-05 -1.0249785962928246e-19
2.1109156103512014e-05 -1.0839329160795373e-19
2.113897129574861e-05 -1.0498491638007429e-19
2.116878648798521e-05 -1.1117718192718975e-19
2.119860168022181e-05 -1.0369903009072498e-19
2.122841687245841e-05 -9.793278377147919e-20
2.1258232064695008e-05 -1.1514327309243084e-19
2.1288047256931607e-05 -1.0833449033095812e-19
2.1317862449168203e-05 -1.0013003139566124e-19
2.1347677641404806e-05 -1.1117235230185922e-19
2.1377492833641402e-05 -1.0495691334562519e-19
2.1407308025878e-05 -1.0904706745438203e-19
2.14371232181146e-05 -1.1168488898455572e-19
2.14669384103512e-05 -1.0038452314394853e-19
2.1496753602587796e-05 -1.1350755323613477e-19
2.15265687948244e-05 -1.1250079134445747e-19
2.1556383987060994e-05 -1.0049149664408847e-19
2.1586199179297594e-05 -1.103596555290613e-19
2.1616014371534193e-05 -1.0792658050625991e-19
2.1645829563770792e-05 -1.0732727572200256e-19
2.167564475600739e-05 -1.1213413815987e-19
2.170545994824399e-05 -1.0168048824244374e-19
2.1735275140480587e-05 -1.087028396519056e-19
2.176509033271719e-05 -1.1551104405578822e-19
2.1794905524953786e-05 -1.0320964798376959e-19
2.1824720717190385e-05 -1.0659990402919484e-19
2.1854535909426988e-05 -1.1069559801699837e-19
2.1884351101663584e-05 -1.0684195827823592e-19
2.1914166293900183e-05 -1.107727731330486e-19
2.1943981486136783e-05 -1.0500384084441532e-19
2.1973796678373382e-05 -1.0364096361432648e-19
2.2003611870609978e-05 -1.1411578497040316e-19
2.203342706284658e-05 -1.053350789404669e-19
2.2063242255083177e-05 -1.0295500337734518e-19
2.2093057447319776e-05 -1.116691010980249e-19
2.2122872639556375e-05 -1.0359866365455818e-19
2.2152687831792975e-05 -1.0637137185590444e-19
2.218250302402957e-05 -1.0806394551100467e-19
2.2212318216266173e-05 -1.0273121180554659e-19
2.224213340850277e-05 -1.1239656930999422e-19
2.227194860073937e-05 -1.05745575436559e-19
2.2301763792975968e-05 -1.0085292792317388e-19
2.2331578985212567e-05 -1.0947670647938622e-19
2.2361394177449167e-05 -1.0241539510336893e-19
2.2391209369685766e-05 -1.0416214666076581e-19
2.2421024561922362e-05 -1.0626282545519711e-19
2.2450839754158965e-05 -9.853802412261517e-20
2.248065494639556e-05 -1.0645989078020245e-19
2.251047013863216e-05 -1.071377564968725e-19
2.254028533086876e-05 -9.764781895475024e-20
2.257010052310536e-05 -1.0342904321369538e-19
2.2599915715341955e-05 -1.0365804915230693e-19
2.2629730907578557e-05 -9.962627899894773e-20
2.2659546099815153e-05 -1.0525786348756681e-19
2.2689361292051753e-05 -9.812542981365809e-20
2.2719176484288352e-05 -9.711145131227349e-20
2.274899167652495e-05 -1.0320571366666931e-19
2.2778806868761547e-05 -9.444945757483508e-20
2.280862206099815e-05 -9.932144328447876e-20
2.2838437253234746e-05 -1.0042360716888572e-19
2.286825244547135e-05 -9.295356280303606e-20
2.2898067637707945e-05 -1.003795458399898e-19
2.2927882829944544e-05 -9.588773571429723e-20
2.2957698022181147e-05 -9.272673424156357e-20
2.2987513214417743e-05 -9.948633329615978e-20
2.3017328406654342e-05 -9.257559531839958e-20
2.304714359889094e-05 -9.184005413205305e-20
2.307695879112754e-05 -9.654173174534393e-20
2.3106773983364137e-05 -8.851455817956929e-20
2.313658917560074e-05 -9.09459778967174e-20
2.3166404367837335e-05 -9.450400052966645e-20
2.3196219560073935e-05 -8.507681981443584e-20
2.3226034752310534e-05 -9.128382300498038e-20
2.3255849944547133e-05 -9.126516801297527e-20
2.328566513678373e-05 -8.276703294977857e-20
2.3315480329020332e-05 -9.216672547099918e-20
2.3345295521256928e-05 -8.508761253899828e-20
2.3375110713493527e-05 -8.191562584814033e-20
2.3404925905730127e-05 -9.121501885761409e-20
2.3434741097966726e-05 -7.982322607549159e-20
2.3464556290203325e-05 -8.404226281421397e-20
2.3494371482439925e-05 -8.634585194365578e-20
2.352418667467652e-05 -7.656501621507685e-20
2.3554001866913123e-05 -8.589496503294904e-20
2.358381705914972e-05 -8.046585164497762e-20
2.361363225138632e-05 -7.571859517244794e-20
2.3643447443622918e-05 -8.619481388924284e-20
2.3673262635859517e-05 -7.740665618992207e-20
2.3703077828096113e-05 -7.4765881955445e-20
2.3732893020332716e-05 -8.180381192218335e-20
2.3762708212569312e-05 -7.509119659671229e-20
2.379252340480591e-05 -7.72078492309781e-20
2.382233859704251e-05 -7.704362005685875e-20
2.385215378927911e-05 -6.770930233326047e-20
2.3881968981515706e-05 -7.804950746585176e-20
2.391178417375231e-05 -7.68328486131687e-20
2.3941599365988905e-05 -6.595789043558686e-20
2.3971414558225508e-05 -7.579966507395453e-20
2.4001229750462107e-05 -7.239426607292468e-20
2.4031044942698703e-05 -6.841562353693846e-20
2.4060860134935306e-05 -7.372897123997702e-20
2.40906753271719e-05 -6.397591605532751e-20
2.41204905194085e-05 -6.978665201465092e-20
2.41503057116451e-05 -7.289557015612257e-20
2.41801209038817e-05 -5.857411765369553e-20
2.4209936096118295e-05 -6.893873615931273e-20
2.4239751288354898e-05 -7.013572161004264e-20
2.4269566480591494e-05 -5.958774491388176e-20
2.4299381672828094e-05 -6.689592338489573e-20
2.4329196865064693e-05 -6.090556869106157e-20
2.4359012057301292e-05 -6.080080184036826e-20
2.4388827249537888e-05 -6.915725803276661e-20
2.441864244177449e-05 -5.65681152874443e-20
2.4448457634011087e-05 -5.722097260207663e-20
2.4478272826247686e-05 -6.482223040707836e-20
2.4508088018484286e-05 -5.69247008288456e-20
2.4537903210720885e-05 -5.909784482310945e-20
2.4567718402957484e-05 -5.646094448289898e-20
2.4597533595194084e-05 -5.101280376708491e-20
2.462734878743068e-05 -6.393168636030281e-20
2.4657163979667282e-05 -5.502776661762215e-20
2.4686979171903878e-05 -4.553122463113165e-20
2.4716794364140478e-05 -5.97968125494054e-20
2.4746609556377077e-05 -5.290360799189875e-20
2.4776424748613676e-05 -5.075982398566124e-20
2.4806239940850272e-05 -5.490310199003593e-20
2.4836055133086875e-05 -4.458703940086015e-20
2.486587032532347e-05 -5.413107028421699e-20
2.489568551756007e-05 -5.3492543308109226e-20
2.492550070979667e-05 -4.000701780892998e-20
2.495531590203327e-05 -5.013559410873911e-20
2.4985131094269865e-05 -4.919779212346036e-20
2.5014946286506468e-05 -4.290298191207768e-20
2.5044761478743064e-05 -4.755664658500697e-20
2.5074576670979666e-05 -4.002723074756962e-20
2.5104391863216266e-05 -4.594500635132638e-20
2.513420705545286e-05 -5.1716745500466317e-20
2.5164022247689464e-05 -3.548048821222471e-20
2.519383743992606e-05 -4.138376084763124e-20
2.522365263216266e-05 -4.8387779939624735e-20
2.525346782439926e-05 -3.8312710233912937e-20
2.528328301663586e-05 -3.9894557638246547e-20
2.5313098208872454e-05 -3.587606321745497e-20
2.5342913401109057e-05 -3.555623080424175e-20
2.5372728593345653e-05 -4.641967590514333e-20
2.5402543785582252e-05 -3.533392427075004e-20
2.5432358977818852e-05 -3.0821169415960336e-20
2.546217417005545e-05 -4.5125117871219505e-20
2.5491989362292047e-05 -3.678009585312691e-20
2.552180455452865e-05 -3.0946291561974396e-20
2.5551619746765246e-05 -3.5956386887671957e-20
2.5581434939001845e-05 -3.249334506232421e-20
2.5611250131238444e-05 -4.123017060635018e-20
2.5641065323475044e-05 -3.3396316513883544e-20
2.5670880515711643e-05 -2.1912212168433354e-20
2.5700695707948242e-05 -3.88633729692986e-20
2.573051090018484e-05 -3.6250538610681134e-20
2.576032609242144e-05 -2.721941528140469e-20
2.5790141284658037e-05 -3.141925242174243e-20
2.5819956476894636e-05 -2.814564373785576e-20
2.5849771669131236e-05 -3.519508892784972e-20
2.5879586861367835e-05 -3.533660078874433e-20
2.590940205360443e-05 -2.026446884680328e-20
2.5939217245841034e-05 -3.069325583186279e-20
2.596903243807763e-05 -3.6773908769718164e-20
2.599884763031423e-05 -2.2843110754892712e-20
2.602866282255083e-05 -2.5739913818812136e-20
2.6058478014787428e-05 -2.5770213986390895e-20
2.6088293207024024e-05 -2.7756515667273076e-20
2.6118108399260626e-05 -3.3074043674394717e-20
2.6147923591497222e-05 -1.855851425573531e-20
2.6177738783733825e-05 -2.3723121654336515e-20
2.6207553975970425e-05 -3.482070093028336e-20
2.623736916820702e-05 -2.2934237568645362e-20
2.6267184360443623e-05 -2.206084537392429e-20
2.629699955268022e-05 -2.4321119491163708e-20
2.632681474491682e-05 -2.5497200283992907e-20
2.6356629937153418e-05 -3.002152157935841e-20
2.6386445129390017e-05 -1.9062888891575932e-20
2.6416260321626613e-05 -1.619543889882612e-20
2.6446075513863216e-05 -2.988597515473674e-20
2.6475890706099812e-05 -2.450280149474533e-20
2.650570589833641e-05 -1.6099229687265146e-20
2.653552109057301e-05 -2.2319801352391247e-20
2.656533628280961e-05 -2.1563513044815626e-20
2.6595151475046206e-05 -2.6025569227949086e-20
2.662496666728281e-05 -2.129262684303288e-20
2.6654781859519405e-05 -1.0318170321592091e-20
2.6684597051756004e-05 -2.6740649104020007e-20
2.6714412243992603e-05 -2.6053676375827625e-20
2.6744227436229203e-05 -1.2633398526660332e-20
2.6774042628465802e-05 -1.8263636898120366e-20
2.68038578207024e-05 -1.8304915953023828e-20
2.6833673012938997e-05 -2.3673378612238832e-20
2.68634882051756e-05 -2.155244843015159e-20
2.6893303397412196e-05 -7.259936363224258e-21
2.6923118589648795e-05 -2.0235227224476208e-20
2.6952933781885395e-05 -2.73504381413088e-20
2.6982748974121994e-05 -1.3303732620396791e-20
2.701256416635859e-05 -1.450676363249198e-20
2.7042379358595193e-05 -1.867698622952583e-20
2.707219455083179e-05 -1.9814278301784436e-20
2.7102009743068388e-05 -2.0226547593594583e-20
2.7131824935304987e-05 -8.664079508659852e-21
2.7161640127541587e-05 -1.3891469733152553e-20
2.7191455319778183e-05 -2.716659228011021e-20
2.7221270512014785e-05 -1.3381146069693437e-20
2.725108570425138e-05 -1.0030702179256866e-20
2.7280900896487984e-05 -1.8320272053043035e-20
2.7310716088724583e-05 -1.634466297421902e-20
2.734053128096118e-05 -2.021613059421201e-20
2.7370346473197782e-05 -1.1822808846256525e-20
2.7400161665434378e-05 -9.143952814301133e-21
2.7429976857670977e-05 -2.4933977177684972e-20
2.7459792049907577e-05 -1.6255245814866175e-20
2.7489607242144176e-05 -7.353611438486841e-21
2.7519422434380772e-05 -1.630316219671149e-20
2.7549237626617375e-05 -1.649904996725247e-20
2.757905281885397e-05 -1.7999774949723408e-20
2.760886801109057e-05 -1.416947785823066e-20
2.763868320332717e-05 -7.865564442497923e-21
2.766849839556377e-05 -2.2150781264481924e-20
2.7698313587800365e-05 -2.078062402737601e-20
2.7728128780036967e-05 -7.448707754456767e-21
2.7757943972273563e-05 -1.4853241749499965e-20
2.7787759164510163e-05 -1.6823878613739424e-20
2.7817574356746762e-05 -1.9749459904711757e-20
2.784738954898336e-05 -1.742848310063347e-20
2.787720474121996e-05 -4.6331098774834926e-21
2.790701993345656e-05 -1.9560110039948895e-20
2.7936835125693156e-05 -2.5012498707168653e-20
2.796665031792976e-05 -9.189722894708186e-21
2.7996465510166355e-05 -1.3028014924821652e-20
2.8026280702402954e-05 -1.8606121172590913e-20
2.8056095894639553e-05 -1.9315651823243336e-20
2.8085911086876153e-05 -1.94921678192798e-20
2.811572627911275e-05 -9.726971452422581e-21
2.814554147134935e-05 -1.49316507175417e-20
2.8175356663585947e-05 -2.5793606106961322e-20
2.8205171855822547e-05 -1.2800473992671274e-20
2.8234987048059146e-05 -9.972029840133537e-21
2.8264802240295745e-05 -1.9804881596648203e-20
2.829461743253234e-05 -1.8590785257600956e-20
2.8324432624768944e-05 -2.005544828609198e-20
2.8354247817005543e-05 -1.3294248363010082e-20
2.8384063009242143e-05 -1.1749964710587633e-20
2.8413878201478742e-05 -2.7998076538351795e-20
2.8443693393715338e-05 -1.831961749307123e-20
2.847350858595194e-05 -9.644135385154541e-21
2.8503323778188537e-05 -2.1338497132429462e-20
2.8533138970425136e-05 -1.8661853331982773e-20
2.8562954162661735e-05 -2.036736099299121e-20
2.8592769354898335e-05 -1.6604660929380578e-20
2.862258454713493e-05 -9.130311147540963e-21
2.8652399739371534e-05 -2.419881959658566e-20
2.868221493160813e-05 -2.1846554402106038e-20
2.871203012384473e-05 -9.261070630349838e-21
2.8741845316081328e-05 -1.7488881807869263e-20
2.8771660508317928e-05 -2.2133547275835432e-20
2.8801475700554523e-05 -2.06491567886982e-20
2.8831290892791126e-05 -1.7071432170580718e-20
2.8861106085027722e-05 -1.1745366339293448e-20
2.889092127726432e-05 -2.1222273856280375e-20
2.892073646950092e-05 -2.4007369752441853e-20
2.8950551661737517e-05 -1.1417834052757397e-20
2.8980366853974123e-05 -1.4785653371934597e-20
2.901018204621072e-05 -2.0482287354112472e-20
2.9039997238447315e-05 -1.9993164848903276e-20
2.9069812430683914e-05 -2.00952525884798e-20
2.9099627622920517e-05 -1.0501819563213362e-20
2.9129442815157113e-05 -1.624496676410239e-20
2.9159258007393712e-05 -2.769068961434648e-20
2.9189073199630308e-05 -1.3851045080277292e-20
2.921888839186691e-05 -1.0998588450650856e-20
2.924870358410351e-05 -2.137572629880807e-20
2.9278518776340106e-05 -1.8466827164884596e-20
2.9308333968576702e-05 -1.832768192300753e-20
2.933814916081331e-05 -1.3253475423863963e-20
2.9367964353049904e-05 -1.0863367663426799e-20
2.93977795452865e-05 -2.3490227985766243e-20
2.94275947375231e-05 -1.6595341415931208e-20
2.9457409929759702e-05 -8.509542095277593e-21
2.94872251219963e-05 -1.8881172330897283e-20
2.9517040314232898e-05 -1.8993864977153628e-20
2.95468555064695e-05 -1.6005228377387344e-20
2.95766706987061e-05 -1.4461583554044386e-20
2.9606485890942696e-05 -1.0277119233759036e-20
2.963630108317929e-05 -2.070299043627443e-20
2.9666116275415898e-05 -2.1513138609668365e-20
2.9695931467652494e-05 -6.556407418114608e-21
2.972574665988909e-05 -1.4554572097334827e-20
2.975556185212569e-05 -1.993820796864407e-20
2.9785377044362292e-05 -1.2836949041252255e-20
2.9815192236598888e-05 -1.5920385086191e-20
2.9845007428835487e-05 -9.794552157443594e-21
2.9874822621072083e-05 -1.5511274342794433e-20
2.9904637813308686e-05 -2.4276596138521373e-20
2.9934453005545285e-05 -7.238740253085103e-21
2.996426819778188e-05 -9.984994155383223e-21
2.999408339001848e-05 -1.9542145921319564e-20
3.0023898582255083e-05 -1.398957246871024e-20
3.005371377449168e-05 -1.4570776453421803e-20
3.008352896672828e-05 -7.189546882631391e-21
3.0113344158964874e-05 -1.0280526137683832e-20
3.0143159351201477e-05 -2.1039203043909652e-20
3.0172974543438076e-05 -8.699055545291532e-21
3.0202789735674672e-05 -6.3469772659824764e-21
3.023260492791127e-05 -1.6134866101083148e-20
3.0262420120147874e-05 -1.3697426702204207e-20
3.029223531238447e-05 -1.3051503870418448e-20
3.0322050504621066e-05 -9.642096610165755e-21
3.0351865696857666e-05 -6.546082393058125e-21
3.038168088909427e-05 -1.7169986219905582e-20
3.0411496081330864e-05 -1.2536182505331231e-20
3.0441311273567464e-05 -2.0173362118980298e-21
3.047112646580406e-05 -1.1907239841007694e-20
3.0500941658040662e-05 -1.2742731506869062e-20
3.053075685027726e-05 -8.327929346398355e-21
3.056057204251386e-05 -7.865691190055426e-21
3.059038723475046e-05 -2.140363165546814e-21
3.062020242698706e-05 -1.2622193353190194e-20
3.065001761922366e-05 -1.5510562334621694e-20
3.067983281146025e-05 -5.940256060580064e-22
3.070964800369686e-05 -6.174461185690478e-21
3.073946319593346e-05 -1.0921435997011405e-20
3.076927838817005e-05 -5.4860898259661346e-21
3.079909358040665e-05 -6.370904908208311e-21
3.0828908772643255e-05 6.766535921993818e-22
3.085872396487985e-05 -4.48549223199637e-21
3.088853915711645e-05 -1.2960400110155491e-20
3.0918354349353046e-05 2.1032316138222996e-21
3.0948169541589646e-05 1.348163565259005e-21
3.0977984733826245e-05 -8.451980102697317e-21
3.1007799926062845e-05 -3.494450451743076e-21
3.103761511829944e-05 -3.0924166332179286e-21
3.106743031053604e-05 9.496757122762649e-22
3.109724550277264e-05 2.1054601583814618e-21
3.1127060695009235e-05 -7.777255354155386e-21
3.1156875887245834e-05 3.568759045487888e-22
3.118669107948244e-05 8.250407303839186e-21
3.121650627171903e-05 -2.3958410196032268e-21
3.124632146395563e-05 -9.669730381495456e-22
3.127613665619223e-05 2.8529648463474286e-21
3.130595184842883e-05 4.015937426361231e-21
3.133576704066543e-05 8.071764447187434e-21
3.136558223290203e-05 -3.3183545059886317e-21
3.139539742513863e-05 -1.4291435375491636e-22
3.142521261737523e-05 1.4052485088250993e-20
3.145502780961183e-05 4.532255593027978e-21
3.148484300184843e-05 3.105659868501644e-21
3.151465819408502e-05 8.032350619523386e-21
3.1544473386321626e-05 5.872528718747051e-21
3.1574288578558225e-05 1.3528520941669443e-20
3.160410377079482e-05 7.242599083575551e-21
3.1633918963031424e-05 1.7132045134858788e-21
3.166373415526802e-05 1.644680012218809e-20
3.1693549347504616e-05 1.3356651827494814e-20
3.1723364539741215e-05 6.1505830388832495e-21
3.175317973197782e-05 1.1095855182968236e-20
3.1782994924214414e-05 1.1110273831115898e-20
3.181281011645101e-05 1.761267579336194e-20
3.184262530868761e-05 1.5628772274946458e-20
3.187244050092421e-05 5.523749939214375e-21
3.190225569316081e-05 1.877103043120576e-20
3.193207088539741e-05 2.3691450194638587e-20
3.1961886077634e-05 1.256936464268045e-20
3.199170126987061e-05 1.4882337075789125e-20
3.202151646210721e-05 1.8415478442555374e-20
3.20513316543438e-05 2.2307482616192084e-20
3.20811468465804e-05 2.263747749135211e-20
3.211096203881701e-05 1.1966686830628801e-20
3.21407772310536e-05 2.056864030338122e-20
3.21705924232902e-05 3.1649740835849266e-20
3.22004076155268e-05 2.0161035261894375e-20
