0.0 1.0145493611425371e-19
2.9832649149922724e-08 1.1084198993899352e-19
5.966529829984545e-08 1.1371000903276633e-19
8.949794744976816e-08 1.085050560239224e-19
1.193305965996909e-07 1.1580523316550652e-19
1.491632457496136e-07 1.0981517928947042e-19
1.7899589489953632e-07 1.1104963259170208e-19
2.0882854404945906e-07 1.2246848752201224e-19
2.386611931993818e-07 1.1138827111921953e-19
2.684938423493045e-07 1.1074385982212756e-19
2.983264914992272e-07 1.2320672347853277e-19
3.2815914064914996e-07 1.1512232215343595e-19
3.5799178979907264e-07 1.1830893200521613e-19
3.8782443894899543e-07 1.2026650258269016e-19
4.176570880989181e-07 1.115295613236303e-19
4.4748973724884085e-07 1.2772650961528286e-19
4.773223863987636e-07 1.2267374255558886e-19
5.071550355486863e-07 1.1210089276900442e-19
5.36987684698609e-07 1.290109474020528e-19
5.668203338485316e-07 1.2345574523388192e-19
5.966529829984544e-07 1.2249847193585942e-19
6.264856321483771e-07 1.2775393412578774e-19
6.563182812982999e-07 1.1756916696652712e-19
6.861509304482226e-07 1.2958166161786144e-19
7.159835795981453e-07 1.306440114958336e-19
7.458162287480681e-07 1.1747136276667474e-19
7.756488778979909e-07 1.299473971858128e-19
8.054815270479134e-07 1.3168493634155694e-19
8.353141761978362e-07 1.2513623912846186e-19
8.651468253477589e-07 1.3173549478340941e-19
8.949794744976817e-07 1.2613420864747817e-19
9.248121236476043e-07 1.3061309537383338e-19
9.546447727975272e-07 1.4014823398187324e-19
9.844774219474498e-07 1.251061281048664e-19
1.0143100710973726e-06 1.2963642654880502e-19
1.0441427202472951e-06 1.385605831892344e-19
1.073975369397218e-06 1.3021595818916878e-19
1.1038080185471407e-06 1.3718539954697253e-19
1.1336406676970633e-06 1.3108554913505806e-19
1.163473316846986e-06 1.2966443279077889e-19
1.1933059659969089e-06 1.4681817686612658e-19
1.2231386151468315e-06 1.332167285964346e-19
1.2529712642967542e-06 1.3054943695974158e-19
1.282803913446677e-06 1.4581404200725085e-19
1.3126365625965998e-06 1.3733164868782368e-19
1.3424692117465224e-06 1.3872211072969676e-19
1.3723018608964452e-06 1.4101132422667993e-19
1.402134510046368e-06 1.3426059344321e-19
1.4319671591962906e-06 1.4690149569373929e-19
1.4617998083462134e-06 1.4351527745676446e-19
1.4916324574961361e-06 1.314946973448644e-19
1.5214651066460587e-06 1.476659421156793e-19
1.5512977557959817e-06 1.470114826152951e-19
1.5811304049459043e-06 1.3951066258761164e-19
1.6109630540958269e-06 1.4773929909920786e-19
1.6407957032457497e-06 1.4127024759415162e-19
1.6706283523956725e-06 1.4898261459518603e-19
1.700461001545595e-06 1.5415650496018254e-19
1.7302936506955178e-06 1.3738726872474702e-19
1.7601262998454404e-06 1.4798019726549543e-19
1.7899589489953634e-06 1.5468180077282816e-19
1.819791598145286e-06 1.4532419853442008e-19
1.8496242472952086e-06 1.5079231351267108e-19
1.8794568964451316e-06 1.4722607017613628e-19
1.9092895455950544e-06 1.5050219758383704e-19
1.939122194744977e-06 1.5985424533155458e-19
1.9689548438948995e-06 1.4635780088988174e-19
1.9987874930448225e-06 1.4999513377132184e-19
2.028620142194745e-06 1.6202084207121672e-19
2.0584527913446677e-06 1.5287017938346938e-19
2.0882854404945903e-06 1.5435915160657053e-19
2.1181180896445133e-06 1.5518662119539447e-19
2.147950738794436e-06 1.53847681925798e-19
2.1777833879443584e-06 1.6505579738025472e-19
2.2076160370942814e-06 1.5358288425757819e-19
2.237448686244204e-06 1.4885315089273245e-19
2.2672813353941266e-06 1.6753864554926625e-19
2.2971139845440496e-06 1.6021392264555036e-19
2.326946633693972e-06 1.5554680720793712e-19
2.3567792828438947e-06 1.6279211166890056e-19
2.3866119319938177e-06 1.5768728695941435e-19
2.4164445811437403e-06 1.6765153543172759e-19
2.446277230293663e-06 1.6600698777097564e-19
2.476109879443586e-06 1.5240950836434265e-19
2.5059425285935085e-06 1.6914771106253508e-19
2.5357751777434315e-06 1.7081669920801606e-19
2.565607826893354e-06 1.5915131858170247e-19
2.5954404760432766e-06 1.6714525803428386e-19
2.6252731251931996e-06 1.654161338959468e-19
2.6551057743431222e-06 1.6935250420381244e-19
2.684938423493045e-06 1.7460252369679809e-19
2.714771072642968e-06 1.6016766005691313e-19
2.7446037217928904e-06 1.7017595651652706e-19
2.774436370942813e-06 1.8055477725966317e-19
2.804269020092736e-06 1.6700366513921647e-19
2.8341016692426585e-06 1.7067557929771513e-19
2.863934318392581e-06 1.7317633821351117e-19
2.893766967542504e-06 1.7366807974277068e-19
2.9235996166924267e-06 1.804231446060071e-19
2.9534322658423497e-06 1.682812591829096e-19
2.9832649149922723e-06 1.7148082592746025e-19
3.013097564142195e-06 1.858186578261788e-19
3.0429302132921174e-06 1.7417762552294458e-19
3.0727628624420404e-06 1.7461681191991293e-19
3.1025955115919635e-06 1.8256150568096533e-19
3.132428160741886e-06 1.784361385088703e-19
3.1622608098918086e-06 1.8597265500787632e-19
3.192093459041731e-06 1.7998695557929854e-19
3.2219261081916538e-06 1.741835111319961e-19
3.2517587573415768e-06 1.9024591166684077e-19
3.2815914064914993e-06 1.8400023622229685e-19
3.311424055641422e-06 1.7723750167101865e-19
3.341256704791345e-06 1.856839530007043e-19
3.3710893539412675e-06 1.8331934900265758e-19
3.40092200309119e-06 1.8963497133046348e-19
3.430754652241113e-06 1.8830462011665257e-19
3.4605873013910357e-06 1.7686428053692827e-19
3.4904199505409582e-06 1.9191214113001832e-19
3.520252599690881e-06 1.9551257409642895e-19
3.5500852488408034e-06 1.8179833692351308e-19
3.579917897990727e-06 1.8862488574533436e-19
3.6097505471406494e-06 1.905996439096417e-19
3.639583196290572e-06 1.9043200334468474e-19
3.6694158454404946e-06 1.9358919875150237e-19
3.699248494590417e-06 1.8234841515102316e-19
3.7290811437403397e-06 1.9032229838976858e-19
3.758913792890263e-06 2.0056869575559015e-19
3.7887464420401857e-06 1.862131094372378e-19
3.818579091190109e-06 1.8994229382113816e-19
3.848411740340031e-06 1.9606881108476615e-19
3.878244389489954e-06 1.9282255953382703e-19
3.9080770386398765e-06 1.978989527012328e-19
3.937909687789799e-06 1.8803055407087691e-19
3.967742336939722e-06 1.8897894885676013e-19
3.997574986089645e-06 2.0296711287124872e-19
4.027407635239568e-06 1.9125975107029544e-19
4.05724028438949e-06 1.8811917600644867e-19
4.087072933539413e-06 1.9713138517512904e-19
4.116905582689335e-06 1.9327188480973014e-19
4.146738231839258e-06 1.9742027339571877e-19
4.1765708809891805e-06 1.9403389717716135e-19
4.206403530139103e-06 1.861378090711429e-19
4.2362361792890265e-06 2.0067700244903544e-19
4.266068828438949e-06 1.978296624516812e-19
4.295901477588872e-06 1.8529473098408863e-19
4.325734126738794e-06 1.95797862579213e-19
4.355566775888717e-06 1.9480408702524584e-19
4.3853994250386394e-06 1.9241103694558456e-19
4.415232074188563e-06 1.9480654179018094e-19
4.4450647233384854e-06 1.8518306467116397e-19
4.474897372488408e-06 1.957741233600958e-19
4.504730021638331e-06 1.9987289354653636e-19
4.534562670788253e-06 1.8404183126476683e-19
4.564395319938176e-06 1.909566392658945e-19
4.594227969088099e-06 1.9449083126385699e-19
4.624060618238022e-06 1.9042173847149663e-19
4.653893267387944e-06 1.9272677909437863e-19
4.683725916537867e-06 1.8429149468074547e-19
4.7135585656877895e-06 1.8872939312659708e-19
4.743391214837713e-06 1.9723511445130651e-19
4.7732238639876355e-06 1.8225313499512538e-19
4.803056513137558e-06 1.83034146455034e-19
4.832889162287481e-06 1.936691378251356e-19
4.862721811437403e-06 1.8492350299006352e-19
4.892554460587326e-06 1.8670784534562336e-19
4.922387109737249e-06 1.8382539354671092e-19
4.952219758887172e-06 1.7898744590284767e-19
4.982052408037094e-06 1.9303138293600378e-19
5.011885057187017e-06 1.8242004641126238e-19
5.0417177063369395e-06 1.7461340261829371e-19
5.071550355486863e-06 1.8732807192439947e-19
5.1013830046367856e-06 1.8009127338455539e-19
5.131215653786708e-06 1.7960544265525928e-19
5.161048302936631e-06 1.7963530534358785e-19
5.190880952086553e-06 1.727962707222471e-19
5.220713601236476e-06 1.8396939828416797e-19
5.250546250386399e-06 1.791855380830279e-19
5.280378899536322e-06 1.680921348339218e-19
5.3102115486862445e-06 1.7833027820955045e-19
5.340044197836167e-06 1.7730057802070822e-19
5.36987684698609e-06 1.7318964226955042e-19
5.399709496136013e-06 1.7453018524239185e-19
5.429542145285936e-06 1.6727390859986068e-19
5.459374794435858e-06 1.7333445286347367e-19
5.489207443585781e-06 1.7419597989665245e-19
5.519040092735703e-06 1.6094181787811661e-19
5.548872741885626e-06 1.673780807310552e-19
5.578705391035549e-06 1.7258366866069847e-19
5.608538040185472e-06 1.6460094058150363e-19
5.6383706893353945e-06 1.6420124603132172e-19
5.668203338485317e-06 1.6151207312487975e-19
5.69803598763524e-06 1.6310127813236614e-19
5.727868636785162e-06 1.6744159515591936e-19
5.757701285935086e-06 1.5554052240633756e-19
5.787533935085008e-06 1.5720821007159792e-19
5.817366584234931e-06 1.6473443361374227e-19
5.847199233384853e-06 1.5501660597905137e-19
5.877031882534776e-06 1.5562020226260196e-19
5.906864531684699e-06 1.5289978158510898e-19
5.936697180834622e-06 1.497167519868265e-19
5.966529829984545e-06 1.6105607953249502e-19
5.996362479134467e-06 1.4941556318276702e-19
6.02619512828439e-06 1.4259954347635261e-19
6.056027777434312e-06 1.5600369705197137e-19
6.085860426584235e-06 1.482764571138567e-19
6.1156930757341575e-06 1.4510478229682466e-19
6.145525724884081e-06 1.4594624468812857e-19
6.175358374034004e-06 1.3826165422665985e-19
6.205191023183927e-06 1.4758384449363266e-19
6.2350236723338495e-06 1.4160538553112173e-19
6.264856321483772e-06 1.3029950181247945e-19
6.294688970633695e-06 1.4185733599895133e-19
6.324521619783617e-06 1.3727333433807914e-19
6.35435426893354e-06 1.308183031282044e-19
6.384186918083462e-06 1.356023064691969e-19
6.414019567233385e-06 1.2885130243265198e-19
6.4438522163833075e-06 1.3109217949374596e-19
6.47368486553323e-06 1.3248251103000067e-19
6.5035175146831535e-06 1.202592161621353e-19
6.533350163833076e-06 1.2566201128925497e-19
6.563182812982999e-06 1.2723177693200093e-19
6.593015462132921e-06 1.1726361995965867e-19
6.622848111282844e-06 1.212739590783274e-19
6.652680760432767e-06 1.1632493547749607e-19
6.68251340958269e-06 1.144569075002708e-19
6.7123460587326124e-06 1.2200433611852528e-19
6.742178707882535e-06 1.0754484452136259e-19
6.772011357032458e-06 1.0562523068887144e-19
6.80184400618238e-06 1.1727941086264568e-19
6.831676655332304e-06 1.062660372639314e-19
6.861509304482226e-06 1.0380397550953186e-19
6.891341953632149e-06 1.046120371656675e-19
6.921174602782071e-06 9.85988121974567e-20
6.951007251931994e-06 1.042518478990706e-19
6.9808399010819165e-06 9.456529381319176e-20
7.010672550231839e-06 8.931774723843825e-20
7.040505199381762e-06 9.987832738869173e-20
7.070337848531684e-06 9.055776060421832e-20
7.100170497681607e-06 8.494249912330673e-20
7.13000314683153e-06 8.919720346001802e-20
7.159835795981454e-06 8.407073888045894e-20
7.189668445131376e-06 8.556291192619791e-20
7.219501094281299e-06 8.103116297330342e-20
7.249333743431221e-06 7.179232019182254e-20
7.279166392581144e-06 8.240913160974232e-20
7.3089990417310666e-06 7.641219857350496e-20
7.338831690880989e-06 6.403345122487908e-20
7.368664340030912e-06 7.199073516938132e-20
7.398496989180834e-06 6.475702566056527e-20
7.428329638330757e-06 6.474063968918755e-20
7.4581622874806795e-06 6.790062076765505e-20
7.487994936630604e-06 5.1852684452338876e-20
7.517827585780526e-06 5.851778849587268e-20
7.547660234930449e-06 6.209564606466428e-20
7.5774928840803715e-06 4.688027931632686e-20
7.607325533230294e-06 4.9821284044800723e-20
7.637158182380217e-06 4.82567977793586e-20
7.66699083153014e-06 4.385740912395909e-20
7.696823480680063e-06 4.6940408775395694e-20
7.726656129829984e-06 3.431158710009557e-20
7.756488778979908e-06 3.419218236268662e-20
7.78632142812983e-06 4.1658565193291966e-20
7.816154077279753e-06 2.6826684241914503e-20
7.845986726429676e-06 2.726266687188584e-20
7.875819375579598e-06 3.08366626997939e-20
7.905652024729522e-06 1.9453844004377853e-20
7.935484673879443e-06 2.4504799477863117e-20
7.965317323029367e-06 1.8695643761932604e-20
7.99514997217929e-06 1.0261435937080498e-20
8.024982621329212e-06 1.986410090304452e-20
8.054815270479135e-06 7.995017385897991e-21
8.084647919629057e-06 2.054660095667634e-21
8.11448056877898e-06 1.0415294546383128e-20
8.144313217928904e-06 -1.4594770165194874e-21
8.174145867078826e-06 -2.1277704698243552e-21
8.203978516228749e-06 -7.67190769126609e-22
8.23381116537867e-06 -1.3616302537769996e-20
8.263643814528594e-06 -7.597957585016223e-21
8.293476463678516e-06 -7.918769286206761e-21
8.32330911282844e-06 -2.1342106729580484e-20
8.353141761978361e-06 -1.794069435707017e-20
8.382974411128284e-06 -2.1686480349434977e-20
8.412807060278206e-06 -2.747525580259552e-20
8.44263970942813e-06 -2.383454976871205e-20
8.472472358578053e-06 -3.6184343463374876e-20
8.502305007727976e-06 -3.5879017160184134e-20
8.532137656877898e-06 -3.037101072042302e-20
8.561970306027822e-06 -4.675779495688308e-20
8.591802955177743e-06 -4.457342894345949e-20
8.621635604327667e-06 -4.225050533996568e-20
8.651468253477589e-06 -5.1916777823131185e-20
8.681300902627512e-06 -4.734002133669069e-20
8.711133551777434e-06 -5.634223671323933e-20
8.740966200927357e-06 -6.322362673459184e-20
8.770798850077279e-06 -5.44185657232462e-20
8.800631499227204e-06 -6.637660155900201e-20
8.830464148377126e-06 -7.162901552375956e-20
8.860296797527049e-06 -6.443688300281923e-20
8.890129446676971e-06 -7.654111564881352e-20
8.919962095826894e-06 -7.697474943181115e-20
8.949794744976816e-06 -7.596592353869882e-20
8.97962739412674e-06 -8.745206761445115e-20
9.009460043276661e-06 -7.918344406867821e-20
9.039292692426585e-06 -8.586100213584607e-20
9.069125341576506e-06 -9.726915007970326e-20
9.09895799072643e-06 -8.814159863598984e-20
9.128790639876351e-06 -9.853344065367544e-20
9.158623289026277e-06 -1.0001405548881434e-19
9.188455938176198e-06 -9.691967955703451e-20
9.218288587326122e-06 -1.1259914730403192e-19
9.248121236476044e-06 -1.0572211265906253e-19
9.277953885625967e-06 -1.0639752725495902e-19
9.307786534775889e-06 -1.1977288384906344e-19
9.337619183925812e-06 -1.1290577493091346e-19
9.367451833075734e-06 -1.187320575705059e-19
9.397284482225657e-06 -1.2281430840229783e-19
9.427117131375579e-06 -1.1846244577835004e-19
9.456949780525502e-06 -1.3043442582126935e-19
9.486782429675426e-06 -1.2919221682545725e-19
9.51661507882535e-06 -1.2663857807328775e-19
9.546447727975271e-06 -1.4061188825006536e-19
9.576280377125194e-06 -1.3823578130115648e-19
9.606113026275116e-06 -1.3661614776091978e-19
9.63594567542504e-06 -1.4670173997791532e-19
9.665778324574961e-06 -1.414509984685651e-19
9.695610973724885e-06 -1.4607908590932244e-19
9.725443622874806e-06 -1.562072276147001e-19
9.75527627202473e-06 -1.468049591338589e-19
9.785108921174652e-06 -1.5403674108641883e-19
9.814941570324577e-06 -1.6195326891568678e-19
9.844774219474498e-06 -1.5626228396474175e-19
9.874606868624422e-06 -1.6525149451015943e-19
9.904439517774344e-06 -1.6407947293671494e-19
9.934272166924267e-06 -1.6525388269071268e-19
9.964104816074189e-06 -1.7669918448770271e-19
9.993937465224112e-06 -1.6741161342617607e-19
1.0023770114374034e-05 -1.7349612746185914e-19
1.0053602763523957e-05 -1.8443851939661434e-19
1.0083435412673879e-05 -1.7399963536007301e-19
1.0113268061823803e-05 -1.8241695803733977e-19
1.0143100710973726e-05 -1.8558391482756875e-19
1.017293336012365e-05 -1.8013200302920148e-19
1.0202766009273571e-05 -1.9438732917362456e-19
1.0232598658423495e-05 -1.8973300392220256e-19
1.0262431307573416e-05 -1.8757100205973094e-19
1.029226395672334e-05 -2.031668128965732e-19
1.0322096605873261e-05 -1.952813388056904e-19
1.0351929255023185e-05 -1.9767511671522112e-19
1.0381761904173107e-05 -2.083197035498735e-19
1.041159455332303e-05 -1.9901974882623087e-19
1.0441427202472952e-05 -2.0899871700590185e-19
1.0471259851622875e-05 -2.1280743228635464e-19
1.0501092500772799e-05 -2.0306554824853729e-19
1.053092514992272e-05 -2.1795374260403845e-19
1.0560757799072644e-05 -2.1629112462590516e-19
1.0590590448222565e-05 -2.1127022273938793e-19
1.0620423097372489e-05 -2.26374353904297e-19
1.0650255746522412e-05 -2.1910960079741816e-19
1.0680088395672334e-05 -2.211669501688417e-19
1.0709921044822257e-05 -2.338121848592413e-19
1.073975369397218e-05 -2.2257755113554283e-19
1.0769586343122103e-05 -2.311391079186259e-19
1.0799418992272026e-05 -2.370055118528003e-19
1.0829251641421948e-05 -2.2605408154516067e-19
1.0859084290571871e-05 -2.39999828027283e-19
1.0888916939721793e-05 -2.3736041279979693e-19
1.0918749588871716e-05 -2.3389510831408677e-19
1.0948582238021638e-05 -2.504750293336141e-19
1.0978414887171562e-05 -2.393177051692953e-19
1.1008247536321483e-05 -2.4178571750573685e-19
1.1038080185471407e-05 -2.558686847154157e-19
1.1067912834621328e-05 -2.447378929927955e-19
1.1097745483771252e-05 -2.521674178704373e-19
1.1127578132921175e-05 -2.5661302291174614e-19
1.1157410782071099e-05 -2.4725724107762104e-19
1.118724343122102e-05 -2.613691844790366e-19
1.1217076080370944e-05 -2.590788400556797e-19
1.1246908729520866e-05 -2.507229092376176e-19
1.1276741378670789e-05 -2.678856409299373e-19
1.130657402782071e-05 -2.6316524867843216e-19
1.1336406676970634e-05 -2.587140658097626e-19
1.1366239326120556e-05 -2.7178783047140337e-19
1.139607197527048e-05 -2.648773843848063e-19
1.1425904624420401e-05 -2.6990787118492683e-19
1.1455737273570325e-05 -2.7550695766505715e-19
1.1485569922720248e-05 -2.6360209510868924e-19
1.1515402571870171e-05 -2.768719849086133e-19
1.1545235221020093e-05 -2.786447143823033e-19
1.1575067870170017e-05 -2.6847976915655857e-19
1.1604900519319938e-05 -2.8235622853225563e-19
1.1634733168469862e-05 -2.762572936214317e-19
1.1664565817619783e-05 -2.740456883268613e-19
1.1694398466769707e-05 -2.8941888113198006e-19
1.1724231115919629e-05 -2.771129859180478e-19
1.1754063765069552e-05 -2.801199294539224e-19
1.1783896414219474e-05 -2.919799733103844e-19
1.1813729063369399e-05 -2.7954176190314947e-19
1.184356171251932e-05 -2.8805729729447024e-19
1.1873394361669244e-05 -2.8959521235030563e-19
1.1903227010819166e-05 -2.816699898541172e-19
1.193305965996909e-05 -2.9732842278902374e-19
1.1962892309119011e-05 -2.886846876261016e-19
1.1992724958268934e-05 -2.8311921550049643e-19
1.2022557607418856e-05 -2.994985766168397e-19
1.205239025656878e-05 -2.8958496084720065e-19
1.2082222905718701e-05 -2.898567212382154e-19
1.2112055554868625e-05 -2.993505389352545e-19
1.2141888204018546e-05 -2.891604309312795e-19
1.217172085316847e-05 -2.985507127799645e-19
1.2201553502318392e-05 -3.0060059492312347e-19
1.2231386151468315e-05 -2.87928616891342e-19
1.2261218800618237e-05 -3.0242183488108384e-19
1.2291051449768162e-05 -2.9940082357261345e-19
1.2320884098918085e-05 -2.9140799263045154e-19
1.2350716748068009e-05 -3.057555412653604e-19
1.238054939721793e-05 -2.9415196820942747e-19
1.2410382046367854e-05 -2.954557709990392e-19
1.2440214695517776e-05 -3.085555813613493e-19
1.2470047344667699e-05 -2.9137828453547515e-19
1.249987999381762e-05 -3.007186510069179e-19
1.2529712642967544e-05 -3.088209393619979e-19
1.2559545292117466e-05 -2.914850650900314e-19
1.258937794126739e-05 -3.034028394063056e-19
1.2619210590417311e-05 -3.0246122699793947e-19
1.2649043239567234e-05 -2.9326022121956116e-19
1.2678875888717156e-05 -3.075168990338503e-19
1.270870853786708e-05 -2.9688486708561873e-19
1.2738541187017001e-05 -2.949412250627024e-19
1.2768373836166925e-05 -3.0915231373956706e-19
1.2798206485316846e-05 -2.956256633234358e-19
1.282803913446677e-05 -2.987492020049472e-19
1.2857871783616692e-05 -3.04995566988818e-19
1.2887704432766615e-05 -2.9328601609849573e-19
1.2917537081916537e-05 -3.0491668695047966e-19
1.294736973106646e-05 -3.0147782191444327e-19
1.2977202380216385e-05 -2.892931921263136e-19
1.3007035029366307e-05 -3.0571451483126313e-19
1.303686767851623e-05 -2.9856544536988445e-19
1.3066700327666152e-05 -2.9061350671043154e-19
1.3096532976816076e-05 -3.022733608756355e-19
1.3126365625965997e-05 -2.9202989403743566e-19
1.315619827511592e-05 -2.9643049000562605e-19
1.3186030924265843e-05 -3.0094581481093566e-19
1.3215863573415766e-05 -2.8473967868183893e-19
1.3245696222565688e-05 -2.9851902686543554e-19
1.3275528871715611e-05 -3.004932480612213e-19
1.3305361520865535e-05 -2.8397835288204674e-19
1.3335194170015456e-05 -2.9540487066779894e-19
1.336502681916538e-05 -2.9082786296975327e-19
1.3394859468315301e-05 -2.8587265903912627e-19
1.3424692117465225e-05 -2.978177719979567e-19
1.3454524766615147e-05 -2.811621708796799e-19
1.348435741576507e-05 -2.831448403887745e-19
1.3514190064914992e-05 -2.961180670895866e-19
1.3544022714064915e-05 -2.788277692218061e-19
1.3573855363214837e-05 -2.851397524945783e-19
1.360368801236476e-05 -2.8927015351941277e-19
1.3633520661514685e-05 -2.769119081378184e-19
1.3663353310664607e-05 -2.8810707647403293e-19
1.369318595981453e-05 -2.7959548389725974e-19
1.3723018608964452e-05 -2.7050211814574273e-19
1.3752851258114376e-05 -2.874180622500445e-19
1.3782683907264298e-05 -2.746596046535253e-19
1.3812516556414221e-05 -2.6906778349827218e-19
1.3842349205564143e-05 -2.8093139780473813e-19
1.3872181854714066e-05 -2.679291168012229e-19
1.3902014503863988e-05 -2.726387361080468e-19
1.3931847153013911e-05 -2.7483455964971897e-19
1.3961679802163833e-05 -2.6013183063805287e-19
1.3991512451313756e-05 -2.739655339484623e-19
1.4021345100463678e-05 -2.7116045137367778e-19
1.4051177749613602e-05 -2.5562160517628473e-19
1.4081010398763523e-05 -2.6751806994009446e-19
1.4110843047913447e-05 -2.625426378890514e-19
1.4140675697063368e-05 -2.586162736220036e-19
1.4170508346213292e-05 -2.6595726782783227e-19
1.4200340995363214e-05 -2.495585834071484e-19
1.4230173644513137e-05 -2.555776885492866e-19
1.426000629366306e-05 -2.6489027861601897e-19
1.4289838942812986e-05 -2.4553911183960216e-19
1.4319671591962907e-05 -2.5138457969589767e-19
1.434950424111283e-05 -2.553909619719705e-19
1.4379336890262752e-05 -2.4598752441997873e-19
1.4409169539412676e-05 -2.5343492320199554e-19
1.4439002188562598e-05 -2.4350103600180374e-19
1.4468834837712521e-05 -2.4089433981310137e-19
1.4498667486862443e-05 -2.525030286077929e-19
1.4528500136012366e-05 -2.364712786829271e-19
1.4558332785162288e-05 -2.365273142279878e-19
1.4588165434312211e-05 -2.435575431159951e-19
1.4617998083462133e-05 -2.3179445183018856e-19
1.4647830732612057e-05 -2.386834432047334e-19
1.4677663381761978e-05 -2.3478659750147256e-19
1.4707496030911902e-05 -2.238716263263242e-19
1.4737328680061823e-05 -2.3759789056257804e-19
1.4767161329211747e-05 -2.306178699817313e-19
1.4796993978361669e-05 -2.184876181157e-19
1.4826826627511592e-05 -2.2905564416161613e-19
1.4856659276661514e-05 -2.228424924165978e-19
1.4886491925811437e-05 -2.207105574984649e-19
1.4916324574961359e-05 -2.2269640691096317e-19
1.4946157224111284e-05 -2.081198172884457e-19
1.4975989873261207e-05 -2.205998328005381e-19
1.5005822522411131e-05 -2.212229433849535e-19
1.5035655171561053e-05 -2.0091003216834095e-19
1.5065487820710976e-05 -2.1280267388555358e-19
1.5095320469860898e-05 -2.1192357424086574e-19
1.5125153119010821e-05 -2.0415099149637746e-19
1.5154985768160743e-05 -2.094951868771776e-19
1.5184818417310666e-05 -1.9619310461987722e-19
1.5214651066460588e-05 -1.9890981477652648e-19
1.5244483715610512e-05 -2.0653102930749236e-19
1.5274316364760435e-05 -1.8898763255072141e-19
1.5304149013910357e-05 -1.9052578046966152e-19
1.533398166306028e-05 -1.9568664656270954e-19
1.53638143122102e-05 -1.8634240054289798e-19
1.5393646961360125e-05 -1.8927694783871484e-19
1.5423479610510047e-05 -1.8182909079332722e-19
1.545331225965997e-05 -1.790217162874621e-19
1.548314490880989e-05 -1.9018805016529224e-19
1.5512977557959816e-05 -1.7493799611392432e-19
1.5542810207109737e-05 -1.696492209377229e-19
1.557264285625966e-05 -1.7958521603389575e-19
1.560247550540958e-05 -1.693070277783151e-19
1.5632308154559506e-05 -1.689195428943008e-19
1.566214080370943e-05 -1.656878226692283e-19
1.5691973452859353e-05 -1.557918291227647e-19
1.5721806102009274e-05 -1.6965386292607363e-19
1.5751638751159196e-05 -1.6145833611485795e-19
1.578147140030912e-05 -1.4546559331136475e-19
1.5811304049459043e-05 -1.5852691558755921e-19
1.5841136698608965e-05 -1.537917321699082e-19
1.5870969347758887e-05 -1.4672276159667087e-19
1.590080199690881e-05 -1.4782199151202392e-19
1.5930634646058733e-05 -1.3648112519744915e-19
1.5960467295208655e-05 -1.438754139929565e-19
1.599029994435858e-05 -1.4383759519077988e-19
1.6020132593508502e-05 -1.2518000319749178e-19
1.6049965242658424e-05 -1.3206515998680403e-19
1.6079797891808345e-05 -1.3396459490119826e-19
1.610963054095827e-05 -1.2344273629287767e-19
1.6139463190108192e-05 -1.2473574054556871e-19
1.6169295839258114e-05 -1.1646281732050813e-19
1.6199128488408036e-05 -1.1635477156955793e-19
1.622896113755796e-05 -1.2407271209879134e-19
1.6258793786707883e-05 -1.0694461901479254e-19
1.6288626435857808e-05 -1.0342730665269798e-19
1.631845908500773e-05 -1.1331068476565734e-19
1.634829173415765e-05 -1.0126569939299269e-19
1.6378124383307576e-05 -9.908942421278439e-20
1.6407957032457498e-05 -9.641890407748363e-20
1.643778968160742e-05 -9.008983168243308e-20
1.646762233075734e-05 -1.011110521308957e-19
1.6497454979907267e-05 -8.642265964936179e-20
1.652728762905719e-05 -7.532359136161535e-20
1.655712027820711e-05 -8.915195657609708e-20
1.6586952927357032e-05 -8.066067822159732e-20
1.6616785576506957e-05 -7.561016288826926e-20
1.664661822565688e-05 -7.20421467692169e-20
1.66764508748068e-05 -6.393863230828261e-20
1.6706283523956722e-05 -7.564706991264709e-20
1.6736116173106647e-05 -6.520899455062627e-20
1.676594882225657e-05 -4.7976982493227125e-20
1.679578147140649e-05 -6.065750886077525e-20
1.6825614120556412e-05 -5.834035159887806e-20
1.6855446769706338e-05 -4.769553807940047e-20
1.688527941885626e-05 -4.8605626087815306e-20
1.691511206800618e-05 -3.937350425490017e-20
1.6944944717156106e-05 -4.449214397126412e-20
1.697477736630603e-05 -4.6350326840639727e-20
1.7004610015455953e-05 -2.4347162921868955e-20
1.7034442664605875e-05 -2.989749189144132e-20
1.7064275313755796e-05 -3.5547498240680094e-20
1.709410796290572e-05 -2.196190017622469e-20
1.7123940612055643e-05 -2.209666784472049e-20
1.7153773261205565e-05 -1.3330616220997139e-20
1.7183605910355487e-05 -1.4408515830562145e-20
1.7213438559505412e-05 -2.2728505860953305e-20
1.7243271208655334e-05 -1.2970103912545466e-21
1.7273103857805255e-05 7.146536016985932e-22
1.7302936506955177e-05 -1.0972425636185217e-20
1.7332769156105102e-05 2.0311449390041665e-21
1.7362601805255024e-05 6.649942164692571e-21
1.7392434454404946e-05 9.688801145130176e-21
1.7422267103554867e-05 1.4487772370329e-20
1.7452099752704793e-05 5.178875193311425e-21
1.7481932401854714e-05 2.0158877298418438e-20
1.7511765051004636e-05 3.277160244715704e-20
1.7541597700154558e-05 1.5821131197973015e-20
1.7571430349304483e-05 2.5155403665661893e-20
1.7601262998454408e-05 3.6124022979765834e-20
1.763109564760433e-05 3.278936947354476e-20
1.766092829675425e-05 4.118381928629626e-20
1.7690760945904177e-05 3.402980471557871e-20
1.7720593595054098e-05 4.02008863095981e-20
1.775042624420402e-05 6.005428285240066e-20
1.7780258893353942e-05 4.818940785385943e-20
1.7810091542503867e-05 4.7189434319382086e-20
1.783992419165379e-05 6.217193161649997e-20
1.786975684080371e-05 6.222415680959846e-20
1.7899589489953632e-05 6.694003574829337e-20
1.7929422139103557e-05 6.497629312087318e-20
1.795925478825348e-05 6.440396359840136e-20
1.79890874374034e-05 8.483296032459739e-20
1.8018920086553322e-05 8.014686050535097e-20
1.8048752735703247e-05 6.962557202970248e-20
1.807858538485317e-05 8.53057914763161e-20
1.810841803400309e-05 9.002192734489398e-20
1.8138250683153013e-05 9.369155383650769e-20
1.8168083332302938e-05 9.326318578617277e-20
1.819791598145286e-05 8.775046580318772e-20
1.822774863060278e-05 1.0871678846865527e-19
1.8257581279752703e-05 1.1174492218009562e-19
1.8287413928902628e-05 9.59105020183315e-20
1.8317246578052553e-05 1.1011482667689626e-19
1.8347079227202475e-05 1.1920061449322997e-19
1.8376911876352397e-05 1.1797689992248842e-19
1.840674452550232e-05 1.218126258745648e-19
1.8436577174652244e-05 1.1477361355581312e-19
1.8466409823802165e-05 1.286404561989356e-19
1.8496242472952087e-05 1.4186575113075861e-19
1.852607512210201e-05 1.2387607396976305e-19
1.8555907771251934e-05 1.3187383759660908e-19
1.8585740420401856e-05 1.4708122039907722e-19
1.8615573069551777e-05 1.4280945304663863e-19
1.8645405718701702e-05 1.490707025920689e-19
1.8675238367851624e-05 1.4297129429427107e-19
1.8705071017001546e-05 1.4784658086192114e-19
1.8734903666151468e-05 1.6965436921145544e-19
1.8764736315301393e-05 1.556919041738249e-19
1.8794568964451314e-05 1.508147394373079e-19
1.8824401613601236e-05 1.7125182850720595e-19
1.8854234262751158e-05 1.7087487070329787e-19
1.8884066911901083e-05 1.7102873942155107e-19
1.8913899561051005e-05 1.7249561557379212e-19
1.894373221020093e-05 1.718086868681606e-19
1.897356485935085e-05 1.9171114850205989e-19
1.9003397508500773e-05 1.8863908626555231e-19
1.90332301576507e-05 1.7549346331975413e-19
1.906306280680062e-05 1.9503408506115166e-19
1.9092895455950542e-05 1.9996599716646833e-19
1.9122728105100464e-05 1.9633365391595725e-19
1.915256075425039e-05 1.9930522066384567e-19
1.918239340340031e-05 1.9539503554130284e-19
1.9212226052550232e-05 2.1318319485536267e-19
1.9242058701700154e-05 2.194807708191943e-19
