0.0 5.129103317510944e-20
2.981779977502812e-08 5.2488495728122634e-20
5.963559955005624e-08 6.198941617202377e-20
8.945339932508437e-08 5.3655936191557004e-20
1.1927119910011248e-07 5.496851937207971e-20
1.490889988751406e-07 6.978005468738638e-20
1.7890679865016874e-07 6.281348742129611e-20
2.0872459842519686e-07 6.243935458574438e-20
2.3854239820022496e-07 6.906939387083422e-20
2.6836019797525306e-07 6.844848007322366e-20
2.981779977502812e-07 7.770635824930823e-20
3.279957975253093e-07 7.271325920816095e-20
3.5781359730033747e-07 6.94258436094567e-20
3.8763139707536557e-07 8.699672052590509e-20
4.1744919685039373e-07 8.274299041223556e-20
4.472669966254218e-07 7.668256431317075e-20
4.770847964004499e-07 8.595249193777632e-20
5.069025961754781e-07 8.61539964258915e-20
5.367203959505061e-07 9.28642346317596e-20
5.665381957255343e-07 9.262776512510918e-20
5.963559955005624e-07 8.207750303760404e-20
6.261737952755906e-07 9.781987501661216e-20
6.559915950506186e-07 1.0393485187784259e-19
6.858093948256467e-07 9.167889818590467e-20
7.156271946006749e-07 9.957419643803869e-20
7.45444994375703e-07 1.0179115387967514e-19
7.752627941507311e-07 1.0553783154126405e-19
8.050805939257593e-07 1.1172422023930174e-19
8.348983937007875e-07 9.706881169371265e-20
8.647161934758155e-07 1.0708735119519361e-19
8.945339932508435e-07 1.2155441785069752e-19
9.243517930258718e-07 1.0914303994383643e-19
9.541695928008999e-07 1.1050186004652983e-19
9.83987392575928e-07 1.1481863506215477e-19
1.0138051923509562e-06 1.1760732048288823e-19
1.0436229921259843e-06 1.244110008364904e-19
1.0734407919010123e-06 1.151767207674422e-19
1.1032585916760406e-06 1.1699954477882655e-19
1.1330763914510686e-06 1.33363490942179e-19
1.1628941912260967e-06 1.2788523279219424e-19
1.1927119910011249e-06 1.2070199019434563e-19
1.2225297907761528e-06 1.2784908638957034e-19
1.2523475905511812e-06 1.2986883130921093e-19
1.2821653903262093e-06 1.3505701133238288e-19
1.3119831901012373e-06 1.311747460019865e-19
1.3418009898762654e-06 1.2344486688059913e-19
1.3716187896512934e-06 1.402678372433375e-19
1.4014365894263217e-06 1.4083887293919354e-19
1.4312543892013499e-06 1.300657180422706e-19
1.4610721889763778e-06 1.3704445763118037e-19
1.490889988751406e-06 1.3868692033705838e-19
1.5207077885264344e-06 1.4487837658147664e-19
1.5505255883014623e-06 1.4309644330600629e-19
1.5803433880764904e-06 1.3123873816624058e-19
1.6101611878515186e-06 1.4651638114401788e-19
1.6399789876265465e-06 1.5305910391507723e-19
1.669796787401575e-06 1.3882806622226898e-19
1.699614587176603e-06 1.418566547245233e-19
1.729432386951631e-06 1.4705863862050286e-19
1.7592501867266592e-06 1.5010176139424106e-19
1.789067986501687e-06 1.516575765897943e-19
1.8188857862767155e-06 1.4003305478345691e-19
1.8487035860517436e-06 1.4761389547133988e-19
1.8785213858267716e-06 1.621879157101752e-19
1.9083391856017997e-06 1.4845976854096236e-19
1.938156985376828e-06 1.4518659715390327e-19
1.967974785151856e-06 1.559172701398618e-19
1.997792584926884e-06 1.542718010258264e-19
2.0276103847019123e-06 1.5635422294565764e-19
2.0574281844769403e-06 1.4873067009723014e-19
2.0872459842519686e-06 1.4774639920701966e-19
2.1170637840269966e-06 1.6619929713213814e-19
2.1468815838020245e-06 1.561412781018362e-19
2.176699383577053e-06 1.4712161584218555e-19
2.2065171833520812e-06 1.58353697446698e-19
2.236334983127109e-06 1.6049741894215465e-19
2.266152782902137e-06 1.6191241623581095e-19
2.295970582677165e-06 1.5490831387984228e-19
2.3257883824521934e-06 1.506071343644249e-19
2.355606182227222e-06 1.67036985340913e-19
2.3854239820022497e-06 1.651532883166799e-19
2.4152417817772777e-06 1.5050105148508946e-19
2.4450595815523056e-06 1.5857691818873387e-19
2.474877381327334e-06 1.630810931090074e-19
2.5046951811023624e-06 1.6312174359984985e-19
2.5345129808773903e-06 1.6255200602985556e-19
2.5643307806524187e-06 1.5160432555875999e-19
2.594148580427446e-06 1.6410818671052812e-19
2.6239663802024746e-06 1.7288931653123523e-19
2.653784179977503e-06 1.5571333232450561e-19
2.683601979752531e-06 1.575287105414496e-19
2.7134197795275592e-06 1.6528394944389389e-19
2.7432375793025867e-06 1.6591720204151425e-19
2.773055379077615e-06 1.6459813912623767e-19
2.8028731788526435e-06 1.5372699277796273e-19
2.8326909786276714e-06 1.61274851289211e-19
2.8625087784026998e-06 1.7410544329192312e-19
2.892326578177728e-06 1.5960096866356177e-19
2.9221443779527557e-06 1.558485075716031e-19
2.951962177727784e-06 1.6724687417162274e-19
2.981779977502812e-06 1.6753207963270524e-19
3.0115977772778403e-06 1.6741438309933177e-19
3.0414155770528687e-06 1.5775724407690353e-19
3.0712333768278962e-06 1.5885708651818189e-19
3.1010511766029246e-06 1.7682286088692191e-19
3.1308689763779525e-06 1.6407834899040016e-19
3.160686776152981e-06 1.5361001001525674e-19
3.1905045759280093e-06 1.6546885922337408e-19
3.220322375703037e-06 1.6780162327764247e-19
3.250140175478065e-06 1.6832367080845149e-19
3.279957975253093e-06 1.595145301313761e-19
3.3097757750281214e-06 1.5677126330540694e-19
3.33959357480315e-06 1.7406549498848946e-19
3.3694113745781778e-06 1.698908062767841e-19
3.399229174353206e-06 1.54070525049137e-19
3.4290469741282336e-06 1.6139893098798128e-19
3.458864773903262e-06 1.7006714903116567e-19
3.4886825736782904e-06 1.6622455415203723e-19
3.5185003734533183e-06 1.6062425080362356e-19
3.5483181732283467e-06 1.5578280764950856e-19
3.578135973003374e-06 1.6614579668491559e-19
3.6079537727784026e-06 1.7215857141929848e-19
3.637771572553431e-06 1.5458639356869841e-19
3.667589372328459e-06 1.563426229551637e-19
3.6974071721034872e-06 1.691435420897071e-19
3.7272249718785156e-06 1.6569153194448418e-19
3.757042771653543e-06 1.6243364394365176e-19
3.7868605714285715e-06 1.5420114124312347e-19
3.8166783712035994e-06 1.600007067206465e-19
3.846496170978628e-06 1.724742056292948e-19
3.876313970753656e-06 1.5539036043511475e-19
3.906131770528684e-06 1.5209263956087575e-19
3.935949570303712e-06 1.642065710552011e-19
3.96576737007874e-06 1.6179463126470862e-19
3.995585169853768e-06 1.617511415521649e-19
4.025402969628796e-06 1.5338441397607883e-19
4.055220769403825e-06 1.5452428903233606e-19
4.085038569178852e-06 1.6940126909955367e-19
4.1148563689538805e-06 1.58254803642424e-19
4.144674168728909e-06 1.474812971701407e-19
4.174491968503937e-06 1.5871721352533558e-19
4.204309768278966e-06 1.6167749481014348e-19
4.234127568053993e-06 1.5692804842032179e-19
4.2639453678290215e-06 1.5015353123536258e-19
4.293763167604049e-06 1.472310200393084e-19
4.323580967379077e-06 1.6422047112685005e-19
4.353398767154106e-06 1.594465163474776e-19
4.383216566929134e-06 1.4113175579142888e-19
4.4130343667041625e-06 1.5331248670089187e-19
4.44285216647919e-06 1.5909432280709057e-19
4.472669966254218e-06 1.5465241033699028e-19
4.502487766029247e-06 1.5022629670462328e-19
4.532305565804274e-06 1.4288479844438286e-19
4.562123365579303e-06 1.563584770195299e-19
4.59194116535433e-06 1.5977689613682529e-19
4.621758965129359e-06 1.3946128708920546e-19
4.651576764904387e-06 1.4341927608725798e-19
4.681394564679414e-06 1.5568938839249183e-19
4.711212364454444e-06 1.4901087916474456e-19
4.741030164229471e-06 1.4536903345525872e-19
4.7708479640044995e-06 1.40418731522696e-19
4.800665763779528e-06 1.4557484951783508e-19
4.830483563554555e-06 1.571133872196137e-19
4.860301363329584e-06 1.389961060154922e-19
4.890119163104611e-06 1.3546144543929847e-19
4.9199369628796405e-06 1.5112125878049877e-19
4.949754762654668e-06 1.4471615531253802e-19
4.9795725624296955e-06 1.408799570954154e-19
5.009390362204725e-06 1.3554106408023612e-19
5.039208161979752e-06 1.352555561231406e-19
5.069025961754781e-06 1.4926798431476e-19
5.098843761529809e-06 1.374255088007607e-19
5.128661561304837e-06 1.2809502890070673e-19
5.158479361079865e-06 1.427513526875745e-19
5.188297160854892e-06 1.4072629598381207e-19
5.218114960629922e-06 1.3426354672131887e-19
5.247932760404949e-06 1.328934605043265e-19
5.2777505601799775e-06 1.283856865009003e-19
5.307568359955006e-06 1.3956473669210956e-19
5.337386159730033e-06 1.3760841279753505e-19
5.367203959505062e-06 1.1940134585945632e-19
5.39702175928009e-06 1.2927350355168343e-19
5.4268395590551184e-06 1.370723645554622e-19
5.456657358830146e-06 1.2689242984422934e-19
5.4864751586051735e-06 1.2510910866578477e-19
5.516292958380203e-06 1.2158259390718544e-19
5.54611075815523e-06 1.283792696469968e-19
5.575928557930259e-06 1.3427044032400116e-19
5.605746357705287e-06 1.1462313671941742e-19
5.635564157480315e-06 1.1788766139425905e-19
5.665381957255343e-06 1.3174829771629686e-19
5.695199757030371e-06 1.1933947869076613e-19
5.7250175568053996e-06 1.1697804129197045e-19
5.754835356580427e-06 1.155960029148248e-19
5.784653156355456e-06 1.1635381255588847e-19
5.814470956130484e-06 1.2679344771482456e-19
5.844288755905511e-06 1.0991807703257216e-19
5.8741065556805405e-06 1.0474791961723921e-19
5.903924355455568e-06 1.2367280335785637e-19
5.9337421552305964e-06 1.1637771717968648e-19
5.963559955005624e-06 1.0779310572696817e-19
5.993377754780652e-06 1.0988531930035202e-19
6.023195554555681e-06 1.0712627522815191e-19
6.053013354330708e-06 1.166585705310387e-19
6.082831154105737e-06 1.089412394000063e-19
6.112648953880765e-06 9.392009913894903e-20
6.1424667536557924e-06 1.1021857621225888e-19
6.172284553430822e-06 1.1254096882590283e-19
6.202102353205849e-06 1.0000203638867797e-19
6.2319201529808775e-06 1.0016332080490534e-19
6.261737952755905e-06 9.968164330689419e-20
6.291555752530934e-06 1.0719927831718679e-19
6.321373552305962e-06 1.0643041669418164e-19
6.351191352080989e-06 9.016339491137025e-20
6.3810091518560185e-06 9.765692120183184e-20
6.410826951631046e-06 1.061539837300501e-19
6.440644751406074e-06 9.349439878836839e-20
6.470462551181103e-06 9.243405812929199e-20
6.50028035095613e-06 9.220634439995729e-20
6.530098150731159e-06 9.351532581790712e-20
6.559915950506186e-06 1.0140115074633e-19
6.589733750281215e-06 8.587971269057749e-20
6.619551550056243e-06 8.481486736921423e-20
6.64936934983127e-06 1.0066286038687983e-19
6.6791871496063e-06 9.007026922133862e-20
6.709004949381327e-06 8.419139246294424e-20
6.7388227491563555e-06 8.653038877591429e-20
6.768640548931384e-06 8.679052908950629e-20
6.798458348706412e-06 9.22260937116202e-20
6.82827614848144e-06 8.314332318015058e-20
6.858093948256467e-06 7.623229496459425e-20
6.8879117480314965e-06 8.75044283304206e-20
6.917729547806524e-06 8.756387592230819e-20
6.947547347581552e-06 7.740856507317459e-20
6.977365147356581e-06 7.745466573200564e-20
7.007182947131608e-06 7.819977048526985e-20
7.037000746906637e-06 8.551103318241629e-20
7.066818546681665e-06 8.145196241022164e-20
7.096636346456693e-06 6.498398922568387e-20
7.126454146231721e-06 7.932782594087061e-20
7.156271946006748e-06 8.346727924454357e-20
7.186089745781778e-06 6.883199328606713e-20
7.215907545556805e-06 7.099644331478951e-20
7.2457253453318335e-06 7.00613647307097e-20
7.275543145106862e-06 7.514325330586744e-20
7.305360944881889e-06 7.59216407460367e-20
7.335178744656918e-06 6.152552320953884e-20
7.364996544431946e-06 6.639327318023011e-20
7.3948143442069745e-06 7.584966077414293e-20
7.424632143982002e-06 6.672105338772089e-20
7.454449943757031e-06 6.152117219011742e-20
7.484267743532059e-06 6.371975585590857e-20
7.514085543307086e-06 6.423727516867575e-20
7.543903343082115e-06 6.815709666554866e-20
7.573721142857143e-06 5.800312289384087e-20
7.603538942632171e-06 5.289736883894472e-20
7.633356742407199e-06 6.671196543538602e-20
7.663174542182227e-06 5.990285192909313e-20
7.692992341957256e-06 5.160161889636701e-20
7.722810141732284e-06 5.413589646577813e-20
7.752627941507312e-06 5.43231887204309e-20
7.782445741282339e-06 6.125682623035611e-20
7.812263541057367e-06 5.2088934005015873e-20
7.842081340832396e-06 4.32209103739484e-20
7.871899140607424e-06 5.462956259809204e-20
7.901716940382452e-06 5.3389322813609066e-20
7.93153474015748e-06 4.4985952334547486e-20
7.96135253993251e-06 4.4593031590060465e-20
7.991170339707536e-06 4.519756567664082e-20
8.020988139482564e-06 4.860490033438031e-20
8.050805939257593e-06 4.6072715193624096e-20
8.080623739032621e-06 3.433660235593301e-20
8.11044153880765e-06 4.0694405274646804e-20
8.140259338582678e-06 4.8584631112556085e-20
8.170077138357704e-06 3.7631186348724505e-20
8.199894938132734e-06 3.4436701208916725e-20
8.229712737907761e-06 3.3610173040008964e-20
8.25953053768279e-06 3.714272037310499e-20
8.289348337457818e-06 3.972121819780346e-20
8.319166137232846e-06 2.471067872149995e-20
8.348983937007875e-06 2.703487191087462e-20
8.378801736782901e-06 3.772078563461354e-20
8.408619536557931e-06 2.8925493894329706e-20
8.438437336332958e-06 2.3655645368960383e-20
8.468255136107986e-06 2.4418340278026038e-20
8.498072935883015e-06 2.703529731032617e-20
8.527890735658043e-06 3.0437863027383e-20
8.557708535433071e-06 1.9367513181089084e-20
8.587526335208098e-06 1.4652636885945918e-20
8.617344134983128e-06 2.5263653428854812e-20
8.647161934758155e-06 2.2254158708408886e-20
8.676979734533183e-06 1.2879593684015933e-20
8.706797534308212e-06 1.1252227656891017e-20
8.73661533408324e-06 1.4282465712743733e-20
8.766433133858268e-06 1.9796244629868303e-20
8.796250933633295e-06 1.0626703680476138e-20
8.826068733408325e-06 1.940342498161216e-21
8.855886533183352e-06 1.4992138143390133e-20
8.88570433295838e-06 1.4967998777797144e-20
8.915522132733408e-06 2.199439263758595e-21
8.945339932508437e-06 2.029831331055272e-21
8.975157732283465e-06 3.070560973738382e-21
9.004975532058493e-06 7.016462099976543e-21
9.03479333183352e-06 4.2005945616664255e-21
9.064611131608549e-06 -9.157574732404851e-21
9.094428931383579e-06 -1.3607526140870975e-21
9.124246731158605e-06 4.755920797601679e-21
9.154064530933634e-06 -7.629424655321154e-21
9.18388233070866e-06 -8.49660177907749e-21
9.213700130483689e-06 -7.170699287293828e-21
9.243517930258719e-06 -3.714927559578933e-21
9.273335730033745e-06 -2.6547687780465118e-21
9.303153529808774e-06 -1.8773231203684864e-20
9.332971329583802e-06 -1.5313668590144377e-20
9.362789129358829e-06 -4.35634526619846e-21
9.392606929133859e-06 -1.512150309801861e-20
9.422424728908887e-06 -1.9357156311036925e-20
9.452242528683914e-06 -2.0279256310219068e-20
9.482060328458942e-06 -1.7772324008720073e-20
9.51187812823397e-06 -1.2106864453080125e-20
9.541695928008999e-06 -2.601165406820687e-20
9.571513727784027e-06 -3.0999134733098015e-20
9.601331527559056e-06 -1.6798182910828633e-20
9.631149327334082e-06 -2.0245911649132475e-20
9.66096712710911e-06 -3.0454296624815034e-20
9.69078492688414e-06 -3.046869363178421e-20
9.720602726659167e-06 -3.0794254066553166e-20
9.750420526434196e-06 -2.3384479403043087e-20
9.780238326209223e-06 -3.1305922608229e-20
9.810056125984251e-06 -4.602876790062897e-20
9.839873925759281e-06 -2.892947251503667e-20
9.869691725534308e-06 -2.8020600267649465e-20
9.899509525309336e-06 -4.3901166872013945e-20
9.929327325084364e-06 -4.0632552397399563e-20
9.959145124859391e-06 -4.071996418666741e-20
9.988962924634421e-06 -3.6080041197961476e-20
1.001878072440945e-05 -3.876546402632779e-20
1.0048598524184476e-05 -5.554268653277398e-20
1.0078416323959504e-05 -4.381090136490741e-20
1.0108234123734535e-05 -3.6342441963023224e-20
1.0138051923509561e-05 -5.276440029740485e-20
1.016786972328459e-05 -5.333875580665374e-20
1.0197687523059618e-05 -5.1150147868116357e-20
1.0227505322834645e-05 -4.92471673589028e-20
1.0257323122609675e-05 -4.826242129686577e-20
1.0287140922384703e-05 -6.18010308366532e-20
1.031695872215973e-05 -6.019445458680584e-20
1.0346776521934758e-05 -4.6514550234962934e-20
1.0376594321709785e-05 -5.594709427491859e-20
1.0406412121484815e-05 -6.67155210212705e-20
1.0436229921259843e-05 -6.095378376558025e-20
1.046604772103487e-05 -5.861459045541465e-20
1.0495865520809898e-05 -5.732587605852611e-20
1.0525683320584927e-05 -6.7998724118267e-20
1.0555501120359955e-05 -7.5453344220736e-20
1.0585318920134983e-05 -5.868135436250528e-20
1.0615136719910012e-05 -6.388054750467284e-20
1.0644954519685038e-05 -7.718908075081479e-20
1.0674772319460067e-05 -7.097817984932987e-20
1.0704590119235097e-05 -7.029216726940426e-20
1.0734407919010123e-05 -6.698486970848623e-20
1.0764225718785152e-05 -7.389907817847843e-20
1.079404351856018e-05 -8.581948410700386e-20
1.0823861318335207e-05 -7.222288321677023e-20
1.0853679118110237e-05 -7.039869500545767e-20
1.0883496917885265e-05 -8.64108152979701e-20
1.0913314717660292e-05 -8.52846387544627e-20
1.094313251743532e-05 -8.087583450633512e-20
1.0972950317210347e-05 -8.015244294416786e-20
1.1002768116985377e-05 -8.197423670317577e-20
1.1032585916760405e-05 -9.45379482274711e-20
1.1062403716535432e-05 -8.900897622208033e-20
1.109222151631046e-05 -7.76605358505487e-20
1.1122039316085489e-05 -9.269671696958763e-20
1.1151857115860517e-05 -9.732181473956693e-20
1.1181674915635546e-05 -9.131872353911744e-20
1.1211492715410574e-05 -9.193745986975422e-20
1.12413105151856e-05 -8.99818374244283e-20
1.127112831496063e-05 -1.0363043317071719e-19
1.1300946114735659e-05 -1.053559655004464e-19
1.1330763914510686e-05 -8.836786009360784e-20
1.1360581714285714e-05 -1.0100225734688754e-19
1.1390399514060742e-05 -1.1024892716628132e-19
1.142021731383577e-05 -1.0011375241519419e-19
1.1450035113610799e-05 -1.0271882325657647e-19
1.1479852913385827e-05 -1.0227323537808036e-19
1.1509670713160854e-05 -1.101227650358169e-19
1.1539488512935883e-05 -1.1888777646095638e-19
1.1569306312710913e-05 -1.0263528632396969e-19
1.159912411248594e-05 -1.0631701988717014e-19
1.1628941912260968e-05 -1.225386122923784e-19
1.1658759712035994e-05 -1.1737044023545375e-19
1.1688577511811023e-05 -1.140562274908913e-19
1.1718395311586053e-05 -1.1379250080388338e-19
1.1748213111361081e-05 -1.2014596719413866e-19
1.1778030911136108e-05 -1.2963243774646015e-19
1.1807848710911136e-05 -1.1802754276288467e-19
1.1837666510686163e-05 -1.1434404597683052e-19
1.1867484310461193e-05 -1.3103233816060174e-19
1.1897302110236221e-05 -1.310774317061886e-19
1.1927119910011248e-05 -1.2412048325653226e-19
1.1956937709786276e-05 -1.26479352287361e-19
1.1986755509561305e-05 -1.2909300292546168e-19
1.2016573309336333e-05 -1.3996093558352387e-19
1.2046391109111361e-05 -1.367695541942527e-19
1.207620890888639e-05 -1.2443949492270046e-19
1.2106026708661416e-05 -1.3994231914400752e-19
1.2135844508436445e-05 -1.4583122193471239e-19
1.2165662308211475e-05 -1.3517152510819496e-19
1.2195480107986501e-05 -1.3800283270159594e-19
1.222529790776153e-05 -1.409174702311109e-19
1.2255115707536557e-05 -1.4950555846022593e-19
1.2284933507311585e-05 -1.506003258891347e-19
1.2314751307086615e-05 -1.360999467378427e-19
1.2344569106861643e-05 -1.4703574217522264e-19
1.237438690663667e-05 -1.5948047227123737e-19
1.2404204706411698e-05 -1.4902910444478413e-19
1.2434022506186728e-05 -1.4849309192282098e-19
1.2463840305961755e-05 -1.519605581652939e-19
1.2493658105736783e-05 -1.5754719278119441e-19
1.252347590551181e-05 -1.636192053639772e-19
1.2553293705286838e-05 -1.5071566456609237e-19
1.2583111505061869e-05 -1.5156687415687125e-19
1.2612929304836895e-05 -1.6785026397569942e-19
1.2642747104611924e-05 -1.643107141595622e-19
1.2672564904386952e-05 -1.5799697809334936e-19
1.2702382704161979e-05 -1.6023000238462161e-19
1.2732200503937009e-05 -1.6805422571142175e-19
1.2762018303712037e-05 -1.7411985740743789e-19
1.2791836103487064e-05 -1.6307752260823485e-19
1.2821653903262092e-05 -1.602793908683916e-19
1.2851471703037119e-05 -1.7625634129174409e-19
1.2881289502812149e-05 -1.7571270598448317e-19
1.2911107302587177e-05 -1.6637174016330952e-19
1.2940925102362206e-05 -1.6912089494475616e-19
1.2970742902137232e-05 -1.7319039939847455e-19
1.300056070191226e-05 -1.8260585666198084e-19
1.303037850168729e-05 -1.78254953850817e-19
1.3060196301462317e-05 -1.6607531320792497e-19
1.3090014101237346e-05 -1.8187792078503664e-19
1.3119831901012372e-05 -1.8787296783206354e-19
1.31496497007874e-05 -1.7771033478500265e-19
1.317946750056243e-05 -1.7954445625815378e-19
1.3209285300337457e-05 -1.8063699959855456e-19
1.3239103100112486e-05 -1.8804502606037887e-19
1.3268920899887514e-05 -1.8994748059504355e-19
1.329873869966254e-05 -1.7621478019420365e-19
1.3328556499437571e-05 -1.8389821824265708e-19
1.33583742992126e-05 -1.957977027601055e-19
1.3388192098987626e-05 -1.8794480708599304e-19
1.3418009898762654e-05 -1.8578159375773645e-19
1.3447827698537681e-05 -1.8874669281344852e-19
1.3477645498312711e-05 -1.9471003050293394e-19
1.350746329808774e-05 -1.9917389547661932e-19
1.3537281097862768e-05 -1.8675248092115764e-19
1.3567098897637794e-05 -1.872740146611012e-19
1.3596916697412824e-05 -2.0314967279709442e-19
1.3626734497187853e-05 -1.9793557658839926e-19
1.365655229696288e-05 -1.9193603792071184e-19
1.3686370096737908e-05 -1.9437648271653825e-19
1.3716187896512935e-05 -1.9810138580711255e-19
1.3746005696287965e-05 -2.0842423446929297e-19
1.3775823496062993e-05 -1.9822864654697307e-19
1.380564129583802e-05 -1.915481408117193e-19
1.3835459095613048e-05 -2.0973378647863725e-19
1.3865276895388076e-05 -2.0766967120696126e-19
1.3895094695163105e-05 -1.9974561397592604e-19
1.3924912494938133e-05 -2.0249679759802694e-19
1.3954730294713161e-05 -2.0308459990212372e-19
1.3984548094488188e-05 -2.132751836962485e-19
1.4014365894263217e-05 -2.0839954262766536e-19
1.4044183694038247e-05 -1.9661633338260757e-19
1.4074001493813273e-05 -2.1090862251223486e-19
1.4103819293588302e-05 -2.1587310942159482e-19
1.413363709336333e-05 -2.0650541188707644e-19
1.4163454893138357e-05 -2.070542214736054e-19
1.4193272692913387e-05 -2.0949913577755656e-19
1.4223090492688415e-05 -2.1661236734409954e-19
1.4252908292463442e-05 -2.182421145288903e-19
1.428272609223847e-05 -2.0547052428273482e-19
1.4312543892013497e-05 -2.1061602218943247e-19
1.4342361691788527e-05 -2.228918595946225e-19
1.4372179491563555e-05 -2.144280767647288e-19
1.4401997291338582e-05 -2.1143015854166012e-19
1.443181509111361e-05 -2.136949178870372e-19
1.4461632890888639e-05 -2.179131251737859e-19
1.4491450690663667e-05 -2.256788467164896e-19
1.4521268490438695e-05 -2.1273856654894736e-19
1.4551086290213724e-05 -2.109435942310902e-19
1.458090408998875e-05 -2.2851492131364726e-19
1.4610721889763779e-05 -2.2270335927287174e-19
1.4640539689538809e-05 -2.1558587058779428e-19
1.4670357489313835e-05 -2.185754389521035e-19
1.4700175289088864e-05 -2.2014748021338186e-19
1.4729993088863892e-05 -2.2929099758763997e-19
1.475981088863892e-05 -2.2051259589245456e-19
1.4789628688413949e-05 -2.1173686402919025e-19
1.4819446488188977e-05 -2.2832258611229303e-19
1.4849264287964004e-05 -2.2827203829870325e-19
1.4879082087739032e-05 -2.1791115471828303e-19
1.4908899887514062e-05 -2.205509964318943e-19
1.4938717687289089e-05 -2.245001121769916e-19
1.4968535487064117e-05 -2.315086513584364e-19
1.4998353286839144e-05 -2.272068384680857e-19
1.5028171086614172e-05 -2.1527904525875458e-19
1.5057988886389203e-05 -2.2743276670977114e-19
1.508780668616423e-05 -2.339878291316853e-19
1.5117624485939258e-05 -2.210804388469494e-19
1.5147442285714286e-05 -2.2169670805508256e-19
1.5177260085489313e-05 -2.2476330939993635e-19
1.5207077885264343e-05 -2.294230797854452e-19
1.5236895685039371e-05 -2.326406360557686e-19
1.5266713484814398e-05 -2.1742783261834287e-19
1.5296531284589426e-05 -2.228197844808002e-19
1.5326349084364454e-05 -2.3802227053881934e-19
1.5356166884139483e-05 -2.2661142377746085e-19
1.538598468391451e-05 -2.2221555085162457e-19
1.541580248368954e-05 -2.251552757874876e-19
1.5445620283464568e-05 -2.280615770707634e-19
1.5475438083239593e-05 -2.343199275593858e-19
1.5505255883014625e-05 -2.209785512004222e-19
1.5535073682789653e-05 -2.181543661136356e-19
1.5564891482564678e-05 -2.3576215071037337e-19
1.5594709282339706e-05 -2.2957799116502077e-19
1.5624527082114735e-05 -2.1960909168529747e-19
1.5654344881889763e-05 -2.2499274010241296e-19
1.568416268166479e-05 -2.276125746822426e-19
1.571398048143982e-05 -2.322845485322834e-19
1.5743798281214848e-05 -2.2417397505364563e-19
1.5773616080989877e-05 -2.1515338397370577e-19
1.5803433880764905e-05 -2.3210484037337e-19
1.5833251680539933e-05 -2.3158271606284436e-19
1.586306948031496e-05 -2.170042393395553e-19
1.5892887280089987e-05 -2.229229029210347e-19
1.592270507986502e-05 -2.2534051100329406e-19
1.5952522879640047e-05 -2.278421246010578e-19
1.598234067941507e-05 -2.2625365254428545e-19
1.60121584791901e-05 -2.1168650339358131e-19
1.604197627896513e-05 -2.2320830500114455e-19
1.6071794078740157e-05 -2.334014296479967e-19
1.6101611878515185e-05 -2.173224741527898e-19
1.6131429678290214e-05 -2.167580880148929e-19
1.6161247478065242e-05 -2.217606837108628e-19
1.619106527784027e-05 -2.234509402832411e-19
1.62208830776153e-05 -2.2391531633977425e-19
1.6250700877390327e-05 -2.1007563102278952e-19
1.6280518677165355e-05 -2.1315856128775614e-19
1.6310336476940384e-05 -2.28067748856337e-19
1.634015427671541e-05 -2.1618300777867133e-19
1.636997207649044e-05 -2.0823914661846759e-19
1.639978987626547e-05 -2.15581936683657e-19
1.6429607676040494e-05 -2.1760429903876216e-19
1.6459425475815522e-05 -2.200083005211249e-19
1.648924327559055e-05 -2.0671906712177582e-19
1.651906107536558e-05 -2.030482309992583e-19
1.6548878875140607e-05 -2.218767764336545e-19
1.6578696674915636e-05 -2.1236516799821473e-19
1.6608514474690664e-05 -1.9916244424372686e-19
1.6638332274465692e-05 -2.0633683467109764e-19
1.666815007424072e-05 -2.0990730704469014e-19
1.669796787401575e-05 -2.131345077929626e-19
1.6727785673790777e-05 -2.023894218855104e-19
1.6757603473565802e-05 -1.923280497565806e-19
1.678742127334083e-05 -2.0949623083474258e-19
1.6817239073115863e-05 -2.098446023962134e-19
1.6847056872890888e-05 -1.918028072863197e-19
1.6876874672665916e-05 -1.9481089147192697e-19
1.6906692472440944e-05 -2.0014174614251335e-19
1.6936510272215973e-05 -2.0019368861153463e-19
1.6966328071991e-05 -1.967148670369006e-19
1.699614587176603e-05 -1.828295394802017e-19
1.7025963671541058e-05 -1.9155117588477573e-19
1.7055781471316086e-05 -2.0228894944208283e-19
1.7085599271091114e-05 -1.8407703908636947e-19
1.7115417070866143e-05 -1.816409618111898e-19
1.714523487064117e-05 -1.8937262188464825e-19
1.7175052670416196e-05 -1.8757823927423141e-19
1.7204870470191225e-05 -1.8581420498277656e-19
1.7234688269966256e-05 -1.7344252700209095e-19
1.726450606974128e-05 -1.7663095449166393e-19
1.729432386951631e-05 -1.9093625538119825e-19
1.7324141669291338e-05 -1.75140730251673e-19
1.7353959469066366e-05 -1.6564038528877381e-19
1.7383777268841395e-05 -1.7466494557596506e-19
1.7413595068616423e-05 -1.748644476010345e-19
1.744341286839145e-05 -1.742806020322991e-19
1.747323066816648e-05 -1.6331409416917055e-19
1.7503048467941508e-05 -1.5932374859239103e-19
1.7532866267716537e-05 -1.7467149227729067e-19
1.7562684067491565e-05 -1.6776713910628198e-19
1.759250186726659e-05 -1.534808742073578e-19
1.7622319667041618e-05 -1.5891395578478536e-19
1.765213746681665e-05 -1.6179047434758282e-19
1.7681955266591675e-05 -1.599099479801239e-19
1.7711773066366703e-05 -1.517700138604894e-19
1.7741590866141735e-05 -1.4200246712885154e-19
1.777140866591676e-05 -1.562501930459633e-19
1.780122646569179e-05 -1.5830999706596556e-19
1.7831044265466817e-05 -1.3717653526134076e-19
1.7860862065241845e-05 -1.4155393405651183e-19
1.7890679865016874e-05 -1.4893164242451392e-19
1.7920497664791902e-05 -1.4481185376527734e-19
1.795031546456693e-05 -1.4004966562969088e-19
1.7980133264341955e-05 -1.2771390037515536e-19
1.8009951064116987e-05 -1.3687718217653154e-19
1.8039768863892015e-05 -1.4520401687398555e-19
1.806958666366704e-05 -1.2398996797906636e-19
1.8099404463442072e-05 -1.2056603663333134e-19
1.8129222263217097e-05 -1.3165090779187347e-19
1.8159040062992125e-05 -1.2973396444731612e-19
1.8188857862767157e-05 -1.2371981940737247e-19
1.8218675662542182e-05 -1.1384885249933147e-19
1.824849346231721e-05 -1.1766928950753184e-19
1.8278311262092235e-05 -1.293191781188883e-19
1.8308129061867267e-05 -1.1410425055258144e-19
1.8337946861642296e-05 -1.0317070610789201e-19
1.836776466141732e-05 -1.1391016784106288e-19
1.8397582461192352e-05 -1.117649364047697e-19
1.8427400260967377e-05 -1.0624790580753103e-19
1.8457218060742406e-05 -9.874624870700117e-20
1.8487035860517437e-05 -9.507996384869509e-20
1.8516853660292462e-05 -1.0983480543006947e-19
1.854667146006749e-05 -9.935746221796711e-20
1.857648925984252e-05 -8.377854958210877e-20
1.8606307059617548e-05 -9.563132026186992e-20
1.8636124859392576e-05 -9.513408324112141e-20
1.8665942659167604e-05 -8.93693021159211e-20
1.8695760458942633e-05 -8.219122924471121e-20
1.8725578258717658e-05 -7.520007250117409e-20
1.875539605849269e-05 -8.948665363668949e-20
1.8785213858267718e-05 -8.468638844538547e-20
1.8815031658042743e-05 -6.55242888709323e-20
1.8844849457817774e-05 -7.230110739800081e-20
1.88746672575928e-05 -7.5996792388175e-20
1.8904485057367828e-05 -7.011508486283882e-20
1.893430285714286e-05 -6.603133165336218e-20
1.8964120656917885e-05 -5.635515417142893e-20
1.8993938456692913e-05 -6.405876858195882e-20
1.902375625646794e-05 -6.88726815025949e-20
1.905357405624297e-05 -4.8854988696266494e-20
1.9083391856017998e-05 -5.0384860598588644e-20
1.9113209655793026e-05 -5.979545886320026e-20
1.9143027455568055e-05 -4.959031340154896e-20
1.917284525534308e-05 -4.425443676003015e-20
1.920266305511811e-05 -3.8719880703349357e-20
1.923248085489314e-05 -3.8730894363313335e-20
1.9262298654668165e-05 -4.83847786191852e-20
1.9292116454443197e-05 -3.384063463360943e-20
1.932193425421822e-05 -2.3310995236938856e-20
1.935175205399325e-05 -3.717935397434948e-20
1.938156985376828e-05 -3.2584035535389055e-20
1.9411387653543307e-05 -2.408466179818532e-20
1.9441205453318335e-05 -2.0920760670481782e-20
1.947102325309336e-05 -1.6401660474749863e-20
1.9500841052868392e-05 -2.6432157285263006e-20
1.953065885264342e-05 -1.6596962329540218e-20
1.9560476652418445e-05 -1.9861314609232097e-21
1.9590294452193477e-05 -1.375523972367615e-20
1.9620112251968502e-05 -1.1291327759385313e-20
1.964993005174353e-05 -3.2899155541314062e-21
1.9679747851518562e-05 -1.6527539517148235e-21
1.9709565651293587e-05 4.697407394902793e-21
1.9739383451068615e-05 -3.3786716527084802e-21
1.9769201250843644e-05 -1.0801244913885265e-21
1.9799019050618672e-05 1.807900213053975e-20
1.98288368503937e-05 1.015552116917095e-20
1.985865465016873e-05 4.284212468780255e-21
1.9888472449943757e-05 1.86517127402785e-20
1.9918290249718782e-05 2.0204651771321395e-20
1.9948108049493814e-05 2.3312637297110512e-20
1.9977925849268842e-05 2.221438447610595e-20
2.0007743649043867e-05 1.7466543313383526e-20
2.00375614488189e-05 3.5357146247331186e-20
2.0067379248593927e-05 3.5458854507514514e-20
2.0097197048368952e-05 2.4962584807051867e-20
2.0127014848143984e-05 3.714060396765791e-20
2.015683264791901e-05 3.889304152020792e-20
2.0186650447694037e-05 4.218209985617463e-20
2.021646824746907e-05 4.5114227408292597e-20
2.0246286047244094e-05 3.7244474651808564e-20
2.0276103847019122e-05 5.3421278777442973e-20
2.030592164679415e-05 5.858020616558792e-20
2.033573944656918e-05 4.6225582051649015e-20
2.0365557246344208e-05 5.561682012112221e-20
2.0395375046119236e-05 5.998206535829146e-20
2.0425192845894264e-05 6.130630857194346e-20
2.045501064566929e-05 6.63332988607631e-20
2.048482844544432e-05 5.96466531458706e-20
2.051464624521935e-05 6.721468223478675e-20
2.0544464044994374e-05 7.85635406424534e-20
2.0574281844769406e-05 6.986868315353124e-20
2.060409964454443e-05 7.21571501120383e-20
2.063391744431946e-05 8.172798474628426e-20
2.066373524409449e-05 7.935202280382677e-20
2.0693553043869516e-05 8.594876928411064e-20
2.0723370843644545e-05 8.410042987425559e-20
2.075318864341957e-05 8.057580232628321e-20
2.07830064431946e-05 9.843344647528928e-20
2.081282424296963e-05 9.185784700862057e-20
2.0842642042744655e-05 8.677909639832486e-20
2.0872459842519686e-05 1.0313528252614235e-19
2.090227764229471e-05 9.745782019437107e-20
2.093209544206974e-05 1.0165963841537391e-19
2.096191324184477e-05 1.0658166695849719e-19
2.0991731041619796e-05 9.78191891211619e-20
2.1021548841394825e-05 1.1459489282345786e-19
2.1051366641169853e-05 1.1569036676595174e-19
2.108118444094488e-05 1.0422423459335335e-19
2.111100224071991e-05 1.194384893606553e-19
2.1140820040494938e-05 1.1794909471831482e-19
2.1170637840269967e-05 1.1532095988111682e-19
2.120045564004499e-05 1.2467953942850128e-19
2.1230273439820023e-05 1.1663384409512476e-19
2.1260091239595052e-05 1.2582357463672218e-19
2.1289909039370077e-05 1.3494092828267387e-19
2.131972683914511e-05 1.2328590141230801e-19
2.1349544638920133e-05 1.3089915282029376e-19
2.1379362438695162e-05 1.373072381314402e-19
2.1409180238470194e-05 1.3279643625701205e-19
2.143899803824522e-05 1.4016247279553637e-19
2.1468815838020247e-05 1.3894404251975837e-19
2.1498633637795275e-05 1.3856823939002536e-19
2.1528451437570304e-05 1.501838302051512e-19
2.1558269237345332e-05 1.4130912764903006e-19
2.158808703712036e-05 1.420302790263427e-19
2.161790483689539e-05 1.5562016708986201e-19
2.1647722636670414e-05 1.4677427325235223e-19
2.1677540436445445e-05 1.5185221640756383e-19
2.1707358236220474e-05 1.5626729459687627e-19
2.17371760359955e-05 1.5096679744223821e-19
2.176699383577053e-05 1.6271821612172303e-19
2.1796811635545556e-05 1.589250317548597e-19
2.1826629435320584e-05 1.5638098245611158e-19
2.1856447235095616e-05 1.6733108589420437e-19
2.188626503487064e-05 1.6071118093156146e-19
2.191608283464567e-05 1.6314571562103384e-19
2.1945900634420694e-05 1.7066611508613888e-19
2.1975718434195726e-05 1.6167540471843329e-19
2.2005536233970754e-05 1.6983315694053857e-19
2.203535403374578e-05 1.7548704609234918e-19
2.206517183352081e-05 1.660435671438766e-19
2.2094989633295836e-05 1.7482484495737512e-19
2.2124807433070864e-05 1.7563101611533315e-19
2.2154625232845896e-05 1.726849362707857e-19
2.218444303262092e-05 1.8288524198588698e-19
2.221426083239595e-05 1.7478667711736923e-19
2.2244078632170978e-05 1.753791223161695e-19
2.2273896431946006e-05 1.864798282222201e-19
2.2303714231721034e-05 1.7665419840609876e-19
2.2333532031496063e-05 1.8179977453338444e-19
2.236334983127109e-05 1.8791191056396058e-19
2.2393167631046123e-05 1.7777029682939572e-19
2.2422985430821148e-05 1.8820194029684397e-19
2.2452803230596176e-05 1.8861640905675088e-19
2.24826210303712e-05 1.8095368653969577e-19
2.2512438830146233e-05 1.9437649411585917e-19
2.254225662992126e-05 1.8989180529832622e-19
2.2572074429696286e-05 1.866104413619144e-19
2.2601892229471318e-05 1.9524922344417948e-19
2.2631710029246343e-05 1.8623063661350778e-19
2.266152782902137e-05 1.9283319556579477e-19
2.2691345628796403e-05 1.9758012509159332e-19
2.2721163428571428e-05 1.8605159403259864e-19
2.2750981228346456e-05 1.9754305045732547e-19
2.2780799028121485e-05 1.98558014473167e-19
2.2810616827896513e-05 1.9157879108701329e-19
2.284043462767154e-05 2.002532989206788e-19
2.287025242744657e-05 1.9501981064667297e-19
2.2900070227221598e-05 1.9499352336684412e-19
2.2929888026996623e-05 2.045691409453372e-19
2.2959705826771655e-05 1.954253245677879e-19
2.2989523626546683e-05 1.9452095815008244e-19
2.301934142632171e-05 2.0446489550912107e-19
2.304915922609674e-05 1.967311374519977e-19
2.3078977025871765e-05 1.9875751836631523e-19
2.3108794825646793e-05 2.0064936731122323e-19
2.3138612625421825e-05 1.9396035322643065e-19
2.316843042519685e-05 2.073691653605502e-19
2.319824822497188e-05 2.0122201982593984e-19
2.3228066024746903e-05 1.9452915776826758e-19
2.3257883824521935e-05 2.0827206805430186e-19
2.3287701624296964e-05 2.00711602385756e-19
2.331751942407199e-05 2.0089940054396647e-19
2.334733722384702e-05 2.0325912447261483e-19
2.3377155023622045e-05 1.9631625942907479e-19
2.3406972823397074e-05 2.0727444139938395e-19
2.3436790623172105e-05 2.038882798709462e-19
2.346660842294713e-05 1.937840157507196e-19
2.3496426222722162e-05 2.0592080916584633e-19
2.3526244022497187e-05 2.060818406644918e-19
2.3556061822272216e-05 1.9800571705035623e-19
2.3585879622047247e-05 2.0319113524305865e-19
2.3615697421822272e-05 2.0087087215356519e-19
2.36455152215973e-05 2.030693723747097e-19
2.3675333021372326e-05 2.075392593158951e-19
2.3705150821147357e-05 1.9397933050762226e-19
2.3734968620922386e-05 1.9974033972490932e-19
2.376478642069741e-05 2.0755945662095549e-19
2.3794604220472442e-05 1.9526896746301984e-19
2.3824422020247467e-05 1.9907060014387142e-19
2.3854239820022496e-05 1.9843344836786216e-19
2.3884057619797528e-05 1.9734560659804437e-19
2.3913875419572553e-05 2.0628691753633476e-19
2.394369321934758e-05 1.9260834495426455e-19
2.397351101912261e-05 1.9276419061746965e-19
2.4003328818897638e-05 2.061449524883552e-19
2.4033146618672666e-05 1.9463495957373133e-19
2.4062964418447694e-05 1.9387775687017011e-19
2.4092782218222723e-05 1.9581770542646707e-19
2.4122600017997748e-05 1.8990659309525696e-19
2.415241781777278e-05 1.990565236948047e-19
2.4182235617547808e-05 1.921781543376714e-19
2.4212053417322833e-05 1.844431087406292e-19
2.4241871217097865e-05 1.97943538181196e-19
2.427168901687289e-05 1.9343450361810505e-19
2.4301506816647918e-05 1.869515896218194e-19
2.433132461642295e-05 1.9053335820840068e-19
2.4361142416197975e-05 1.852032998253296e-19
2.4390960215973003e-05 1.9341952976781998e-19
2.4420778015748028e-05 1.9061523942556114e-19
2.445059581552306e-05 1.7302883710899957e-19
2.4480413615298088e-05 1.8848085342482815e-19
2.4510231415073113e-05 1.9176847316008733e-19
2.4540049214848145e-05 1.7718892880298324e-19
2.456986701462317e-05 1.8223795418774552e-19
2.4599684814398198e-05 1.7842005981755664e-19
2.462950261417323e-05 1.8287969669310942e-19
2.4659320413948255e-05 1.8608495075543712e-19
2.4689138213723287e-05 1.6909589965580796e-19
2.4718956013498315e-05 1.7702636665225152e-19
2.474877381327334e-05 1.8412992520683548e-19
2.4778591613048372e-05 1.710813162695836e-19
2.4808409412823397e-05 1.7167208773235935e-19
2.4838227212598425e-05 1.7243930238115075e-19
2.4868045012373457e-05 1.7291485766939002e-19
2.4897862812148482e-05 1.7711163284293243e-19
2.492768061192351e-05 1.624393271645864e-19
2.4957498411698535e-05 1.6330646415990025e-19
2.4987316211473567e-05 1.7882834718918303e-19
2.5017134011248595e-05 1.6415660605244898e-19
2.504695181102362e-05 1.5962266299656174e-19
2.5076769610798652e-05 1.6568265608782664e-19
2.5106587410573677e-05 1.6100347145508298e-19
2.5136405210348705e-05 1.6824292438436195e-19
2.5166223010123737e-05 1.5755510507652646e-19
2.5196040809898762e-05 1.4862004670473389e-19
2.522585860967379e-05 1.6591744849552283e-19
2.525567640944882e-05 1.6002936302175498e-19
2.5285494209223847e-05 1.4688508526391473e-19
2.5315312008998876e-05 1.5343878383597207e-19
2.5345129808773904e-05 1.525399926320803e-19
2.5374947608548932e-05 1.553131026011811e-19
2.5404765408323957e-05 1.530913604841922e-19
2.543458320809899e-05 1.3662674498778725e-19
2.5464401007874017e-05 1.5121521097360508e-19
2.5494218807649042e-05 1.552807754032449e-19
2.5524036607424074e-05 1.3696664266110186e-19
2.55538544071991e-05 1.427612658791515e-19
2.5583672206974127e-05 1.4102541148135864e-19
2.561349000674916e-05 1.4232378416945256e-19
2.5643307806524184e-05 1.4388342117947988e-19
2.5673125606299213e-05 1.256955554826616e-19
2.5702943406074237e-05 1.3564473246713412e-19
2.573276120584927e-05 1.4582719516402867e-19
2.5762579005624298e-05 1.2804166288521786e-19
2.5792396805399326e-05 1.2760988131022419e-19
2.5822214605174354e-05 1.3250459910798907e-19
2.585203240494938e-05 1.3090207274015639e-19
2.588185020472441e-05 1.3320845994811925e-19
2.591166800449944e-05 1.1876101813770296e-19
2.5941485804274464e-05 1.1675359898317115e-19
2.5971303604049496e-05 1.3412676262405578e-19
2.600112140382452e-05 1.2107538617898562e-19
2.603093920359955e-05 1.10406427197187e-19
2.606075700337458e-05 1.2002863433792136e-19
2.6090574803149606e-05 1.1720930558616577e-19
2.6120392602924635e-05 1.1923575543665907e-19
2.615021040269966e-05 1.1220844797438897e-19
2.618002820247469e-05 1.0321543072468149e-19
2.620984600224972e-05 1.1965012692464146e-19
2.6239663802024745e-05 1.1311382847656815e-19
2.6269481601799776e-05 9.841105970963369e-20
2.62992994015748e-05 1.0703370836748206e-19
2.632911720134983e-05 1.057233348362993e-19
2.635893500112486e-05 1.0506944310703909e-19
2.6388752800899886e-05 1.020705994758744e-19
2.6418570600674915e-05 8.939514041920215e-20
2.6448388400449943e-05 1.0235028021461342e-19
