0.0 1.1561365714657955e-19
2.98130111223458e-08 1.1765761571348627e-19
5.96260222446916e-08 1.3289395272536744e-19
8.943903336703741e-08 1.142387446272186e-19
1.192520444893832e-07 1.0609707869836133e-19
1.49065055611729e-07 1.1266285702341025e-19
1.7887806673407483e-07 1.1109237025289878e-19
2.0869107785642063e-07 1.1086608771091365e-19
2.385040889787664e-07 9.684045796984308e-20
2.683171001011122e-07 9.162221617264803e-20
2.98130111223458e-07 1.0776030595301902e-19
3.279431223458038e-07 9.822840953287305e-20
3.5775613346814965e-07 8.159690128373333e-20
3.8756914459049545e-07 8.773482533282318e-20
4.1738215571284125e-07 8.857368940452748e-20
4.4719516683518705e-07 8.815497831176568e-20
4.770081779575328e-07 7.825943116628143e-20
5.068211890798787e-07 6.57849313869186e-20
5.366342002022244e-07 8.240189488686308e-20
5.664472113245703e-07 8.051081166506811e-20
5.96260222446916e-07 5.908576319007192e-20
6.260732335692619e-07 6.196984170087963e-20
6.558862446916076e-07 6.493068839196297e-20
6.856992558139535e-07 6.228612078838565e-20
7.155122669362993e-07 5.708201276110041e-20
7.453252780586451e-07 4.323044201690268e-20
7.751382891809909e-07 5.0483565055620563e-20
8.049513003033367e-07 5.831080248842135e-20
8.347643114256825e-07 3.72622148791288e-20
8.645773225480283e-07 3.28377167556076e-20
8.943903336703741e-07 4.2770466338871557e-20
9.242033447927199e-07 3.9170495752046546e-20
9.540163559150656e-07 3.38074299449274e-20
9.838293670374115e-07 2.1554855107850015e-20
1.0136423781597573e-06 2.183250504301561e-20
1.043455389282103e-06 3.289661723946587e-20
1.0732684004044488e-06 1.7341273662340585e-20
1.1030814115267947e-06 4.3908627091467256e-21
1.1328944226491405e-06 1.311015015773974e-20
1.1627074337714862e-06 1.4405015014393292e-20
1.192520444893832e-06 8.585244089732746e-21
1.2223334560161779e-06 -2.2100345289562197e-21
1.2521464671385237e-06 -8.1264990568882e-21
1.2819594782608696e-06 4.770060142501058e-21
1.3117724893832152e-06 -2.381014077705995e-21
1.341585500505561e-06 -2.2875219313481794e-20
1.371398511627907e-06 -1.4849146169348263e-20
1.4012115227502528e-06 -1.1895252125366257e-20
1.4310245338725986e-06 -1.991611266176351e-20
1.4608375449949443e-06 -2.6847619743003e-20
1.4906505561172901e-06 -3.805293341473595e-20
1.520463567239636e-06 -2.581153487449928e-20
1.5502765783619818e-06 -2.445131161599935e-20
1.5800895894843275e-06 -4.863927636310661e-20
1.6099026006066733e-06 -4.5508399011954797e-20
1.6397156117290192e-06 -3.833802745333572e-20
1.669528622851365e-06 -4.5549592791114486e-20
1.6993416339737109e-06 -5.0819340051213385e-20
1.7291546450960565e-06 -6.326888653697913e-20
1.7589676562184024e-06 -5.832424435581229e-20
1.7887806673407482e-06 -4.9989003888154617e-20
1.818593678463094e-06 -6.963927209355746e-20
1.8484066895854397e-06 -7.618012385344956e-20
1.8782197007077856e-06 -6.829142031396788e-20
1.908032711830131e-06 -7.160680956568512e-20
1.937845722952477e-06 -7.745817963978703e-20
1.967658734074823e-06 -8.815717343079941e-20
1.9974717451971688e-06 -8.734391759215199e-20
2.0272847563195146e-06 -7.718585900141092e-20
2.0570977674418605e-06 -9.228631886425779e-20
2.086910778564206e-06 -1.0545758680979719e-19
2.116723789686552e-06 -9.579183460469352e-20
2.1465368008088976e-06 -9.572398938148772e-20
2.176349811931244e-06 -1.0472652727978294e-19
2.2061628230535893e-06 -1.1335055714582118e-19
2.235975834175935e-06 -1.1789412142183456e-19
2.265788845298281e-06 -1.0617655531163487e-19
2.295601856420627e-06 -1.1221067482575045e-19
2.3254148675429723e-06 -1.315368626551893e-19
2.3552278786653186e-06 -1.239634114425058e-19
2.385040889787664e-06 -1.2011982169755096e-19
2.4148539009100103e-06 -1.2943230886487758e-19
2.4446669120323557e-06 -1.368344998820151e-19
2.4744799231547016e-06 -1.4390032140816777e-19
2.5042929342770474e-06 -1.3488070237243475e-19
2.5341059453993933e-06 -1.3411729439925938e-19
2.563918956521739e-06 -1.5428639185780537e-19
2.593731967644085e-06 -1.551343825547976e-19
2.6235449787664304e-06 -1.4667634984663168e-19
2.6533579898887767e-06 -1.5095870885383093e-19
2.683171001011122e-06 -1.5899845887910818e-19
2.7129840121334684e-06 -1.679189514929243e-19
2.742797023255814e-06 -1.620189397835137e-19
2.7726100343781597e-06 -1.564968363242321e-19
2.8024230455005055e-06 -1.7467682933120932e-19
2.8322360566228514e-06 -1.7953017027004885e-19
2.8620490677451972e-06 -1.7165043756191436e-19
2.891862078867543e-06 -1.7457710139555249e-19
2.9216750899898885e-06 -1.808966920868476e-19
2.951488101112235e-06 -1.936202173491733e-19
2.9813011122345802e-06 -1.8997680035486552e-19
3.011114123356926e-06 -1.7668588880491136e-19
3.040927134479272e-06 -1.93219623119625e-19
3.0707401456016178e-06 -2.0521405987042375e-19
3.1005531567239636e-06 -1.952282568737865e-19
3.1303661678463095e-06 -1.9526347998337965e-19
3.160179178968655e-06 -2.010422082887511e-19
3.189992190091001e-06 -2.1231987247617287e-19
3.2198052012133466e-06 -2.16831892396214e-19
3.249618212335693e-06 -2.0121051557352866e-19
3.2794312234580383e-06 -2.0928530153459088e-19
3.3092442345803838e-06 -2.301796559992276e-19
3.33905724570273e-06 -2.2146156164293914e-19
3.3688702568250755e-06 -2.149672621419027e-19
3.3986832679474217e-06 -2.2288448389230464e-19
3.428496279069767e-06 -2.311211545008544e-19
3.458309290192113e-06 -2.3707395212350526e-19
3.488122301314459e-06 -2.2752715912308335e-19
3.5179353124368047e-06 -2.274878010401001e-19
3.54774832355915e-06 -2.474284321940043e-19
3.5775613346814964e-06 -2.4674339046651343e-19
3.607374345803842e-06 -2.3642975586120096e-19
3.637187356926188e-06 -2.431086894585415e-19
3.6670003680485336e-06 -2.5159425902236664e-19
3.6968133791708794e-06 -2.5802384312782145e-19
3.7266263902932253e-06 -2.526965600838785e-19
3.756439401415571e-06 -2.4546747331684025e-19
3.786252412537917e-06 -2.6281397793590923e-19
3.816065423660262e-06 -2.6844198222636374e-19
3.845878434782609e-06 -2.5688014974423543e-19
3.875691445904954e-06 -2.6032723119920854e-19
3.9055044570273e-06 -2.6753957382616074e-19
3.935317468149646e-06 -2.7597088296449674e-19
3.965130479271992e-06 -2.745992551650222e-19
3.9949434903943375e-06 -2.6452455722838636e-19
4.024756501516683e-06 -2.77452307262585e-19
4.054569512639029e-06 -2.9068371224022156e-19
4.0843825237613755e-06 -2.7983561739796926e-19
4.114195534883721e-06 -2.7555926000403554e-19
4.144008546006066e-06 -2.8505882489792366e-19
4.173821557128412e-06 -2.9223637986057854e-19
4.203634568250759e-06 -2.9340563154176427e-19
4.233447579373104e-06 -2.8265116771575936e-19
4.26326059049545e-06 -2.8759169672567193e-19
4.293073601617795e-06 -3.082753009443292e-19
4.3228866127401415e-06 -2.9881027386398075e-19
4.352699623862488e-06 -2.896658440187833e-19
4.382512634984833e-06 -3.007801611208303e-19
4.412325646107179e-06 -3.0741702036705104e-19
4.442138657229525e-06 -3.1184922167386094e-19
4.47195166835187e-06 -3.0073901155234617e-19
4.501764679474216e-06 -2.992559695569879e-19
4.531577690596562e-06 -3.202361324175766e-19
4.561390701718908e-06 -3.1610321218982594e-19
4.591203712841254e-06 -3.032595648735772e-19
4.621016723963599e-06 -3.1085367172108515e-19
4.650829735085945e-06 -3.200774708469252e-19
4.680642746208292e-06 -3.23950043113891e-19
4.710455757330637e-06 -3.1722131752394843e-19
4.740268768452983e-06 -3.0981568567206173e-19
4.770081779575328e-06 -3.2779174802689737e-19
4.799894790697674e-06 -3.360726530481418e-19
4.8297078018200206e-06 -3.1716068590328935e-19
4.859520812942366e-06 -3.184403264890396e-19
4.8893338240647114e-06 -3.3092811209259605e-19
4.919146835187058e-06 -3.336939253339871e-19
4.948959846309403e-06 -3.303550365906332e-19
4.978772857431749e-06 -3.1922655065779726e-19
5.008585868554095e-06 -3.315889357511594e-19
5.03839887967644e-06 -3.467490108396503e-19
5.0682118907987865e-06 -3.295413547679926e-19
5.098024901921132e-06 -3.2630192155214885e-19
5.127837913043478e-06 -3.3877029821685886e-19
5.157650924165824e-06 -3.4147856880114675e-19
5.18746393528817e-06 -3.415662354692094e-19
5.217276946410515e-06 -3.3027244462125478e-19
5.247089957532861e-06 -3.3289556310406015e-19
5.276902968655207e-06 -3.5211643149434454e-19
5.306715979777553e-06 -3.4159640311986825e-19
5.336528990899899e-06 -3.295147698434945e-19
5.366342002022244e-06 -3.426176845614776e-19
5.39615501314459e-06 -3.49060868235241e-19
5.425968024266937e-06 -3.465558161652349e-19
5.455781035389282e-06 -3.374133387750336e-19
5.485594046511628e-06 -3.3609836141266633e-19
5.515407057633973e-06 -3.548181935648695e-19
5.545220068756319e-06 -3.514397132642376e-19
5.575033079878666e-06 -3.3504124821654466e-19
5.604846091001011e-06 -3.4366084442116896e-19
5.6346591021233565e-06 -3.527535082809961e-19
5.664472113245703e-06 -3.5073843842047342e-19
5.694285124368048e-06 -3.4345713906254994e-19
5.7240981354903945e-06 -3.354326611150718e-19
5.75391114661274e-06 -3.50453095210032e-19
5.783724157735086e-06 -3.5915916393220265e-19
5.813537168857432e-06 -3.3891928963651983e-19
5.843350179979777e-06 -3.394946844841674e-19
5.8731631911021225e-06 -3.5376513804110074e-19
5.90297620222447e-06 -3.5301036900359633e-19
5.932789213346815e-06 -3.4541089663600576e-19
5.9626022244691604e-06 -3.3631555815104074e-19
5.992415235591506e-06 -3.4641932760309737e-19
6.022228246713852e-06 -3.58794688050477e-19
6.0520412578361984e-06 -3.423322137573572e-19
6.081854268958544e-06 -3.330872261489085e-19
6.111667280080889e-06 -3.4989361120826987e-19
6.1414802912032356e-06 -3.5422341263596514e-19
6.171293302325581e-06 -3.4249918291890674e-19
6.201106313447927e-06 -3.367588360754875e-19
6.230919324570273e-06 -3.4225414251344304e-19
6.260732335692619e-06 -3.540980361305943e-19
6.290545346814964e-06 -3.4477316931620905e-19
6.32035835793731e-06 -3.2988230953427583e-19
6.350171369059656e-06 -3.419696012487785e-19
6.379984380182002e-06 -3.4829450306398717e-19
6.409797391304348e-06 -3.4020331061397224e-19
6.439610402426693e-06 -3.3281598711440144e-19
6.469423413549039e-06 -3.328739014348342e-19
6.499236424671386e-06 -3.4738594932929476e-19
6.529049435793731e-06 -3.4224736412507857e-19
6.558862446916077e-06 -3.2587455359476093e-19
6.588675458038422e-06 -3.339380541949572e-19
6.6184884691607675e-06 -3.4163503125890913e-19
6.648301480283115e-06 -3.3732521409382857e-19
6.67811449140546e-06 -3.278643779047247e-19
6.7079275025278055e-06 -3.23001127396979e-19
6.737740513650151e-06 -3.3569398481031467e-19
6.767553524772497e-06 -3.3697699291525613e-19
6.7973665358948435e-06 -3.1875373022629005e-19
6.827179547017189e-06 -3.1989892229181886e-19
6.856992558139534e-06 -3.324666164951228e-19
6.886805569261881e-06 -3.2949713092806227e-19
6.916618580384226e-06 -3.196424814474683e-19
6.946431591506572e-06 -3.13924732125145e-19
6.976244602628918e-06 -3.2302294110634124e-19
7.006057613751264e-06 -3.2995728474499536e-19
7.0358706248736095e-06 -3.1317834699558564e-19
7.065683635995955e-06 -3.060393423376815e-19
7.0954966471183e-06 -3.196101928909021e-19
7.1253096582406474e-06 -3.1974275207509957e-19
7.155122669362993e-06 -3.0885124881859713e-19
7.184935680485338e-06 -3.0188257593188123e-19
7.214748691607684e-06 -3.063309458370846e-19
7.24456170273003e-06 -3.1846283516097444e-19
7.274374713852376e-06 -3.047343652055892e-19
7.304187724974722e-06 -2.907376422621309e-19
7.334000736097067e-06 -3.049087216576949e-19
7.363813747219413e-06 -3.0837984471224434e-19
7.393626758341759e-06 -2.9884732022095325e-19
7.423439769464105e-06 -2.8957999924253327e-19
7.4532527805864506e-06 -2.898267190248341e-19
7.483065791708797e-06 -3.0340313000795045e-19
7.512878802831142e-06 -2.937950917010403e-19
7.542691813953488e-06 -2.766138934498208e-19
7.572504825075834e-06 -2.8690982273335015e-19
7.60231783619818e-06 -2.938491410070728e-19
7.632130847320525e-06 -2.855576550331609e-19
7.661943858442872e-06 -2.763104449816926e-19
7.691756869565217e-06 -2.747640176857788e-19
7.721569880687563e-06 -2.857004986346705e-19
7.751382891809908e-06 -2.832310473510304e-19
7.781195902932255e-06 -2.649711291806848e-19
7.8110089140546e-06 -2.66614939053383e-19
7.840821925176946e-06 -2.7740098610475466e-19
7.870634936299292e-06 -2.7014799794348052e-19
7.900447947421637e-06 -2.6057006317742165e-19
7.930260958543984e-06 -2.573726441430955e-19
7.96007396966633e-06 -2.6194488242855223e-19
7.989886980788675e-06 -2.676777248557025e-19
8.019699991911022e-06 -2.5068442901974963e-19
8.049513003033366e-06 -2.4487871813439954e-19
8.079326014155713e-06 -2.6004744469900886e-19
8.109139025278058e-06 -2.5294655428011584e-19
8.138952036400404e-06 -2.428039499243311e-19
8.168765047522751e-06 -2.3984535071769626e-19
8.198578058645095e-06 -2.3991336898778563e-19
8.228391069767442e-06 -2.479499798700286e-19
8.258204080889789e-06 -2.3388300372783287e-19
8.288017092012133e-06 -2.2173094883710993e-19
8.31783010313448e-06 -2.360937758708003e-19
8.347643114256824e-06 -2.3471950558070923e-19
8.37745612537917e-06 -2.227325848433158e-19
8.407269136501518e-06 -2.180319807196137e-19
8.437082147623862e-06 -2.174667717978376e-19
8.466895158746209e-06 -2.262738665543845e-19
8.496708169868552e-06 -2.177129018017629e-19
8.5265211809909e-06 -1.9998367394448804e-19
8.556334192113247e-06 -2.0864861581198856e-19
8.58614720323559e-06 -2.1377165615132328e-19
8.615960214357938e-06 -2.0028830412868372e-19
8.645773225480283e-06 -1.936711374797882e-19
8.675586236602628e-06 -1.9246884842086914e-19
8.705399247724976e-06 -1.983415365569892e-19
8.73521225884732e-06 -1.9711905952236435e-19
8.765025269969666e-06 -1.766065168133142e-19
8.794838281092012e-06 -1.7856107517883762e-19
8.824651292214357e-06 -1.9108220286553018e-19
8.854464303336704e-06 -1.7796769882122357e-19
8.88427731445905e-06 -1.6943520920762614e-19
8.914090325581395e-06 -1.680354663612853e-19
8.94390333670374e-06 -1.6893697429863203e-19
8.973716347826086e-06 -1.7293172888701522e-19
9.003529358948432e-06 -1.532823584531037e-19
9.033342370070779e-06 -1.4722048874877575e-19
9.063155381193124e-06 -1.6392075365078527e-19
9.09296839231547e-06 -1.5294640539603984e-19
9.122781403437817e-06 -1.408576538643989e-19
9.15259441456016e-06 -1.428341090372796e-19
9.182407425682507e-06 -1.3913804263879167e-19
9.212220436804853e-06 -1.4332262411213594e-19
9.242033447927198e-06 -1.3207177724467795e-19
9.271846459049545e-06 -1.1660302559357616e-19
9.30165947017189e-06 -1.321608753662803e-19
9.331472481294236e-06 -1.29137739344402e-19
9.361285492416583e-06 -1.1225352220965622e-19
9.391098503538927e-06 -1.1130237749801047e-19
9.420911514661274e-06 -1.0936500748427608e-19
9.450724525783618e-06 -1.1500950897639386e-19
9.480537536905965e-06 -1.0694557209201829e-19
9.510350548028312e-06 -8.872362642922993e-20
9.540163559150656e-06 -9.84319094587254e-20
9.569976570273003e-06 -1.0277519121954154e-19
9.599789581395349e-06 -8.599059341951168e-20
9.629602592517694e-06 -8.070005176710205e-20
9.659415603640041e-06 -8.157064488258488e-20
9.689228614762385e-06 -8.297156106076985e-20
9.719041625884732e-06 -8.002882488124787e-20
9.748854637007077e-06 -6.16307083955802e-20
9.778667648129423e-06 -6.343158078502281e-20
9.80848065925177e-06 -7.493814027247028e-20
9.838293670374115e-06 -5.841889839382267e-20
9.86810668149646e-06 -5.04995416585284e-20
9.897919692618806e-06 -5.380457235081319e-20
9.927732703741152e-06 -4.9266968043515056e-20
9.957545714863499e-06 -5.0696127528418675e-20
9.987358725985844e-06 -3.7417181216646564e-20
1.001717173710819e-05 -2.778262211451495e-20
1.0046984748230535e-05 -4.286142026469221e-20
1.007679775935288e-05 -3.414977096904989e-20
1.0106610770475228e-05 -1.7489649791449296e-20
1.0136423781597573e-05 -2.0033738032486498e-20
1.0166236792719919e-05 -1.8757947877106808e-20
1.0196049803842264e-05 -1.8844945891960576e-20
1.0225862814964611e-05 -1.0433217156949283e-20
1.0255675826086957e-05 1.6984925725635155e-21
1.0285488837209302e-05 -8.161177025926467e-21
1.0315301848331647e-05 -6.1367065210910245e-21
1.0345114859453993e-05 1.1878366114726177e-20
1.037492787057634e-05 1.0697984795462539e-20
1.0404740881698685e-05 1.0201902978206865e-20
1.043455389282103e-05 1.6095176289120077e-20
1.0464366903943378e-05 1.9223090625221064e-20
1.0494179915065722e-05 3.156621172756077e-20
1.0523992926188069e-05 2.8742108499058965e-20
1.0553805937310414e-05 2.2746241081245074e-20
1.058361894843276e-05 4.060841031488413e-20
1.0613431959555107e-05 4.522819192734951e-20
1.064324497067745e-05 3.9986822712205345e-20
1.0673057981799798e-05 4.721596443902844e-20
1.0702870992922145e-05 4.952372830828239e-20
1.0732684004044488e-05 5.863249538510107e-20
1.0762497015166836e-05 6.594117254288517e-20
1.079231002628918e-05 5.585374595381437e-20
1.0822123037411526e-05 6.648343755193499e-20
1.0851936048533874e-05 7.875441405125609e-20
1.0881749059656217e-05 7.378107590210342e-20
1.0911562070778564e-05 7.950901198842302e-20
1.094137508190091e-05 8.105729874899771e-20
1.0971188093023255e-05 8.804161059026209e-20
1.1001001104145602e-05 9.830136142547165e-20
1.1030814115267946e-05 8.874977364932357e-20
1.1060627126390293e-05 9.465679877565402e-20
1.1090440137512639e-05 1.1096840891897641e-19
1.1120253148634984e-05 1.0795357882058336e-19
1.1150066159757331e-05 1.0834995357236327e-19
1.1179879170879677e-05 1.1456892899447216e-19
1.1209692182002022e-05 1.1834282742601256e-19
1.1239505193124368e-05 1.2864767938219966e-19
1.1269318204246713e-05 1.2643953291632471e-19
1.129913121536906e-05 1.2294352473834746e-19
1.1328944226491406e-05 1.4033694211344042e-19
1.1358757237613751e-05 1.4267416378692834e-19
1.1388570248736096e-05 1.3674727857966837e-19
1.1418383259858444e-05 1.4537772513667233e-19
1.1448196270980789e-05 1.4901119978362066e-19
1.1478009282103134e-05 1.5810681556102502e-19
1.150782229322548e-05 1.6198144902086528e-19
1.1537635304347825e-05 1.5361977236782395e-19
1.1567448315470172e-05 1.6784540321672632e-19
1.1597261326592516e-05 1.7675374400268604e-19
1.1627074337714863e-05 1.6943601393616509e-19
1.165688734883721e-05 1.7564056919221972e-19
1.1686700359959554e-05 1.7940269304855092e-19
1.1716513371081901e-05 1.8593576542681721e-19
1.1746326382204245e-05 1.932899074766653e-19
1.1776139393326592e-05 1.8598567451447534e-19
1.180595240444894e-05 1.9262506090047908e-19
1.1835765415571283e-05 2.0615635699105773e-19
1.186557842669363e-05 2.0265572312362966e-19
1.1895391437815974e-05 2.0514352046080954e-19
1.1925204448938321e-05 2.1251480919139853e-19
1.1955017460060668e-05 2.1355359583945186e-19
1.1984830471183012e-05 2.234862362844831e-19
1.2014643482305359e-05 2.2233475358824683e-19
1.2044456493427704e-05 2.173177733044652e-19
1.207426950455005e-05 2.3338909036451014e-19
1.2104082515672397e-05 2.3474609564245047e-19
1.213389552679474e-05 2.3194641981341875e-19
1.2163708537917088e-05 2.4034904705819074e-19
1.2193521549039433e-05 2.413486693641784e-19
1.2223334560161779e-05 2.509421084184969e-19
1.2253147571284126e-05 2.5238960372275715e-19
1.2282960582406471e-05 2.4683288642629073e-19
1.2312773593528817e-05 2.6085247061773493e-19
1.2342586604651162e-05 2.659684728321795e-19
1.2372399615773507e-05 2.6176972282399316e-19
1.2402212626895855e-05 2.670945282702818e-19
1.24320256380182e-05 2.7033049281415085e-19
1.2461838649140545e-05 2.773793790334086e-19
1.249165166026289e-05 2.8171439588980042e-19
1.2521464671385238e-05 2.7513027886884496e-19
1.2551277682507583e-05 2.8411837155805714e-19
1.2581090693629929e-05 2.9530360955973185e-19
1.2610903704752274e-05 2.903740120963197e-19
1.264071671587462e-05 2.934361586499645e-19
1.2670529726996967e-05 2.987965548877742e-19
1.2700342738119312e-05 3.019547843979535e-19
1.2730155749241658e-05 3.087628413573299e-19
1.2759968760364005e-05 3.0506223001668057e-19
1.2789781771486349e-05 3.0692445425295275e-19
1.2819594782608696e-05 3.198396120672727e-19
1.2849407793731041e-05 3.1879244310413073e-19
1.2879220804853386e-05 3.1551796236822237e-19
1.2909033815975734e-05 3.220011130237952e-19
1.2938846827098077e-05 3.282850354750617e-19
1.2968659838220424e-05 3.338490616707753e-19
1.2998472849342772e-05 3.3041278742952617e-19
1.3028285860465115e-05 3.298136751580857e-19
1.3058098871587462e-05 3.4327365599153066e-19
1.3087911882709806e-05 3.447122122414564e-19
1.3117724893832153e-05 3.406861647839454e-19
1.31475379049545e-05 3.4478896186754247e-19
1.3177350916076844e-05 3.4838817081014537e-19
1.3207163927199191e-05 3.5537289495408744e-19
1.3236976938321535e-05 3.5417588300729106e-19
1.3266789949443882e-05 3.502424945099438e-19
1.329660296056623e-05 3.617750707676795e-19
1.3326415971688573e-05 3.6601436194042623e-19
1.335622898281092e-05 3.625071956935716e-19
1.3386041993933266e-05 3.658990515308902e-19
1.3415855005055611e-05 3.6855779614397494e-19
1.3445668016177958e-05 3.733404318343253e-19
1.3475481027300302e-05 3.7640164963821e-19
1.3505294038422649e-05 3.7139310327967735e-19
1.3535107049544994e-05 3.7436154287793523e-19
1.356492006066734e-05 3.851329986105986e-19
1.3594733071789687e-05 3.8278415483710657e-19
1.3624546082912032e-05 3.794258407825701e-19
1.3654359094034378e-05 3.8490624180072617e-19
1.3684172105156723e-05 3.890273995602209e-19
1.3713985116279069e-05 3.9344818676341705e-19
1.3743798127401416e-05 3.8941005990774882e-19
1.3773611138523761e-05 3.893879718402178e-19
1.3803424149646107e-05 4.009454997909303e-19
1.3833237160768452e-05 3.994299304347568e-19
1.38630501718908e-05 3.9532334460738226e-19
1.3892863183013145e-05 3.989671072580211e-19
1.392267619413549e-05 4.0320227977900056e-19
1.3952489205257836e-05 4.0686308291490633e-19
1.3982302216380181e-05 4.020852020011136e-19
1.4012115227502528e-05 3.9944439267980517e-19
1.4041928238624872e-05 4.125235000416465e-19
1.4071741249747219e-05 4.141778279851801e-19
1.4101554260869566e-05 4.040112084982112e-19
1.413136727199191e-05 4.1048628212871166e-19
1.4161180283114257e-05 4.15649650481268e-19
1.41909932942366e-05 4.15880616110192e-19
1.4220806305358948e-05 4.1579832676917407e-19
1.4250619316481295e-05 4.0991350271933757e-19
1.4280432327603639e-05 4.1747675047562653e-19
1.4310245338725986e-05 4.2270642601373403e-19
1.4340058349848331e-05 4.1471655899864583e-19
1.4369871360970677e-05 4.167729826998698e-19
1.4399684372093024e-05 4.216978533144997e-19
1.4429497383215367e-05 4.2422021175323722e-19
1.4459310394337715e-05 4.2397816844671514e-19
1.448912340546006e-05 4.177349025431082e-19
1.4518936416582405e-05 4.2233120339755863e-19
1.4548749427704753e-05 4.295282191208529e-19
1.4578562438827098e-05 4.2424327941810135e-19
1.4608375449949443e-05 4.22343618098501e-19
1.4638188461071789e-05 4.253967041197066e-19
1.4668001472194134e-05 4.2833437872670183e-19
1.4697814483316481e-05 4.2947577093725508e-19
1.4727627494438827e-05 4.224957410492455e-19
1.4757440505561172e-05 4.238352777104118e-19
1.4787253516683518e-05 4.3344366824656505e-19
1.4817066527805865e-05 4.294192449848362e-19
1.484687953892821e-05 4.2394816606347877e-19
1.4876692550050556e-05 4.273851778682052e-19
1.4906505561172901e-05 4.2904610190673333e-19
1.4936318572295247e-05 4.309506255696195e-19
1.4966131583417594e-05 4.273034799461221e-19
1.4995944594539939e-05 4.231680043360364e-19
1.5025757605662285e-05 4.3068463263937883e-19
1.5055570616784632e-05 4.3030294097465086e-19
1.5085383627906975e-05 4.2321476666813675e-19
1.5115196639029322e-05 4.257119451951723e-19
1.5145009650151668e-05 4.2981765945953757e-19
1.5174822661274013e-05 4.3039749634365426e-19
1.520463567239636e-05 4.256256805435662e-19
1.5234448683518704e-05 4.2066265084896153e-19
1.526426169464105e-05 4.282634975606886e-19
1.52940747057634e-05 4.308841321655134e-19
1.5323887716885744e-05 4.2085636772959667e-19
1.535370072800809e-05 4.214185994326823e-19
1.5383513739130435e-05 4.245344881246657e-19
1.541332675025278e-05 4.242184236788837e-19
1.5443139761375126e-05 4.234481295536976e-19
1.547295277249747e-05 4.1646974387397218e-19
1.5502765783619816e-05 4.196335550390671e-19
1.5532578794742162e-05 4.260774796279487e-19
1.556239180586451e-05 4.1801093273529907e-19
1.5592204816986856e-05 4.122979727188912e-19
1.56220178281092e-05 4.185919602812611e-19
1.5651830839231547e-05 4.2044578776578523e-19
1.5681643850353892e-05 4.1417223618187433e-19
1.5711456861476238e-05 4.084304123785459e-19
1.5741269872598583e-05 4.095351232522249e-19
1.577108288372093e-05 4.1503684865208256e-19
1.5800895894843274e-05 4.100064768556634e-19
1.583070890596562e-05 4.0290595907928773e-19
1.586052191708797e-05 4.0489524107304514e-19
1.5890334928210314e-05 4.0788998065360166e-19
1.592014793933266e-05 4.0564470946202345e-19
1.5949960950455005e-05 3.975332640053869e-19
1.597977396157735e-05 3.9737434657776307e-19
1.6009586972699696e-05 4.0345045876787344e-19
1.6039399983822044e-05 3.9966237940084983e-19
1.606921299494439e-05 3.907398373944385e-19
1.6099026006066732e-05 3.896287245570785e-19
1.6128839017189077e-05 3.9373589439325855e-19
1.6158652028311426e-05 3.918590908611949e-19
1.618846503943377e-05 3.8562086818004504e-19
1.6218278050556117e-05 3.7936737358068908e-19
1.6248091061678462e-05 3.8317774434095053e-19
1.6277904072800808e-05 3.8619904788295245e-19
1.6307717083923153e-05 3.7470661474409425e-19
1.6337530095045502e-05 3.7317142653476447e-19
1.6367343106167847e-05 3.76867302132409e-19
1.639715611729019e-05 3.743351175988233e-19
1.642696912841254e-05 3.698719775442622e-19
1.6456782139534884e-05 3.6185770681532227e-19
1.648659515065723e-05 3.650256433464396e-19
1.6516408161779578e-05 3.675899445521342e-19
1.654622117290192e-05 3.5747214570454915e-19
1.6576034184024265e-05 3.5255537857026387e-19
1.660584719514661e-05 3.5413799368385655e-19
1.663566020626896e-05 3.5527948891712023e-19
1.6665473217391305e-05 3.504203692577276e-19
1.6695286228513647e-05 3.421429601586906e-19
1.6725099239635996e-05 3.410684249503064e-19
1.675491225075834e-05 3.454534133578397e-19
1.6784725261880687e-05 3.3914228737330177e-19
1.6814538273003036e-05 3.2849424963502953e-19
1.6844351284125378e-05 3.310413619985568e-19
1.6874164295247723e-05 3.3205071628685576e-19
1.6903977306370072e-05 3.262712712909569e-19
1.6933790317492417e-05 3.194705757174595e-19
1.6963603328614763e-05 3.159657741076431e-19
1.6993416339737105e-05 3.2100369055151235e-19
1.7023229350859454e-05 3.1525143793180956e-19
1.70530423619818e-05 3.0459775200180445e-19
1.7082855373104145e-05 3.0661065199748786e-19
1.7112668384226493e-05 3.0542422452181603e-19
1.7142481395348835e-05 3.0241050771651094e-19
1.717229440647118e-05 2.9544090504792004e-19
1.720210741759353e-05 2.8735035099300487e-19
1.7231920428715875e-05 2.91682084996941e-19
1.726173343983822e-05 2.8804174502059124e-19
1.7291546450960566e-05 2.778221639245318e-19
1.732135946208291e-05 2.7640146940665134e-19
1.7351172473205257e-05 2.773219875851776e-19
1.7380985484327606e-05 2.730626520174004e-19
1.741079849544995e-05 2.6649485690437635e-19
1.7440611506572293e-05 2.613992985695336e-19
1.747042451769464e-05 2.592151315865165e-19
1.7500237528816987e-05 2.6011684243433267e-19
1.7530050539939333e-05 2.51775032003422e-19
1.7559863551061678e-05 2.448927424197921e-19
1.7589676562184024e-05 2.4514061431510255e-19
1.761948957330637e-05 2.4076869939256967e-19
1.7649302584428715e-05 2.3687922029626916e-19
1.7679115595551063e-05 2.288124404537514e-19
1.770892860667341e-05 2.250135050555916e-19
1.773874161779575e-05 2.2850501902403096e-19
1.77685546289181e-05 2.194003153731109e-19
1.7798367640040445e-05 2.1146840218131698e-19
1.782818065116279e-05 2.1275903033558363e-19
1.7857993662285136e-05 2.0959256324644396e-19
1.788780667340748e-05 2.0350566566642667e-19
1.7917619684529827e-05 1.964329119893084e-19
1.7947432695652172e-05 1.9207850947030726e-19
1.797724570677452e-05 1.9339675235073974e-19
1.8007058717896863e-05 1.8814979468942549e-19
1.803687172901921e-05 1.7724642094576283e-19
1.8066684740141557e-05 1.7523094053437863e-19
1.8096497751263903e-05 1.753094512088403e-19
1.8126310762386248e-05 1.7004622510224861e-19
1.8156123773508594e-05 1.6304597415791657e-19
1.818593678463094e-05 1.5685985577751902e-19
1.8215749795753284e-05 1.56999700647715e-19
1.8245562806875633e-05 1.5489189622814227e-19
1.827537581799798e-05 1.4407836439651166e-19
1.830518882912032e-05 1.4037863603318152e-19
1.8335001840242666e-05 1.385121036953481e-19
1.8364814851365015e-05 1.334072497849972e-19
1.839462786248736e-05 1.2987535894744824e-19
1.8424440873609706e-05 1.2125975746554302e-19
1.845425388473205e-05 1.1861186792881642e-19
1.8484066895854397e-05 1.1961383678317234e-19
1.8513879906976742e-05 1.1031709345467818e-19
1.854369291809909e-05 1.0334950048180856e-19
1.8573505929221436e-05 1.0336150700724385e-19
1.860331894034378e-05 9.973369228531971e-20
1.8633131951466127e-05 9.292022320223933e-20
1.8662944962588473e-05 8.483788883360494e-20
1.8692757973710818e-05 8.23131024008244e-20
1.8722570984833167e-05 8.395163481842234e-20
1.875238399595551e-05 7.504052171746664e-20
1.8782197007077854e-05 6.62440528731863e-20
1.88120100182002e-05 6.667261103151707e-20
1.884182302932255e-05 6.310292871483475e-20
1.8871636040444894e-05 5.740204664701837e-20
1.8901449051567236e-05 5.180408014870483e-20
1.8931262062689585e-05 4.572774919033416e-20
1.896107507381193e-05 4.7609022734640856e-20
1.8990888084934276e-05 4.2608890573216503e-20
1.9020701096056625e-05 3.0485923744870067e-20
1.9050514107178967e-05 2.943736699501717e-20
1.9080327118301312e-05 2.7527182961190044e-20
1.911014012942366e-05 2.243745452555678e-20
1.9139953140546006e-05 1.7024048908719177e-20
1.9169766151668352e-05 8.470398235239186e-21
1.9199579162790697e-05 9.08105803231317e-21
1.9229392173913043e-05 9.464130037228978e-21
1.9259205185035388e-05 -2.761658463233706e-21
1.9289018196157733e-05 -8.477641425598078e-21
1.9318831207280082e-05 -6.02821363539817e-21
1.9348644218402424e-05 -1.0560706243896986e-20
1.937845722952477e-05 -1.8017378334048053e-20
1.940827024064712e-05 -2.5944825960062193e-20
1.9438083251769464e-05 -2.7710213438265496e-20
1.946789626289181e-05 -2.5908335628865584e-20
1.9497709274014155e-05 -3.620909963168619e-20
1.95275222851365e-05 -4.350396944354218e-20
1.9557335296258846e-05 -4.363464116796764e-20
1.9587148307381195e-05 -4.7082985141407656e-20
1.961696131850354e-05 -5.0001081211380774e-20
1.9646774329625882e-05 -5.85293627867343e-20
1.967658734074823e-05 -6.252819031989826e-20
1.9706400351870576e-05 -5.959306566226471e-20
1.973621336299292e-05 -6.850449153437351e-20
1.9766026374115267e-05 -7.77093824452925e-20
1.9795839385237613e-05 -7.790224782083059e-20
1.9825652396359958e-05 -8.045167650735224e-20
1.9855465407482303e-05 -8.561371798535561e-20
1.9885278418604652e-05 -9.130172424518884e-20
1.9915091429726998e-05 -9.81045376071613e-20
1.994490444084934e-05 -9.692756922315594e-20
1.997471745197169e-05 -9.838471122824914e-20
2.0004530463094034e-05 -1.1034570708979494e-19
2.003434347421638e-05 -1.123535306237074e-19
2.0064156485338728e-05 -1.11773643510821e-19
2.009396949646107e-05 -1.183653868836541e-19
2.0123782507583416e-05 -1.2382779877698142e-19
2.015359551870576e-05 -1.3146156587797608e-19
2.018340852982811e-05 -1.2992893145175554e-19
2.0213221540950455e-05 -1.2893115440314563e-19
2.0243034552072797e-05 -1.4378204027446256e-19
2.0272847563195146e-05 -1.455847017922495e-19
2.030266057431749e-05 -1.4360677492381477e-19
2.0332473585439837e-05 -1.5129769717359753e-19
2.0362286596562186e-05 -1.547199640067194e-19
2.0392099607684528e-05 -1.6143315015787262e-19
2.0421912618806873e-05 -1.6336983108604827e-19
2.0451725629929222e-05 -1.6116423740513274e-19
2.0481538641051568e-05 -1.698837905060764e-19
2.0511351652173913e-05 -1.7936809202934362e-19
2.054116466329626e-05 -1.7610629831109023e-19
2.0570977674418604e-05 -1.771598949279079e-19
2.060079068554095e-05 -1.860606877433277e-19
2.0630603696663295e-05 -1.891631970049027e-19
2.0660416707785644e-05 -1.9354795135091048e-19
2.0690229718907986e-05 -1.9084737779501696e-19
2.072004273003033e-05 -1.941550997914636e-19
2.074985574115268e-05 -2.0795230159710388e-19
2.0779668752275025e-05 -2.0612462776227893e-19
2.080948176339737e-05 -2.0531440790830645e-19
2.0839294774519716e-05 -2.112942434571218e-19
2.086910778564206e-05 -2.1580046438501896e-19
2.0898920796764407e-05 -2.2145775194109713e-19
2.0928733807886756e-05 -2.1971856858862107e-19
2.09585468190091e-05 -2.2155538026341045e-19
2.0988359830131443e-05 -2.3247267927184652e-19
2.1018172841253792e-05 -2.330806321014407e-19
2.1047985852376138e-05 -2.303984742594213e-19
2.1077798863498483e-05 -2.3542286201430696e-19
2.110761187462083e-05 -2.409219202374727e-19
2.1137424885743174e-05 -2.464190961144542e-19
2.116723789686552e-05 -2.4511188785439363e-19
2.1197050907987865e-05 -2.4229484198055857e-19
2.1226863919110213e-05 -2.536794746004359e-19
2.125667693023256e-05 -2.601970837458279e-19
2.12864899413549e-05 -2.53658507677349e-19
2.131630295247725e-05 -2.575240599573567e-19
2.1346115963599595e-05 -2.6378543950940257e-19
2.137592897472194e-05 -2.6607486026894334e-19
2.140574198584429e-05 -2.6889412408070322e-19
2.143555499696663e-05 -2.650041047407123e-19
2.1465368008088977e-05 -2.719461874611945e-19
2.1495181019211326e-05 -2.8112674173972256e-19
2.152499403033367e-05 -2.748349309782879e-19
2.1554807041456017e-05 -2.7539887880741994e-19
2.158462005257836e-05 -2.8302262401264667e-19
2.1614433063700707e-05 -2.862302113228161e-19
2.1644246074823053e-05 -2.8845379555303167e-19
2.16740590859454e-05 -2.8599989549149953e-19
2.1703872097067747e-05 -2.8787382559349125e-19
2.173368510819009e-05 -3.0004948173805146e-19
2.1763498119312435e-05 -2.968558511111438e-19
2.1793311130434783e-05 -2.906801838235335e-19
2.182312414155713e-05 -3.003002708721298e-19
2.1852937152679474e-05 -3.03109464841295e-19
2.188275016380182e-05 -3.0431813258849568e-19
2.1912563174924165e-05 -3.036338541995119e-19
2.194237618604651e-05 -3.018688136672023e-19
2.1972189197168856e-05 -3.133273186461657e-19
2.2002002208291205e-05 -3.1522406559358258e-19
2.2031815219413547e-05 -3.0660122470222227e-19
2.2061628230535892e-05 -3.1187872190761895e-19
2.209144124165824e-05 -3.2035983865170165e-19
2.2121254252780587e-05 -3.1970183452311913e-19
2.2151067263902932e-05 -3.165931915195646e-19
2.2180880275025277e-05 -3.1496931003390657e-19
2.2210693286147623e-05 -3.235008042403766e-19
2.2240506297269968e-05 -3.285532707700985e-19
2.2270319308392317e-05 -3.192012209156001e-19
2.2300132319514662e-05 -3.220997813011833e-19
2.2329945330637005e-05 -3.289856053625448e-19
2.2359758341759353e-05 -3.289760369761225e-19
2.23895713528817e-05 -3.2981841173796086e-19
2.2419384364004044e-05 -3.248220557774973e-19
2.244919737512639e-05 -3.298737633745102e-19
2.2479010386248735e-05 -3.399423717874646e-19
2.250882339737108e-05 -3.3141759492840494e-19
2.2538636408493426e-05 -3.279715415713755e-19
2.2568449419615775e-05 -3.3739641632057463e-19
2.259826243073812e-05 -3.376232310894813e-19
2.2628075441860462e-05 -3.350855996266888e-19
2.265788845298281e-05 -3.32857829957688e-19
2.2687701464105156e-05 -3.351658664740475e-19
2.2717514475227502e-05 -3.4466114796819706e-19
2.274732748634985e-05 -3.395385773311896e-19
2.2777140497472193e-05 -3.3204043107394147e-19
2.2806953508594538e-05 -3.413568010405521e-19
2.2836766519716887e-05 -3.448218070735577e-19
2.2866579530839232e-05 -3.391165493542537e-19
2.2896392541961578e-05 -3.3799415406333864e-19
2.292620555308392e-05 -3.382431602792101e-19
2.295601856420627e-05 -3.4451590793328382e-19
2.2985831575328614e-05 -3.457318471872056e-19
2.301564458645096e-05 -3.3482720742877485e-19
2.3045457597573305e-05 -3.3859724888866564e-19
2.307527060869565e-05 -3.47881229400982e-19
2.3105083619817996e-05 -3.432582955011025e-19
2.3134896630940345e-05 -3.386488159961576e-19
2.316470964206269e-05 -3.393679995874551e-19
2.3194522653185032e-05 -3.451852395872783e-19
2.322433566430738e-05 -3.491845668302375e-19
2.3254148675429726e-05 -3.380949856821356e-19
2.3283961686552072e-05 -3.3412852817107406e-19
2.331377469767442e-05 -3.464503570510155e-19
2.3343587708796763e-05 -3.4378754854569722e-19
2.3373400719919108e-05 -3.3630262283317783e-19
2.3403213731041454e-05 -3.390233472250527e-19
2.3433026742163802e-05 -3.4102869837534156e-19
2.3462839753286148e-05 -3.449544348033227e-19
2.349265276440849e-05 -3.3844853532280567e-19
2.352246577553084e-05 -3.321850462620191e-19
2.3552278786653184e-05 -3.4305424687388047e-19
2.358209179777553e-05 -3.4335545608089455e-19
2.361190480889788e-05 -3.3456408068955895e-19
2.364171782002022e-05 -3.329308176239813e-19
2.3671530831142566e-05 -3.364702942563791e-19
2.3701343842264915e-05 -3.404706459711229e-19
2.373115685338726e-05 -3.353404317360392e-19
2.3760969864509605e-05 -3.2913432457505844e-19
2.3790782875631948e-05 -3.337535994102481e-19
2.3820595886754296e-05 -3.392751967846517e-19
2.3850408897876642e-05 -3.328504552316415e-19
2.3880221908998987e-05 -3.276749364546827e-19
2.3910034920121336e-05 -3.3213457127531965e-19
2.3939847931243678e-05 -3.352411295011898e-19
2.3969660942366023e-05 -3.3217739621172626e-19
2.3999473953488372e-05 -3.2347464226107343e-19
2.4029286964610718e-05 -3.2562579993778787e-19
2.4059099975733063e-05 -3.333251738432699e-19
2.408891298685541e-05 -3.252407447032728e-19
2.4118725997977754e-05 -3.192859581520311e-19
2.41485390091001e-05 -3.241007676867312e-19
2.4178352020222448e-05 -3.268962276483793e-19
2.4208165031344794e-05 -3.2547022125160805e-19
2.4237978042467136e-05 -3.184358407931069e-19
2.426779105358948e-05 -3.1666000591798737e-19
2.429760406471183e-05 -3.2410603846521224e-19
2.4327417075834175e-05 -3.2168101045698567e-19
2.435723008695652e-05 -3.128870332644829e-19
2.4387043098078866e-05 -3.1276343189644083e-19
2.4416856109201212e-05 -3.16595575396021e-19
2.4446669120323557e-05 -3.1697837584536783e-19
2.4476482131445906e-05 -3.099203396019003e-19
2.450629514256825e-05 -3.0553782422366343e-19
2.4536108153690593e-05 -3.1257769629572296e-19
2.4565921164812942e-05 -3.130030721141725e-19
2.4595734175935288e-05 -3.0402431127715708e-19
2.4625547187057633e-05 -3.0243946441881194e-19
2.4655360198179982e-05 -3.064148900284075e-19
2.4685173209302324e-05 -3.066886142954938e-19
2.471498622042467e-05 -3.0077130728808735e-19
2.4744799231547015e-05 -2.9507746012875877e-19
2.4774612242669364e-05 -2.9775877994032364e-19
2.480442525379171e-05 -3.019637920594469e-19
2.483423826491405e-05 -2.9557220808099115e-19
2.48640512760364e-05 -2.883894899682736e-19
2.4893864287158745e-05 -2.922136653163673e-19
2.492367729828109e-05 -2.9532775258008386e-19
2.495349030940344e-05 -2.8975555240541824e-19
2.498330332052578e-05 -2.8227061060021096e-19
2.5013116331648127e-05 -2.835276927374737e-19
2.5042929342770476e-05 -2.891183926348537e-19
2.507274235389282e-05 -2.832263537813105e-19
2.5102555365015167e-05 -2.7449078175940374e-19
2.513236837613751e-05 -2.771029928963162e-19
2.5162181387259858e-05 -2.8073385865902585e-19
2.5191994398382203e-05 -2.7602064925047334e-19
2.522180740950455e-05 -2.6762734444013804e-19
2.5251620420626897e-05 -2.6822978734711243e-19
2.528143343174924e-05 -2.7396310685440416e-19
2.5311246442871585e-05 -2.68481855792476e-19
2.5341059453993934e-05 -2.602423091238551e-19
2.537087246511628e-05 -2.6084110726288663e-19
2.5400685476238624e-05 -2.645965295356205e-19
2.543049848736097e-05 -2.6187496705351487e-19
2.5460311498483315e-05 -2.532820338086601e-19
2.549012450960566e-05 -2.497780259405048e-19
2.551993752072801e-05 -2.5434019389744633e-19
2.5549750531850355e-05 -2.537297623866258e-19
2.5579563542972697e-05 -2.4421697028309124e-19
2.5609376554095042e-05 -2.408674671445628e-19
2.563918956521739e-05 -2.4713705911637126e-19
2.5669002576339737e-05 -2.4623416710670415e-19
2.5698815587462082e-05 -2.361905478384328e-19
2.5728628598584428e-05 -2.3354966019727915e-19
2.5758441609706773e-05 -2.374972651773387e-19
2.578825462082912e-05 -2.365855703645467e-19
2.5818067631951467e-05 -2.279753764817826e-19
2.5847880643073813e-05 -2.2380395345629696e-19
2.5877693654196155e-05 -2.2736535531378187e-19
2.5907506665318504e-05 -2.2637996265757885e-19
2.593731967644085e-05 -2.2047165257274306e-19
2.5967132687563194e-05 -2.1518844831774758e-19
2.5996945698685543e-05 -2.1638700887861565e-19
2.6026758709807885e-05 -2.1821565823996725e-19
2.605657172093023e-05 -2.1247015946986637e-19
2.6086384732052576e-05 -2.0690195362178965e-19
2.6116197743174925e-05 -2.0616657403010665e-19
2.614601075429727e-05 -2.0920285294985693e-19
2.6175823765419612e-05 -2.0505031363539508e-19
2.620563677654196e-05 -1.948369964406186e-19
2.6235449787664307e-05 -1.9588932988318688e-19
2.6265262798786652e-05 -1.9897241506483123e-19
2.6295075809909e-05 -1.9411506211643368e-19
2.6324888821031343e-05 -1.8689363309487682e-19
2.635470183215369e-05 -1.842683962920576e-19
2.6384514843276037e-05 -1.8922326358090265e-19
2.6414327854398383e-05 -1.864493183872177e-19
2.6444140865520728e-05 -1.7656465564145923e-19
2.647395387664307e-05 -1.7483689875853235e-19
2.650376688776542e-05 -1.7892143011880712e-19
2.6533579898887764e-05 -1.7715017537812424e-19
2.656339291001011e-05 -1.6693474185371554e-19
2.659320592113246e-05 -1.6352968070677397e-19
2.66230189322548e-05 -1.6810993482309155e-19
2.6652831943377146e-05 -1.6627951251397836e-19
2.6682644954499495e-05 -1.5647195035822124e-19
2.671245796562184e-05 -1.529933211914347e-19
2.6742270976744186e-05 -1.5834368825028345e-19
2.677208398786653e-05 -1.5697766145725708e-19
2.6801896998988877e-05 -1.4865369238754726e-19
2.6831710010111222e-05 -1.4384568302566927e-19
2.686152302123357e-05 -1.4637145932988078e-19
2.6891336032355916e-05 -1.468599604937587e-19
2.6921149043478258e-05 -1.3906849189515617e-19
2.6950962054600604e-05 -1.3169213916400772e-19
2.6980775065722953e-05 -1.3354731267064853e-19
2.7010588076845298e-05 -1.3567068003472594e-19
2.7040401087967643e-05 -1.288360599977052e-19
2.707021409908999e-05 -1.235364106815512e-19
2.7100027110212334e-05 -1.2225086897761164e-19
2.712984012133468e-05 -1.2557928289489125e-19
2.715965313245703e-05 -1.2183744284684466e-19
2.7189466143579374e-05 -1.0988538500274636e-19
2.7219279154701716e-05 -1.1221594014986126e-19
2.7249092165824065e-05 -1.1619774987197973e-19
2.727890517694641e-05 -1.1061746892386868e-19
2.7308718188068756e-05 -1.0256392989918559e-19
2.7338531199191104e-05 -9.915251886792926e-20
2.7368344210313446e-05 -1.0396409073975421e-19
2.7398157221435792e-05 -1.0031276297505923e-19
2.7427970232558137e-05 -9.02179724932121e-20
2.7457783243680486e-05 -8.953604533799243e-20
2.748759625480283e-05 -9.321617221563446e-20
2.7517409265925174e-05 -9.091620763403488e-20
2.7547222277047522e-05 -8.142063198749513e-20
2.7577035288169868e-05 -7.785776521910054e-20
2.7606848299292213e-05 -8.266715107877586e-20
2.7636661310414562e-05 -8.255945487696742e-20
2.7666474321536904e-05 -7.30447662079238e-20
2.769628733265925e-05 -6.523462083552708e-20
2.77261003437816e-05 -7.164722707059697e-20
2.7755913354903944e-05 -7.308896475884682e-20
2.778572636602629e-05 -6.035642065501704e-20
2.7815539377148635e-05 -5.696731574853578e-20
2.784535238827098e-05 -6.227577684628953e-20
2.7875165399393326e-05 -6.2001774497481e-20
2.790497841051567e-05 -5.359369420599076e-20
2.793479142163802e-05 -4.635760565699045e-20
2.7964604432760362e-05 -5.0335076326556435e-20
2.7994417443882707e-05 -5.2685274653321297e-20
2.8024230455005056e-05 -4.442884470019439e-20
2.80540434661274e-05 -3.671334430062188e-20
2.8083856477249744e-05 -3.8629620598493655e-20
2.8113669488372092e-05 -4.2939135563790535e-20
2.8143482499494438e-05 -3.5844451900517994e-20
2.8173295510616783e-05 -2.592314502142408e-20
2.8203108521739132e-05 -2.6431621571194495e-20
2.8232921532861474e-05 -3.177940852021881e-20
2.826273454398382e-05 -2.837908076835532e-20
2.829254755510617e-05 -1.7614164572794246e-20
2.8322360566228514e-05 -1.584223147763462e-20
2.835217357735086e-05 -2.1414729624533783e-20
2.83819865884732e-05 -1.7640731798293025e-20
2.841179959959555e-05 -5.78770428418074e-21
2.8441612610717896e-05 -5.144553968497512e-21
2.847142562184024e-05 -1.0914098520840426e-20
2.850123863296259e-05 -7.044583340266512e-21
2.8531051644084932e-05 1.4821582361803196e-21
2.8560864655207277e-05 7.02443805280223e-21
2.8590677666329626e-05 1.290203145093899e-21
2.862049067745197e-05 3.6750542191392016e-22
2.8650303688574317e-05 1.3732504885033742e-20
2.8680116699696662e-05 1.5939158313240074e-20
2.8709929710819008e-05 1.1118397271622197e-20
2.8739742721941353e-05 1.3116627730667215e-20
2.87695557330637e-05 2.1520244969114315e-20
2.8799368744186047e-05 2.822429571034839e-20
2.882918175530839e-05 2.450344258331636e-20
2.8858994766430735e-05 2.2295084747319582e-20
2.8888807777553084e-05 3.1394325274297287e-20
2.891862078867543e-05 4.0770547507873755e-20
2.8948433799797775e-05 3.5411815585510565e-20
2.897824681092012e-05 3.213056224485058e-20
2.9008059822042465e-05 4.2198928522448665e-20
2.903787283316481e-05 4.868960791119321e-20
2.906768584428716e-05 4.864570277592145e-20
2.9097498855409505e-05 4.445609029227795e-20
2.9127311866531847e-05 4.967371399027466e-20
2.9157124877654196e-05 6.141207203177627e-20
2.918693788877654e-05 5.949907220511824e-20
2.9216750899898887e-05 5.578470638273181e-20
2.9246563911021232e-05 6.166682267137552e-20
2.9276376922143578e-05 7.13168752316262e-20
2.9306189933265923e-05 7.29502934830167e-20
2.933600294438827e-05 6.551794004096058e-20
2.9365815955510617e-05 7.014848897175343e-20
2.9395628966632963e-05 8.403993779151949e-20
2.9425441977755305e-05 8.301318650209498e-20
