0.0 1.5991240427425383e-19
2.981273158756138e-08 1.560525268952077e-19
5.962546317512276e-08 1.6288316628717997e-19
8.943819476268412e-08 1.655919372977114e-19
1.192509263502455e-07 1.6051067292813896e-19
1.490636579378069e-07 1.5194825941598619e-19
1.7887638952536824e-07 1.576814837239353e-19
2.0868912111292965e-07 1.6555145848729733e-19
2.38501852700491e-07 1.5874213446040118e-19
2.683145842880524e-07 1.5339490219811025e-19
2.981273158756138e-07 1.5475311256662807e-19
3.2794004746317516e-07 1.6076054975573621e-19
3.577527790507365e-07 1.5845682071426354e-19
3.875655106382979e-07 1.4860222004659146e-19
4.173782422258593e-07 1.5211936439202996e-19
4.4719097381342067e-07 1.584610442492206e-19
4.77003705400982e-07 1.5339905235057001e-19
5.068164369885434e-07 1.4739362542682458e-19
5.366291685761048e-07 1.4887590438505296e-19
5.664419001636662e-07 1.5320439004900309e-19
5.962546317512276e-07 1.54240101329921e-19
6.260673633387889e-07 1.4753838376332185e-19
6.558800949263503e-07 1.440212089879311e-19
6.856928265139117e-07 1.5271427885649562e-19
7.15505558101473e-07 1.5159496741069125e-19
7.453182896890345e-07 1.4279500355700655e-19
7.751310212765958e-07 1.4305899646651708e-19
8.049437528641573e-07 1.4621545556898888e-19
8.347564844517186e-07 1.4848940371117122e-19
8.6456921603928e-07 1.4293264106905235e-19
8.943819476268413e-07 1.3894296133387725e-19
9.241946792144027e-07 1.443159974256961e-19
9.54007410801964e-07 1.4572588428607162e-19
9.838201423895255e-07 1.412377002579307e-19
1.0136328739770869e-06 1.3750065626379263e-19
1.0434456055646482e-06 1.4031379193641138e-19
1.0732583371522096e-06 1.4345081268618252e-19
1.1030710687397708e-06 1.4006256248733365e-19
1.1328838003273324e-06 1.348980397723789e-19
1.1626965319148938e-06 1.3665348064459878e-19
1.1925092635024551e-06 1.4170475341539255e-19
1.2223219950900165e-06 1.3749325496057403e-19
1.2521347266775779e-06 1.3268777917759314e-19
1.2819474582651393e-06 1.333252438733029e-19
1.3117601898527006e-06 1.372329133940519e-19
1.341572921440262e-06 1.388745158577358e-19
1.3713856530278234e-06 1.3107914737670063e-19
1.4011983846153846e-06 1.3088035723696272e-19
1.431011116202946e-06 1.3697991526419448e-19
1.4608238477905075e-06 1.3397990258939782e-19
1.490636579378069e-06 1.3051326729364202e-19
1.5204493109656303e-06 1.2820275710933357e-19
1.5502620425531917e-06 1.3064461193769476e-19
1.580074774140753e-06 1.3488512882000546e-19
1.6098875057283146e-06 1.2748069482663087e-19
1.6397002373158758e-06 1.2570155677082894e-19
1.6695129689034372e-06 1.3090661862938614e-19
1.6993257004909983e-06 1.305235155257592e-19
1.72913843207856e-06 1.2807330530208645e-19
1.758951163666121e-06 1.224685486433862e-19
1.7887638952536827e-06 1.268018404986045e-19
1.8185766268412439e-06 1.3251496936191195e-19
1.8483893584288055e-06 1.245513861466375e-19
1.8782020900163666e-06 1.204119556967298e-19
1.908014821603928e-06 1.232381627353598e-19
1.93782755319149e-06 1.2596833487691677e-19
1.967640284779051e-06 1.2513087147853865e-19
1.9974530163666126e-06 1.19961327639238e-19
2.0272657479541737e-06 1.192974321304763e-19
2.0570784795417353e-06 1.2648323132900102e-19
2.0868912111292965e-06 1.2533569702274578e-19
2.1167039427168576e-06 1.1509889811341088e-19
2.1465166743044192e-06 1.1927680239458739e-19
2.1763294058919804e-06 1.2507509305763118e-19
2.2061421374795416e-06 1.2036267119932518e-19
2.235954869067103e-06 1.1696141233111395e-19
2.2657676006546647e-06 1.1407432714729711e-19
2.295580332242226e-06 1.1937835058048783e-19
2.3253930638297875e-06 1.2360183486284495e-19
2.3552057954173487e-06 1.1385910845819755e-19
2.3850185270049103e-06 1.1116116047950798e-19
2.4148312585924714e-06 1.175758954065049e-19
2.444643990180033e-06 1.203161587822589e-19
2.474456721767594e-06 1.1675698165372715e-19
2.5042694533551558e-06 1.094998498583921e-19
2.534082184942717e-06 1.1466027557654289e-19
2.5638949165302785e-06 1.2188295892190743e-19
2.59370764811784e-06 1.129280696806758e-19
2.6235203797054013e-06 1.066201999621988e-19
2.653333111292963e-06 1.13112401284617e-19
2.683145842880524e-06 1.1779036034208853e-19
2.712958574468085e-06 1.1355600572492505e-19
2.742771306055647e-06 1.0708823223852125e-19
2.772584037643208e-06 1.0980242288955694e-19
2.802396769230769e-06 1.1861904562787341e-19
2.8322095008183307e-06 1.1363834483510902e-19
2.862022232405892e-06 1.0408049791143895e-19
2.8918349639934535e-06 1.1078999617490896e-19
2.921647695581015e-06 1.180543414401558e-19
2.9514604271685762e-06 1.1387226732243736e-19
2.981273158756138e-06 1.0657124109204686e-19
3.011085890343699e-06 1.0529658029332417e-19
3.0408986219312606e-06 1.149311040724081e-19
3.0707113535188217e-06 1.1563774581381506e-19
3.1005240851063833e-06 1.0356834328937546e-19
3.1303368166939445e-06 1.0582129419489845e-19
3.160149548281506e-06 1.1459230822314768e-19
3.1899622798690677e-06 1.1265253243043003e-19
3.2197750114566293e-06 1.0720487796218841e-19
3.24958774304419e-06 1.0457441987285242e-19
3.2794004746317516e-06 1.127005259035756e-19
3.3092132062193128e-06 1.1794154872214174e-19
3.3390259378068744e-06 1.044557030036462e-19
3.3688386693944355e-06 1.0060445630131966e-19
3.3986514009819967e-06 1.1345377478083189e-19
3.4284641325695583e-06 1.1442068196329558e-19
3.45827686415712e-06 1.0686123405371418e-19
3.4880895957446806e-06 1.0396183853723321e-19
3.517902327332242e-06 1.0866373332710766e-19
3.547715058919804e-06 1.1827245008073263e-19
3.5775277905073654e-06 1.091804755625049e-19
3.607340522094927e-06 1.0027521559173191e-19
3.6371532536824877e-06 1.1336579600111129e-19
3.6669659852700493e-06 1.158930111472125e-19
3.696778716857611e-06 1.0935197375072033e-19
3.7265914484451725e-06 1.0358045741136269e-19
3.7564041800327332e-06 1.0412918161981223e-19
3.786216911620295e-06 1.1662291309274099e-19
3.816029643207856e-06 1.118126247713884e-19
3.845842374795418e-06 9.958463416488887e-20
3.87565510638298e-06 1.0710424434247474e-19
3.90546783797054e-06 1.1664011068571446e-19
3.935280569558102e-06 1.1114797149312425e-19
3.965093301145663e-06 1.0234123481145087e-19
3.994906032733225e-06 1.0502504740944384e-19
4.0247187643207854e-06 1.1505888758803298e-19
4.0545314959083474e-06 1.1425814909596702e-19
4.084344227495909e-06 1.0066066730401033e-19
4.114156959083471e-06 1.0304137623776327e-19
4.143969690671032e-06 1.1498262788955276e-19
4.173782422258593e-06 1.1281360554818376e-19
4.203595153846154e-06 1.0441577004838851e-19
4.233407885433715e-06 1.0080732404987778e-19
4.263220617021277e-06 1.1264341132631249e-19
4.2930333486088385e-06 1.1699812484666498e-19
4.3228460801964e-06 1.0225252791058046e-19
4.352658811783961e-06 1.0167201553081584e-19
4.382471543371523e-06 1.1421284373966553e-19
4.412284274959083e-06 1.1463414300453774e-19
4.442097006546645e-06 1.0417699241431818e-19
4.471909738134206e-06 1.0102086121611839e-19
4.501722469721768e-06 1.0956070007946877e-19
4.5315352013093295e-06 1.1625912831401714e-19
4.561347932896891e-06 1.0516278182988283e-19
4.591160664484452e-06 9.680383333404868e-20
4.620973396072014e-06 1.1305149520139333e-19
4.650786127659575e-06 1.1697806655569327e-19
4.680598859247136e-06 1.0453749199849011e-19
4.710411590834697e-06 1.0263283413794342e-19
4.740224322422259e-06 1.0728670506718263e-19
4.7700370540098205e-06 1.1522514664274246e-19
4.799849785597382e-06 1.0863130279573284e-19
4.829662517184943e-06 9.700111504114108e-20
4.859475248772504e-06 1.074339897572056e-19
4.889287980360066e-06 1.1550089099279834e-19
4.919100711947627e-06 1.0766484659525597e-19
4.948913443535188e-06 1.0001714325896194e-19
4.9787261751227495e-06 1.0422424495945439e-19
5.0085389067103115e-06 1.1574930192847815e-19
5.038351638297873e-06 1.1109980896191835e-19
5.068164369885434e-06 9.77850939009323e-20
5.097977101472995e-06 1.0396574278086098e-19
5.127789833060557e-06 1.1519749332785133e-19
5.157602564648118e-06 1.093127991026134e-19
5.18741529623568e-06 9.987720456345322e-20
5.2172280278232406e-06 1.0003042421246675e-19
5.2470407594108026e-06 1.1044054962782216e-19
5.276853490998364e-06 1.1432530786088525e-19
5.306666222585926e-06 9.893325563706628e-20
5.336478954173486e-06 9.719508521591716e-20
5.366291685761048e-06 1.1247190297104418e-19
5.396104417348609e-06 1.0985345112343767e-19
5.42591714893617e-06 1.0007879669871579e-19
5.4557298805237324e-06 1.0004308320476447e-19
5.485542612111294e-06 1.0625318956010774e-19
5.515355343698855e-06 1.1262821974279505e-19
5.545168075286416e-06 1.0138185323297119e-19
5.574980806873978e-06 9.192479298656696e-20
5.604793538461538e-06 1.0690913284788516e-19
5.6346062700491e-06 1.1082733683281644e-19
5.6644190016366614e-06 9.756547697864023e-20
5.6942317332242235e-06 9.502664410252981e-20
5.724044464811784e-06 1.0232375066504123e-19
5.753857196399346e-06 1.0945420927973546e-19
5.783669927986907e-06 1.0048292025499547e-19
5.813482659574469e-06 8.864454332976426e-20
5.84329539116203e-06 1.0143855453909829e-19
5.873108122749591e-06 1.0967651594567618e-19
5.9029208543371525e-06 9.66630924950122e-20
5.9327335859247145e-06 9.048025208225019e-20
5.962546317512276e-06 9.60654808266859e-20
5.992359049099837e-06 1.0445760699418864e-19
6.022171780687398e-06 9.953273568594659e-20
6.051984512274959e-06 8.41623601468562e-20
6.081797243862521e-06 9.295776466942006e-20
6.111609975450082e-06 1.041636840714008e-19
6.1414227070376435e-06 9.31490352931632e-20
6.171235438625205e-06 8.665239883872932e-20
6.201048170212767e-06 9.047400762653036e-20
6.230860901800328e-06 9.722866592093594e-20
6.260673633387889e-06 9.618395767333351e-20
6.29048636497545e-06 8.254133517099888e-20
6.320299096563012e-06 8.299732621802256e-20
6.350111828150573e-06 9.77034199462126e-20
6.379924559738135e-06 9.103385092235702e-20
6.4097372913256965e-06 7.725354833244862e-20
6.4395500229132585e-06 8.268097749902059e-20
6.469362754500818e-06 8.969788354752845e-20
6.49917548608838e-06 8.958288094028375e-20
6.528988217675941e-06 7.872197603224291e-20
6.558800949263503e-06 7.282456808644552e-20
6.588613680851064e-06 8.869537713942577e-20
6.6184264124386255e-06 8.776662227369381e-20
6.6482391440261876e-06 7.184850468664763e-20
6.678051875613749e-06 7.284727968317525e-20
6.707864607201311e-06 7.988268155969551e-20
6.737677338788871e-06 8.34919593263892e-20
6.767490070376432e-06 7.403829697889272e-20
6.797302801963993e-06 6.391167488997722e-20
6.827115533551555e-06 7.469752418889205e-20
6.8569282651391166e-06 8.206039901972807e-20
6.886740996726679e-06 6.880605347386193e-20
6.91655372831424e-06 6.235205967345803e-20
6.946366459901802e-06 7.055854563488783e-20
6.976179191489361e-06 7.461164960064155e-20
7.005991923076923e-06 6.934108610081109e-20
7.035804654664484e-06 5.573857359269692e-20
7.0656173862520464e-06 6.043925521517816e-20
7.095430117839608e-06 7.405184860584266e-20
7.12524284942717e-06 6.134978254963783e-20
7.155055581014731e-06 5.2162323890731034e-20
7.184868312602292e-06 6.001858642443335e-20
7.214681044189854e-06 6.377406924590138e-20
7.244493775777414e-06 6.03371994614599e-20
7.2743065073649754e-06 4.9767141571149094e-20
7.3041192389525375e-06 4.786934156227081e-20
7.333931970540099e-06 6.202869219872652e-20
7.36374470212766e-06 5.713734106492438e-20
7.393557433715222e-06 4.0971669315223923e-20
7.423370165302783e-06 4.7519834956376975e-20
7.453182896890345e-06 5.2990933818830657e-20
7.482995628477906e-06 4.963492253326831e-20
7.5128083600654665e-06 4.2216547872436696e-20
7.542621091653028e-06 3.5437473291189427e-20
7.57243382324059e-06 4.890181572532605e-20
7.602246554828151e-06 4.960709618711779e-20
7.632059286415713e-06 3.193554815562842e-20
7.661872018003274e-06 3.4116867445647617e-20
7.691684749590835e-06 4.112941781858889e-20
7.721497481178398e-06 3.96720168612827e-20
7.75131021276596e-06 3.3388213619356963e-20
7.781122944353519e-06 2.3488131857734766e-20
7.81093567594108e-06 3.129205988510536e-20
7.840748407528643e-06 3.9161390646426675e-20
7.870561139116204e-06 2.216955189532965e-20
7.900373870703765e-06 1.8098628441187054e-20
7.930186602291326e-06 2.754384213199334e-20
7.959999333878887e-06 2.597582652878922e-20
7.98981206546645e-06 2.2625234608956227e-20
8.019624797054011e-06 1.187132732934528e-20
8.049437528641571e-06 1.3402360245886314e-20
8.079250260229132e-06 2.6168934724732414e-20
8.109062991816695e-06 1.199905928785782e-20
8.138875723404256e-06 2.4825526751705767e-21
8.168688454991817e-06 1.2384175686873548e-20
8.198501186579378e-06 1.095086305782166e-20
8.228313918166941e-06 8.443402790236212e-21
8.258126649754502e-06 1.141320330664441e-21
8.287939381342064e-06 -3.606365370449243e-21
8.317752112929623e-06 1.0633288621585275e-20
8.347564844517186e-06 3.6496393025701954e-21
8.377377576104747e-06 -1.252790095365172e-20
8.407190307692308e-06 -4.2179090161295085e-21
8.43700303927987e-06 -3.703820269441837e-22
8.46681577086743e-06 -6.22065094019314e-21
8.496628502454993e-06 -1.2397125641874361e-20
8.526441234042555e-06 -1.8674917471753216e-20
8.556253965630114e-06 -1.0433679122139702e-20
8.586066697217677e-06 -7.326974875234685e-21
8.615879428805238e-06 -2.5015162712000108e-20
8.6456921603928e-06 -2.4983634168896942e-20
8.67550489198036e-06 -1.4225576492664125e-20
8.705317623567922e-06 -2.021259569270601e-20
8.735130355155484e-06 -2.6147561395655336e-20
8.764943086743046e-06 -3.1511552330514985e-20
8.794755818330607e-06 -2.868977878191635e-20
8.824568549918166e-06 -2.123616633001239e-20
8.854381281505729e-06 -3.599886115417989e-20
8.88419401309329e-06 -4.2809325088164994e-20
8.914006744680851e-06 -3.1192795757415747e-20
8.943819476268413e-06 -3.5114973890053993e-20
8.973632207855975e-06 -4.18996387690977e-20
9.003444939443537e-06 -4.5982153281692155e-20
9.033257671031098e-06 -4.765029066041059e-20
9.063070402618659e-06 -3.75796257474491e-20
9.09288313420622e-06 -4.60312297455442e-20
9.122695865793781e-06 -5.830340633251153e-20
9.152508597381342e-06 -4.8061059637210027e-20
9.182321328968904e-06 -4.689664843590446e-20
9.212134060556465e-06 -5.482782776759521e-20
9.241946792144028e-06 -6.004368350847846e-20
9.271759523731589e-06 -6.331713550819781e-20
9.30157225531915e-06 -5.527277666241268e-20
9.331384986906711e-06 -5.718973013872673e-20
9.361197718494272e-06 -7.275618153971662e-20
9.391010450081834e-06 -6.731013481481493e-20
9.420823181669395e-06 -6.119683602300766e-20
9.450635913256956e-06 -6.93351100184894e-20
9.480448644844519e-06 -7.09562744751542e-20
9.51026137643208e-06 -7.856939351354306e-20
9.540074108019641e-06 -7.361947934516789e-20
9.569886839607202e-06 -6.493535627548354e-20
9.599699571194763e-06 -8.495957545252897e-20
9.629512302782325e-06 -8.650651766010502e-20
9.659325034369886e-06 -7.467602367579711e-20
9.689137765957447e-06 -8.266456638737071e-20
9.718950497545008e-06 -8.762505988655417e-20
9.748763229132571e-06 -9.090194870103998e-20
9.778575960720132e-06 -8.903760168424507e-20
9.808388692307693e-06 -8.205486178359346e-20
9.838201423895254e-06 -9.36822408739726e-20
9.868014155482817e-06 -1.0129032354130813e-19
9.897826887070377e-06 -9.071712814936887e-20
9.927639618657938e-06 -9.339443235469779e-20
9.957452350245499e-06 -1.0004014940798223e-19
9.987265081833062e-06 -1.0317384481316366e-19
1.0017077813420623e-05 -1.0727565455772748e-19
1.0046890545008184e-05 -9.680322212417627e-20
1.0076703276595745e-05 -1.0353078962347218e-19
1.0106516008183308e-05 -1.184234895211066e-19
1.0136328739770868e-05 -1.0530389316773633e-19
1.0166141471358429e-05 -1.0393242504158772e-19
1.019595420294599e-05 -1.1415054011180379e-19
1.0225766934533553e-05 -1.1469884446155864e-19
1.0255579666121114e-05 -1.1838668545312633e-19
1.0285392397708675e-05 -1.1161015838966154e-19
1.0315205129296236e-05 -1.1205370184007025e-19
1.0345017860883798e-05 -1.2796089338857994e-19
1.037483059247136e-05 -1.2451194739355915e-19
1.040464332405892e-05 -1.1661861433930814e-19
1.0434456055646481e-05 -1.222199633767197e-19
1.0464268787234042e-05 -1.2948301118746229e-19
1.0494081518821605e-05 -1.30541506492481e-19
1.0523894250409166e-05 -1.241466145877855e-19
1.0553706981996727e-05 -1.2379510798633322e-19
1.0583519713584289e-05 -1.3553941942713308e-19
1.0613332445171851e-05 -1.3684825803886063e-19
1.0643145176759413e-05 -1.2638308515831109e-19
1.0672957908346972e-05 -1.3132059661351587e-19
1.0702770639934533e-05 -1.3941268206259541e-19
1.0732583371522096e-05 -1.4073121478141385e-19
1.0762396103109657e-05 -1.4023188936506572e-19
1.0792208834697218e-05 -1.3324419159822325e-19
1.082202156628478e-05 -1.4213792626782096e-19
1.085183429787234e-05 -1.5125278405427647e-19
1.0881647029459904e-05 -1.3970572939038502e-19
1.0911459761047465e-05 -1.3798790170806633e-19
1.0941272492635024e-05 -1.4644368882452565e-19
1.0971085224222587e-05 -1.5146851946404808e-19
1.1000897955810148e-05 -1.4931411688002127e-19
1.103071068739771e-05 -1.4111796598875409e-19
1.106052341898527e-05 -1.4774849306300887e-19
1.1090336150572832e-05 -1.5931186758902576e-19
1.1120148882160395e-05 -1.5157598268526391e-19
1.1149961613747956e-05 -1.456221910728329e-19
1.1179774345335517e-05 -1.5376152065226648e-19
1.1209587076923077e-05 -1.5761801573352146e-19
1.123939980851064e-05 -1.5798693953599445e-19
1.12692125400982e-05 -1.5270194943088025e-19
1.1299025271685762e-05 -1.5017889837803064e-19
1.1328838003273323e-05 -1.6392580599244668e-19
1.1358650734860886e-05 -1.6213067983996913e-19
1.1388463466448447e-05 -1.5010239532568916e-19
1.1418276198036008e-05 -1.575619561513681e-19
1.1448088929623568e-05 -1.6433438895434928e-19
1.147790166121113e-05 -1.634158486553061e-19
1.1507714392798692e-05 -1.6015083823982792e-19
1.1537527124386253e-05 -1.5666626587276268e-19
1.1567339855973814e-05 -1.6670100453084761e-19
1.1597152587561375e-05 -1.685833739587878e-19
1.1626965319148938e-05 -1.5675735152864645e-19
1.1656778050736499e-05 -1.6077307095495511e-19
1.168659078232406e-05 -1.6717372272208945e-19
1.171640351391162e-05 -1.6831215205014507e-19
1.1746216245499183e-05 -1.645158351545921e-19
1.1776028977086744e-05 -1.5731959954291962e-19
1.1805841708674305e-05 -1.689483134871868e-19
1.1835654440261866e-05 -1.7391422724127376e-19
1.1865467171849429e-05 -1.6327383835677884e-19
1.189527990343699e-05 -1.6434055423149835e-19
1.1925092635024551e-05 -1.6942945038833213e-19
1.1954905366612112e-05 -1.7129463195826289e-19
1.1984718098199674e-05 -1.6935157508020338e-19
1.2014530829787235e-05 -1.6344660567846449e-19
1.2044343561374796e-05 -1.6644088820488022e-19
1.2074156292962357e-05 -1.7548545401358284e-19
1.2103969024549918e-05 -1.6987266860465606e-19
1.2133781756137481e-05 -1.6309939588008915e-19
1.2163594487725042e-05 -1.7086550060229406e-19
1.2193407219312603e-05 -1.736026333447171e-19
1.2223219950900165e-05 -1.7115213090168192e-19
1.2253032682487726e-05 -1.669823093834179e-19
1.2282845414075287e-05 -1.6646366773120713e-19
1.2312658145662848e-05 -1.7640554657615142e-19
1.234247087725041e-05 -1.7371061149383175e-19
1.2372283608837972e-05 -1.6292326716215455e-19
1.2402096340425533e-05 -1.6854272707069642e-19
1.2431909072013095e-05 -1.7478673533312827e-19
1.2461721803600656e-05 -1.712773263741838e-19
1.2491534535188219e-05 -1.6801168345457553e-19
1.2521347266775778e-05 -1.6550382970278745e-19
1.255115999836334e-05 -1.7334005375311198e-19
1.25809727299509e-05 -1.7626865659281153e-19
1.2610785461538463e-05 -1.636097126029211e-19
1.2640598193126024e-05 -1.660755470938741e-19
1.2670410924713586e-05 -1.7402305271458191e-19
1.2700223656301147e-05 -1.7143781028016098e-19
1.2730036387888708e-05 -1.6726182579255552e-19
1.275984911947627e-05 -1.620277027987284e-19
1.278966185106383e-05 -1.6822267949172979e-19
1.2819474582651393e-05 -1.736271508772476e-19
1.2849287314238953e-05 -1.6336581607588844e-19
1.2879100045826517e-05 -1.607497141428237e-19
1.2908912777414077e-05 -1.6738632995396043e-19
1.2938725509001636e-05 -1.6878874329476367e-19
1.2968538240589199e-05 -1.6464893475615572e-19
1.299835097217676e-05 -1.5972869131271785e-19
1.3028163703764323e-05 -1.6254252456961753e-19
1.3057976435351882e-05 -1.6919743328010863e-19
1.3087789166939445e-05 -1.6254953896611077e-19
1.3117601898527006e-05 -1.5530883730452155e-19
1.314741463011457e-05 -1.6231818762941464e-19
1.3177227361702129e-05 -1.6360501360415717e-19
1.3207040093289688e-05 -1.5979511246672523e-19
1.3236852824877251e-05 -1.5471168247412503e-19
1.3266665556464812e-05 -1.533594997569615e-19
1.3296478288052375e-05 -1.6400670482588284e-19
1.3326291019639935e-05 -1.5863301586497504e-19
1.3356103751227497e-05 -1.4906106805074432e-19
1.3385916482815059e-05 -1.5488621977199668e-19
1.3415729214402621e-05 -1.5589099660951462e-19
1.3445541945990181e-05 -1.5476264639145157e-19
1.3475354677577742e-05 -1.4967702227008752e-19
1.3505167409165305e-05 -1.451808419095978e-19
1.3534980140752864e-05 -1.5352143030927417e-19
1.3564792872340427e-05 -1.5261205615658298e-19
1.3594605603927987e-05 -1.4234519731719637e-19
1.362441833551555e-05 -1.441062873979419e-19
1.365423106710311e-05 -1.4741270739102572e-19
1.3684043798690674e-05 -1.469386332931419e-19
1.3713856530278233e-05 -1.4399261882498755e-19
1.3743669261865794e-05 -1.3582755016801098e-19
1.3773481993453357e-05 -1.4203756469953733e-19
1.3803294725040917e-05 -1.4699019889755205e-19
1.383310745662848e-05 -1.3419355946020437e-19
1.386292018821604e-05 -1.3343139531185101e-19
1.3892732919803604e-05 -1.385866440752718e-19
1.3922545651391163e-05 -1.3685142092651576e-19
1.3952358382978722e-05 -1.349171891287463e-19
1.3982171114566285e-05 -1.2870870122853255e-19
1.4011983846153846e-05 -1.303629534115606e-19
1.404179657774141e-05 -1.3728950842995657e-19
1.4071609309328969e-05 -1.2868599628653063e-19
1.4101422040916532e-05 -1.2169546093603098e-19
1.4131234772504093e-05 -1.2909986353480133e-19
1.4161047504091656e-05 -1.2975796976493312e-19
1.4190860235679215e-05 -1.252382691255697e-19
1.4220672967266776e-05 -1.2092027879103092e-19
1.425048569885434e-05 -1.168004957062794e-19
1.4280298430441899e-05 -1.2478739438571137e-19
1.4310111162029462e-05 -1.2298019732101656e-19
1.4339923893617021e-05 -1.121299674766332e-19
1.4369736625204584e-05 -1.164500228342074e-19
1.4399549356792145e-05 -1.1808009174691168e-19
1.4429362088379708e-05 -1.156784226336527e-19
1.4459174819967267e-05 -1.1288891641747256e-19
1.4488987551554829e-05 -1.0673109972642665e-19
1.4518800283142391e-05 -1.117754368041752e-19
1.4548613014729951e-05 -1.1347342269648347e-19
1.4578425746317514e-05 -1.0324069681033618e-19
1.4608238477905075e-05 -1.0347254468298655e-19
1.4638051209492638e-05 -1.0740439400052971e-19
1.4667863941080197e-05 -1.0323840223216591e-19
1.469767667266776e-05 -1.0264889189775744e-19
1.472748940425532e-05 -9.802817629722927e-20
1.475730213584288e-05 -9.714853606249087e-20
1.4787114867430444e-05 -1.0469416268262883e-19
1.4816927599018003e-05 -9.528310416146231e-20
1.4846740330605566e-05 -9.050232390678967e-20
1.4876553062193127e-05 -9.538384036242584e-20
1.490636579378069e-05 -9.307541679889842e-20
1.493617852536825e-05 -9.374081950327053e-20
1.4965991256955812e-05 -8.621056420608349e-20
1.4995803988543373e-05 -8.230022470045777e-20
1.5025616720130933e-05 -9.206427647548668e-20
1.5055429451718496e-05 -8.601961944864366e-20
1.5085242183306055e-05 -7.675449561647578e-20
1.5115054914893618e-05 -8.227155668769215e-20
1.514486764648118e-05 -8.302172696675681e-20
1.5174680378068742e-05 -8.113754631885041e-20
1.5204493109656302e-05 -7.763095255012635e-20
1.5234305841243864e-05 -7.062467899852499e-20
1.5264118572831426e-05 -7.642863685301623e-20
1.5293931304418987e-05 -7.799826650727186e-20
1.5323744036006548e-05 -6.577300963551393e-20
1.535355676759411e-05 -6.686164657324657e-20
1.538336949918167e-05 -7.207159388914767e-20
1.541318223076923e-05 -6.744917214581143e-20
1.5442994962356796e-05 -6.499105625480009e-20
1.5472807693944354e-05 -5.988633636453176e-20
1.550262042553192e-05 -6.178712513555432e-20
1.5532433157119476e-05 -6.900895345037831e-20
1.5562245888707037e-05 -5.604538811084887e-20
1.5592058620294602e-05 -5.238786903940842e-20
1.562187135188216e-05 -6.145316944849526e-20
1.5651684083469724e-05 -5.560651823675326e-20
1.5681496815057285e-05 -5.438073180516306e-20
1.5711309546644847e-05 -4.8168857871467086e-20
1.5741122278232408e-05 -4.474934240217757e-20
1.577093500981997e-05 -5.714653334633917e-20
1.580074774140753e-05 -4.697111340286089e-20
1.583056047299509e-05 -3.7092605970624235e-20
1.5860373204582652e-05 -4.6474379011962295e-20
1.5890185936170214e-05 -4.5931726720131424e-20
1.5919998667757775e-05 -4.331188328384762e-20
1.5949811399345336e-05 -3.845961915316617e-20
1.59796241309329e-05 -3.3284729968613885e-20
1.6009436862520458e-05 -4.2483564091159564e-20
1.6039249594108023e-05 -3.9704960567788344e-20
1.6069062325695584e-05 -2.644431585126181e-20
1.6098875057283142e-05 -3.1285439616419245e-20
1.6128687788870706e-05 -3.4580031717247255e-20
1.6158500520458264e-05 -3.063811185764646e-20
1.618831325204583e-05 -2.8206063359416716e-20
1.621812598363339e-05 -2.138025359086543e-20
1.624793871522095e-05 -2.725985715061573e-20
1.6277751446808512e-05 -3.2106405010862514e-20
1.6307564178396073e-05 -1.8394430934874548e-20
1.6337376909983634e-05 -1.757454151318555e-20
1.6367189641571196e-05 -2.2732303644525788e-20
1.6397002373158757e-05 -2.1252755182952447e-20
1.6426815104746318e-05 -1.929652291862097e-20
1.6456627836333882e-05 -8.261718453468141e-21
1.648644056792144e-05 -1.189288842842266e-20
1.6516253299509005e-05 -2.191030265197358e-20
1.6546066031096563e-05 -9.369316102151671e-21
1.6575878762684127e-05 -3.520363019715507e-21
1.660569149427169e-05 -1.1705452830634075e-20
1.6635504225859246e-05 -1.177655933684142e-20
1.666531695744681e-05 -7.020329258060125e-21
1.6695129689034372e-05 -8.731685035932635e-22
1.6724942420621933e-05 5.977240486276252e-22
1.6754755152209494e-05 -9.459974344722172e-21
1.6784567883797055e-05 -4.933814138763768e-21
1.6814380615384616e-05 9.411011703584374e-21
1.6844193346972178e-05 3.039875766568844e-21
1.687400607855974e-05 -1.899555456417003e-21
1.69038188101473e-05 2.8580412219265887e-21
1.693363154173486e-05 8.618185417655453e-21
1.6963444273322422e-05 1.3007604447133543e-20
1.6993257004909987e-05 2.076223538023932e-21
1.7023069736497545e-05 3.1834277013261604e-21
1.705288246808511e-05 1.933227880266391e-20
1.708269519967267e-05 1.5656393732738417e-20
1.7112507931260228e-05 8.25914190750718e-21
1.7142320662847793e-05 1.152699982155819e-20
1.7172133394435354e-05 1.92238302733481e-20
1.7201946126022915e-05 2.3862603098913592e-20
1.7231758857610476e-05 1.599318983825605e-20
1.7261571589198037e-05 1.2596799665790703e-20
1.72913843207856e-05 2.5059201914436702e-20
1.732119705237316e-05 2.961654529628269e-20
1.735100978396072e-05 1.9966990185587507e-20
1.7380822515548282e-05 1.9582638050307883e-20
1.7410635247135843e-05 2.6710624764602162e-20
1.7440447978723404e-05 3.269422445602951e-20
1.747026071031097e-05 2.9680355071872806e-20
1.7500073441898527e-05 2.031434818772037e-20
1.752988617348609e-05 3.255963675084586e-20
1.7559698905073652e-05 4.2237555169088313e-20
1.7589511636661214e-05 2.978349272417138e-20
1.7619324368248775e-05 2.81149070156576e-20
1.7649137099836333e-05 3.49988024969857e-20
1.7678949831423897e-05 4.2140087439350743e-20
1.7708762563011458e-05 4.1614751471757687e-20
1.773857529459902e-05 2.814827490901664e-20
1.776838802618658e-05 3.6753942160688115e-20
1.7798200757774142e-05 5.18462206158602e-20
1.7828013489361703e-05 4.182639060471077e-20
1.7857826220949267e-05 3.433901514691333e-20
1.7887638952536825e-05 4.0254762092445944e-20
1.7917451684124386e-05 5.124034568347548e-20
1.794726441571195e-05 5.1878845686009656e-20
1.797707714729951e-05 3.650549013489746e-20
1.8006889878887073e-05 4.038952811778792e-20
1.803670261047463e-05 5.91936204383465e-20
1.8066515342062196e-05 5.260033463228711e-20
1.8096328073649757e-05 3.920304978123815e-20
1.8126140805237318e-05 4.606451703102921e-20
1.815595353682488e-05 5.585202370309189e-20
1.818576626841244e-05 5.841936431246248e-20
1.8215579e-05 4.857297959943307e-20
1.8245391731587563e-05 4.384737716299506e-20
1.8275204463175124e-05 6.220821500163601e-20
1.8305017194762685e-05 6.33178286632394e-20
1.833482992635025e-05 4.8169811682804413e-20
1.8364642657937807e-05 5.1076758846137424e-20
1.8394455389525372e-05 6.071360021057816e-20
1.842426812111293e-05 6.621593122703225e-20
1.845408085270049e-05 5.698922091290138e-20
1.8483893584288055e-05 4.628610721987408e-20
1.8513706315875613e-05 6.320299895056292e-20
1.8543519047463178e-05 7.179902142105928e-20
1.857333177905074e-05 5.556681814794197e-20
1.86031445106383e-05 5.357964826560284e-20
1.863295724222586e-05 6.448435093723945e-20
1.8662769973813422e-05 6.967631077969081e-20
1.8692582705400984e-05 6.505040366014809e-20
1.8722395436988545e-05 5.423779529296557e-20
1.8752208168576106e-05 6.2891378369784e-20
1.8782020900163667e-05 7.704640217124811e-20
1.8811833631751228e-05 6.30805342847832e-20
1.884164636333879e-05 5.524445498907294e-20
1.8871459094926354e-05 6.638256306235533e-20
1.890127182651391e-05 7.239899760239259e-20
1.8931084558101476e-05 7.203166582976701e-20
1.8960897289689037e-05 5.884678299866642e-20
1.8990710021276595e-05 6.056644713499353e-20
1.902052275286416e-05 8.18605911285613e-20
1.9050335484451718e-05 7.384101804807461e-20
1.9080148216039282e-05 5.777993167827016e-20
1.9109960947626843e-05 6.726250625897154e-20
1.9139773679214404e-05 7.752424704158691e-20
1.9169586410801966e-05 7.590907308967895e-20
1.9199399142389527e-05 6.582318595019211e-20
1.9229211873977088e-05 6.209558208183e-20
1.925902460556465e-05 8.078168434898528e-20
1.928883733715221e-05 8.099000174570713e-20
1.931865006873977e-05 6.061879741177627e-20
1.9348462800327336e-05 6.854272096261938e-20
1.9378275531914894e-05 8.038559519009713e-20
1.9408088263502458e-05 7.9134425649232e-20
1.9437900995090016e-05 7.326331569539404e-20
1.946771372667758e-05 6.433919999002136e-20
1.9497526458265142e-05 7.940264350284504e-20
1.95273391898527e-05 8.807406117701066e-20
1.9557151921440264e-05 6.711636375498972e-20
1.9586964653027825e-05 6.742608197925894e-20
1.9616777384615386e-05 8.282696589067236e-20
1.9646590116202948e-05 8.244067413803919e-20
1.967640284779051e-05 7.531210803109952e-20
1.970621557937807e-05 6.850049961373305e-20
1.9736028310965635e-05 7.76111136796212e-20
1.9765841042553192e-05 9.106027463735406e-20
1.9795653774140753e-05 7.59251951168814e-20
1.9825466505728315e-05 6.605783887074945e-20
1.9855279237315876e-05 8.358695491340072e-20
1.988509196890344e-05 8.731387881304153e-20
1.9914904700490998e-05 7.794803714471214e-20
1.9944717432078563e-05 7.158576730922695e-20
1.9974530163666124e-05 7.516902542740481e-20
2.000434289525368e-05 9.083690863891862e-20
2.0034155626841246e-05 8.199660289196138e-20
2.0063968358428807e-05 6.687068820926842e-20
2.009378109001637e-05 8.016022875071787e-20
2.012359382160393e-05 8.89920912372161e-20
2.015340655319149e-05 8.317033601453503e-20
2.0183219284779052e-05 7.446500569528122e-20
2.0213032016366617e-05 7.391414137277099e-20
2.0242844747954174e-05 8.86292196075407e-20
2.0272657479541736e-05 8.701371546506026e-20
2.0302470211129297e-05 6.897662660076451e-20
2.0332282942716858e-05 7.562036788195504e-20
2.0362095674304422e-05 9.005361718898768e-20
2.039190840589198e-05 8.267390233821395e-20
2.0421721137479545e-05 7.390547395045905e-20
2.0451533869067106e-05 7.457748996899733e-20
2.0481346600654667e-05 8.498068015846888e-20
2.0511159332242228e-05 9.078346269550589e-20
2.0540972063829786e-05 7.258753536160896e-20
2.057078479541735e-05 7.099397002144272e-20
2.0600597527004912e-05 8.919453273639748e-20
2.0630410258592473e-05 8.566011627160837e-20
2.0660222990180034e-05 7.604104470867123e-20
2.0690035721767595e-05 7.251453646592504e-20
2.0719848453355156e-05 8.022457983633819e-20
2.074966118494272e-05 9.085321280621848e-20
2.077947391653028e-05 7.570770020794286e-20
2.080928664811784e-05 6.822662603038387e-20
2.0839099379705404e-05 8.419198845211363e-20
2.0868912111292962e-05 8.672822939331754e-20
2.0898724842880527e-05 7.665111462044782e-20
2.0928537574468085e-05 7.155953381180819e-20
2.095835030605565e-05 7.769332641912839e-20
2.098816303764321e-05 8.760313336784894e-20
2.101797576923077e-05 7.948042760786197e-20
2.1047788500818333e-05 6.577910563642698e-20
2.1077601232405894e-05 7.693686683482395e-20
2.1107413963993455e-05 8.624118854278785e-20
2.1137226695581016e-05 7.52787152318902e-20
2.1167039427168577e-05 6.910704224304119e-20
2.119685215875614e-05 7.285414088590014e-20
2.1226664890343703e-05 8.268131023321775e-20
2.125647762193126e-05 8.054937251005527e-20
2.1286290353518825e-05 6.553446818851858e-20
2.1316103085106383e-05 7.180520726953837e-20
2.1345915816693944e-05 8.467900532186544e-20
2.137572854828151e-05 7.449222272317377e-20
2.1405541279869067e-05 6.602681774729684e-20
2.143535401145663e-05 6.993237817904751e-20
2.1465166743044192e-05 7.669372438747865e-20
2.1494979474631753e-05 7.87681761409087e-20
2.1524792206219315e-05 6.550858234279235e-20
2.1554604937806876e-05 6.502236109736106e-20
2.1584417669394437e-05 7.926545096848288e-20
2.1614230400981998e-05 7.384844016391859e-20
2.164404313256956e-05 6.472006519973525e-20
2.167385586415712e-05 6.611878661819481e-20
2.170366859574468e-05 7.172854040869639e-20
2.1733481327332243e-05 7.59796164846043e-20
2.1763294058919807e-05 6.383569709557648e-20
2.1793106790507365e-05 5.896421538272508e-20
2.182291952209493e-05 7.277885751046045e-20
2.185273225368249e-05 7.259381461045887e-20
2.188254498527005e-05 6.258948488383403e-20
2.1912357716857613e-05 5.987368637226447e-20
2.1942170448445174e-05 6.453817942223527e-20
2.1971983180032736e-05 7.187570319021424e-20
2.2001795911620297e-05 6.448711128285985e-20
2.2031608643207858e-05 5.443542157148169e-20
2.206142137479542e-05 6.378282991946981e-20
2.209123410638298e-05 6.929918645161575e-20
2.212104683797054e-05 5.91016939879094e-20
2.2150859569558103e-05 5.291998664192393e-20
2.2180672301145664e-05 5.635515327312138e-20
2.2210485032733225e-05 6.341235990693031e-20
2.224029776432079e-05 6.083899387823884e-20
2.2270110495908347e-05 4.9505513311252805e-20
2.2299923227495912e-05 5.249964917563982e-20
2.2329735959083473e-05 6.24087344194045e-20
2.2359548690671034e-05 5.6288016268621e-20
2.2389361422258595e-05 4.849337850808938e-20
2.2419174153846153e-05 5.140177573133094e-20
2.2448986885433718e-05 5.494939406059763e-20
2.247879961702128e-05 5.40604758814748e-20
2.250861234860884e-05 4.4548893761405164e-20
2.25384250801964e-05 4.359026695201891e-20
2.2568237811783962e-05 5.447868799437608e-20
2.2598050543371523e-05 4.935223197106929e-20
2.2627863274959088e-05 4.164059218412606e-20
2.2657676006546646e-05 4.337601166247564e-20
2.2687488738134207e-05 4.5817839111519365e-20
2.271730146972177e-05 4.8405202238215884e-20
2.274711420130933e-05 4.0909734186540304e-20
2.2776926932896894e-05 3.6778959517106056e-20
2.280673966448445e-05 4.4684237525286356e-20
2.2836552396072016e-05 4.296743413122116e-20
2.2866365127659577e-05 3.637033944307581e-20
2.2896177859247135e-05 3.3885878943505745e-20
2.29259905908347e-05 3.375565779801378e-20
2.295580332242226e-05 4.1504167044627465e-20
2.2985616054009822e-05 3.648349108934367e-20
2.3015428785597383e-05 2.569454471811892e-20
2.3045241517184944e-05 3.495015247179855e-20
2.3075054248772505e-05 3.717531702916417e-20
2.310486698036007e-05 3.1157840099961e-20
2.3134679711947628e-05 2.894750167551114e-20
2.316449244353519e-05 2.519050205797228e-20
2.319430517512275e-05 3.229635721451339e-20
2.322411790671031e-05 3.298920238452824e-20
2.3253930638297876e-05 1.956112037293337e-20
2.3283743369885434e-05 2.128395199884254e-20
2.3313556101472998e-05 2.935045907310694e-20
2.334336883306056e-05 2.4447375909682497e-20
2.337318156464812e-05 1.954421827924702e-20
2.3402994296235682e-05 1.9280377885072516e-20
2.343280702782324e-05 2.2611548346629986e-20
2.3462619759410804e-05 2.5409650717017e-20
2.3492432490998365e-05 1.661393626084631e-20
2.3522245222585926e-05 1.3401759557521414e-20
2.3552057954173488e-05 2.074787891243543e-20
2.358187068576105e-05 1.7997344809389867e-20
2.361168341734861e-05 1.2257299551401795e-20
2.3641496148936174e-05 1.0997442169560765e-20
2.3671308880523732e-05 1.0718988407697679e-20
2.3701121612111293e-05 1.673631942163919e-20
2.3730934343698858e-05 1.252359876362811e-20
2.3760747075286416e-05 2.684861393717749e-21
2.379055980687398e-05 1.1109621967890437e-20
2.3820372538461538e-05 1.2604405475464576e-20
2.3850185270049103e-05 5.819720333290779e-21
2.3879998001636664e-05 5.011248316638838e-21
2.3909810733224225e-05 2.1370247512662486e-21
2.3939623464811786e-05 7.38521105708971e-21
2.3969436196399347e-05 6.795458073276049e-21
2.399924892798691e-05 -4.801375628608008e-21
2.402906165957447e-05 -2.0792508725120407e-21
2.405887439116203e-05 4.477258219378044e-21
2.4088687122749592e-05 1.5106267628991935e-22
2.4118499854337156e-05 -4.3131852113510786e-21
2.4148312585924714e-05 -7.813161480617624e-21
2.417812531751228e-05 -4.325461614896468e-21
2.4207938049099837e-05 1.4063697836849376e-21
2.4237750780687398e-05 -1.0567743510636017e-20
2.4267563512274962e-05 -1.3656256153153413e-20
2.429737624386252e-05 -3.3737041192749974e-21
2.4327188975450085e-05 -9.478363940852962e-21
2.4357001707037646e-05 -1.4909109993693417e-20
2.4386814438625207e-05 -1.665962871987946e-20
2.4416627170212768e-05 -1.734231527475902e-20
2.444643990180033e-05 -8.491021851262872e-21
2.447625263338789e-05 -1.6137628666136993e-20
2.450606536497545e-05 -2.664870912971459e-20
2.4535878096563013e-05 -1.5600730606137927e-20
2.4565690828150574e-05 -1.451500445272533e-20
2.459550355973814e-05 -2.237300120148409e-20
2.4625316291325696e-05 -2.5034613101029705e-20
2.465512902291326e-05 -2.7830097863042424e-20
2.468494175450082e-05 -1.8229349871540452e-20
2.4714754486088383e-05 -2.172573331136425e-20
2.4744567217675944e-05 -3.7112009525252964e-20
2.4774379949263502e-05 -2.7774934617603395e-20
2.4804192680851067e-05 -2.332521416138773e-20
2.4834005412438628e-05 -3.04661385792889e-20
2.486381814402619e-05 -3.502123508475761e-20
2.489363087561375e-05 -3.927630054288646e-20
2.492344360720131e-05 -2.8375204379269646e-20
2.4953256338788873e-05 -2.6887591675960624e-20
2.4983069070376437e-05 -4.4069577316007036e-20
2.5012881801963995e-05 -4.316124186496199e-20
2.5042694533551556e-05 -3.262488321676198e-20
2.5072507265139117e-05 -3.6898189162266967e-20
2.510231999672668e-05 -4.45385273025625e-20
2.5132132728314243e-05 -4.759044013793642e-20
2.51619454599018e-05 -4.1973959997389965e-20
2.5191758191489365e-05 -3.50524477888199e-20
2.5221570923076926e-05 -5.0224162192068934e-20
2.5251383654664488e-05 -5.628712960981853e-20
2.528119638625205e-05 -4.1468337308479865e-20
2.5311009117839607e-05 -4.38211328934511e-20
2.534082184942717e-05 -5.229017087303752e-20
2.5370634581014732e-05 -5.584525286022228e-20
2.5400447312602293e-05 -5.3264227060419334e-20
2.5430260044189855e-05 -4.370745291387408e-20
2.5460072775777416e-05 -5.3111837396997805e-20
2.5489885507364977e-05 -6.597270497212118e-20
2.551969823895254e-05 -5.570513540823576e-20
2.55495109705401e-05 -4.8546391145956235e-20
2.557932370212766e-05 -5.700527406044131e-20
2.560913643371522e-05 -6.527505664159359e-20
2.5638949165302786e-05 -6.386366559665888e-20
2.5668761896890347e-05 -5.27966095900305e-20
2.5698574628477905e-05 -5.534176305644451e-20
2.5728387360065466e-05 -7.336179618562446e-20
2.5758200091653034e-05 -6.79662953366173e-20
2.5788012823240592e-05 -5.1995671898806666e-20
2.5817825554828153e-05 -6.31337417603222e-20
2.5847638286415714e-05 -7.497361822517846e-20
2.5877451018003272e-05 -6.982579265940637e-20
2.590726374959084e-05 -6.142903113682283e-20
2.5937076481178398e-05 -6.03261599861482e-20
2.596688921276596e-05 -7.729847735073111e-20
2.599670194435352e-05 -7.839810273101725e-20
2.6026514675941085e-05 -5.941831674571243e-20
2.6056327407528646e-05 -6.600479985084271e-20
2.6086140139116204e-05 -8.008228243662447e-20
2.6115952870703765e-05 -7.817339777389913e-20
2.6145765602291326e-05 -6.960710232906315e-20
2.617557833387889e-05 -6.445336718122264e-20
2.620539106546645e-05 -8.056119295480786e-20
2.6235203797054013e-05 -8.882682818018076e-20
2.626501652864157e-05 -6.834777799988147e-20
2.629482926022914e-05 -6.7771825658233e-20
2.6324641991816696e-05 -8.582715684335794e-20
2.6354454723404258e-05 -8.51157170703249e-20
2.638426745499182e-05 -7.6019154286619e-20
2.6414080186579376e-05 -6.95421136603809e-20
2.6443892918166944e-05 -8.022405949274775e-20
2.6473705649754502e-05 -9.461342779494126e-20
2.6503518381342063e-05 -7.767698397521902e-20
2.6533331112929625e-05 -6.892200113811496e-20
2.656314384451719e-05 -8.630312254718222e-20
2.659295657610475e-05 -9.227293129328248e-20
2.662276930769231e-05 -8.452494996646597e-20
2.665258203927987e-05 -7.441820243391607e-20
2.668239477086743e-05 -7.934651641902163e-20
2.6712207502454995e-05 -9.650251314883583e-20
2.6742020234042556e-05 -8.77925445876877e-20
2.6771832965630117e-05 -7.03758489711607e-20
2.6801645697217675e-05 -8.409006860189109e-20
2.6831458428805243e-05 -9.587474444134765e-20
2.68612711603928e-05 -8.672417721905951e-20
2.6891083891980362e-05 -7.749417659544554e-20
2.6920896623567923e-05 -7.729988709513534e-20
2.6950709355155484e-05 -9.590553105537524e-20
2.698052208674305e-05 -9.755867496134304e-20
2.701033481833061e-05 -7.306971572491639e-20
2.7040147549918168e-05 -7.88626768105142e-20
2.706996028150573e-05 -9.74770636975963e-20
2.7099773013093293e-05 -9.123774008158734e-20
2.7129585744680855e-05 -7.807994464421797e-20
2.7159398476268416e-05 -7.601390609133121e-20
2.7189211207855974e-05 -9.209219700686869e-20
2.7219023939443535e-05 -9.815407306159611e-20
2.72488366710311e-05 -7.557184258456445e-20
2.727864940261866e-05 -7.252277921928925e-20
2.730846213420622e-05 -9.516339011658731e-20
2.7338274865793783e-05 -9.527704121071199e-20
2.7368087597381347e-05 -7.854784420183284e-20
2.739790032896891e-05 -7.267526549505694e-20
2.7427713060556466e-05 -8.754044167669676e-20
2.7457525792144027e-05 -9.759422890007516e-20
2.748733852373159e-05 -7.735334543983372e-20
2.7517151255319153e-05 -6.883628265706803e-20
2.7546963986906714e-05 -8.745402280464201e-20
2.7576776718494272e-05 -9.431132638677138e-20
2.7606589450081833e-05 -7.794982801584058e-20
2.7636402181669394e-05 -6.775832620669437e-20
2.766621491325696e-05 -8.180331516535364e-20
2.769602764484452e-05 -9.369560978162831e-20
2.772584037643208e-05 -8.060500007019675e-20
2.775565310801964e-05 -6.263103118838879e-20
2.7785465839607207e-05 -7.716254534355709e-20
2.7815278571194765e-05 -9.328017415985215e-20
2.7845091302782326e-05 -7.481422764538995e-20
2.7874904034369887e-05 -6.277197777535952e-20
2.7904716765957445e-05 -7.117478782999597e-20
2.7934529497545013e-05 -8.710838645043378e-20
2.796434222913257e-05 -8.29391706413833e-20
2.7994154960720132e-05 -5.759862851342964e-20
2.8023967692307693e-05 -6.693480438548194e-20
2.8053780423895258e-05 -8.575743465012825e-20
2.808359315548282e-05 -7.403165647112526e-20
2.811340588707038e-05 -5.935943323754799e-20
2.8143218618657938e-05 -6.184464996742347e-20
2.81730313502455e-05 -7.720612026024271e-20
2.8202844081833063e-05 -7.67143540825727e-20
2.8232656813420625e-05 -5.624781013988074e-20
2.8262469545008186e-05 -5.354868175491858e-20
2.8292282276595743e-05 -7.56065268750912e-20
2.832209500818331e-05 -7.359975508333935e-20
2.835190773977087e-05 -5.092937195709074e-20
2.838172047135843e-05 -5.2859374865671436e-20
2.841153320294599e-05 -6.679031042623351e-20
2.8441345934533553e-05 -7.153924837854654e-20
2.8471158666121117e-05 -5.3879007953172187e-20
2.850097139770868e-05 -4.196395596823755e-20
2.8530784129296236e-05 -6.387747208067797e-20
2.8560596860883797e-05 -6.832236655003786e-20
2.8590409592471362e-05 -4.615901558918203e-20
2.8620222324058923e-05 -3.8362293181715496e-20
2.8650035055646484e-05 -5.329768277313249e-20
2.8679847787234042e-05 -6.569590878526316e-20
2.8709660518821603e-05 -4.636629302329163e-20
2.8739473250409168e-05 -3.046451672616903e-20
2.876928598199673e-05 -5.0077433868403606e-20
2.879909871358429e-05 -5.975449096240178e-20
2.882891144517185e-05 -4.098227586041492e-20
2.8858724176759416e-05 -2.9666075382813064e-20
2.8888536908346977e-05 -4.0660393433038446e-20
2.8918349639934535e-05 -5.27336181401278e-20
2.8948162371522096e-05 -4.0684749122611326e-20
2.8977975103109657e-05 -2.1815825224252618e-20
2.900778783469722e-05 -3.085870978877702e-20
2.9037600566284783e-05 -4.854511861751279e-20
2.906741329787234e-05 -3.602076993188641e-20
2.9097226029459902e-05 -1.6271082978450077e-20
2.9127038761047466e-05 -2.430559263390937e-20
2.9156851492635027e-05 -4.0208120425827426e-20
2.918666422422259e-05 -3.424985857447765e-20
2.921647695581015e-05 -1.1522261886545138e-20
2.9246289687397708e-05 -1.2753182973106916e-20
2.9276102418985276e-05 -3.513056762830194e-20
2.9305915150572833e-05 -2.718890299045593e-20
2.9335727882160394e-05 -4.141378328934604e-21
2.9365540613747956e-05 -7.01830096754264e-21
2.939535334533552e-05 -2.307333459591682e-20
2.942516607692308e-05 -2.2831996553414128e-20
2.945497880851064e-05 -2.6152194790462326e-21
2.94847915400982e-05 4.52914993891134e-21
2.951460427168576e-05 -1.6232581080730763e-20
2.9544417003273326e-05 -1.7633602092766617e-20
2.9574229734860887e-05 7.227731570489411e-21
2.960404246644845e-05 9.70149531711551e-21
2.9633855198036006e-05 -5.239689774682978e-21
2.9663667929623574e-05 -8.257326863420553e-21
2.9693480661211132e-05 9.514348278663279e-21
2.9723293392798693e-05 2.343416613968617e-20
2.9753106124386254e-05 5.8642105325991265e-21
2.9782918855973812e-05 -4.1215961411316474e-21
2.981273158756138e-05 1.6328730305017204e-20
2.9842544319148938e-05 2.868943389518691e-20
2.98723570507365e-05 1.6169262026699997e-20
2.990216978232406e-05 5.1509177766776676e-21
2.9931982513911625e-05 2.1694102707090425e-20
2.9961795245499186e-05 3.938172502961521e-20
2.9991607977086747e-05 2.733306221897125e-20
3.0021420708674305e-05 1.3440114176387207e-20
3.0051233440261866e-05 2.8560655788792453e-20
3.008104617184943e-05 4.648399122924073e-20
3.011085890343699e-05 3.716649644767333e-20
3.0140671635024553e-05 2.3445057773548323e-20
3.017048436661211e-05 3.2874331828665615e-20
3.020029709819968e-05 5.445351632670995e-20
3.0230109829787236e-05 4.955411842766643e-20
3.0259922561374797e-05 2.8994959881917843e-20
3.028973529296236e-05 4.044664022610079e-20
3.0319548024549916e-05 6.226340194757829e-20
3.0349360756137484e-05 5.707865774618872e-20
3.0379173487725045e-05 4.1918986977537886e-20
3.0408986219312603e-05 4.7413935107945885e-20
3.0438798950900164e-05 6.762342012307698e-20
3.046861168248773e-05 6.900069292663784e-20
3.049842441407529e-05 5.050487050831411e-20
3.052823714566285e-05 5.3389286118169443e-20
3.055804987725041e-05 7.719847306738833e-20
3.0587862608837974e-05 7.687552930905149e-20
3.061767534042554e-05 6.130336738486505e-20
3.0647488072013096e-05 6.10520890525862e-20
3.0677300803600654e-05 7.845929801483345e-20
3.070711353518822e-05 9.059824591334702e-20
3.073692626677578e-05 7.387120414564746e-20
3.076673899836334e-05 6.611615188161592e-20
3.0796551729950905e-05 8.852835387649852e-20
3.082636446153846e-05 9.707502129988007e-20
3.085617719312602e-05 8.202331692496373e-20
3.088598992471359e-05 7.622914926258683e-20
3.091580265630115e-05 9.133220850444808e-20
3.094561538788871e-05 1.0502464575780277e-19
3.097542811947627e-05 9.47748103379424e-20
3.100524085106384e-05 8.126321497176396e-20
3.1035053582651395e-05 9.724995836197338e-20
3.106486631423895e-05 1.1395351573662817e-19
3.109467904582652e-05 1.0221168680309672e-19
3.1124491777414075e-05 9.192426463960611e-20
3.115430450900164e-05 1.0254965669209536e-19
3.1184117240589204e-05 1.2035537262711172e-19
3.121392997217676e-05 1.161436566294118e-19
3.124374270376432e-05 9.690330645238187e-20
3.127355543535189e-05 1.0693752046045922e-19
3.130336816693945e-05 1.2812013050598244e-19
3.1333180898527006e-05 1.210719760116361e-19
3.136299363011457e-05 1.0600588568166964e-19
3.139280636170213e-05 1.1261037933297332e-19
3.142261909328969e-05 1.311113769446046e-19
3.145243182487725e-05 1.3191568989889276e-19
3.1482244556464815e-05 1.142006752354112e-19
3.151205728805237e-05 1.1715746563055042e-19
3.154187001963994e-05 1.410724999566871e-19
3.15716827512275e-05 1.3924074501040479e-19
3.160149548281506e-05 1.2311022992182345e-19
3.163130821440262e-05 1.241680048929632e-19
3.166112094599018e-05 1.4022230744648592e-19
3.169093367757775e-05 1.491399088994341e-19
3.1720746409165305e-05 1.2972316070488447e-19
3.175055914075287e-05 1.2402310867991868e-19
3.178037187234043e-05 1.4805924960536813e-19
3.181018460392799e-05 1.5281065722500992e-19
3.183999733551555e-05 1.3811494191976105e-19
3.1869810067103114e-05 1.3358576925927639e-19
3.189962279869067e-05 1.4666381358757479e-19
3.192943553027823e-05 1.6035062612578808e-19
3.19592482618658e-05 1.4829143430734226e-19
3.198906099345336e-05 1.3501092420397024e-19
3.2018873725040916e-05 1.5287351179443423e-19
3.204868645662848e-05 1.639330760428284e-19
3.2078499188216046e-05 1.5117800104550844e-19
3.21083119198036e-05 1.4342462759437435e-19
3.213812465139117e-05 1.5155890238024024e-19
3.2167937382978726e-05 1.6740111183279236e-19
3.2197750114566283e-05 1.6140488206156725e-19
3.222756284615385e-05 1.4366204498207958e-19
3.225737557774141e-05 1.5488344456341662e-19
3.228718830932897e-05 1.7414091655929575e-19
3.231700104091653e-05 1.6324502794245878e-19
3.23468137725041e-05 1.4929550570247577e-19
3.237662650409166e-05 1.5801042295938338e-19
3.2406439235679215e-05 1.7116889235767262e-19
3.243625196726678e-05 1.7175618518881525e-19
3.246606469885434e-05 1.5389327786744014e-19
3.24958774304419e-05 1.5217193093993753e-19
3.2525690162029466e-05 1.760636200302715e-19
3.2555502893617024e-05 1.749156282300539e-19
3.258531562520458e-05 1.5522459939954917e-19
3.2615128356792147e-05 1.5809175963580972e-19
3.264494108837971e-05 1.749524399693657e-19
3.267475381996727e-05 1.790123606969957e-19
3.270456655155483e-05 1.6245834305523832e-19
3.273437928314239e-05 1.560233431939842e-19
3.2764192014729956e-05 1.7604292457092047e-19
3.2794004746317514e-05 1.8106167658006407e-19
3.282381747790508e-05 1.6314645624507423e-19
3.2853630209492636e-05 1.5763593129836736e-19
3.28834429410802e-05 1.723705477418796e-19
3.2913255672667765e-05 1.8233436490056272e-19
3.294306840425532e-05 1.674943370409113e-19
3.297288113584288e-05 1.5499479244896412e-19
3.3002693867430445e-05 1.7247429470038072e-19
3.303250659901801e-05 1.860139678228674e-19
3.306231933060557e-05 1.6841835447116785e-19
3.3092132062193125e-05 1.575799070993122e-19
3.312194479378069e-05 1.7086389986908216e-19
3.3151757525368254e-05 1.8135325904055848e-19
3.318157025695581e-05 1.7335279332537758e-19
3.321138298854338e-05 1.5622752558753172e-19
3.3241195720130934e-05 1.6543842925784013e-19
3.327100845171849e-05 1.8455871040707584e-19
3.3300821183306064e-05 1.7202372924747983e-19
3.333063391489362e-05 1.5618057449704096e-19
3.336044664648118e-05 1.6477710736784123e-19
3.3390259378068744e-05 1.8082033478903238e-19
3.342007210965631e-05 1.763462821066697e-19
3.3449884841243866e-05 1.567586730825278e-19
3.3479697572831424e-05 1.5914577470971392e-19
3.350951030441899e-05 1.794443549213482e-19
3.3539323036006546e-05 1.7523500702509322e-19
3.356913576759411e-05 1.5428057552196077e-19
3.3598948499181675e-05 1.5847491616197151e-19
3.362876123076923e-05 1.7464451800356896e-19
3.365857396235679e-05 1.7411288764300748e-19
3.3688386693944355e-05 1.5755235555041962e-19
3.371819942553192e-05 1.513563229860609e-19
3.374801215711948e-05 1.714865266383186e-19
3.377782488870704e-05 1.7509736962078504e-19
3.38076376202946e-05 1.5392147818948665e-19
3.3837450351882165e-05 1.5073115458515287e-19
3.386726308346972e-05 1.6538822588709467e-19
3.389707581505729e-05 1.7161740492214116e-19
3.3926888546644845e-05 1.5670740237159788e-19
3.395670127823241e-05 1.433799664715113e-19
3.3986514009819974e-05 1.5894920922411493e-19
3.401632674140753e-05 1.7070270140544442e-19
3.404613947299509e-05 1.5312208869886077e-19
3.4075952204582654e-05 1.4136410912565998e-19
3.410576493617022e-05 1.5333846292527967e-19
3.4135577667757776e-05 1.6417659401382332e-19
3.416539039934534e-05 1.5343420504427684e-19
3.41952031309329e-05 1.3724894263948166e-19
3.4225015862520456e-05 1.4634497270098042e-19
3.425482859410802e-05 1.6086479437391847e-19
3.4284641325695585e-05 1.4736159375959681e-19
3.431445405728314e-05 1.311343450897006e-19
3.434426678887071e-05 1.390430179311336e-19
3.437407952045827e-05 1.537440884833919e-19
3.440389225204583e-05 1.4659914359065366e-19
3.443370498363339e-05 1.2720255506326738e-19
3.446351771522095e-05 1.307883473498736e-19
3.449333044680851e-05 1.4783993206274905e-19
3.4523143178396075e-05 1.4125514908833485e-19
3.455295590998364e-05 1.2026158552275805e-19
3.45827686415712e-05 1.2322373235219606e-19
3.4612581373158755e-05 1.3958433229521941e-19
3.464239410474632e-05 1.363830482806483e-19
3.4672206836333884e-05 1.173263297495376e-19
3.470201956792144e-05 1.1311038093125555e-19
3.4731832299509006e-05 1.3087360176862466e-19
3.4761645031096564e-05 1.3081341658673084e-19
3.479145776268413e-05 1.0970605063836624e-19
3.4821270494271686e-05 1.0697456383999765e-19
3.485108322585925e-05 1.2172198013275635e-19
3.488089595744681e-05 1.2361126822720927e-19
3.491070868903437e-05 1.0613074780779337e-19
3.494052142062194e-05 9.598302485548349e-20
3.4970334152209496e-05 1.0998518048361342e-19
3.500014688379705e-05 1.185920500995456e-19
3.502995961538462e-05 9.793762357198145e-20
3.505977234697218e-05 8.649747015741142e-20
3.508958507855974e-05 1.0050146649005836e-19
3.5119397810147305e-05 1.0684516859592457e-19
3.514921054173486e-05 9.379239699566726e-20
3.517902327332243e-05 7.787165269435186e-20
3.5208836004909985e-05 8.858520367687475e-20
3.523864873649755e-05 1.0142367620982677e-19
3.526846146808511e-05 8.364071809444765e-20
3.5298274199672665e-05 7.067056843189138e-20
3.5328086931260236e-05 7.823771548387875e-20
3.5357899662847794e-05 8.788313948136507e-20
3.538771239443535e-05 8.022147420059793e-20
3.5417525126022916e-05 6.073907770635708e-20
3.544733785761048e-05 6.42850865699635e-20
3.547715058919804e-05 7.936269055548583e-20
3.55069633207856e-05 7.16470998616232e-20
3.553677605237316e-05 5.224372023097722e-20
3.556658878396072e-05 5.4115432374721565e-20
3.5596401515548283e-05 6.988741323505756e-20
3.562621424713585e-05 6.409213911526855e-20
3.5656026978723406e-05 4.406355858592589e-20
3.5685839710310964e-05 4.125063309979136e-20
3.5715652441898535e-05 5.867869572528914e-20
3.574546517348609e-05 5.841330846417231e-20
3.577527790507365e-05 3.2269615561130924e-20
3.5805090636661215e-05 3.044723789692277e-20
3.583490336824877e-05 4.7792453430450544e-20
3.586471609983634e-05 4.63013869537785e-20
3.58945288314239e-05 2.902326674057519e-20
3.592434156301146e-05 1.893751215341343e-20
3.595415429459902e-05 3.405191355215741e-20
3.598396702618658e-05 4.115144741509984e-20
3.6013779757774147e-05 1.7771276896579813e-20
3.6043592489361704e-05 8.26759560163625e-21
3.607340522094926e-05 2.413743545542443e-20
3.610321795253683e-05 2.807287892206364e-20
3.613303068412439e-05 1.200397726051765e-20
3.616284341571195e-05 -1.5928265409335719e-21
3.6192656147299514e-05 7.871127735698674e-21
3.622246887888707e-05 2.0350825068147565e-20
3.6252281610474636e-05 2.9010270594756905e-21
3.62820943420622e-05 -1.2450144546791643e-20
3.631190707364976e-05 9.731291699813898e-22
3.6341719805237316e-05 7.682530769577544e-21
3.637153253682488e-05 -5.853000132062218e-21
