0.0 -1.0793645911650606e-20
2.9799598114824342e-08 -2.0091210704052874e-21
5.9599196229648684e-08 -2.5052991588593306e-20
8.939879434447303e-08 -3.254743937142175e-20
1.1919839245929737e-07 1.2597810483112307e-21
1.489979905741217e-07 1.866948523238524e-21
1.7879758868894605e-07 -2.323233979279555e-20
2.0859718680377038e-07 -2.1063891400319878e-20
2.3839678491859474e-07 -3.825970085467286e-21
2.6819638303341904e-07 7.996611853172983e-21
2.979959811482434e-07 -6.91081701283706e-21
3.2779557926306775e-07 -2.4506246412257468e-20
3.575951773778921e-07 2.498630626469513e-21
3.8739477549271646e-07 1.7969900237396553e-20
4.1719437360754076e-07 -7.982087414893919e-21
4.4699397172236506e-07 -1.3088799925888104e-20
4.7679356983718947e-07 3.704061546886136e-21
5.065931679520138e-07 1.7230006517935044e-20
5.363927660668381e-07 8.740745797956594e-21
5.661923641816625e-07 -1.3906061175354126e-20
5.959919622964868e-07 6.143295763639505e-21
6.257915604113111e-07 2.949815536213493e-20
6.555911585261355e-07 8.503787210540887e-21
6.853907566409599e-07 -2.6365380730930482e-21
7.151903547557842e-07 1.2519543788422662e-20
7.449899528706086e-07 2.762399516248585e-20
7.747895509854329e-07 2.3634276713900722e-20
8.045891491002572e-07 1.5986450747457392e-21
8.343887472150815e-07 1.0457686575219263e-20
8.641883453299059e-07 4.0938934108360434e-20
8.939879434447301e-07 2.717901348240495e-20
9.237875415595546e-07 6.344393133028868e-21
9.535871396743789e-07 2.102297797190857e-20
9.83386737789203e-07 3.7221657591049224e-20
1.0131863359040277e-06 3.829303072331435e-20
1.042985934018852e-06 1.8917212961467264e-20
1.0727855321336762e-06 1.6453442188641686e-20
1.1025851302485005e-06 4.879209096877096e-20
1.132384728363325e-06 4.7781886950424855e-20
1.1621843264781492e-06 2.29459104450928e-20
1.1919839245929736e-06 2.896655402827247e-20
1.2217835227077981e-06 4.670268070347549e-20
1.2515831208226223e-06 5.206144539218379e-20
1.2813827189374466e-06 3.737776301023926e-20
1.311182317052271e-06 2.726814742417725e-20
1.3409819151670953e-06 5.434567222866939e-20
1.3707815132819197e-06 6.49279498319693e-20
1.400581111396744e-06 3.752278089235515e-20
1.4303807095115684e-06 3.843135738630054e-20
1.4601803076263928e-06 5.981057422002064e-20
1.4899799057412171e-06 6.643888766342855e-20
1.5197795038560413e-06 5.61603595610108e-20
1.5495791019708658e-06 3.99384818337034e-20
1.57937870008569e-06 6.046188503187998e-20
1.6091782982005143e-06 8.12963348132781e-20
1.6389778963153387e-06 5.648434399454559e-20
1.668777494430163e-06 4.780961880485672e-20
1.6985770925449876e-06 6.941491810073859e-20
1.7283766906598118e-06 8.016244537565422e-20
1.7581762887746361e-06 7.235930104056115e-20
1.7879758868894603e-06 5.546096837048819e-20
1.8177754850042848e-06 6.670718358161839e-20
1.8475750831191092e-06 9.519842823850823e-20
1.8773746812339333e-06 8.029125536247836e-20
1.9071742793487579e-06 5.909697606839264e-20
1.9369738774635822e-06 7.878214945461366e-20
1.966773475578406e-06 9.390338590697485e-20
1.996573073693231e-06 8.782911453154203e-20
2.0263726718080553e-06 7.334643650366536e-20
2.0561722699228792e-06 7.486691402663041e-20
2.085971868037704e-06 1.0363484530066504e-19
2.115771466152528e-06 9.772131726511982e-20
2.1455710642673523e-06 7.361936117669897e-20
2.175370662382177e-06 8.782085746244132e-20
2.205170260497001e-06 1.0438174849727164e-19
2.2349698586118254e-06 1.0276147067187917e-19
2.26476945672665e-06 8.939823959768705e-20
2.294569054841474e-06 8.486775173326655e-20
2.3243686529562984e-06 1.0939417745748332e-19
2.354168251071123e-06 1.1563057753424466e-19
2.383967849185947e-06 9.085210627261043e-20
2.4137674473007715e-06 9.222595772112264e-20
2.4435670454155963e-06 1.137892052423479e-19
2.47336664353042e-06 1.1749016192719015e-19
2.5031662416452446e-06 1.0584048092989872e-19
2.532965839760069e-06 9.584186507236367e-20
2.5627654378748933e-06 1.1488054127963943e-19
2.5925650359897176e-06 1.3196185949484054e-19
2.622364634104542e-06 1.0832947156871089e-19
2.6521642322193663e-06 1.0102517942713771e-19
2.6819638303341907e-06 1.2264879414657028e-19
2.711763428449015e-06 1.2848582758813498e-19
2.7415630265638394e-06 1.2003948110138781e-19
2.7713626246786638e-06 1.086479294973531e-19
2.801162222793488e-06 1.1909762311582606e-19
2.8309618209083125e-06 1.4084699157249006e-19
2.860761419023137e-06 1.2508280690536307e-19
2.890561017137961e-06 1.1085733089490401e-19
2.9203606152527855e-06 1.309298862299975e-19
2.9501602133676095e-06 1.4054735357104264e-19
2.9799598114824342e-06 1.3215399306801189e-19
3.0097594095972586e-06 1.229047544186011e-19
3.0395590077120825e-06 1.2598118073640466e-19
3.069358605826907e-06 1.4698389615861666e-19
3.0991582039417317e-06 1.4326945441528023e-19
3.1289578020565556e-06 1.2038395224583617e-19
3.15875740017138e-06 1.3522778666875107e-19
3.1885569982862047e-06 1.5272560844500207e-19
3.2183565964010287e-06 1.44423892415596e-19
3.248156194515853e-06 1.3569697926826048e-19
3.2779557926306774e-06 1.3461884322304663e-19
3.3077553907455017e-06 1.5472763942466428e-19
3.337554988860326e-06 1.5841158014467486e-19
3.367354586975151e-06 1.345539581414562e-19
3.3971541850899752e-06 1.4035821196623954e-19
3.4269537832047987e-06 1.6035938034273437e-19
3.4567533813196235e-06 1.5804182473674363e-19
3.486552979434448e-06 1.4670550988321428e-19
3.5163525775492722e-06 1.4402725282520826e-19
3.546152175664097e-06 1.5961491262085152e-19
3.5759517737789205e-06 1.7054295382157427e-19
3.605751371893745e-06 1.506940057181931e-19
3.6355509700085696e-06 1.459312991429542e-19
3.665350568123394e-06 1.7055313735684524e-19
3.6951501662382183e-06 1.7115524355585734e-19
3.724949764353043e-06 1.5950783129378e-19
3.7547493624678666e-06 1.5754703135311228e-19
3.784548960582691e-06 1.6429919926658713e-19
3.8143485586975158e-06 1.7993669399267305e-19
3.84414815681234e-06 1.680069895719486e-19
3.8739477549271645e-06 1.5504748235045387e-19
3.903747353041988e-06 1.752741960979234e-19
3.933546951156812e-06 1.8117171300060332e-19
3.9633465492716375e-06 1.7339807232303103e-19
3.993146147386462e-06 1.6955516306523356e-19
4.022945745501286e-06 1.7176857248551618e-19
4.052745343616111e-06 1.893336352045694e-19
4.082544941730934e-06 1.8566343193440071e-19
4.1123445398457585e-06 1.6703556533036415e-19
4.142144137960584e-06 1.7976410995352814e-19
4.171943736075408e-06 1.9320534095463108e-19
4.201743334190232e-06 1.837022220421131e-19
4.231542932305056e-06 1.7971591632026268e-19
4.26134253041988e-06 1.8034888776702958e-19
4.291142128534705e-06 1.913162497088801e-19
4.32094172664953e-06 1.9970398474218775e-19
4.350741324764354e-06 1.796041410887909e-19
4.3805409228791785e-06 1.8309863172896692e-19
4.410340520994002e-06 2.041267423711101e-19
4.440140119108826e-06 1.9683068810057172e-19
4.469939717223651e-06 1.9097178649298359e-19
4.499739315338476e-06 1.8947631064422128e-19
4.5295389134533e-06 1.9699536904896972e-19
4.559338511568125e-06 2.0981520203717827e-19
4.589138109682948e-06 1.92344357923248e-19
4.6189377077977725e-06 1.8768343029854563e-19
4.648737305912597e-06 2.0797657881096282e-19
4.678536904027421e-06 2.0768644009985153e-19
4.708336502142246e-06 2.0026367139101496e-19
4.73813610025707e-06 1.9683266571068866e-19
4.767935698371894e-06 2.0303445058630772e-19
4.797735296486719e-06 2.1775748306110732e-19
4.827534894601543e-06 2.066940482333475e-19
4.857334492716367e-06 1.948397421989345e-19
4.8871340908311926e-06 2.1087480061712984e-19
4.916933688946016e-06 2.1639931331072807e-19
4.94673328706084e-06 2.0771296157119843e-19
4.976532885175665e-06 2.045664377489736e-19
5.006332483290489e-06 2.0823198620543936e-19
5.0361320814053135e-06 2.2075738781560476e-19
5.065931679520138e-06 2.1745634214713097e-19
5.095731277634962e-06 2.0175356860251688e-19
5.1255308757497865e-06 2.1320950969824736e-19
5.155330473864611e-06 2.254875336147065e-19
5.185130071979435e-06 2.1640543190569347e-19
5.21492967009426e-06 2.128057186915768e-19
5.244729268209084e-06 2.1261163908826923e-19
5.274528866323908e-06 2.2142040247086076e-19
5.304328464438733e-06 2.268534385987137e-19
5.334128062553557e-06 2.1104616228678786e-19
5.363927660668381e-06 2.127354267990207e-19
5.393727258783205e-06 2.27183500069016e-19
5.42352685689803e-06 2.2523743164102436e-19
5.4533264550128545e-06 2.185607600831505e-19
5.483126053127679e-06 2.1597727596516078e-19
5.512925651242503e-06 2.227768827626646e-19
5.5427252493573275e-06 2.322126947884088e-19
5.572524847472151e-06 2.2120864754886825e-19
5.602324445586976e-06 2.1168271949391575e-19
5.632124043701801e-06 2.291343850871463e-19
5.661923641816625e-06 2.310021562203215e-19
5.691723239931449e-06 2.196512087458259e-19
5.721522838046274e-06 2.2038251926497725e-19
5.751322436161097e-06 2.2117525814100893e-19
5.781122034275922e-06 2.332469820938459e-19
5.810921632390747e-06 2.2868878871917654e-19
5.840721230505571e-06 2.1315252468106676e-19
5.8705208286203954e-06 2.2768713606010075e-19
5.900320426735219e-06 2.343638314906439e-19
5.930120024850043e-06 2.2377692330356406e-19
5.9599196229648685e-06 2.2127882944142106e-19
5.989719221079693e-06 2.223670819383695e-19
6.019518819194517e-06 2.312863090200874e-19
6.0493184173093416e-06 2.3219713067021265e-19
6.079118015424165e-06 2.149263411424403e-19
6.108917613538989e-06 2.200256883839112e-19
6.138717211653814e-06 2.3375997423397897e-19
6.168516809768639e-06 2.257186683724751e-19
6.198316407883463e-06 2.20467960578121e-19
6.228116005998287e-06 2.194915648928166e-19
6.257915604113111e-06 2.255995256703419e-19
6.2877152022279356e-06 2.325238101041987e-19
6.31751480034276e-06 2.1771630603297024e-19
6.347314398457585e-06 2.1349768221717614e-19
6.3771139965724095e-06 2.2850413055132805e-19
6.406913594687233e-06 2.2515256389292234e-19
6.436713192802057e-06 2.1656155912641764e-19
6.466512790916882e-06 2.1584985291132533e-19
6.496312389031706e-06 2.171081953899413e-19
6.526111987146531e-06 2.2851923542500564e-19
6.555911585261355e-06 2.185480912285174e-19
6.585711183376179e-06 2.0358200688438047e-19
6.6155107814910035e-06 2.2210928136834373e-19
6.645310379605828e-06 2.2510330193059313e-19
6.675109977720652e-06 2.107482673120418e-19
6.7049095758354765e-06 2.0957268825487633e-19
6.734709173950302e-06 2.1112133104445732e-19
6.764508772065125e-06 2.1890614658200046e-19
6.7943083701799504e-06 2.149367541768888e-19
6.824107968294774e-06 1.9761627189480676e-19
6.8539075664095975e-06 2.0764656516415233e-19
6.883707164524423e-06 2.1869012657377047e-19
6.913506762639247e-06 2.063483796643401e-19
6.943306360754072e-06 2.0224270311404873e-19
6.973105958868896e-06 2.0140688722219803e-19
7.002905556983719e-06 2.0761918370510657e-19
7.0327051550985444e-06 2.131492665780973e-19
7.062504753213369e-06 1.929573307249203e-19
7.092304351328194e-06 1.933813825139075e-19
7.1221039494430175e-06 2.1040818061175084e-19
7.151903547557841e-06 2.00167774060849e-19
7.181703145672666e-06 1.9110676174018609e-19
7.21150274378749e-06 1.9056522759070868e-19
7.241302341902315e-06 1.954513708878212e-19
7.271101940017139e-06 2.0399076631369783e-19
7.300901538131963e-06 1.874917600173181e-19
7.330701136246788e-06 1.7871510648557016e-19
7.3605007343616115e-06 1.9709484120533808e-19
7.390300332476437e-06 1.959462321199114e-19
7.420099930591261e-06 1.8186334496322308e-19
7.449899528706086e-06 1.7909248801927366e-19
7.47969912682091e-06 1.8274650124701985e-19
7.509498724935733e-06 1.9155645902330334e-19
7.5392983230505585e-06 1.8124474781526964e-19
7.569097921165382e-06 1.650250405348917e-19
7.598897519280207e-06 1.8067314818470827e-19
7.6286971173950315e-06 1.864034267424166e-19
7.658496715509854e-06 1.7000346432250505e-19
7.68829631362468e-06 1.6720772491189003e-19
7.718095911739505e-06 1.7115646836422578e-19
7.747895509854329e-06 1.782320257788265e-19
7.777695107969153e-06 1.7339762062577965e-19
7.807494706083976e-06 1.5436345986376327e-19
7.837294304198802e-06 1.6146265374233076e-19
7.867093902313625e-06 1.7397069381577408e-19
7.89689350042845e-06 1.6108156324857296e-19
7.926693098543275e-06 1.5203189978410074e-19
7.9564926966581e-06 1.5539858525286901e-19
7.986292294772924e-06 1.6194856991036623e-19
8.016091892887746e-06 1.6067840740186031e-19
8.045891491002573e-06 1.4450441711268026e-19
8.075691089117397e-06 1.4455834600242486e-19
8.105490687232221e-06 1.6017452016560796e-19
8.135290285347046e-06 1.5100418187295305e-19
8.165089883461868e-06 1.3604318018013142e-19
8.194889481576694e-06 1.3891208723981195e-19
8.224689079691517e-06 1.443407787497002e-19
8.254488677806343e-06 1.472166185516906e-19
8.284288275921167e-06 1.323558482061304e-19
8.31408787403599e-06 1.221913634962032e-19
8.343887472150816e-06 1.4092898736358874e-19
8.373687070265639e-06 1.396388350970833e-19
8.403486668380465e-06 1.211820521261071e-19
8.433286266495289e-06 1.2028599296518448e-19
8.463085864610112e-06 1.2652459700707657e-19
8.492885462724938e-06 1.317985024577236e-19
8.52268506083976e-06 1.198477232590119e-19
8.552484658954587e-06 1.0431429809458536e-19
8.58228425706941e-06 1.1789360612773856e-19
8.612083855184235e-06 1.2507178293031836e-19
8.64188345329906e-06 1.0563412607012983e-19
8.671683051413882e-06 9.901548990797603e-20
8.701482649528708e-06 1.064566121534605e-19
8.731282247643531e-06 1.1108690908030865e-19
8.761081845758357e-06 1.0595471354312913e-19
8.79088144387318e-06 8.752050538000961e-20
8.820681041988004e-06 9.284037908442277e-20
8.85048064010283e-06 1.0950295318789673e-19
8.880280238217653e-06 9.180306932578414e-20
8.910079836332479e-06 7.766649370402916e-20
8.939879434447301e-06 8.610957571512468e-20
8.969679032562126e-06 9.126834065801301e-20
8.999478630676952e-06 8.706569550990536e-20
9.029278228791775e-06 6.991736148126603e-20
9.0590778269066e-06 6.804787478876637e-20
9.088877425021423e-06 8.534756478077876e-20
9.11867702313625e-06 7.778505176881906e-20
9.148476621251072e-06 5.957769421877197e-20
9.178276219365896e-06 6.246987346074598e-20
9.208075817480722e-06 7.021409036382525e-20
9.237875415595545e-06 6.812898871013765e-20
9.267675013710371e-06 5.3512955228514103e-20
9.297474611825194e-06 4.612227352836956e-20
9.327274209940018e-06 6.119646284792104e-20
9.357073808054842e-06 5.912654917166661e-20
9.386873406169667e-06 3.95987855001455e-20
9.416673004284493e-06 3.8861165687258844e-20
9.446472602399316e-06 4.6768115085342984e-20
9.47627220051414e-06 4.82895578221443e-20
9.506071798628964e-06 3.5103453613717e-20
9.535871396743789e-06 2.3554361294803533e-20
9.565670994858615e-06 3.736723901878658e-20
9.595470592973437e-06 4.183571855049805e-20
9.625270191088262e-06 2.2082856812771777e-20
9.655069789203086e-06 1.5376175228296714e-20
9.68486938731791e-06 2.2978877406904806e-20
9.714668985432735e-06 2.7359396901438663e-20
9.744468583547559e-06 1.7344431833576295e-20
9.774268181662385e-06 1.0678558083931358e-21
9.804067779777208e-06 9.607806647098273e-21
9.833867377892032e-06 2.1113665977609787e-20
9.863666976006856e-06 5.802304569196627e-21
9.89346657412168e-06 -7.692539876086198e-21
9.923266172236507e-06 -1.1133339366230012e-22
9.95306577035133e-06 7.78577651187819e-21
9.982865368466154e-06 -1.412101265358326e-21
1.0012664966580978e-05 -1.74239117652315e-20
1.0042464564695803e-05 -1.5935202325857582e-20
1.0072264162810627e-05 -8.657511715905622e-22
1.0102063760925451e-05 -1.148624744679245e-20
1.0131863359040276e-05 -3.1306375192263375e-20
1.01616629571551e-05 -2.4199151865329696e-20
1.0191462555269924e-05 -1.5148416519255052e-20
1.0221262153384749e-05 -2.0360203001310713e-20
1.0251061751499573e-05 -3.5526402051778823e-20
1.0280861349614397e-05 -3.991608402209638e-20
1.0310660947729222e-05 -2.374931427414614e-20
1.0340460545844046e-05 -2.780105325749561e-20
1.037026014395887e-05 -5.002215145461026e-20
1.0400059742073695e-05 -4.774279937093332e-20
1.042985934018852e-05 -3.6778626803661384e-20
1.0459658938303344e-05 -4.1150145248931016e-20
1.0489458536418168e-05 -5.333373645678895e-20
1.0519258134532992e-05 -6.2055344838821e-20
1.0549057732647817e-05 -4.9351657934784556e-20
1.0578857330762641e-05 -4.3834813840908855e-20
1.0608656928877465e-05 -6.612007059833419e-20
1.063845652699229e-05 -7.061342080462015e-20
1.0668256125107114e-05 -5.799574648850389e-20
1.0698055723221938e-05 -5.80441814584591e-20
1.0727855321336763e-05 -7.05148609535979e-20
1.0757654919451587e-05 -8.124731905834141e-20
1.078745451756641e-05 -7.213663637562919e-20
1.0817254115681236e-05 -6.328805206340417e-20
1.084705371379606e-05 -8.027483586282616e-20
1.0876853311910885e-05 -9.230140105957463e-20
1.0906652910025709e-05 -7.95041318246885e-20
1.0936452508140533e-05 -7.566118162061405e-20
1.0966252106255358e-05 -8.529789396738808e-20
1.0996051704370182e-05 -9.542246616734597e-20
1.1025851302485006e-05 -9.454304217953573e-20
1.105565090059983e-05 -7.978509209715498e-20
1.1085450498714655e-05 -9.119305335858728e-20
1.111525009682948e-05 -1.0821055565637416e-19
1.1145049694944302e-05 -9.83856290316608e-20
1.1174849293059128e-05 -9.306015160135708e-20
1.1204648891173952e-05 -9.909688975628716e-20
1.1234448489288777e-05 -1.1199910329632937e-19
1.1264248087403601e-05 -1.1365702535880106e-19
1.1294047685518424e-05 -9.679448101024353e-20
1.132384728363325e-05 -1.0283076787734745e-19
1.1353646881748073e-05 -1.2273933122484676e-19
1.1383446479862899e-05 -1.157378698556321e-19
1.1413246077977723e-05 -1.0534193141421268e-19
1.1443045676092547e-05 -1.1056803108819456e-19
1.1472845274207372e-05 -1.2065040250988661e-19
1.1502644872322194e-05 -1.2803421824641375e-19
1.153244447043702e-05 -1.1477838704110374e-19
1.1562244068551845e-05 -1.1050972816441904e-19
1.1592043666666669e-05 -1.3206044214255032e-19
1.1621843264781493e-05 -1.319700340748467e-19
1.1651642862896316e-05 -1.1812764363739583e-19
1.1681442461011142e-05 -1.214423110876792e-19
1.1711242059125965e-05 -1.3127941948754664e-19
1.1741041657240791e-05 -1.3702837619068294e-19
1.1770841255355615e-05 -1.2732309863507966e-19
1.1800640853470438e-05 -1.1938955443972863e-19
1.1830440451585264e-05 -1.3707807902078037e-19
1.1860240049700087e-05 -1.4462003472684147e-19
1.1890039647814913e-05 -1.3073012391618055e-19
1.1919839245929737e-05 -1.2947830850491273e-19
1.194963884404456e-05 -1.3898061188538961e-19
1.1979438442159386e-05 -1.4540100852459316e-19
1.2009238040274208e-05 -1.415071070259714e-19
1.2039037638389034e-05 -1.292176903151882e-19
1.2068837236503857e-05 -1.3923489506436078e-19
1.2098636834618683e-05 -1.5363806940369397e-19
1.2128436432733507e-05 -1.4001454427120302e-19
1.215823603084833e-05 -1.343113818954865e-19
1.2188035628963156e-05 -1.4318827993467423e-19
1.2217835227077979e-05 -1.494961229743022e-19
1.2247634825192805e-05 -1.4979253342163768e-19
1.2277434423307628e-05 -1.38455734447095e-19
1.2307234021422452e-05 -1.4219187366979218e-19
1.2337033619537278e-05 -1.5774301001249615e-19
1.23668332176521e-05 -1.5043842446140673e-19
1.2396632815766927e-05 -1.3974944304887481e-19
1.242643241388175e-05 -1.474153364258726e-19
1.2456232011996574e-05 -1.5379528631148963e-19
1.24860316101114e-05 -1.5505704547328921e-19
1.2515831208226222e-05 -1.469444084283168e-19
1.2545630806341048e-05 -1.4115375765249408e-19
1.2575430404455871e-05 -1.5919964809453322e-19
1.2605230002570695e-05 -1.6012663839029273e-19
1.263502960068552e-05 -1.4461561221075437e-19
1.2664829198800344e-05 -1.4726142776473955e-19
1.269462879691517e-05 -1.5596223745235872e-19
1.2724428395029993e-05 -1.6108571821034446e-19
1.2754227993144819e-05 -1.5116717158296342e-19
1.2784027591259642e-05 -1.4342106877445355e-19
1.2813827189374466e-05 -1.5779971759205155e-19
1.2843626787489292e-05 -1.622345578555791e-19
1.2873426385604115e-05 -1.486832929945211e-19
1.290322598371894e-05 -1.466712763154326e-19
1.2933025581833763e-05 -1.572298810569543e-19
1.2962825179948588e-05 -1.6106479867538868e-19
1.2992624778063412e-05 -1.5477833459992072e-19
1.3022424376178236e-05 -1.4559858713252241e-19
1.3052223974293062e-05 -1.5378465211783409e-19
1.3082023572407885e-05 -1.654685009614462e-19
1.311182317052271e-05 -1.5241028818254937e-19
1.3141622768637534e-05 -1.4693902509058768e-19
1.3171422366752358e-05 -1.5571761520025812e-19
1.3201221964867183e-05 -1.5795697832891395e-19
1.3231021562982007e-05 -1.56346177804072e-19
1.3260821161096833e-05 -1.4623177531570698e-19
1.3290620759211656e-05 -1.4855696396055855e-19
1.332042035732648e-05 -1.6246179097340065e-19
1.3350219955441304e-05 -1.544899591413051e-19
1.3380019553556129e-05 -1.4424990933335907e-19
1.3409819151670953e-05 -1.4980472258273297e-19
1.3439618749785776e-05 -1.5596788001841004e-19
1.3469418347900603e-05 -1.5579371194547499e-19
1.3499217946015426e-05 -1.4580708494971427e-19
1.352901754413025e-05 -1.426811911702228e-19
1.3558817142245075e-05 -1.5478800506812285e-19
1.3588616740359901e-05 -1.52877776594843e-19
1.3618416338474725e-05 -1.4046579920319543e-19
1.3648215936589548e-05 -1.4357135206051685e-19
1.3678015534704372e-05 -1.5083134477437075e-19
1.3707815132819195e-05 -1.503076994012647e-19
1.3737614730934023e-05 -1.429528733377907e-19
1.3767414329048845e-05 -1.3690372705037414e-19
1.379721392716367e-05 -1.4615376373877773e-19
1.3827013525278494e-05 -1.4964815237147982e-19
1.3856813123393317e-05 -1.3729147461946456e-19
1.3886612721508144e-05 -1.3593747342754911e-19
1.3916412319622967e-05 -1.4094695045200913e-19
1.3946211917737791e-05 -1.4238641885160282e-19
1.3976011515852616e-05 -1.3899773658320706e-19
1.4005811113967438e-05 -1.2853247078382533e-19
1.4035610712082266e-05 -1.343728665835503e-19
1.4065410310197089e-05 -1.4399970930019165e-19
1.4095209908311913e-05 -1.3150768574359704e-19
1.4125009506426738e-05 -1.2476238920637642e-19
1.415480910454156e-05 -1.3178313433414748e-19
1.4184608702656388e-05 -1.3559286282755562e-19
1.421440830077121e-05 -1.3175185361987764e-19
1.4244207898886035e-05 -1.2087252404311923e-19
1.4274007497000858e-05 -1.226837496316442e-19
1.4303807095115682e-05 -1.3229196554186054e-19
1.433360669323051e-05 -1.2433388857031476e-19
1.4363406291345332e-05 -1.1523972916287127e-19
1.4393205889460157e-05 -1.199183181943288e-19
1.442300548757498e-05 -1.2378427638823588e-19
1.4452805085689804e-05 -1.2192502588263854e-19
1.448260468380463e-05 -1.1388638506244396e-19
1.4512404281919454e-05 -1.0898805633369926e-19
1.4542203880034279e-05 -1.194597716689227e-19
1.4572003478149101e-05 -1.185699310303887e-19
1.4601803076263926e-05 -1.0502684088765991e-19
1.4631602674378752e-05 -1.0606461994293353e-19
1.4661402272493576e-05 -1.1115509304271768e-19
1.46912018706084e-05 -1.1145084520681734e-19
1.4721001468723223e-05 -1.038853045122921e-19
1.475080106683805e-05 -9.56358953277345e-20
1.4780600664952873e-05 -1.0490765405538164e-19
1.4810400263067698e-05 -1.0797175563353112e-19
1.4840199861182522e-05 -9.549088927392962e-20
1.4869999459297345e-05 -9.35391955977612e-20
1.4899799057412172e-05 -9.727597268898697e-20
1.4929598655526995e-05 -9.898271404359579e-20
1.495939825364182e-05 -9.368933039893674e-20
1.4989197851756642e-05 -8.381466776866662e-20
1.5018997449871467e-05 -8.914851593643025e-20
1.5048797047986293e-05 -9.471917295131324e-20
1.5078596646101117e-05 -8.373612023831941e-20
1.5108396244215941e-05 -7.83241084747233e-20
1.5138195842330764e-05 -8.35225978014744e-20
1.5167995440445588e-05 -8.415035318150166e-20
1.5197795038560414e-05 -8.152255438459334e-20
1.5227594636675239e-05 -7.414947816732255e-20
1.5257394234790063e-05 -7.170937470002956e-20
1.5287193832904887e-05 -8.147329200958252e-20
1.531699343101971e-05 -7.643421579189985e-20
1.5346793029134536e-05 -6.368119436948492e-20
1.537659262724936e-05 -6.754308954841749e-20
1.5406392225364185e-05 -7.156695980745962e-20
1.543619182347901e-05 -6.852085773699794e-20
1.546599142159383e-05 -6.029930980576642e-20
1.5495791019708658e-05 -5.440707824972581e-20
1.5525590617823482e-05 -6.569111648983022e-20
1.5555390215938307e-05 -6.553384652655946e-20
1.558518981405313e-05 -5.10569887779947e-20
1.5614989412167952e-05 -5.3672595280083176e-20
1.564478901028278e-05 -5.688821103292249e-20
1.5674588608397604e-05 -5.542211170883838e-20
1.570438820651243e-05 -5.036331069374169e-20
1.573418780462725e-05 -4.087221734264947e-20
1.5763987402742074e-05 -4.873403170282843e-20
1.57937870008569e-05 -5.296307507955133e-20
1.5823586598971726e-05 -3.916570610210311e-20
1.585338619708655e-05 -3.632215191761519e-20
1.588318579520137e-05 -4.2661363688874773e-20
1.59129853933162e-05 -4.2021288630151795e-20
1.5942784991431023e-05 -3.773813726818857e-20
1.5972584589545848e-05 -3.02023166231077e-20
1.6002384187660672e-05 -3.0684465035585336e-20
1.6032183785775493e-05 -4.0586578662500137e-20
1.606198338389032e-05 -3.1552606104072037e-20
1.6091782982005145e-05 -2.0669814687632827e-20
1.612158258011997e-05 -2.928955537718679e-20
1.6151382178234794e-05 -3.002824812732553e-20
1.6181181776349615e-05 -2.397906282138265e-20
1.6210981374464442e-05 -1.8340607086557344e-20
1.6240780972579267e-05 -1.5836955549737466e-20
1.627058057069409e-05 -2.6847623094489296e-20
1.6300380168808915e-05 -2.2968670754087813e-20
1.6330179766923736e-05 -8.175804433110662e-21
1.6359979365038564e-05 -1.476790265779911e-20
1.638977896315339e-05 -1.8964263193705035e-20
1.6419578561268213e-05 -1.4597376853694207e-20
1.6449378159383034e-05 -1.0533524141286364e-20
1.6479177757497858e-05 -3.2109945069204662e-21
1.6508977355612686e-05 -1.1996619816754982e-20
1.653877695372751e-05 -1.460400283588471e-20
1.6568576551842335e-05 8.025842519201728e-22
1.6598376149957156e-05 -1.931851151363863e-21
1.662817574807198e-05 -8.79864168526216e-21
1.6657975346186808e-05 -4.837555570822712e-21
1.6687774944301632e-05 -1.4596902141504214e-21
1.6717574542416456e-05 4.411647688697015e-21
1.6747374140531277e-05 2.674168648682013e-22
1.6777173738646102e-05 -6.934699540863167e-21
1.680697333676093e-05 5.87056788480342e-21
1.6836772934875754e-05 1.2047527856526645e-20
1.6866572532990578e-05 1.757634604888926e-21
1.68963721311054e-05 2.507875037329997e-21
1.6926171729220224e-05 8.473333322228067e-21
1.695597132733505e-05 1.4333768758635188e-20
1.6985770925449876e-05 1.3670496345762085e-20
1.7015570523564697e-05 2.9075961478617527e-21
1.704537012167952e-05 1.0234385936092891e-20
1.707516971979435e-05 2.0745178064207524e-20
1.7104969317909173e-05 1.2210215881859908e-20
1.7134768916023997e-05 9.169298047676742e-21
1.716456851413882e-05 1.5071968153371155e-20
1.7194368112253643e-05 1.9476301796582268e-20
1.722416771036847e-05 2.1605976211839618e-20
1.7253967308483295e-05 1.519115039991596e-20
1.728376690659812e-05 1.5046732425378132e-20
1.731356650471294e-05 2.804605938204175e-20
1.7343366102827765e-05 2.4656998071173786e-20
1.7373165700942592e-05 1.6020024251389987e-20
1.7402965299057417e-05 2.284367770139249e-20
1.743276489717224e-05 2.763920951640947e-20
1.7462564495287062e-05 2.909708593439547e-20
1.7492364093401886e-05 2.3342935129210994e-20
1.7522163691516714e-05 2.1203112618220203e-20
1.755196328963154e-05 3.473345462132085e-20
1.758176288774636e-05 3.3917714044083966e-20
1.7611562485861184e-05 2.5748927846063653e-20
1.7641362083976008e-05 2.9202741161788673e-20
1.7671161682090836e-05 3.427599638499696e-20
1.770096128020566e-05 3.9661365371879274e-20
1.773076087832048e-05 3.3836299914284486e-20
1.7760560476435306e-05 2.7207732407813113e-20
1.779036007455013e-05 3.8709830764087113e-20
1.7820159672664958e-05 4.336476279068932e-20
1.7849959270779782e-05 3.4692778655285435e-20
1.7879758868894603e-05 3.405661468422349e-20
1.7909558467009427e-05 4.017220180791122e-20
1.793935806512425e-05 4.4430863025857193e-20
1.796915766323908e-05 4.278917295404066e-20
1.7998957261353904e-05 3.7009442630543385e-20
1.8028756859468725e-05 4.1380460654106067e-20
1.805855645758355e-05 5.057101614251787e-20
1.8088356055698373e-05 4.57027137931952e-20
1.81181556538132e-05 3.926561774696739e-20
1.8147955251928022e-05 4.529217401167988e-20
1.8177754850042846e-05 5.141767283069246e-20
1.820755444815767e-05 5.046850652044953e-20
1.82373540462725e-05 4.305402744559497e-20
1.8267153644387323e-05 4.500338394396272e-20
1.8296953242502144e-05 5.762944730379539e-20
1.8326752840616968e-05 5.239809452678144e-20
1.8356552438731793e-05 4.534645914610404e-20
1.838635203684662e-05 5.202284188802519e-20
1.8416151634961445e-05 5.560525034621359e-20
1.8445951233076266e-05 5.702944346358913e-20
1.847575083119109e-05 5.1641380239745875e-20
1.8505550429305914e-05 4.8114296253051316e-20
1.8535350027420742e-05 5.925410735866998e-20
1.8565149625535566e-05 6.093182902621205e-20
1.8594949223650387e-05 5.1053794332041575e-20
1.8624748821765212e-05 5.304861446347724e-20
1.8654548419880036e-05 6.072606594522427e-20
1.8684348017994864e-05 6.12789387337973e-20
1.8714147616109685e-05 5.661684867925002e-20
1.874394721422451e-05 5.3830128734226893e-20
1.8773746812339334e-05 6.072103406559399e-20
1.8803546410454158e-05 6.543475815068234e-20
1.8833346008568986e-05 5.824406492389693e-20
1.8863145606683807e-05 5.520529615554398e-20
1.889294520479863e-05 6.121758828601382e-20
1.8922744802913455e-05 6.486922567576308e-20
1.895254440102828e-05 6.163756684726046e-20
1.8982343999143107e-05 5.547948226389476e-20
1.901214359725793e-05 6.053468364952044e-20
1.9041943195372753e-05 6.943420366415903e-20
1.9071742793487577e-05 6.279743479726532e-20
1.91015423916024e-05 5.747674096532214e-20
1.913134198971723e-05 6.224767704964982e-20
1.916114158783205e-05 6.73237675055618e-20
1.9190941185946875e-05 6.712758632748199e-20
1.92207407840617e-05 5.85657683929891e-20
1.9250540382176523e-05 5.983838773491597e-20
1.928033998029135e-05 6.883973418714383e-20
1.9310139578406172e-05 6.550318859044443e-20
1.9339939176520996e-05 6.064898931498694e-20
1.936973877463582e-05 6.198380036561541e-20
1.939953837275065e-05 6.55849622411135e-20
1.942933797086547e-05 6.947381240121278e-20
1.9459137568980294e-05 6.330190325907069e-20
1.9488937167095118e-05 5.907497820255571e-20
1.9518736765209942e-05 6.862340751422071e-20
1.954853636332477e-05 6.941198967244785e-20
1.957833596143959e-05 6.146792584065581e-20
1.9608135559554416e-05 6.193332588590791e-20
1.963793515766924e-05 6.600532094155872e-20
1.9667734755784064e-05 6.994173473715668e-20
1.9697534353898892e-05 6.495804780075957e-20
1.9727333952013713e-05 5.63369963220501e-20
1.9757133550128537e-05 6.680606647977917e-20
1.978693314824336e-05 7.293693084851291e-20
1.9816732746358186e-05 6.245045811586198e-20
1.9846532344473014e-05 6.164457323043537e-20
1.9876331942587835e-05 6.583204160996316e-20
1.990613154070266e-05 6.913260725204314e-20
1.9935931138817483e-05 6.804889736823498e-20
1.9965730736932308e-05 5.815839052600195e-20
1.9995530335047132e-05 6.280203333279812e-20
2.0025329933161957e-05 7.202710787547709e-20
2.005512953127678e-05 6.404310346354992e-20
2.0084929129391605e-05 6.00626250234047e-20
2.011472872750643e-05 6.314078983863709e-20
2.0144528325621254e-05 6.699907793686909e-20
2.0174327923736078e-05 7.005817199268334e-20
2.0204127521850903e-05 5.951872150842615e-20
2.0233927119965727e-05 5.950048257254031e-20
2.026372671808055e-05 7.204959332250653e-20
2.0293526316195376e-05 6.602830450030858e-20
2.03233259143102e-05 5.963425387352834e-20
2.0353125512425024e-05 6.144389049775189e-20
2.038292511053985e-05 6.468301544299286e-20
2.0412724708654673e-05 6.839709552410356e-20
2.0442524306769497e-05 5.986467136133964e-20
2.0472323904884322e-05 5.512508340031288e-20
2.0502123502999146e-05 6.810928206433888e-20
2.053192310111397e-05 7.006858341063809e-20
2.0561722699228795e-05 5.713283231282573e-20
2.059152229734362e-05 5.932415748312987e-20
2.0621321895458444e-05 6.466752847198835e-20
2.0651121493573268e-05 6.641040463580156e-20
2.0680921091688092e-05 6.369526599488884e-20
2.0710720689802917e-05 5.179233860061845e-20
2.074052028791774e-05 6.164649035471666e-20
2.0770319886032565e-05 6.999627080908515e-20
2.080011948414739e-05 5.805057380014848e-20
2.0829919082262214e-05 5.668025688253423e-20
2.085971868037704e-05 5.984869580033426e-20
2.0889518278491863e-05 6.490864296648408e-20
2.0919317876606687e-05 6.46702821487686e-20
2.094911747472151e-05 5.377229513292118e-20
2.0978917072836336e-05 5.728676357578496e-20
2.100871667095116e-05 6.787879609172735e-20
2.1038516269065985e-05 6.127186283606142e-20
2.106831586718081e-05 5.210719919854429e-20
2.1098115465295633e-05 5.770959475453027e-20
2.1127915063410458e-05 6.3818769513013e-20
2.1157714661525282e-05 6.291699311543508e-20
2.1187514259640106e-05 5.3967200080510956e-20
2.121731385775493e-05 5.0864292601440217e-20
2.1247113455869755e-05 6.59307753467456e-20
2.127691305398458e-05 6.413387593786293e-20
2.1306712652099404e-05 5.0014792741322644e-20
2.1336512250214228e-05 5.533920113339431e-20
2.1366311848329052e-05 6.16702260942901e-20
2.1396111446443877e-05 6.28872108065068e-20
2.14259110445587e-05 5.554064401591224e-20
2.1455710642673526e-05 4.717692512695249e-20
2.148551024078835e-05 6.11127549734903e-20
2.1515309838903174e-05 6.47936167115737e-20
2.1545109437018e-05 5.0585946220644467e-20
2.157490903513282e-05 4.99576676880049e-20
2.1604708633247647e-05 5.754392437473167e-20
2.163450823136247e-05 6.294877229863516e-20
2.1664307829477296e-05 5.679504847875961e-20
2.169410742759212e-05 4.6373810016789913e-20
2.1723907025706945e-05 5.568093339994384e-20
2.175370662382177e-05 6.59426340978716e-20
2.1783506221936593e-05 5.3199068765314976e-20
2.1813305820051418e-05 4.5753026446873794e-20
2.1843105418166242e-05 5.561526019921306e-20
2.1872905016281067e-05 5.944037695269543e-20
2.190270461439589e-05 5.67099647053068e-20
2.1932504212510715e-05 4.660445131282175e-20
2.196230381062554e-05 4.8302825569065654e-20
2.1992103408740364e-05 6.384929496445091e-20
2.2021903006855188e-05 5.4171893370197606e-20
2.2051702604970013e-05 4.362266371711871e-20
2.2081502203084837e-05 5.259280021376055e-20
2.211130180119966e-05 5.79224785035634e-20
2.2141101399314482e-05 5.507384289923594e-20
2.217090099742931e-05 4.485776007961522e-20
2.2200700595544134e-05 4.5013060045681766e-20
2.223050019365896e-05 5.939203533835323e-20
2.2260299791773783e-05 5.537308860585377e-20
2.2290099389888604e-05 4.065820593971772e-20
2.2319898988003432e-05 4.53689802346046e-20
2.2349698586118256e-05 5.594404357191683e-20
2.237949818423308e-05 5.565189554044191e-20
2.2409297782347905e-05 4.4498145475046203e-20
2.2439097380462726e-05 3.828343546158078e-20
2.2468896978577554e-05 5.411303990478159e-20
2.2498696576692378e-05 5.749079946568942e-20
2.2528496174807202e-05 3.81829477914114e-20
2.2558295772922027e-05 3.866536926964342e-20
2.2588095371036848e-05 4.983579310533436e-20
2.2617894969151675e-05 5.005582896575491e-20
2.26476945672665e-05 4.186466192806595e-20
2.2677494165381324e-05 3.3467067039017865e-20
2.2707293763496145e-05 4.4875777860192005e-20
2.273709336161097e-05 5.3240412618956846e-20
2.2766892959725797e-05 3.806782085512e-20
2.279669255784062e-05 3.226654030264968e-20
2.2826492155955446e-05 4.2855453710375796e-20
2.2856291754070267e-05 4.671862856621949e-20
2.2886091352185095e-05 3.8414276502118637e-20
2.291589095029992e-05 2.8730695331338065e-20
2.2945690548414743e-05 3.437856857658343e-20
2.2975490146529568e-05 4.616840335807473e-20
2.300528974464439e-05 3.6640418362559896e-20
2.3035089342759216e-05 2.404868262770463e-20
2.306488894087404e-05 3.3364534666962785e-20
2.3094688538988865e-05 4.1493424210779744e-20
2.312448813710369e-05 3.407030202261242e-20
2.315428773521851e-05 2.3390113145641463e-20
2.3184087333333338e-05 2.6291668075508043e-20
2.3213886931448163e-05 3.929490532851457e-20
2.3243686529562987e-05 3.2561745849714115e-20
2.327348612767781e-05 1.698878895646756e-20
2.3303285725792632e-05 2.3381120863493263e-20
2.333308532390746e-05 3.4278401468920494e-20
2.3362884922022284e-05 2.916547012822892e-20
2.339268452013711e-05 1.7075425610195162e-20
2.342248411825193e-05 1.4846860520360286e-20
2.3452283716366754e-05 2.9196559457606035e-20
2.3482083314481582e-05 3.1865512018970643e-20
2.3511882912596406e-05 1.177658488461352e-20
2.354168251071123e-05 1.2926819753186164e-20
2.357148210882605e-05 2.820274349632852e-20
2.3601281706940876e-05 2.3102979977584658e-20
2.3631081305055703e-05 1.3018969907182295e-20
2.3660880903170528e-05 6.7618162476648034e-21
2.3690680501285352e-05 1.6754017115920107e-20
2.3720480099400173e-05 2.6410233480906752e-20
2.3750279697514998e-05 5.317619052547128e-21
2.3780079295629825e-05 2.467933821056225e-22
2.380987889374465e-05 1.9971259454064626e-20
2.3839678491859474e-05 1.7503302237617055e-20
2.3869478089974295e-05 6.232564371480592e-21
2.389927768808912e-05 4.699202696148114e-22
2.3929077286203947e-05 5.806298709293961e-21
2.395887688431877e-05 2.0431347336024537e-20
2.3988676482433592e-05 5.1276127944492444e-21
2.4018476080548417e-05 -1.0341576580539785e-20
2.404827567866324e-05 6.455042658193941e-21
2.407807527677807e-05 1.2097385693055565e-20
2.4107874874892893e-05 4.523500206514096e-22
2.4137674473007714e-05 -8.794857714407844e-21
2.416747407112254e-05 -3.646061185519848e-21
2.4197273669237366e-05 1.1269140841438526e-20
2.422707326735219e-05 9.993167368327363e-22
2.4256872865467015e-05 -1.5356980203847616e-20
2.4286672463581836e-05 -4.4045371161006716e-21
2.431647206169666e-05 5.382024658220047e-21
2.4346271659811488e-05 -2.2701997335298236e-21
2.4376071257926312e-05 -1.4198543483907124e-20
2.4405870856041137e-05 -1.472363138635224e-20
2.4435670454155958e-05 4.935551038571289e-22
2.4465470052270782e-05 -2.6309195098508567e-21
2.449526965038561e-05 -2.3519637481200548e-20
2.4525069248500434e-05 -1.6624366109383186e-20
2.4554868846615255e-05 -1.5528204035620312e-21
2.458466844473008e-05 -1.0125363040810404e-20
2.4614468042844904e-05 -2.1616671067218102e-20
2.464426764095973e-05 -2.2932674113025042e-20
2.4674067239074556e-05 -1.0471828662456077e-20
2.4703866837189377e-05 -6.549020361316329e-21
2.47336664353042e-05 -2.8523893917233917e-20
2.4763466033419026e-05 -3.083615612748109e-20
2.4793265631533853e-05 -1.2054082446778921e-20
2.4823065229648678e-05 -1.546938777293113e-20
2.48528648277635e-05 -2.973315309102577e-20
2.4882664425878323e-05 -3.334043830912727e-20
2.4912464023993147e-05 -2.1668599925021134e-20
2.4942263622107975e-05 -1.3396388352558222e-20
2.49720632202228e-05 -3.286833209757165e-20
2.500186281833762e-05 -4.162974737591772e-20
2.5031662416452445e-05 -2.239384977978991e-20
2.506146201456727e-05 -2.0447570824041317e-20
2.5091261612682097e-05 -3.581441778947269e-20
2.5121061210796918e-05 -4.185142301754722e-20
2.5150860808911742e-05 -3.395030985040308e-20
2.5180660407026567e-05 -2.3605193402842784e-20
2.521046000514139e-05 -3.623885773330413e-20
2.524025960325622e-05 -5.147094952061856e-20
2.527005920137104e-05 -3.6112795103709484e-20
2.5299858799485864e-05 -2.6810211117909688e-20
2.532965839760069e-05 -4.214259700310235e-20
2.5359457995715516e-05 -5.011703613049416e-20
2.538925759383034e-05 -4.4263123778230755e-20
2.541905719194516e-05 -3.329505194514269e-20
2.5448856790059986e-05 -4.004779562836657e-20
2.547865638817481e-05 -5.986972120917033e-20
2.5508455986289638e-05 -4.904845022822042e-20
2.5538255584404462e-05 -3.6178749576944724e-20
2.5568055182519283e-05 -4.9705471874222747e-20
2.5597854780634108e-05 -5.803000113399844e-20
2.5627654378748932e-05 -5.54029851828826e-20
2.565745397686376e-05 -4.499642863574967e-20
2.5687253574978584e-05 -4.455040698832549e-20
2.5717053173093405e-05 -6.446812253672076e-20
2.574685277120823e-05 -6.263596320293932e-20
2.5776652369323054e-05 -4.4353447698022974e-20
2.580645196743788e-05 -5.247246897806996e-20
2.5836251565552702e-05 -6.715481491716453e-20
2.5866051163667527e-05 -6.44896454182514e-20
2.589585076178235e-05 -5.62848990399075e-20
2.5925650359897175e-05 -5.302305710677532e-20
2.5955449958012003e-05 -6.693422388133877e-20
2.5985249556126824e-05 -7.514354141099306e-20
2.601504915424165e-05 -5.627648459564934e-20
2.6044848752356473e-05 -5.59605537318193e-20
2.6074648350471297e-05 -7.464670948317699e-20
2.6104447948586125e-05 -7.407921912932125e-20
2.6134247546700946e-05 -6.466892927207768e-20
2.616404714481577e-05 -6.032736198403774e-20
2.6193846742930595e-05 -7.273159299833696e-20
2.622364634104542e-05 -8.378268830894506e-20
2.6253445939160247e-05 -6.850691025180172e-20
2.6283245537275068e-05 -6.302448268377358e-20
2.6313045135389892e-05 -7.868580795169661e-20
2.6342844733504716e-05 -8.38305478427612e-20
2.637264433161954e-05 -7.537086040179921e-20
2.6402443929734365e-05 -6.805027199202695e-20
2.643224352784919e-05 -7.603055492279447e-20
2.6462043125964014e-05 -8.99685669838359e-20
2.6491842724078838e-05 -8.044502834571328e-20
2.6521642322193666e-05 -6.887994695970677e-20
2.6551441920308487e-05 -8.398518610063414e-20
2.658124151842331e-05 -9.2659430260148e-20
2.6611041116538136e-05 -8.363815478595261e-20
2.664084071465296e-05 -7.860705337329485e-20
2.6670640312767788e-05 -8.236136523947904e-20
2.670043991088261e-05 -9.549898656856105e-20
2.6730239508997433e-05 -9.360893677210487e-20
2.6760039107112257e-05 -7.639766076728404e-20
2.6789838705227085e-05 -8.512120409009928e-20
2.6819638303341906e-05 -1.0019937164678354e-19
2.684943790145673e-05 -9.299144446146818e-20
2.687923749957155e-05 -8.56655630786858e-20
2.690903709768638e-05 -8.670562752147549e-20
2.6938836695801207e-05 -9.887396080756707e-20
2.6968636293916028e-05 -1.0385300645312446e-19
2.6998435892030852e-05 -8.615279127795908e-20
2.702823549014568e-05 -8.895251273995943e-20
2.70580350882605e-05 -1.0635370573886925e-19
2.708783468637533e-05 -1.0151343564578291e-19
2.711763428449015e-05 -9.165083682044123e-20
2.7147433882604974e-05 -9.20532202202252e-20
2.7177233480719802e-05 -1.032073435654437e-19
2.7207033078834623e-05 -1.0877349579712458e-19
2.723683267694945e-05 -9.427376521841472e-20
2.726663227506427e-05 -9.117472533800345e-20
2.7296431873179096e-05 -1.0778716964390749e-19
2.7326231471293924e-05 -1.0833715173165028e-19
2.7356031069408744e-05 -9.846028696951558e-20
2.7385830667523572e-05 -9.837516155004892e-20
2.741563026563839e-05 -1.0321029858279689e-19
2.7445429863753218e-05 -1.109479236326301e-19
2.7475229461868045e-05 -1.0401656870274731e-19
2.7505029059982866e-05 -9.269491555118817e-20
2.753482865809769e-05 -1.071854703230145e-19
2.756462825621251e-05 -1.1321026293252278e-19
2.759442785432734e-05 -1.0201026550881562e-19
2.7624227452442167e-05 -1.018881513578479e-19
2.7654027050556988e-05 -1.0406460516209958e-19
2.7683826648671812e-05 -1.1131411689552656e-19
2.7713626246786633e-05 -1.0747575348873168e-19
2.774342584490146e-05 -9.380908655118735e-20
2.777322544301629e-05 -1.0714880412003925e-19
2.780302504113111e-05 -1.1530102208549055e-19
2.7832824639245934e-05 -1.0331604112059063e-19
2.7862624237360755e-05 -1.0027616515670208e-19
2.7892423835475583e-05 -1.0314433863159072e-19
2.792222343359041e-05 -1.1054146099570623e-19
2.795202303170523e-05 -1.1020976082769402e-19
2.7981822629820056e-05 -9.61628319093976e-20
2.8011622227934877e-05 -1.0026377718450621e-19
2.8041421826049705e-05 -1.13023866657466e-19
2.8071221424164532e-05 -1.0540871227155477e-19
2.8101021022279353e-05 -9.874707317170818e-20
2.8130820620394178e-05 -1.0164065295425301e-19
2.8160620218509e-05 -1.0539542843577057e-19
2.8190419816623826e-05 -1.0850405713612008e-19
2.8220219414738654e-05 -9.820593513864806e-20
2.8250019012853475e-05 -9.393048076562507e-20
2.82798186109683e-05 -1.0747067272822326e-19
2.830961820908312e-05 -1.0463610446194555e-19
2.8339417807197948e-05 -9.361198236221405e-20
2.8369217405312776e-05 -9.757059159052114e-20
2.8399017003427597e-05 -1.0058907909235531e-19
2.842881660154242e-05 -1.0270624361517415e-19
2.8458616199657242e-05 -9.765038122668579e-20
2.848841579777207e-05 -8.835229946877006e-20
2.8518215395886898e-05 -1.0023084789224704e-19
2.8548014994001715e-05 -1.0314906143101678e-19
2.8577814592116543e-05 -8.99532117247816e-20
2.8607614190231364e-05 -9.025537345864832e-20
2.8637413788346192e-05 -9.427646031081277e-20
2.866721338646102e-05 -9.624288629970386e-20
2.8697012984575837e-05 -9.216354023085417e-20
2.8726812582690665e-05 -8.442514342822739e-20
2.8756612180805486e-05 -8.912963874451889e-20
2.8786411778920314e-05 -9.622711125075297e-20
2.8816211377035138e-05 -8.792574238778292e-20
2.884601097514996e-05 -8.146440739395574e-20
2.8875810573264787e-05 -8.674746220507767e-20
2.8905610171379608e-05 -8.848923498948341e-20
2.8935409769494435e-05 -8.744834695957378e-20
2.896520936760926e-05 -7.922336831406794e-20
2.899500896572408e-05 -7.759912013221972e-20
2.902480856383891e-05 -8.745683194231413e-20
2.905460816195373e-05 -8.036983873675276e-20
2.9084407760068557e-05 -7.327183805839734e-20
2.911420735818338e-05 -7.763797261545014e-20
2.9144006956298202e-05 -7.847257138269502e-20
2.917380655441303e-05 -7.936704835624263e-20
2.920360615252785e-05 -7.231140127009025e-20
2.923340575064268e-05 -6.676993762325857e-20
2.9263205348757503e-05 -7.616731715433337e-20
2.9293004946872324e-05 -7.409629779964709e-20
2.9322804544987152e-05 -6.342583686451197e-20
2.935260414310198e-05 -6.468869297033432e-20
2.93824037412168e-05 -6.662715682402286e-20
2.9412203339331625e-05 -6.80160057784458e-20
2.9442002937446446e-05 -6.377072465579763e-20
2.9471802535561274e-05 -5.442555486418292e-20
2.95016021336761e-05 -6.229641530942702e-20
2.9531401731790922e-05 -6.424357553185689e-20
2.9561201329905747e-05 -5.17916193157821e-20
2.9591000928020568e-05 -5.414695864790724e-20
2.9620800526135395e-05 -5.5678745372835e-20
2.9650600124250223e-05 -5.356907895868242e-20
2.9680399722365044e-05 -5.250799089401668e-20
2.971019932047987e-05 -4.302351309644798e-20
2.973999891859469e-05 -4.621654046731507e-20
2.9769798516709517e-05 -5.12721281785523e-20
2.9799598114824345e-05 -4.008015904060416e-20
2.9829397712939163e-05 -3.840126805398532e-20
2.985919731105399e-05 -4.149037889662299e-20
2.988899690916881e-05 -3.843345502978413e-20
2.991879650728364e-05 -3.9178010698485626e-20
2.9948596105398463e-05 -3.1817742716479995e-20
2.9978395703513284e-05 -2.9442331727856206e-20
3.0008195301628112e-05 -3.599150962982843e-20
3.0037994899742933e-05 -2.915641714541175e-20
3.006779449785776e-05 -2.326558731566512e-20
3.0097594095972585e-05 -2.278211586635619e-20
3.0127393694087406e-05 -2.2299378010744885e-20
3.0157193292202234e-05 -2.3266092552635477e-20
3.0186992890317055e-05 -1.6840023597808424e-20
3.0216792488431883e-05 -1.0521189960970541e-20
3.0246592086546707e-05 -1.5785494957129095e-20
3.0276391684661528e-05 -1.533053218142341e-20
3.0306191282776356e-05 -6.1363889330407e-21
3.0335990880891177e-05 -5.684309701404756e-21
3.0365790479006004e-05 -3.884317577809348e-21
3.039559007712083e-05 -3.880803453311435e-21
3.042538967523565e-05 -2.2622316098143637e-21
3.0455189273350477e-05 9.565414750488634e-21
3.04849888714653e-05 5.023036312739662e-21
3.0514788469580126e-05 1.8442326027629117e-21
3.0544588067694954e-05 1.2969177461767939e-20
3.0574387665809775e-05 1.3206212137968355e-20
3.0604187263924596e-05 1.3981550494660455e-20
3.063398686203942e-05 1.7411977906198238e-20
3.0663786460154245e-05 1.5658384062299156e-20
3.069358605826907e-05 2.398110058226543e-20
3.072338565638389e-05 2.751344514978244e-20
3.075318525449872e-05 2.017412953453516e-20
3.078298485261354e-05 2.843016573258769e-20
3.081278445072837e-05 3.5680369943369265e-20
3.08425840488432e-05 3.4046446884555966e-20
3.087238364695802e-05 3.669119582271612e-20
3.090218324507284e-05 3.618894703515481e-20
3.093198284318766e-05 4.416725461082481e-20
3.096178244130249e-05 4.883499388045373e-20
3.0991582039417316e-05 4.160201121516399e-20
3.102138163753214e-05 4.7563402927766734e-20
3.1051181235646965e-05 5.401484376106365e-20
3.1080980833761785e-05 5.546661872869397e-20
3.111078043187661e-05 5.790909590186353e-20
3.114058002999144e-05 5.443387797455589e-20
3.117037962810626e-05 6.113902110724494e-20
3.120017922622108e-05 7.227365355332928e-20
3.1229978824335904e-05 6.782403333191602e-20
3.125977842245073e-05 6.591242087233048e-20
3.128957802056556e-05 7.41303106665273e-20
3.131937761868038e-05 7.80770814501921e-20
3.134917721679521e-05 8.007852759574851e-20
3.137897681491003e-05 7.761310531779938e-20
3.140877641302486e-05 7.985313022686933e-20
3.1438576011139685e-05 9.181144453680883e-20
3.14683756092545e-05 8.998352886240015e-20
3.1498175207369326e-05 8.579839396281971e-20
3.152797480548415e-05 9.353365241103569e-20
3.1557774403598975e-05 9.994356249178219e-20
3.15875740017138e-05 1.0292672816413596e-19
3.1617373599828624e-05 1.0079535884549828e-19
3.164717319794345e-05 1.0246632871275278e-19
3.167697279605827e-05 1.1307843571050337e-19
3.17067723941731e-05 1.140093239150514e-19
3.173657199228792e-05 1.0858145703188397e-19
3.176637159040274e-05 1.1337999093907238e-19
3.179617118851757e-05 1.2166080740590289e-19
3.18259707866324e-05 1.2430495239042126e-19
3.185577038474722e-05 1.2284641226954569e-19
3.1885569982862046e-05 1.2274645981792542e-19
3.191536958097687e-05 1.3064706891891758e-19
3.1945169179091695e-05 1.3878700526133275e-19
3.197496877720652e-05 1.3343201181901542e-19
3.2004768375321344e-05 1.3274397444817536e-19
3.2034567973436165e-05 1.4450182020425159e-19
3.2064367571550986e-05 1.462899597873263e-19
3.2094167169665814e-05 1.4581065942998002e-19
3.212396676778064e-05 1.4560501271240158e-19
3.215376636589546e-05 1.4949675745933607e-19
3.218356596401029e-05 1.6108695834672992e-19
3.221336556212511e-05 1.5403096265989382e-19
3.224316516023994e-05 1.525099070988256e-19
3.2272964758354766e-05 1.6649182923133768e-19
3.230276435646959e-05 1.675759655554356e-19
3.233256395458441e-05 1.6725834947574818e-19
3.236236355269923e-05 1.670216370604916e-19
3.239216315081406e-05 1.6969053704599363e-19
3.2421962748928885e-05 1.8212137265161688e-19
3.2451762347043706e-05 1.7959474136261322e-19
3.2481561945158534e-05 1.7172187275927773e-19
3.2511361543273355e-05 1.8241060301416948e-19
3.254116114138818e-05 1.8998391698326503e-19
3.257096073950301e-05 1.8751761531563396e-19
3.260076033761783e-05 1.8695986303722558e-19
3.263055993573265e-05 1.8912509402533845e-19
3.266035953384747e-05 1.9884508341681608e-19
3.26901591319623e-05 2.0140234545782577e-19
3.271995873007713e-05 1.920066867932569e-19
3.274975832819195e-05 1.9856399710548363e-19
3.277955792630678e-05 2.092124376012339e-19
3.28093575244216e-05 2.0726371754814808e-19
3.2839157122536426e-05 2.0683546989706883e-19
3.286895672065125e-05 2.0531959968669284e-19
3.289875631876607e-05 2.1329767788042188e-19
3.2928555916880896e-05 2.2234585608050168e-19
3.2958355514995716e-05 2.0991343838717212e-19
3.2988155113110544e-05 2.1155640871823248e-19
3.301795471122537e-05 2.258604406886099e-19
3.304775430934019e-05 2.2449320919150696e-19
3.307755390745502e-05 2.231704659599367e-19
3.310735350556984e-05 2.2247554506310523e-19
3.313715310368467e-05 2.2767288602014856e-19
3.316695270179949e-05 2.382775833062709e-19
3.319675229991431e-05 2.294846742096831e-19
3.322655189802914e-05 2.2516690277035365e-19
3.325635149614396e-05 2.3996516616698955e-19
3.328615109425879e-05 2.403135705597318e-19
3.3315950692373616e-05 2.3646040552799166e-19
3.3345750290488436e-05 2.3745461285791385e-19
3.3375549888603264e-05 2.392618724717271e-19
3.3405349486718085e-05 2.5127035008005963e-19
3.343514908483291e-05 2.471002409123601e-19
3.3464948682947734e-05 2.380129784877227e-19
3.3494748281062555e-05 2.496675236201845e-19
3.352454787917738e-05 2.570051155266309e-19
3.3554347477292204e-05 2.5224474485583665e-19
3.358414707540703e-05 2.475772899330653e-19
3.361394667352186e-05 2.5002236649731283e-19
3.364374627163668e-05 2.6118510462723403e-19
3.367354586975151e-05 2.6267303021552836e-19
3.370334546786633e-05 2.497095464138072e-19
3.3733145065981156e-05 2.573522098073144e-19
3.376294466409598e-05 2.7050130861305377e-19
3.37927442622108e-05 2.62132571377975e-19
3.3822543860325626e-05 2.602559282667911e-19
3.385234345844045e-05 2.6310963136218052e-19
3.3882143056555275e-05 2.6802530862694145e-19
3.39119426546701e-05 2.7306361231373764e-19
3.3941742252784924e-05 2.625133384695182e-19
3.397154185089975e-05 2.6349462735445986e-19
3.400134144901457e-05 2.7705006690045633e-19
3.403114104712939e-05 2.7432686380152745e-19
3.406094064524422e-05 2.6778907537070437e-19
3.409074024335904e-05 2.6843514203077576e-19
3.412053984147387e-05 2.7558759473230274e-19
3.41503394395887e-05 2.8248381973420916e-19
3.418013903770352e-05 2.7218683293783844e-19
3.4209938635818346e-05 2.6886026490386995e-19
3.423973823393317e-05 2.831982241111551e-19
3.4269537832047995e-05 2.8249326646968883e-19
3.4299337430162816e-05 2.7452098968870355e-19
3.432913702827764e-05 2.756324137853273e-19
3.4358936626392465e-05 2.798072133985774e-19
3.4388736224507286e-05 2.8572456596009608e-19
3.441853582262211e-05 2.8102439579723716e-19
3.444833542073694e-05 2.719974187655053e-19
3.447813501885176e-05 2.837196631082065e-19
3.450793461696659e-05 2.9101424633868686e-19
3.453773421508141e-05 2.8045258157931413e-19
3.456753381319624e-05 2.788032223590187e-19
3.459733341131106e-05 2.8289543375503805e-19
3.462713300942588e-05 2.894027122832107e-19
3.465693260754071e-05 2.873740737234408e-19
3.468673220565553e-05 2.7540263822925103e-19
3.471653180377036e-05 2.8266140439062857e-19
