0.0 -3.2351144596707873e-19
2.981294912427022e-08 -3.221054352640238e-19
5.962589824854044e-08 -3.123754695104679e-19
8.943884737281066e-08 -3.1334208764982246e-19
1.1925179649708088e-07 -3.2737343132579664e-19
1.4906474562135112e-07 -3.231965339351542e-19
1.7887769474562132e-07 -3.1067461114879044e-19
2.0869064386989156e-07 -3.16540237628612e-19
2.3850359299416175e-07 -3.2373034563647065e-19
2.68316542118432e-07 -3.2367352559924733e-19
2.9812949124270225e-07 -3.153465950550842e-19
3.2794244036697244e-07 -3.1051891407042792e-19
3.5775538949124263e-07 -3.2457122793581294e-19
3.875683386155129e-07 -3.24662470777703e-19
4.173812877397831e-07 -3.1055020579756814e-19
4.471942368640533e-07 -3.136499744076712e-19
4.770071859883235e-07 -3.2021285785856734e-19
5.068201351125938e-07 -3.2336454722591223e-19
5.36633084236864e-07 -3.167157302961932e-19
5.664460333611342e-07 -3.0666684644949736e-19
5.962589824854045e-07 -3.187400708185033e-19
6.260719316096746e-07 -3.25614580611404e-19
6.558848807339449e-07 -3.11433694206339e-19
6.856978298582152e-07 -3.0709010748959145e-19
7.155107789824853e-07 -3.157254614289381e-19
7.453237281067556e-07 -3.2032873864025464e-19
7.751366772310258e-07 -3.1450644534622013e-19
8.049496263552961e-07 -3.0277419201653344e-19
8.347625754795662e-07 -3.101344379376458e-19
8.645755246038364e-07 -3.2386594999583064e-19
8.943884737281066e-07 -3.099725063441867e-19
9.242014228523769e-07 -3.0094499033338004e-19
9.54014371976647e-07 -3.1022992428324843e-19
9.838273211009173e-07 -3.1511125337531415e-19
1.0136402702251876e-06 -3.1261332553345927e-19
1.0434532193494577e-06 -2.9857764927376345e-19
1.073266168473728e-06 -3.0017001628509345e-19
1.1030791175979983e-06 -3.171101092862725e-19
1.1328920667222684e-06 -3.074039180841219e-19
1.1627050158465387e-06 -2.9384814296957646e-19
1.192517964970809e-06 -3.0087752902494325e-19
1.222330914095079e-06 -3.0885922120645207e-19
1.2521438632193492e-06 -3.073479264545197e-19
1.2819568123436197e-06 -2.9567910005060113e-19
1.3117697614678898e-06 -2.928899973796398e-19
1.3415827105921598e-06 -3.076910617880904e-19
1.3713956597164304e-06 -3.0614711308870807e-19
1.4012086088407004e-06 -2.882449494375826e-19
1.4310215579649705e-06 -2.911939388180558e-19
1.4608345070892408e-06 -3.013396317194395e-19
1.4906474562135111e-06 -3.006187352052434e-19
1.5204604053377814e-06 -2.91006575909558e-19
1.5502733544620515e-06 -2.815561232552531e-19
1.5800863035863218e-06 -2.9695349795621567e-19
1.6098992527105921e-06 -3.0270152890046216e-19
1.639712201834862e-06 -2.81480829485079e-19
1.6695251509591325e-06 -2.812291143377502e-19
1.6993381000834028e-06 -2.9304090968214546e-19
1.7291510492076729e-06 -2.937687505678024e-19
1.7589639983319432e-06 -2.8504089855124324e-19
1.7887769474562133e-06 -2.721217355934962e-19
1.8185898965804834e-06 -2.8110317571020956e-19
1.8484028457047539e-06 -2.9292567251466085e-19
1.8782157948290242e-06 -2.777946670383425e-19
1.908028743953294e-06 -2.6807484057864916e-19
1.9378416930775643e-06 -2.797852587526471e-19
1.9676546422018346e-06 -2.8475751116628848e-19
1.997467591326105e-06 -2.77467888047776e-19
2.0272805404503752e-06 -2.664161304330564e-19
2.0570934895746455e-06 -2.65162921210387e-19
2.0869064386989154e-06 -2.822099520479191e-19
2.1167193878231857e-06 -2.7489975715115546e-19
2.146532336947456e-06 -2.5374424284256805e-19
2.1763452860717263e-06 -2.6366224280366438e-19
2.2061582351959966e-06 -2.7230367402682766e-19
2.235971184320267e-06 -2.663702789789488e-19
2.2657841334445368e-06 -2.5433719916787834e-19
2.295597082568807e-06 -2.4923765562415087e-19
2.3254100316930774e-06 -2.666193934092996e-19
2.3552229808173477e-06 -2.6549892063344784e-19
2.385035929941618e-06 -2.427850884509386e-19
2.414848879065888e-06 -2.459949515563942e-19
2.444661828190158e-06 -2.5940752743127273e-19
2.4744747773144284e-06 -2.5455689286323683e-19
2.5042877264386983e-06 -2.4186784784337154e-19
2.534100675562969e-06 -2.331704411912305e-19
2.5639136246872393e-06 -2.4604188242847444e-19
2.5937265738115092e-06 -2.545638197394825e-19
2.6235395229357795e-06 -2.299752427770486e-19
2.65335247206005e-06 -2.2408284019272335e-19
2.6831654211843197e-06 -2.420702722982063e-19
2.7129783703085904e-06 -2.3995592789172956e-19
2.7427913194328607e-06 -2.2779594834544463e-19
2.7726042685571306e-06 -2.1783220239515547e-19
2.802417217681401e-06 -2.2423844390764735e-19
2.832230166805671e-06 -2.384352346356949e-19
2.862043115929941e-06 -2.183279863273395e-19
2.8918560650542118e-06 -2.0346920680908128e-19
2.9216690141784817e-06 -2.211189699345091e-19
2.951481963302752e-06 -2.233651419578261e-19
2.9812949124270223e-06 -2.107061165122021e-19
3.011107861551292e-06 -2.0053294433580637e-19
3.040920810675563e-06 -2.019067479229685e-19
3.070733759799833e-06 -2.1851573881253035e-19
3.100546708924103e-06 -2.066641364051335e-19
3.1303596580483733e-06 -1.8282382980927386e-19
3.1601726071726436e-06 -1.9625912263245323e-19
3.1899855562969135e-06 -2.0543143300576517e-19
3.2197985054211842e-06 -1.9312032942206069e-19
3.2496114545454545e-06 -1.817721238079309e-19
3.279424403669724e-06 -1.7873406712493336e-19
3.309237352793995e-06 -1.9380681804956723e-19
3.339050301918265e-06 -1.9053900149840806e-19
3.3688632510425353e-06 -1.6509322496093384e-19
3.3986762001668056e-06 -1.7014671654401837e-19
3.4284891492910755e-06 -1.8571243355323209e-19
3.4583020984153458e-06 -1.7596454548949427e-19
3.488115047539616e-06 -1.6261885328513722e-19
3.5179279966638864e-06 -1.5804932417724102e-19
3.5477409457881562e-06 -1.674091719993598e-19
3.5775538949124265e-06 -1.7432826517125623e-19
3.607366844036697e-06 -1.4980399893298988e-19
3.6371797931609667e-06 -1.4209443472022918e-19
3.666992742285238e-06 -1.627775791526222e-19
3.6968056914095077e-06 -1.581606988075942e-19
3.726618640533778e-06 -1.4098220308167342e-19
3.7564315896580483e-06 -1.332808334672982e-19
3.786244538782318e-06 -1.4383663300023647e-19
3.816057487906588e-06 -1.5607854286681467e-19
3.845870437030858e-06 -1.3186053505584808e-19
3.875683386155129e-06 -1.1788544999679927e-19
3.905496335279399e-06 -1.3819703717402116e-19
3.935309284403669e-06 -1.3904545662180565e-19
3.9651222335279396e-06 -1.2307177731588913e-19
3.99493518265221e-06 -1.1230669530596213e-19
4.02474813177648e-06 -1.1677864143049546e-19
4.0545610809007505e-06 -1.3121338393077194e-19
4.084374030025021e-06 -1.1542518801353416e-19
4.114186979149291e-06 -9.512285850038206e-20
4.143999928273561e-06 -1.1024302331144134e-19
4.173812877397831e-06 -1.1899381454609292e-19
4.203625826522101e-06 -1.0349892884714361e-19
4.233438775646371e-06 -9.115166585428183e-20
4.263251724770642e-06 -9.234227604585675e-20
4.293064673894912e-06 -1.0588667923476899e-19
4.322877623019182e-06 -9.948143595232906e-20
4.352690572143453e-06 -7.281478746594725e-20
4.382503521267723e-06 -8.123702143519538e-20
4.412316470391993e-06 -9.787674993560427e-20
4.4421294195162635e-06 -8.377912115034681e-20
4.471942368640534e-06 -6.979757639321131e-20
4.501755317764803e-06 -6.692352643647384e-20
4.5315682668890736e-06 -7.906675601288108e-20
4.561381216013344e-06 -8.182192020385271e-20
4.591194165137614e-06 -5.544487787315383e-20
4.6210071142618844e-06 -5.3228609669243534e-20
4.650820063386155e-06 -7.292873338385077e-20
4.680633012510424e-06 -6.601988960638736e-20
4.710445961634695e-06 -4.838268235546555e-20
4.740258910758966e-06 -4.277057483760342e-20
4.770071859883236e-06 -5.257901044154372e-20
4.799884809007506e-06 -6.152722733540016e-20
4.829697758131776e-06 -3.872127066779857e-20
4.859510707256046e-06 -2.4394867139302327e-20
4.889323656380316e-06 -4.6568198741475524e-20
4.919136605504587e-06 -4.7652768113446664e-20
4.948949554628857e-06 -2.7186490055518914e-20
4.978762503753127e-06 -2.0814020389216013e-20
5.008575452877397e-06 -2.6734875537043988e-20
5.038388402001668e-06 -3.7899977988088565e-20
5.068201351125938e-06 -2.3816550510686832e-20
5.098014300250208e-06 4.3980631962601385e-22
5.127827249374479e-06 -1.5894505818569906e-20
5.157640198498749e-06 -2.856320105283468e-20
5.1874531476230184e-06 -6.3267234042201544e-21
5.217266096747289e-06 4.802724423003239e-21
5.247079045871559e-06 -2.213731719267956e-21
5.276891994995829e-06 -1.2369398060783946e-20
5.3067049441201e-06 -5.8187653340481824e-21
5.33651789324437e-06 1.989037893639921e-20
5.366330842368639e-06 1.2192725905815524e-20
5.3961437914929105e-06 -7.370161931849506e-21
5.425956740617181e-06 1.1983380443168786e-20
5.455769689741451e-06 2.7244792491776367e-20
5.485582638865721e-06 2.247928663934281e-20
5.515395587989991e-06 1.432084066966252e-20
5.545208537114261e-06 1.406782624597159e-20
5.5750214862385315e-06 3.9327216849843716e-20
5.604834435362802e-06 4.237831047403014e-20
5.634647384487072e-06 1.7242453086150068e-20
5.664460333611342e-06 2.7895967625801487e-20
5.694273282735612e-06 4.9250064857480245e-20
5.724086231859882e-06 4.7347661641510887e-20
5.753899180984153e-06 3.90421354316454e-20
5.7837121301084236e-06 3.519095309657422e-20
5.813525079232694e-06 5.528773746470821e-20
5.843338028356963e-06 6.922458996142257e-20
5.873150977481234e-06 4.679263758648458e-20
5.902963926605504e-06 4.5841712236219503e-20
5.932776875729774e-06 7.07483990199664e-20
5.9625898248540445e-06 7.248130880458519e-20
5.992402773978315e-06 6.487329642954329e-20
6.022215723102584e-06 5.958955116303767e-20
6.0520286722268546e-06 7.133359820796431e-20
6.081841621351126e-06 9.353262993805859e-20
6.111654570475396e-06 7.609354154299107e-20
6.141467519599666e-06 6.445750417212155e-20
6.171280468723937e-06 9.106852933379199e-20
6.201093417848206e-06 9.826334215463489e-20
6.230906366972476e-06 9.084174840714653e-20
6.260719316096747e-06 8.542551480845091e-20
6.290532265221017e-06 9.005058118855164e-20
6.320345214345287e-06 1.143795795072715e-19
6.3501581634695575e-06 1.0779843737327366e-19
6.379971112593827e-06 8.678654734569163e-20
6.409784061718097e-06 1.0680520581671478e-19
6.4395970108423684e-06 1.2444748315939061e-19
6.469409959966639e-06 1.1535919975059313e-19
6.499222909090909e-06 1.0679841550700969e-19
6.5290358582151785e-06 1.107529089962536e-19
6.558848807339448e-06 1.33660388949605e-19
6.588661756463718e-06 1.3750579400601691e-19
6.61847470558799e-06 1.1256441086791846e-19
6.6482876547122605e-06 1.234812793120377e-19
6.67810060383653e-06 1.495342185592856e-19
6.7079135529608e-06 1.4081524183352827e-19
6.7377265020850706e-06 1.3256381971637263e-19
6.767539451209341e-06 1.346474049436046e-19
6.797352400333611e-06 1.48871449052719e-19
6.8271653494578815e-06 1.626019503967991e-19
6.856978298582151e-06 1.4133900338570087e-19
6.886791247706421e-06 1.4014954501688524e-19
6.9166041968306915e-06 1.6701943534458657e-19
6.946417145954962e-06 1.6669867365704277e-19
6.976230095079232e-06 1.567753566814298e-19
7.006043044203502e-06 1.555432479907856e-19
7.035855993327773e-06 1.6874628361727976e-19
7.065668942452042e-06 1.8509381214967336e-19
7.0954818915763125e-06 1.6895235117410382e-19
7.125294840700583e-06 1.5801115517239019e-19
7.155107789824853e-06 1.8410254029793263e-19
7.184920738949123e-06 1.920432863108027e-19
7.214733688073394e-06 1.7707114827385144e-19
7.244546637197663e-06 1.7651579305814622e-19
7.274359586321933e-06 1.868883887057996e-19
7.304172535446205e-06 2.0230575563812133e-19
7.333985484570476e-06 1.9750956945937757e-19
7.363798433694745e-06 1.782849803149974e-19
7.3936113828190155e-06 1.9681738539890993e-19
7.423424331943286e-06 2.1558857647325115e-19
7.453237281067556e-06 1.9957332951905827e-19
7.483050230191826e-06 1.9485011564258602e-19
7.512863179316097e-06 2.0252904039403603e-19
7.542676128440366e-06 2.164032638714764e-19
7.572489077564636e-06 2.2017472616749125e-19
7.602302026688907e-06 1.9706465037225762e-19
7.632114975813176e-06 2.070127068098375e-19
7.661927924937446e-06 2.3359025560484464e-19
7.691740874061717e-06 2.215784674059745e-19
7.721553823185987e-06 2.114376046149494e-19
7.751366772310257e-06 2.172818128140074e-19
7.781179721434528e-06 2.2952251896570457e-19
7.810992670558798e-06 2.3879880595683683e-19
7.840805619683068e-06 2.186130840923643e-19
7.870618568807339e-06 2.1580937808148048e-19
7.900431517931609e-06 2.4506056810741263e-19
7.930244467055879e-06 2.4170460310427025e-19
7.96005741618015e-06 2.263479483257226e-19
7.98987036530442e-06 2.311131523444385e-19
8.01968331442869e-06 2.417388361303557e-19
8.04949626355296e-06 2.534621844710714e-19
8.07930921267723e-06 2.391670370859318e-19
8.109122161801501e-06 2.2720920968319778e-19
8.138935110925771e-06 2.531216547518166e-19
8.168748060050042e-06 2.5840962432024378e-19
8.198561009174312e-06 2.4090829600072047e-19
8.228373958298582e-06 2.4250283749347104e-19
8.258186907422852e-06 2.505722520684775e-19
8.287999856547123e-06 2.6283045035254945e-19
8.317812805671391e-06 2.564120456468021e-19
8.347625754795662e-06 2.3728701889172076e-19
8.377438703919932e-06 2.5812050450646596e-19
8.407251653044202e-06 2.729819393646392e-19
8.437064602168473e-06 2.552653238050676e-19
8.466877551292743e-06 2.5256873043937033e-19
8.496690500417013e-06 2.6024543089378034e-19
8.526503449541283e-06 2.709469725481561e-19
8.556316398665554e-06 2.7100126744344584e-19
8.586129347789824e-06 2.5045201573085584e-19
8.615942296914094e-06 2.5933513098066405e-19
8.645755246038365e-06 2.8302693213616647e-19
8.675568195162635e-06 2.691966171096385e-19
8.705381144286905e-06 2.578431791498055e-19
8.735194093411176e-06 2.671957774063579e-19
8.765007042535446e-06 2.7655258419032174e-19
8.794819991659716e-06 2.8276653671887488e-19
8.824632940783986e-06 2.6507429273327e-19
8.854445889908257e-06 2.6201186719928304e-19
8.884258839032527e-06 2.8891964521820577e-19
8.914071788156797e-06 2.827518667708662e-19
8.943884737281068e-06 2.6622343235602196e-19
8.973697686405338e-06 2.718459991022146e-19
9.003510635529607e-06 2.806990850289892e-19
9.033323584653877e-06 2.8919279421608105e-19
9.063136533778147e-06 2.7654973828257964e-19
9.092949482902417e-06 2.637945126227327e-19
9.122762432026688e-06 2.883020906817206e-19
9.152575381150958e-06 2.9536936840589774e-19
9.182388330275228e-06 2.737465761876135e-19
9.212201279399499e-06 2.754973949989453e-19
9.242014228523769e-06 2.8668301542306944e-19
9.27182717764804e-06 2.9295160940883985e-19
9.30164012677231e-06 2.8682750295928187e-19
9.33145307589658e-06 2.694811905828409e-19
9.361266025020848e-06 2.8490885110387243e-19
9.39107897414512e-06 3.020185318700135e-19
9.42089192326939e-06 2.812800721208823e-19
9.450704872393661e-06 2.7502576607868187e-19
9.480517821517931e-06 2.8810339885573374e-19
9.510330770642202e-06 2.9471806841084222e-19
9.540143719766472e-06 2.934881623079184e-19
9.569956668890742e-06 2.756144886484893e-19
9.599769618015012e-06 2.815644550768557e-19
9.629582567139283e-06 3.048203536216683e-19
9.659395516263551e-06 2.8778939255055687e-19
9.689208465387822e-06 2.7561262474796857e-19
9.719021414512092e-06 2.8942088322748297e-19
9.748834363636362e-06 2.941085904581528e-19
9.778647312760633e-06 2.939790167365361e-19
9.808460261884903e-06 2.809257475978273e-19
9.838273211009173e-06 2.78606026134955e-19
9.868086160133443e-06 3.019019401129144e-19
9.897899109257714e-06 2.950148805044514e-19
9.927712058381984e-06 2.765559508636436e-19
9.957525007506254e-06 2.858857213603594e-19
9.987337956630525e-06 2.931473098169721e-19
1.0017150905754793e-05 2.9621576067282166e-19
1.0046963854879064e-05 2.8545983004204922e-19
1.0076776804003336e-05 2.7241746827841355e-19
1.0106589753127606e-05 2.9452177996573653e-19
1.0136402702251876e-05 2.9914481222513898e-19
1.0166215651376146e-05 2.764998853148439e-19
1.0196028600500417e-05 2.790810926763678e-19
1.0225841549624687e-05 2.896255869719705e-19
1.0255654498748957e-05 2.9301983237100196e-19
1.0285467447873228e-05 2.8693154928828004e-19
1.0315280396997498e-05 2.723927363813925e-19
1.0345093346121767e-05 2.846745565062871e-19
1.0374906295246037e-05 2.9992244712140555e-19
1.0404719244370307e-05 2.787238940829851e-19
1.0434532193494577e-05 2.6948754065785487e-19
1.0464345142618848e-05 2.842946926215723e-19
1.0494158091743118e-05 2.8741507263468375e-19
1.0523971040867388e-05 2.8434477892688027e-19
1.0553783989991659e-05 2.7063838642233153e-19
1.0583596939115929e-05 2.713665716699559e-19
1.06134098882402e-05 2.9335435694273665e-19
1.064322283736447e-05 2.793753446989271e-19
1.067303578648874e-05 2.632815233608533e-19
1.0702848735613008e-05 2.772535778227099e-19
1.0732661684737279e-05 2.809077104136709e-19
1.076247463386155e-05 2.789861851230766e-19
1.0792287582985821e-05 2.670152275693531e-19
1.0822100532110091e-05 2.6038857439727077e-19
1.0851913481234362e-05 2.8305136121540517e-19
1.0881726430358632e-05 2.7684245554742048e-19
1.0911539379482902e-05 2.544023895226147e-19
1.0941352328607173e-05 2.6568628940715e-19
1.0971165277731443e-05 2.726021949791589e-19
1.1000978226855713e-05 2.68693403502958e-19
1.1030791175979982e-05 2.622186368070295e-19
1.1060604125104252e-05 2.5185640712858626e-19
1.1090417074228522e-05 2.6737115153898482e-19
1.1120230023352793e-05 2.72694059078024e-19
1.1150042972477063e-05 2.474295636176262e-19
1.1179855921601333e-05 2.4891296664809197e-19
1.1209668870725604e-05 2.6169983780141846e-19
1.1239481819849874e-05 2.5765336943578364e-19
1.1269294768974144e-05 2.5271055151225965e-19
1.1299107718098414e-05 2.4114303133861454e-19
1.1328920667222685e-05 2.492879404770458e-19
1.1358733616346955e-05 2.6267639903287593e-19
1.1388546565471224e-05 2.400669501148127e-19
1.1418359514595494e-05 2.340763717307755e-19
1.1448172463719764e-05 2.481910442633215e-19
1.1477985412844036e-05 2.45201831471458e-19
1.1507798361968307e-05 2.4032346183920545e-19
1.1537611311092577e-05 2.2804209764666373e-19
1.1567424260216847e-05 2.282009608677394e-19
1.1597237209341117e-05 2.459446210359096e-19
1.1627050158465388e-05 2.321580683176067e-19
1.1656863107589658e-05 2.1708939163131764e-19
1.1686676056713927e-05 2.2805943867210626e-19
1.1716489005838197e-05 2.309164147952346e-19
1.1746301954962467e-05 2.2764882803558535e-19
1.1776114904086738e-05 2.1557529675484863e-19
1.1805927853211008e-05 2.0842806919993884e-19
1.1835740802335278e-05 2.2797697956469395e-19
1.1865553751459548e-05 2.235629501505005e-19
1.1895366700583819e-05 1.9967865710338344e-19
1.1925179649708089e-05 2.0780577441901907e-19
1.195499259883236e-05 2.15291653070135e-19
1.198480554795663e-05 2.08334889486343e-19
1.20146184970809e-05 2.0194392062871236e-19
1.2044431446205169e-05 1.9279626650380738e-19
1.2074244395329439e-05 2.034499064444124e-19
1.2104057344453709e-05 2.095681251987352e-19
1.213387029357798e-05 1.8805668371503158e-19
1.2163683242702251e-05 1.853634930632752e-19
1.2193496191826522e-05 1.962378639913454e-19
1.2223309140950792e-05 1.9403651306912998e-19
1.2253122090075062e-05 1.8581833186150546e-19
1.2282935039199333e-05 1.7370421024535428e-19
1.2312747988323603e-05 1.8004565754226802e-19
1.2342560937447873e-05 1.9187893696055015e-19
1.2372373886572142e-05 1.7308457139847212e-19
1.2402186835696412e-05 1.629654926694309e-19
1.2431999784820682e-05 1.7686057974781988e-19
1.2461812733944953e-05 1.7658721680662733e-19
1.2491625683069223e-05 1.6839020305427306e-19
1.2521438632193493e-05 1.5964913219794178e-19
1.2551251581317764e-05 1.5800509293562764e-19
1.2581064530442034e-05 1.7126362440065378e-19
1.2610877479566304e-05 1.6100187122112864e-19
1.2640690428690574e-05 1.4370541207720615e-19
1.2670503377814845e-05 1.5440884617473999e-19
1.2700316326939115e-05 1.575796929886309e-19
1.2730129276063384e-05 1.5089541747991127e-19
1.2759942225187654e-05 1.4296340951487908e-19
1.2789755174311924e-05 1.3665149557687202e-19
1.2819568123436195e-05 1.5115958122979807e-19
1.2849381072560467e-05 1.4838163935671752e-19
1.2879194021684737e-05 1.2564692024162834e-19
1.2909006970809007e-05 1.3210463814306388e-19
1.2938819919933277e-05 1.4130214172539369e-19
1.2968632869057548e-05 1.3253946440590452e-19
1.2998445818181818e-05 1.2562754174553335e-19
1.3028258767306088e-05 1.1741037543893355e-19
1.3058071716430357e-05 1.2599225898361378e-19
1.3087884665554626e-05 1.340133035797441e-19
1.3117697614678896e-05 1.1019937210958937e-19
1.3147510563803166e-05 1.0816894714647258e-19
1.3177323512927436e-05 1.242451340108837e-19
1.320713646205171e-05 1.1674573748700717e-19
1.323694941117598e-05 1.1036368191109328e-19
1.326676236030025e-05 1.0097758115824e-19
1.3296575309424521e-05 1.0377945504600727e-19
1.3326388258548791e-05 1.1750777740613196e-19
1.335620120767306e-05 9.711462215263612e-20
1.338601415679733e-05 8.824488307625329e-20
1.34158271059216e-05 1.0040811721250256e-19
1.3445640055045871e-05 9.767470029519973e-20
1.3475453004170141e-05 9.402494473561438e-20
1.3505265953294411e-05 8.224677822516996e-20
1.3535078902418682e-05 8.23936190864562e-20
1.3564891851542952e-05 9.932377732559649e-20
1.3594704800667222e-05 8.549668128503921e-20
1.3624517749791493e-05 6.69991545787011e-20
1.3654330698915763e-05 7.969242112756371e-20
1.3684143648040033e-05 8.450103328464629e-20
1.3713956597164302e-05 7.403725093071712e-20
1.3743769546288572e-05 6.696143300135514e-20
1.3773582495412842e-05 6.135193567292197e-20
1.3803395444537113e-05 7.381136194023202e-20
1.3833208393661383e-05 7.337505180547403e-20
1.3863021342785653e-05 4.878728185696343e-20
1.3892834291909924e-05 5.664382795362964e-20
1.3922647241034194e-05 6.623372318540147e-20
1.3952460190158464e-05 5.458688905255585e-20
1.3982273139282735e-05 5.0367703883190277e-20
1.4012086088407005e-05 4.32123028063896e-20
1.4041899037531275e-05 5.1932994746455336e-20
1.4071711986655545e-05 5.800206299409172e-20
1.4101524935779814e-05 3.3021954030340295e-20
1.4131337884904084e-05 3.2166735631426886e-20
1.4161150834028355e-05 4.7187219705699155e-20
1.4190963783152625e-05 3.9016697045796866e-20
1.4220776732276895e-05 3.263573559479401e-20
1.4250589681401166e-05 2.549019567082027e-20
1.4280402630525436e-05 2.662485251161247e-20
1.4310215579649706e-05 4.1137779581747903e-20
1.4340028528773976e-05 2.254991818069984e-20
1.4369841477898247e-05 8.021856803209956e-21
1.4399654427022517e-05 2.7667010795023555e-20
1.4429467376146787e-05 2.4801839848787815e-20
1.4459280325271056e-05 1.1980553302276415e-20
1.4489093274395326e-05 1.0013305573489025e-20
1.4518906223519597e-05 6.139932822373618e-21
1.4548719172643867e-05 1.8801225105130778e-20
1.457853212176814e-05 1.2361354582431894e-20
1.460834507089241e-05 -1.1221477738365816e-20
1.4638158020016681e-05 4.2550825005137175e-21
1.4667970969140951e-05 1.0243674219670304e-20
1.469778391826522e-05 -3.628604051483369e-21
1.472759686738949e-05 -5.8766405605086406e-21
1.475740981651376e-05 -1.309340065219726e-20
1.4787222765638031e-05 -1.5470592353270083e-21
1.4817035714762301e-05 -3.5163568311622276e-23
1.4846848663886572e-05 -2.6774040365429344e-20
1.4876661613010842e-05 -1.8660323674481036e-20
1.4906474562135112e-05 -6.7337295587309834e-21
1.4936287511259382e-05 -1.9205683999850414e-20
1.4966100460383653e-05 -2.463612428895741e-20
1.4995913409507923e-05 -3.0029639224542384e-20
1.5025726358632193e-05 -2.188973349115982e-20
1.5055539307756464e-05 -1.3352161777093303e-20
1.5085352256880732e-05 -3.7210033820905006e-20
1.5115165206005002e-05 -4.137658959347251e-20
1.5144978155129273e-05 -2.1399899473021457e-20
1.5174791104253543e-05 -3.1566935073491445e-20
1.5204604053377813e-05 -4.2934952988867005e-20
1.5234417002502084e-05 -4.16728428799711e-20
1.5264229951626352e-05 -4.2671557758204045e-20
1.5294042900750623e-05 -3.21559310649338e-20
1.5323855849874893e-05 -4.418379575558896e-20
1.5353668798999163e-05 -6.062147636595295e-20
1.5383481748123433e-05 -4.0826349580398404e-20
1.5413294697247704e-05 -4.116486364653992e-20
1.5443107646371974e-05 -5.579389865384932e-20
1.5472920595496244e-05 -5.544204896803686e-20
1.5502733544620515e-05 -5.817022332412535e-20
1.5532546493744785e-05 -4.795349448898363e-20
1.5562359442869055e-05 -5.301927340756931e-20
1.5592172391993326e-05 -7.539551584102448e-20
1.5621985341117596e-05 -6.04714208988003e-20
1.5651798290241866e-05 -5.140477761511486e-20
1.5681611239366136e-05 -6.877823958504519e-20
1.5711424188490407e-05 -7.025346843247921e-20
1.5741237137614677e-05 -7.097296145129121e-20
1.5771050086738947e-05 -6.459341796752278e-20
1.5800863035863218e-05 -6.069976237635534e-20
1.5830675984987488e-05 -8.430386173049695e-20
1.5860488934111758e-05 -7.958265109807547e-20
1.589030188323603e-05 -6.285229558202004e-20
1.59201148323603e-05 -7.804042766561457e-20
1.594992778148457e-05 -8.309040783034953e-20
1.597974073060884e-05 -8.259571086757703e-20
1.600955367973311e-05 -8.065806453197812e-20
1.603936662885738e-05 -7.106150031436623e-20
1.606917957798165e-05 -9.019619424469962e-20
1.609899252710592e-05 -9.708615852879313e-20
1.612880547623019e-05 -7.373656182889048e-20
1.615861842535446e-05 -8.235498235789641e-20
1.618843137447873e-05 -9.575184285070093e-20
1.6218244323603002e-05 -9.19621935089935e-20
1.6248057272727272e-05 -9.173374207059339e-20
1.6277870221851542e-05 -8.23131549894871e-20
1.6307683170975813e-05 -9.439770051233234e-20
1.6337496120100083e-05 -1.1013015968840234e-19
1.6367309069224353e-05 -8.761931762410829e-20
1.6397122018348624e-05 -8.635223008160594e-20
1.6426934967472894e-05 -1.0487260460498621e-19
1.6456747916597164e-05 -1.0210040032937667e-19
1.6486560865721435e-05 -9.985132731710855e-20
1.6516373814845705e-05 -9.23559743536567e-20
1.6546186763969975e-05 -9.538258859835776e-20
1.6575999713094245e-05 -1.1526088378616213e-19
1.6605812662218512e-05 -1.0237434877094604e-19
1.6635625611342783e-05 -9.065958971628548e-20
1.6665438560467053e-05 -1.0838283480667877e-19
1.6695251509591323e-05 -1.1016151859549973e-19
1.6725064458715594e-05 -1.0624369497026688e-19
1.6754877407839864e-05 -1.0287901476974472e-19
1.6784690356964134e-05 -9.977047415022915e-20
1.6814503306088404e-05 -1.1790481146409568e-19
1.6844316255212675e-05 -1.1520838990843002e-19
1.6874129204336945e-05 -9.601500393753863e-20
1.6903942153461215e-05 -1.0931503373738737e-19
1.6933755102585486e-05 -1.1907372384812971e-19
1.6963568051709756e-05 -1.12226710403494e-19
1.6993381000834026e-05 -1.0815852681288911e-19
1.7023193949958297e-05 -1.033841792225854e-19
1.7053006899082567e-05 -1.1887938767412033e-19
1.7082819848206837e-05 -1.2440131770936646e-19
1.7112632797331107e-05 -1.0211208134746018e-19
1.7142445746455378e-05 -1.0855278545489759e-19
1.7172258695579648e-05 -1.24158355853267e-19
1.720207164470392e-05 -1.1831258727430671e-19
1.723188459382819e-05 -1.1421503269839578e-19
1.726169754295246e-05 -1.0758754797404988e-19
1.729151049207673e-05 -1.1680787541754877e-19
1.7321323441201e-05 -1.3099643387038795e-19
1.735113639032527e-05 -1.1051550449033119e-19
1.738094933944954e-05 -1.063592020913339e-19
1.741076228857381e-05 -1.2700545718999588e-19
1.744057523769808e-05 -1.2436772384134331e-19
1.747038818682235e-05 -1.1785917801965752e-19
1.750020113594662e-05 -1.1476660240915522e-19
1.753001408507089e-05 -1.1762214523611076e-19
1.7559827034195162e-05 -1.341347325477311e-19
1.7589639983319432e-05 -1.2189308842726582e-19
1.7619452932443703e-05 -1.0715449916362652e-19
1.7649265881567973e-05 -1.264935712201018e-19
1.7679078830692243e-05 -1.298925100539402e-19
1.7708891779816513e-05 -1.2277105237135818e-19
1.7738704728940784e-05 -1.1957669597813213e-19
1.7768517678065054e-05 -1.182487761147663e-19
1.7798330627189324e-05 -1.3617787474212112e-19
1.7828143576313595e-05 -1.3077970515998943e-19
1.7857956525437865e-05 -1.119308396249598e-19
1.7887769474562135e-05 -1.2778290583692661e-19
1.7917582423686405e-05 -1.3741797918002627e-19
1.7947395372810676e-05 -1.268838162951206e-19
1.7977208321934943e-05 -1.2376965469455783e-19
1.8007021271059213e-05 -1.2133936554036282e-19
1.8036834220183483e-05 -1.3337594909209838e-19
1.8066647169307754e-05 -1.4188372685108296e-19
1.8096460118432024e-05 -1.1788199242953478e-19
1.8126273067556294e-05 -1.237965146986086e-19
1.8156086016680565e-05 -1.4577717037806616e-19
1.8185898965804835e-05 -1.3309854320735242e-19
1.8215711914929105e-05 -1.275686076989513e-19
1.8245524864053375e-05 -1.2809085617162976e-19
1.8275337813177646e-05 -1.3473284781481142e-19
1.8305150762301916e-05 -1.4666483827707058e-19
1.8334963711426186e-05 -1.2645870940846014e-19
1.8364776660550457e-05 -1.2338215467515668e-19
1.8394589609674727e-05 -1.4589815421851433e-19
1.8424402558798997e-05 -1.3887128162260143e-19
1.8454215507923267e-05 -1.3202004278065447e-19
1.8484028457047538e-05 -1.3389719800251282e-19
1.8513841406171808e-05 -1.3482436527811972e-19
1.854365435529608e-05 -1.4973587793741294e-19
1.857346730442035e-05 -1.378592263448662e-19
1.860328025354462e-05 -1.23471030082438e-19
1.863309320266889e-05 -1.4713033109371091e-19
1.866290615179316e-05 -1.470908922129987e-19
1.8692719100917426e-05 -1.3410752868043429e-19
1.8722532050041697e-05 -1.3739287383776406e-19
1.875234499916597e-05 -1.373015896619479e-19
1.878215794829024e-05 -1.4959504186130703e-19
1.881197089741451e-05 -1.4628097938917982e-19
1.884178384653878e-05 -1.2798285296518109e-19
1.887159679566305e-05 -1.4291565070237532e-19
1.8901409744787322e-05 -1.5458419176120765e-19
1.8931222693911592e-05 -1.4195119451479055e-19
1.8961035643035863e-05 -1.383924736427429e-19
1.8990848592160133e-05 -1.4032423903715408e-19
1.9020661541284403e-05 -1.496402509038997e-19
1.9050474490408673e-05 -1.5532094456226627e-19
1.9080287439532944e-05 -1.333122144215082e-19
1.9110100388657214e-05 -1.3778813587320424e-19
1.9139913337781484e-05 -1.5942499815499498e-19
1.9169726286905755e-05 -1.4454663214306423e-19
1.9199539236030025e-05 -1.404435007291168e-19
1.9229352185154295e-05 -1.4506518415817776e-19
1.9259165134278566e-05 -1.4725400744565881e-19
1.9288978083402836e-05 -1.5898832415466569e-19
1.9318791032527103e-05 -1.4158752207009792e-19
1.9348603981651373e-05 -1.3707839775718028e-19
1.9378416930775643e-05 -1.609248807080747e-19
1.9408229879899914e-05 -1.5247581831966956e-19
1.9438042829024184e-05 -1.4055895701399493e-19
1.9467855778148454e-05 -1.456046350099438e-19
1.9497668727272725e-05 -1.484163898333709e-19
1.9527481676396995e-05 -1.5783600935954875e-19
1.9557294625521265e-05 -1.4919526236699846e-19
1.9587107574645535e-05 -1.365776435394482e-19
1.9616920523769806e-05 -1.5862487191928752e-19
1.9646733472894076e-05 -1.6013823519561302e-19
1.9676546422018346e-05 -1.4289843566987606e-19
1.9706359371142617e-05 -1.502892931023664e-19
1.9736172320266887e-05 -1.5134390140262016e-19
1.9765985269391157e-05 -1.5693472553225314e-19
1.9795798218515428e-05 -1.5734014169668627e-19
1.9825611167639698e-05 -1.3740846193122719e-19
1.9855424116763968e-05 -1.5244713775018763e-19
1.988523706588824e-05 -1.6493979990501407e-19
1.991505001501251e-05 -1.4696438712566468e-19
1.994486296413678e-05 -1.4983888521706566e-19
1.997467591326105e-05 -1.525497965820856e-19
2.000448886238532e-05 -1.5666701033320503e-19
2.0034301811509587e-05 -1.630134503928205e-19
2.0064114760633857e-05 -1.427993120273439e-19
2.0093927709758127e-05 -1.5025087297356192e-19
2.01237406588824e-05 -1.7043083406612284e-19
2.015355360800667e-05 -1.523124384248377e-19
2.018336655713094e-05 -1.4686437546508028e-19
2.0213179506255212e-05 -1.556284418391274e-19
2.0242992455379482e-05 -1.5673290565841768e-19
2.0272805404503752e-05 -1.6406449120780226e-19
2.0302618353628023e-05 -1.519013688052594e-19
2.0332431302752293e-05 -1.447927059929486e-19
2.0362244251876563e-05 -1.6878142738861536e-19
2.0392057201000834e-05 -1.6175395807462375e-19
2.0421870150125104e-05 -1.4579301282439233e-19
2.0451683099249374e-05 -1.5959375756645805e-19
2.0481496048373644e-05 -1.6037775292676788e-19
2.0511308997497915e-05 -1.6212344493238883e-19
2.0541121946622185e-05 -1.584154879303683e-19
2.0570934895746455e-05 -1.4578663198111048e-19
2.0600747844870726e-05 -1.6544447856348371e-19
2.0630560793994996e-05 -1.6803691400397442e-19
2.0660373743119263e-05 -1.4964392891447977e-19
2.0690186692243533e-05 -1.572538823240437e-19
2.0719999641367803e-05 -1.6246168001953426e-19
2.0749812590492074e-05 -1.6382171407885552e-19
2.0779625539616344e-05 -1.6391564813944718e-19
2.0809438488740614e-05 -1.5110114409352925e-19
2.0839251437864885e-05 -1.613889325256947e-19
2.0869064386989155e-05 -1.7344479018655855e-19
2.0898877336113425e-05 -1.5558645127478164e-19
2.0928690285237696e-05 -1.5600173546605578e-19
2.0958503234361966e-05 -1.6503149950725734e-19
2.0988316183486236e-05 -1.642958111760317e-19
2.1018129132610506e-05 -1.6720296844967372e-19
2.1047942081734777e-05 -1.5439358420744073e-19
2.1077755030859047e-05 -1.5889598703328723e-19
2.1107567979983317e-05 -1.7803601955870532e-19
2.1137380929107588e-05 -1.6228119373082319e-19
2.1167193878231858e-05 -1.5482281132189553e-19
2.1197006827356128e-05 -1.6843347614975234e-19
2.12268197764804e-05 -1.6742084682359808e-19
2.125663272560467e-05 -1.693150594267385e-19
2.128644567472894e-05 -1.636673589764757e-19
2.131625862385321e-05 -1.5581338333467637e-19
2.134607157297748e-05 -1.746608805685199e-19
2.137588452210175e-05 -1.7248806053723118e-19
2.1405697471226017e-05 -1.5713650189061459e-19
2.1435510420350287e-05 -1.682223980906548e-19
2.1465323369474557e-05 -1.7114055966956342e-19
2.1495136318598828e-05 -1.7185634652033795e-19
2.15249492677231e-05 -1.7001942083487182e-19
2.1554762216847372e-05 -1.5812850696675144e-19
2.1584575165971642e-05 -1.747552634446024e-19
2.1614388115095912e-05 -1.8039445540505815e-19
2.1644201064220183e-05 -1.6020255751432368e-19
2.1674014013344453e-05 -1.6872641681305413e-19
2.1703826962468723e-05 -1.7549802392160752e-19
2.1733639911592994e-05 -1.7218994980491716e-19
2.1763452860717264e-05 -1.7599696643629095e-19
2.1793265809841534e-05 -1.6287258485361335e-19
2.1823078758965804e-05 -1.719585026545615e-19
2.1852891708090075e-05 -1.8832813808978115e-19
2.1882704657214345e-05 -1.6770440241210077e-19
2.1912517606338615e-05 -1.6798117852409947e-19
2.1942330555462886e-05 -1.8045925441275408e-19
2.1972143504587156e-05 -1.762274381349533e-19
2.2001956453711426e-05 -1.7928217380482848e-19
2.2031769402835693e-05 -1.6960559676780418e-19
2.2061582351959963e-05 -1.707153324720937e-19
2.2091395301084234e-05 -1.8970343357741693e-19
2.2121208250208504e-05 -1.7653213362898782e-19
2.2151021199332774e-05 -1.6743762429370065e-19
2.2180834148457045e-05 -1.823711193631504e-19
2.2210647097581315e-05 -1.811890834836731e-19
2.2240460046705585e-05 -1.805103670840588e-19
2.2270272995829856e-05 -1.7870934082881102e-19
2.2300085944954126e-05 -1.7133603811489774e-19
2.2329898894078396e-05 -1.8734942053994267e-19
2.2359711843202666e-05 -1.8517026863931644e-19
2.2389524792326937e-05 -1.6902568787127495e-19
2.2419337741451207e-05 -1.8188196182962077e-19
2.2449150690575477e-05 -1.8456273176086529e-19
2.2478963639699748e-05 -1.8087945030909371e-19
2.2508776588824018e-05 -1.8201135159740537e-19
2.2538589537948288e-05 -1.7287611540533647e-19
2.256840248707256e-05 -1.848140847411975e-19
2.259821543619683e-05 -1.91453533400299e-19
2.26280283853211e-05 -1.7372156185777288e-19
2.265784133444537e-05 -1.8029468382048362e-19
2.268765428356964e-05 -1.8708217209370467e-19
2.271746723269391e-05 -1.8102768782523196e-19
2.2747280181818177e-05 -1.8458238791727783e-19
2.2777093130942447e-05 -1.7430269067446295e-19
2.2806906080066718e-05 -1.7924632064872977e-19
2.2836719029190988e-05 -1.941435901007525e-19
2.2866531978315258e-05 -1.7508211847344582e-19
2.289634492743953e-05 -1.7481835438579664e-19
2.2926157876563802e-05 -1.8861671695434244e-19
2.2955970825688072e-05 -1.8055465945198298e-19
2.2985783774812343e-05 -1.8336239627229124e-19
2.3015596723936613e-05 -1.7861316287196736e-19
2.3045409673060883e-05 -1.739595972362568e-19
2.3075222622185154e-05 -1.918088815908618e-19
2.3105035571309424e-05 -1.804066062148053e-19
2.3134848520433694e-05 -1.6961392729534026e-19
2.3164661469557965e-05 -1.8545893783799715e-19
2.3194474418682235e-05 -1.789961348924295e-19
2.3224287367806505e-05 -1.7799406022260317e-19
2.3254100316930775e-05 -1.8089277851367296e-19
2.3283913266055046e-05 -1.6892987524438178e-19
2.3313726215179316e-05 -1.8487295811723015e-19
2.3343539164303586e-05 -1.8424006754042369e-19
2.3373352113427853e-05 -1.639493548637984e-19
2.3403165062552124e-05 -1.8007536764857652e-19
2.3432978011676394e-05 -1.796826914172097e-19
2.3462790960800664e-05 -1.710826529905985e-19
2.3492603909924934e-05 -1.7893292320401557e-19
2.3522416859049205e-05 -1.6648888607056703e-19
2.3552229808173475e-05 -1.7370630192680543e-19
2.3582042757297745e-05 -1.8331247534582653e-19
2.3611855706422016e-05 -1.6218965011560836e-19
2.3641668655546286e-05 -1.6883500422421808e-19
2.3671481604670556e-05 -1.776575281530251e-19
2.3701294553794827e-05 -1.6796307163725233e-19
2.3731107502919097e-05 -1.7382316054694088e-19
2.3760920452043367e-05 -1.650489612475842e-19
2.3790733401167637e-05 -1.6353169371383457e-19
2.3820546350291908e-05 -1.7965954710189162e-19
2.3850359299416178e-05 -1.6350959340590197e-19
2.388017224854045e-05 -1.5838081882172957e-19
2.390998519766472e-05 -1.7288569441903577e-19
2.393979814678899e-05 -1.6397667117971768e-19
2.396961109591326e-05 -1.63640799665808e-19
2.399942404503753e-05 -1.6405516089817837e-19
2.40292369941618e-05 -1.565668974249211e-19
2.405904994328607e-05 -1.7173901012337946e-19
2.4088862892410337e-05 -1.6454903827721634e-19
2.4118675841534607e-05 -1.4870689017824315e-19
2.4148488790658878e-05 -1.655527020956666e-19
2.4178301739783148e-05 -1.6227071156257501e-19
2.4208114688907418e-05 -1.5434627816477293e-19
2.423792763803169e-05 -1.5947340649662147e-19
2.426774058715596e-05 -1.4981656316764689e-19
2.4297553536280232e-05 -1.5714128107952603e-19
2.4327366485404503e-05 -1.6223772579442665e-19
2.4357179434528773e-05 -1.4482787552175456e-19
2.4386992383653043e-05 -1.5231790645229222e-19
2.4416805332777314e-05 -1.5855824734590304e-19
2.4446618281901584e-05 -1.4805439668058672e-19
2.4476431231025854e-05 -1.5262303830929718e-19
2.4506244180150125e-05 -1.4587727882346084e-19
2.4536057129274395e-05 -1.4524289200501515e-19
2.4565870078398665e-05 -1.578185334051765e-19
2.4595683027522935e-05 -1.400474106254411e-19
2.4625495976647206e-05 -1.3804188584401062e-19
2.4655308925771476e-05 -1.5130506208232747e-19
2.4685121874895746e-05 -1.4100705275284297e-19
2.4714934824020013e-05 -1.4263057791480308e-19
2.4744747773144284e-05 -1.3875078848392308e-19
2.4774560722268554e-05 -1.3385403151591683e-19
2.4804373671392824e-05 -1.4843920218139882e-19
2.4834186620517094e-05 -1.3635409918720357e-19
2.4863999569641365e-05 -1.269725776885453e-19
2.4893812518765635e-05 -1.4155339324543575e-19
2.4923625467889905e-05 -1.3482453003593032e-19
2.4953438417014176e-05 -1.2981499462677392e-19
2.4983251366138446e-05 -1.3135052854930114e-19
2.5013064315262716e-05 -1.2315745815567311e-19
2.5042877264386987e-05 -1.3406246245663677e-19
2.5072690213511257e-05 -1.3215585217125234e-19
2.5102503162635527e-05 -1.1463845866329903e-19
2.5132316111759797e-05 -1.2765249203619846e-19
2.5162129060884068e-05 -1.3002268940126086e-19
2.5191942010008338e-05 -1.177496875820353e-19
2.522175495913261e-05 -1.2146615645710324e-19
2.525156790825688e-05 -1.1472389605673695e-19
2.528138085738115e-05 -1.189344486057754e-19
2.531119380650542e-05 -1.2520696725943666e-19
2.534100675562969e-05 -1.0538599596582558e-19
2.537081970475396e-05 -1.1000604946841956e-19
2.540063265387823e-05 -1.1927104222636517e-19
2.54304456030025e-05 -1.0881943331060805e-19
2.5460258552126767e-05 -1.092304632227882e-19
2.5490071501251038e-05 -1.0375838597524888e-19
2.5519884450375308e-05 -1.0359885604072798e-19
2.5549697399499578e-05 -1.1467305227633786e-19
2.557951034862385e-05 -9.981150962626472e-20
2.560932329774812e-05 -9.27838616446445e-20
2.563913624687239e-05 -1.0745899027169353e-19
2.566894919599666e-05 -9.883279026588432e-20
2.5698762145120933e-05 -9.204644611708679e-20
2.5728575094245203e-05 -9.369323098672577e-20
2.5758388043369474e-05 -8.843487290669508e-20
2.5788200992493744e-05 -9.83734948363986e-20
2.5818013941618014e-05 -9.131894538070171e-20
2.5847826890742285e-05 -7.735286230790573e-20
2.5877639839866555e-05 -9.158899891083042e-20
2.5907452788990825e-05 -8.858940857383685e-20
2.5937265738115096e-05 -7.85609237288405e-20
2.5967078687239366e-05 -8.146652210122083e-20
2.5996891636363636e-05 -7.431707027860192e-20
2.6026704585487906e-05 -8.184019516457031e-20
2.6056517534612177e-05 -8.01230570178862e-20
2.6086330483736444e-05 -6.086550776653986e-20
2.6116143432860714e-05 -7.197352632430785e-20
2.6145956381984984e-05 -7.556003099513338e-20
2.617576933110925e-05 -6.388828338100521e-20
2.620558228023352e-05 -6.36821395045021e-20
2.6235395229357792e-05 -5.870590349555443e-20
2.6265208178482062e-05 -6.466740992253876e-20
2.6295021127606332e-05 -6.730137284217196e-20
2.6324834076730603e-05 -4.7664173325830546e-20
2.6354647025854873e-05 -5.0611158787762355e-20
2.638445997497915e-05 -6.145007052185077e-20
2.641427292410342e-05 -4.8587185770182816e-20
2.644408587322769e-05 -4.441024475071704e-20
2.647389882235196e-05 -4.3382680742474646e-20
2.650371177147623e-05 -4.223009245049888e-20
2.65335247206005e-05 -5.065381274041658e-20
2.6563337669724772e-05 -3.5892985228123115e-20
2.6593150618849042e-05 -2.747759833198958e-20
2.6622963567973312e-05 -4.354675514125987e-20
2.6652776517097583e-05 -3.4797549713114884e-20
2.6682589466221853e-05 -2.5979042986710096e-20
2.671240241534612e-05 -2.7980993507347376e-20
2.674221536447039e-05 -2.1306473188461225e-20
2.677202831359466e-05 -3.031002413252159e-20
2.680184126271893e-05 -2.2987704343409112e-20
2.68316542118432e-05 -6.001632593455572e-21
2.686146716096747e-05 -1.9477319089072898e-20
2.6891280110091742e-05 -1.7767164328700238e-20
2.6921093059216012e-05 -6.623791476052426e-21
2.6950906008340282e-05 -6.980365379766837e-21
2.6980718957464553e-05 -2.462653706559986e-21
2.7010531906588823e-05 -8.264976716039793e-21
2.7040344855713093e-05 -6.554978561997065e-21
2.7070157804837363e-05 1.0728952555342675e-20
2.7099970753961634e-05 5.400864073801067e-21
2.7129783703085904e-05 -2.1273796473295937e-21
2.7159596652210174e-05 1.3138281640787841e-20
2.7189409601334445e-05 1.5854340221476464e-20
2.7219222550458715e-05 1.6206588868040297e-20
2.7249035499582985e-05 1.7957160199549953e-20
2.7278848448707256e-05 1.1932198272218694e-20
2.7308661397831526e-05 3.0462626536234336e-20
2.7338474346955796e-05 3.2549652900410913e-20
2.7368287296080066e-05 1.6657762005353303e-20
2.7398100245204337e-05 3.096507724331789e-20
2.7427913194328604e-05 3.7017547203005236e-20
2.7457726143452874e-05 3.6039968390909324e-20
2.7487539092577144e-05 3.941758058321529e-20
2.7517352041701415e-05 3.353310469543958e-20
2.7547164990825685e-05 4.773933080189075e-20
2.7576977939949955e-05 5.601349531390635e-20
2.7606790889074225e-05 3.9342333675183796e-20
2.7636603838198496e-05 4.7121698135312806e-20
2.7666416787322766e-05 6.145718019907382e-20
2.7696229736447036e-05 5.673858672661174e-20
2.7726042685571307e-05 5.862127288659982e-20
2.7755855634695577e-05 5.442748961994894e-20
2.7785668583819847e-05 6.03204395405999e-20
2.7815481532944118e-05 7.809361481891063e-20
2.7845294482068388e-05 6.247572359273501e-20
2.7875107431192658e-05 6.14382876363124e-20
2.790492038031693e-05 8.068425616531942e-20
2.79347333294412e-05 7.69868172664243e-20
2.796454627856547e-05 7.974148557580358e-20
2.799435922768974e-05 7.634118906947937e-20
2.802417217681401e-05 7.631474034693712e-20
2.805398512593828e-05 9.662713128004194e-20
2.808379807506255e-05 8.709055285912507e-20
2.811361102418682e-05 7.75996899734831e-20
2.814342397331109e-05 9.557681630094741e-20
2.8173236922435358e-05 9.857248689921098e-20
2.8203049871559628e-05 9.642938939088884e-20
2.82328628206839e-05 9.567484310840136e-20
2.826267576980817e-05 9.33507477240753e-20
2.829248871893244e-05 1.1171400613735465e-19
2.832230166805671e-05 1.134947994529433e-19
2.835211461718098e-05 9.522563497046813e-20
2.838192756630525e-05 1.0997480993527408e-19
2.841174051542952e-05 1.2051899074585242e-19
2.844155346455379e-05 1.1342074726784002e-19
2.847136641367806e-05 1.165804445796499e-19
2.850117936280233e-05 1.1135361422901865e-19
2.85309923119266e-05 1.244101862964563e-19
2.856080526105087e-05 1.3590728680769422e-19
2.8590618210175142e-05 1.1444178588499798e-19
2.8620431159299412e-05 1.2323804742692673e-19
2.8650244108423683e-05 1.409324219751682e-19
2.8680057057547953e-05 1.3300379715778245e-19
2.8709870006672223e-05 1.3419176673508809e-19
2.8739682955796493e-05 1.3078793982235224e-19
2.8769495904920764e-05 1.3833826161315397e-19
2.8799308854045034e-05 1.5415918857588182e-19
2.8829121803169304e-05 1.3595499878418638e-19
2.8858934752293575e-05 1.3566940852695281e-19
2.888874770141784e-05 1.560975821157933e-19
2.8918560650542112e-05 1.5184667164478837e-19
2.8948373599666382e-05 1.5061325284174396e-19
2.8978186548790652e-05 1.4952907203993752e-19
2.9007999497914923e-05 1.525223422031435e-19
2.9037812447039193e-05 1.7048662947040588e-19
2.9067625396163463e-05 1.604981378477024e-19
2.9097438345287734e-05 1.505443616774862e-19
2.9127251294412004e-05 1.704146754741819e-19
2.915706424353628e-05 1.726960097113101e-19
2.918687719266055e-05 1.6705732078695485e-19
2.921669014178482e-05 1.683630635556538e-19
2.9246503090909092e-05 1.6708642794814996e-19
2.9276316040033362e-05 1.8408521623528758e-19
2.9306128989157633e-05 1.8352914537236897e-19
2.9335941938281903e-05 1.6560478452585448e-19
2.9365754887406173e-05 1.8305798589237868e-19
2.939556783653044e-05 1.9307551674808784e-19
2.942538078565471e-05 1.8478958711935152e-19
2.945519373477898e-05 1.8616567003916681e-19
2.948500668390325e-05 1.8446420167654736e-19
2.951481963302752e-05 1.975719502317367e-19
2.954463258215179e-05 2.0457159259007347e-19
2.9574445531276062e-05 1.8510550133899602e-19
2.9604258480400332e-05 1.93147763592282e-19
2.9634071429524602e-05 2.1198387108387501e-19
2.9663884378648873e-05 2.0310856648103229e-19
2.9693697327773143e-05 2.0071269629907834e-19
2.9723510276897413e-05 2.0304826189894477e-19
2.9753323226021684e-05 2.0968424596341569e-19
2.9783136175145954e-05 2.226980315760729e-19
2.9812949124270224e-05 2.0688140077966833e-19
2.9842762073394495e-05 2.0342094492448095e-19
2.9872575022518765e-05 2.266131276435564e-19
2.9902387971643035e-05 2.2207512376724794e-19
2.9932200920767305e-05 2.1459077854421624e-19
2.9962013869891576e-05 2.182480378041798e-19
2.9991826819015846e-05 2.2283347523185557e-19
3.0021639768140116e-05 2.3619356147266063e-19
3.0051452717264387e-05 2.243982927884668e-19
3.0081265666388657e-05 2.1518251245495808e-19
3.0111078615512927e-05 2.3975614679594193e-19
3.0140891564637194e-05 2.403571239948665e-19
3.0170704513761464e-05 2.284669506887155e-19
3.0200517462885735e-05 2.335157139764665e-19
3.0230330412010005e-05 2.347837527976749e-19
3.0260143361134275e-05 2.4702367681474303e-19
3.0289956310258546e-05 2.461468515431988e-19
3.0319769259382816e-05 2.2733064028100183e-19
3.0349582208507086e-05 2.4471686816433284e-19
3.0379395157631356e-05 2.5765584765071863e-19
3.0409208106755627e-05 2.4285198932649847e-19
3.0439021055879897e-05 2.435669786464233e-19
3.0468834005004167e-05 2.476239755681026e-19
3.0498646954128438e-05 2.562610192766305e-19
3.0528459903252705e-05 2.627114559617622e-19
3.055827285237698e-05 2.428007476268983e-19
3.0588085801501245e-05 2.50256238860796e-19
3.061789875062552e-05 2.7192471816405743e-19
3.0647711699749786e-05 2.554375809139147e-19
3.067752464887406e-05 2.533579345819974e-19
3.0707337597998326e-05 2.600671889733261e-19
3.07371505471226e-05 2.617541934820703e-19
3.076696349624687e-05 2.7473498674301985e-19
3.079677644537114e-05 2.561158495154107e-19
3.082658939449541e-05 2.5425610132220796e-19
3.085640234361968e-05 2.8052975192757574e-19
3.088621529274395e-05 2.7024499348600135e-19
3.091602824186822e-05 2.622552244299244e-19
3.094584119099249e-05 2.6700156425362375e-19
3.097565414011676e-05 2.7008996311950167e-19
3.100546708924103e-05 2.816911588087176e-19
3.10352800383653e-05 2.698178563402338e-19
3.106509298748957e-05 2.5768719981379645e-19
3.1094905936613844e-05 2.817803119023862e-19
3.112471888573811e-05 2.844805229080426e-19
3.1154531834862384e-05 2.6590401560896e-19
3.118434478398665e-05 2.7117397515004504e-19
3.1214157733110925e-05 2.762829006983524e-19
3.124397068223519e-05 2.8439874378287934e-19
3.127378363135946e-05 2.83049984313206e-19
3.130359658048373e-05 2.6331460004384534e-19
3.1333409529608e-05 2.800473740769656e-19
3.136322247873227e-05 2.91535668556671e-19
3.139303542785654e-05 2.7148082922477875e-19
3.1422848376980814e-05 2.75039613013254e-19
3.145266132610508e-05 2.7984150936231953e-19
3.1482474275229354e-05 2.827987083773857e-19
3.151228722435362e-05 2.875528392030402e-19
3.1542100173477895e-05 2.6829942581380596e-19
3.157191312260216e-05 2.7525271550346183e-19
3.1601726071726435e-05 2.9691672242987257e-19
3.16315390208507e-05 2.785672101064184e-19
3.1661351969974976e-05 2.725338313532047e-19
3.169116491909924e-05 2.832649239157756e-19
3.1720977868223517e-05 2.814363794144171e-19
3.1750790817347783e-05 2.881037422784083e-19
3.178060376647206e-05 2.739069417729084e-19
3.1810416715596324e-05 2.673293462594536e-19
3.18402296647206e-05 2.939546971483766e-19
3.1870042613844865e-05 2.8247271858217015e-19
3.189985556296914e-05 2.6726461199246107e-19
3.192966851209341e-05 2.7914151332902024e-19
3.195948146121768e-05 2.7998586585567944e-19
3.198929441034195e-05 2.853976029401641e-19
3.201910735946622e-05 2.752936973822589e-19
3.204892030859049e-05 2.6119544912151664e-19
3.207873325771476e-05 2.86464849281857e-19
3.2108546206839034e-05 2.867530151104645e-19
3.21383591559633e-05 2.6153474709577834e-19
3.2168172105087574e-05 2.702168387926867e-19
3.219798505421184e-05 2.7583290220658194e-19
3.2227798003336115e-05 2.7633540928608996e-19
3.225761095246038e-05 2.7539585250541037e-19
3.2287423901584656e-05 2.5664088573884523e-19
3.231723685070892e-05 2.7140817838620836e-19
3.2347049799833196e-05 2.8481591659313315e-19
3.237686274895746e-05 2.582444810460942e-19
3.240667569808174e-05 2.6028612621600367e-19
3.2436488647206004e-05 2.7128336533888836e-19
3.246630159633027e-05 2.6616517698553966e-19
3.2496114545454544e-05 2.685529191896605e-19
3.252592749457881e-05 2.5278278360873267e-19
3.2555740443703085e-05 2.550823600632756e-19
3.258555339282735e-05 2.7754362903837263e-19
3.2615366341951626e-05 2.5579291342187236e-19
3.264517929107589e-05 2.4582290776685425e-19
3.2674992240200166e-05 2.6272755094963453e-19
3.270480518932443e-05 2.5780361052578516e-19
3.273461813844871e-05 2.5822744991097644e-19
3.2764431087572974e-05 2.4882491605170893e-19
3.279424403669725e-05 2.409328433670641e-19
3.2824056985821514e-05 2.644536421084683e-19
3.285386993494579e-05 2.539337706511551e-19
3.2883682884070055e-05 2.3161062588712036e-19
3.291349583319433e-05 2.4793030254204237e-19
3.2943308782318595e-05 2.492580986996838e-19
3.297312173144287e-05 2.444346814231799e-19
3.3002934680567136e-05 2.420398889000207e-19
3.303274762969141e-05 2.2700588179810986e-19
3.3062560578815677e-05 2.4709634866493727e-19
3.309237352793995e-05 2.509137917362139e-19
3.312218647706422e-05 2.1952488473387985e-19
3.315199942618849e-05 2.3271455691784814e-19
3.318181237531276e-05 2.412052444823671e-19
3.3211625324437025e-05 2.3001095522197434e-19
3.32414382735613e-05 2.3185740049192715e-19
3.3271251222685565e-05 2.171744563065154e-19
3.330106417180984e-05 2.2626665887526776e-19
3.3330877120934106e-05 2.3994107674315934e-19
3.336069007005838e-05 2.1157663154049663e-19
3.3390503019182646e-05 2.1123805114715894e-19
3.342031596830692e-05 2.283772379335841e-19
3.345012891743119e-05 2.189239761760948e-19
3.347994186655546e-05 2.1584708981347783e-19
3.350975481567973e-05 2.0744184923524234e-19
3.3539567764804e-05 2.0626368920520096e-19
3.356938071392827e-05 2.249396383172027e-19
3.359919366305254e-05 2.046365654035502e-19
3.362900661217681e-05 1.8944494976887748e-19
3.365881956130108e-05 2.116790207725158e-19
3.368863251042535e-05 2.058463506609794e-19
3.371844545954962e-05 1.9696247960469863e-19
3.374825840867389e-05 1.9372036544853263e-19
3.3778071357798164e-05 1.8635246822691945e-19
3.380788430692243e-05 2.0422809154778115e-19
3.3837697256046704e-05 1.9552679989509197e-19
3.386751020517097e-05 1.7190748569655513e-19
3.3897323154295245e-05 1.8758166051543892e-19
3.392713610341951e-05 1.9110101876305623e-19
3.395694905254378e-05 1.7910095852283926e-19
3.398676200166805e-05 1.754713189446324e-19
3.401657495079232e-05 1.6603299165630332e-19
3.404638789991659e-05 1.7794243983295417e-19
3.407620084904086e-05 1.8238270738000848e-19
3.4106013798165134e-05 1.5314132923220225e-19
3.41358267472894e-05 1.599531942137978e-19
3.4165639696413674e-05 1.749136737526682e-19
3.419545264553794e-05 1.579519325158165e-19
3.4225265594662215e-05 1.548552535725049e-19
3.425507854378648e-05 1.4838324242011062e-19
3.4284891492910755e-05 1.5025472098134097e-19
3.431470444203502e-05 1.6321218200265286e-19
3.4344517391159296e-05 1.3581734103068306e-19
3.437433034028356e-05 1.3002743023601834e-19
3.440414328940784e-05 1.5131697069524602e-19
3.4433956238532104e-05 1.3721808807366759e-19
3.446376918765638e-05 1.2980235103925418e-19
3.4493582136780644e-05 1.283105141066042e-19
3.452339508590492e-05 1.2370020327944796e-19
3.4553208035029185e-05 1.370063672069795e-19
3.458302098415346e-05 1.1993148667078408e-19
3.4612833933277725e-05 1.0193949490616449e-19
3.4642646882402e-05 1.2302074070679464e-19
3.4672459831526266e-05 1.174799616644132e-19
3.470227278065054e-05 1.0350577577953738e-19
3.473208572977481e-05 1.0288053671590686e-19
3.476189867889908e-05 9.459702425009624e-20
3.4791711628023354e-05 1.078215117803638e-19
3.482152457714762e-05 1.0017427167494592e-19
3.4851337526271895e-05 7.429575957957113e-20
3.488115047539616e-05 9.020288267906145e-20
3.4910963424520435e-05 9.579310896856363e-20
3.49407763736447e-05 7.776980021342573e-20
3.4970589322768976e-05 7.355959143763261e-20
3.500040227189324e-05 7.092570600182681e-20
3.5030215221017516e-05 7.561319763954237e-20
3.506002817014178e-05 7.554524285768907e-20
3.508984111926606e-05 5.171375125537713e-20
3.5119654068390324e-05 5.48565254679531e-20
3.51494670175146e-05 6.92495802322066e-20
3.5179279966638864e-05 5.1572588589708534e-20
3.520909291576313e-05 4.5676601759756255e-20
3.5238905864887405e-05 4.310690261788746e-20
3.526871881401167e-05 4.2648014882218505e-20
3.5298531763135946e-05 5.201194445027681e-20
3.532834471226021e-05 2.797667832421904e-20
3.5358157661384486e-05 1.9771157047867636e-20
3.538797061050875e-05 4.0635961116705627e-20
3.541778355963303e-05 2.877319206343204e-20
3.5447596508757294e-05 1.3841539340413684e-20
3.547740945788157e-05 1.3513161091277768e-20
3.5507222407005834e-05 1.2509454830153449e-20
3.553703535613011e-05 1.9870620368416185e-20
3.5566848305254375e-05 6.106943428965951e-21
3.559666125437865e-05 -1.1055621226077223e-20
3.5626474203502916e-05 6.72955630912796e-21
3.565628715262719e-05 4.422414037419673e-21
3.5686100101751456e-05 -1.4448291867029257e-20
