0.0 -3.1338653952079105e-19
2.982250865384615e-08 -3.2266520419596023e-19
5.96450173076923e-08 -3.2840671149526723e-19
8.946752596153845e-08 -3.131818306605917e-19
1.192900346153846e-07 -3.103105339557106e-19
1.4911254326923078e-07 -3.23957943701621e-19
1.789350519230769e-07 -3.233823299398439e-19
2.0875756057692307e-07 -3.146961838949546e-19
2.385800692307692e-07 -3.1092521631063103e-19
2.684025778846154e-07 -3.183949526066901e-19
2.9822508653846155e-07 -3.2606774337819356e-19
3.280475951923077e-07 -3.155419845861274e-19
3.578701038461538e-07 -3.070451695314253e-19
3.8769261249999995e-07 -3.172446523651341e-19
4.1751512115384615e-07 -3.2302442764326893e-19
4.473376298076923e-07 -3.114832981670173e-19
4.771601384615384e-07 -3.0598767964926445e-19
5.069826471153847e-07 -3.1307177507989467e-19
5.368051557692308e-07 -3.1816348277958757e-19
5.66627664423077e-07 -3.1310798205476447e-19
5.964501730769231e-07 -3.020284321452855e-19
6.262726817307693e-07 -3.0740151725866454e-19
6.560951903846154e-07 -3.175286537062252e-19
6.859176990384616e-07 -3.088513702582835e-19
7.157402076923076e-07 -2.998421840042125e-19
7.455627163461537e-07 -3.031963723416642e-19
7.753852249999999e-07 -3.1064967766195885e-19
8.052077336538461e-07 -3.0785440879231875e-19
8.350302423076923e-07 -2.939118166161066e-19
8.648527509615384e-07 -2.948119935869518e-19
8.946752596153846e-07 -3.0716979246411533e-19
9.244977682692307e-07 -3.014592672829371e-19
9.543202769230768e-07 -2.9122338516895945e-19
9.841427855769232e-07 -2.91856520500987e-19
1.0139652942307693e-06 -2.959102603345096e-19
1.0437878028846155e-06 -2.9784419280706113e-19
1.0736103115384616e-06 -2.8580517327816087e-19
1.1034328201923078e-06 -2.8124726750630827e-19
1.133255328846154e-06 -2.92729066427805e-19
1.1630778375e-06 -2.906086123438333e-19
1.1929003461538462e-06 -2.8048013517435307e-19
1.2227228548076924e-06 -2.7576137096878788e-19
1.2525453634615385e-06 -2.814826915878563e-19
1.2823678721153847e-06 -2.869025255071066e-19
1.3121903807692308e-06 -2.7389624941219553e-19
1.342012889423077e-06 -2.65869141403827e-19
1.371835398076923e-06 -2.751825945725014e-19
1.4016579067307693e-06 -2.784893730896993e-19
1.4314804153846152e-06 -2.671907890827888e-19
1.4613029240384613e-06 -2.6006074345015046e-19
1.4911254326923075e-06 -2.6499661885688875e-19
1.5209479413461536e-06 -2.6932673844206355e-19
1.5507704499999998e-06 -2.6066786726955763e-19
1.580592958653846e-06 -2.4707971999612526e-19
1.6104154673076923e-06 -2.5439251037924e-19
1.6402379759615384e-06 -2.6246759787517995e-19
1.6700604846153846e-06 -2.4965620069365966e-19
1.6998829932692307e-06 -2.423492621532891e-19
1.729705501923077e-06 -2.4615781597717323e-19
1.759528010576923e-06 -2.498598220650971e-19
1.7893505192307692e-06 -2.441888023567386e-19
1.8191730278846153e-06 -2.322778863301901e-19
1.8489955365384615e-06 -2.3489513262626043e-19
1.8788180451923079e-06 -2.4106820806032433e-19
1.9086405538461536e-06 -2.335809700285797e-19
1.9384630625e-06 -2.241779215973164e-19
1.9682855711538463e-06 -2.2282846605254883e-19
1.9981080798076922e-06 -2.278773404901355e-19
2.0279305884615386e-06 -2.269402033561093e-19
2.0577530971153845e-06 -2.1493263929148207e-19
2.087575605769231e-06 -2.113821739110334e-19
2.117398114423077e-06 -2.187846215049983e-19
2.147220623076923e-06 -2.161049611279524e-19
2.177043131730769e-06 -2.044771089894468e-19
2.2068656403846155e-06 -2.0060142444722094e-19
2.2366881490384614e-06 -2.0721341757823983e-19
2.266510657692308e-06 -2.061833001046229e-19
2.2963331663461537e-06 -1.932202949786107e-19
2.326155675e-06 -1.8848433137496828e-19
2.355978183653846e-06 -1.9398704174738556e-19
2.3858006923076924e-06 -1.9411847458842562e-19
2.4156232009615383e-06 -1.8444307890755798e-19
2.4454457096153847e-06 -1.7765785521744928e-19
2.4752682182692306e-06 -1.7975037239749785e-19
2.505090726923077e-06 -1.8278532693431448e-19
2.534913235576923e-06 -1.7738420690619557e-19
2.5647357442307693e-06 -1.6547942779905245e-19
2.5945582528846152e-06 -1.661405361472002e-19
2.6243807615384616e-06 -1.7232319637677488e-19
2.6542032701923075e-06 -1.628460632583942e-19
2.684025778846154e-06 -1.52333960120797e-19
2.7138482875e-06 -1.54982903129781e-19
2.743670796153846e-06 -1.5889371869267504e-19
2.773493304807692e-06 -1.5115618562631762e-19
2.8033158134615385e-06 -1.3862538001117382e-19
2.8331383221153844e-06 -1.4124515167825848e-19
2.8629608307692304e-06 -1.4876640980493357e-19
2.8927833394230767e-06 -1.3899538993762258e-19
2.9226058480769227e-06 -1.2862610952321865e-19
2.952428356730769e-06 -1.2950450563849532e-19
2.982250865384615e-06 -1.3050283554557951e-19
3.0120733740384613e-06 -1.2874871477476483e-19
3.0418958826923073e-06 -1.1731805270880396e-19
3.0717183913461536e-06 -1.1059230450311965e-19
3.1015408999999996e-06 -1.1888448345951834e-19
3.131363408653846e-06 -1.1459970814864504e-19
3.161185917307692e-06 -1.029437625079013e-19
3.1910084259615382e-06 -1.0156918930457599e-19
3.2208309346153846e-06 -1.0240833820201975e-19
3.250653443269231e-06 -1.0253014370557376e-19
3.280475951923077e-06 -9.34359932753085e-20
3.3102984605769233e-06 -8.430967773125666e-20
3.340120969230769e-06 -9.023602613956378e-20
3.3699434778846156e-06 -8.976630543176568e-20
3.3997659865384615e-06 -7.84760393343528e-20
3.429588495192308e-06 -7.155577554021598e-20
3.459411003846154e-06 -7.316912100224189e-20
3.4892335125e-06 -7.480444515386775e-20
3.519056021153846e-06 -6.599627372707509e-20
3.5488785298076925e-06 -5.69647884145645e-20
3.5787010384615384e-06 -5.835589868938124e-20
3.6085235471153848e-06 -6.25392929295699e-20
3.6383460557692307e-06 -5.413103199201915e-20
3.668168564423077e-06 -4.352938031863257e-20
3.697991073076923e-06 -4.5307633641013586e-20
3.7278135817307694e-06 -4.730267006806317e-20
3.7576360903846157e-06 -4.108540308661372e-20
3.7874585990384612e-06 -3.051741833414747e-20
3.817281107692307e-06 -2.837024604661897e-20
3.847103616346154e-06 -3.3309484491574255e-20
3.876926125e-06 -2.84884052103857e-20
3.906748633653846e-06 -1.8293710564931393e-20
3.936571142307693e-06 -1.517296798162609e-20
3.9663936509615386e-06 -1.8793664319351552e-20
3.9962161596153845e-06 -1.703226604626568e-20
4.0260386682692304e-06 -5.424006574022213e-21
4.055861176923077e-06 -1.4168702654581937e-21
4.085683685576923e-06 -6.996907586252843e-21
4.115506194230769e-06 -2.7499343634021892e-21
4.145328702884615e-06 8.033798020331888e-21
4.175151211538462e-06 1.1347194801080461e-20
4.204973720192308e-06 9.281629282746068e-21
4.234796228846154e-06 9.626750765829462e-21
4.2646187375e-06 1.8762017592549822e-20
4.294441246153846e-06 2.5820264438524598e-20
4.324263754807692e-06 2.2194513323138294e-20
4.354086263461538e-06 2.122046110519636e-20
4.383908772115384e-06 3.0439400909418065e-20
4.413731280769231e-06 3.940791643129432e-20
4.443553789423077e-06 3.534745537821477e-20
4.473376298076923e-06 3.3412677545689696e-20
4.503198806730769e-06 4.425053824611771e-20
4.533021315384616e-06 5.11778773298249e-20
4.5628438240384616e-06 4.964771111056103e-20
4.5926663326923075e-06 4.5790968366475795e-20
4.6224888413461534e-06 5.413370467782797e-20
4.65231135e-06 6.546370627536884e-20
4.682133858653846e-06 6.194079145437378e-20
4.711956367307692e-06 5.910824588124572e-20
4.741778875961538e-06 6.416984906517828e-20
4.771601384615385e-06 7.408126621734778e-20
4.80142389326923e-06 7.658680601220189e-20
4.831246401923077e-06 6.979102720097381e-20
4.861068910576923e-06 7.59744579120526e-20
4.890891419230769e-06 8.811129622841354e-20
4.9207139278846145e-06 8.795895704193604e-20
4.950536436538461e-06 8.36125556071492e-20
4.980358945192307e-06 8.733074257839271e-20
5.010181453846154e-06 9.707453580723428e-20
5.040003962499999e-06 1.0094359886009951e-19
5.069826471153846e-06 9.55119818456048e-20
5.099648979807692e-06 9.549861215361796e-20
5.129471488461539e-06 1.073833668812507e-19
5.1592939971153845e-06 1.1266287558057797e-19
5.1891165057692305e-06 1.0646178831348528e-19
5.218939014423077e-06 1.0642522750661046e-19
5.248761523076923e-06 1.1804043211239707e-19
5.278584031730769e-06 1.2475607185446445e-19
5.308406540384615e-06 1.194031971887845e-19
5.338229049038462e-06 1.172974912669622e-19
5.368051557692308e-06 1.2589089977173813e-19
5.397874066346154e-06 1.3510255358778242e-19
5.427696575e-06 1.3235802872412737e-19
5.4575190836538465e-06 1.2536709838910947e-19
5.487341592307692e-06 1.3478991589379487e-19
5.517164100961538e-06 1.47375442881452e-19
5.546986609615384e-06 1.4236210376063259e-19
5.576809118269231e-06 1.3688315190125246e-19
5.606631626923077e-06 1.4449872472448316e-19
5.636454135576923e-06 1.551059613619309e-19
5.666276644230769e-06 1.5404738476816346e-19
5.696099152884616e-06 1.469803866503765e-19
5.725921661538461e-06 1.5387485548326486e-19
5.7557441701923075e-06 1.6337107165165385e-19
5.7855666788461535e-06 1.6291407483465224e-19
5.8153891875e-06 1.5753347311438303e-19
5.845211696153845e-06 1.5863070714786063e-19
5.875034204807692e-06 1.7261447579129816e-19
5.904856713461538e-06 1.7376731319937051e-19
5.934679222115385e-06 1.645314344870249e-19
5.96450173076923e-06 1.6934441692999117e-19
5.994324239423077e-06 1.81012539378773e-19
6.024146748076923e-06 1.82805843682617e-19
6.0539692567307695e-06 1.738005327268113e-19
6.0837917653846146e-06 1.7562372755817878e-19
6.113614274038461e-06 1.877708780971712e-19
6.143436782692307e-06 1.911005221710644e-19
6.173259291346154e-06 1.8337712492475687e-19
6.203081799999999e-06 1.8030099506884648e-19
6.232904308653846e-06 1.9218697008686504e-19
6.262726817307692e-06 1.99490270814521e-19
6.292549325961539e-06 1.9264451988837136e-19
6.322371834615384e-06 1.8830956318389815e-19
6.3521943432692305e-06 1.9803085921104954e-19
6.3820168519230765e-06 2.0777970584711683e-19
6.411839360576923e-06 2.0026003527865688e-19
6.441661869230769e-06 1.9460958774632824e-19
6.471484377884615e-06 2.0505670422691867e-19
6.501306886538462e-06 2.1190513083904286e-19
6.531129395192308e-06 2.0691187001761556e-19
6.560951903846154e-06 2.0234909388157673e-19
6.5907744125e-06 2.0818394213120853e-19
6.6205969211538465e-06 2.181519148538806e-19
6.6504194298076925e-06 2.1576545434495982e-19
6.680241938461538e-06 2.0690804666883265e-19
6.710064447115384e-06 2.1288323637172295e-19
6.739886955769231e-06 2.254109814829508e-19
6.769709464423076e-06 2.222598199317431e-19
6.799531973076923e-06 2.1329641046368736e-19
6.829354481730769e-06 2.1827358395469783e-19
6.859176990384616e-06 2.2899313346226864e-19
6.888999499038461e-06 2.2897733850480104e-19
6.918822007692308e-06 2.1988166739216477e-19
6.9486445163461535e-06 2.19056581755385e-19
6.978467025e-06 2.3334148266324337e-19
7.008289533653845e-06 2.3530992321128204e-19
7.038112042307692e-06 2.231330046865221e-19
7.067934550961538e-06 2.2696177799561313e-19
7.097757059615385e-06 2.3759338330828204e-19
7.12757956826923e-06 2.4010515886521836e-19
7.157402076923077e-06 2.316368484797119e-19
7.187224585576923e-06 2.273027030165583e-19
7.2170470942307695e-06 2.422529140946513e-19
7.246869602884615e-06 2.4598922735912583e-19
7.276692111538461e-06 2.332311678102492e-19
7.306514620192307e-06 2.3275716897354014e-19
7.336337128846154e-06 2.43513574790538e-19
7.366159637499999e-06 2.480565323590118e-19
7.395982146153846e-06 2.4194798830123867e-19
7.425804654807692e-06 2.360768672880005e-19
7.455627163461539e-06 2.4509395674361286e-19
7.485449672115384e-06 2.5556547347556477e-19
7.5152721807692314e-06 2.445189774929935e-19
7.5450946894230765e-06 2.3757923550278263e-19
7.5749171980769225e-06 2.496237163053402e-19
7.604739706730769e-06 2.5438863462395286e-19
7.634562215384614e-06 2.500912979102687e-19
7.664384724038461e-06 2.4395193832283385e-19
7.694207232692308e-06 2.462636911059679e-19
7.724029741346153e-06 2.6069772978625915e-19
7.75385225e-06 2.5622683192499373e-19
7.783674758653847e-06 2.4297803613332505e-19
7.813497267307692e-06 2.514384449929223e-19
7.843319775961538e-06 2.615575949129569e-19
7.873142284615385e-06 2.5860324240126494e-19
7.90296479326923e-06 2.4963600066051453e-19
7.932787301923077e-06 2.48653989153457e-19
7.962609810576922e-06 2.6256518099668174e-19
7.992432319230769e-06 2.6256224565911404e-19
8.022254827884616e-06 2.4692612021618436e-19
8.052077336538461e-06 2.5036023272528165e-19
8.081899845192308e-06 2.6490550588235555e-19
8.111722353846154e-06 2.6317555262424485e-19
8.1415448625e-06 2.518424862737302e-19
8.171367371153846e-06 2.5121806549789143e-19
8.201189879807691e-06 2.624034973446247e-19
8.231012388461538e-06 2.67128905044031e-19
8.260834897115385e-06 2.540942167279989e-19
8.29065740576923e-06 2.498358423136175e-19
8.320479914423077e-06 2.6576230005228747e-19
8.350302423076924e-06 2.669307278250185e-19
8.380124931730769e-06 2.554085642063653e-19
8.409947440384616e-06 2.52207741182597e-19
8.43976994903846e-06 2.593869212458663e-19
8.469592457692307e-06 2.6939480902805566e-19
8.499414966346154e-06 2.589212922073682e-19
8.529237475e-06 2.500719245672189e-19
8.559059983653846e-06 2.641263875310149e-19
8.588882492307693e-06 2.7037874408819346e-19
8.618705000961538e-06 2.5989012115199723e-19
8.648527509615385e-06 2.5171048537072604e-19
8.67835001826923e-06 2.5955263740641047e-19
8.708172526923077e-06 2.695317315130455e-19
8.737995035576923e-06 2.6096434960535413e-19
8.767817544230768e-06 2.4965479113065943e-19
8.797640052884614e-06 2.597619921547457e-19
8.827462561538462e-06 2.683715214238536e-19
8.857285070192307e-06 2.587375540845074e-19
8.887107578846154e-06 2.5410709064780956e-19
8.916930087499999e-06 2.572122045459388e-19
8.946752596153846e-06 2.6584106855816816e-19
8.976575104807693e-06 2.6609088654804837e-19
9.006397613461538e-06 2.5189553703346954e-19
9.036220122115384e-06 2.5507796576583194e-19
9.066042630769231e-06 2.6802942765941214e-19
9.095865139423076e-06 2.6319197406183847e-19
9.125687648076923e-06 2.5231260276580694e-19
9.15551015673077e-06 2.535862657607167e-19
9.185332665384615e-06 2.6277459509842424e-19
9.215155174038462e-06 2.6494488728460076e-19
9.244977682692307e-06 2.522409109621924e-19
9.274800191346154e-06 2.498836828617876e-19
9.3046227e-06 2.6554625475665995e-19
9.334445208653846e-06 2.643013245606814e-19
9.364267717307692e-06 2.528569021525414e-19
9.394090225961539e-06 2.5077185072559483e-19
9.423912734615384e-06 2.584621034657178e-19
9.453735243269231e-06 2.6629919999300617e-19
9.483557751923076e-06 2.535865192164124e-19
9.513380260576923e-06 2.4391115399498795e-19
9.54320276923077e-06 2.587815925688532e-19
9.573025277884615e-06 2.651989909001543e-19
9.60284778653846e-06 2.5185576124654814e-19
9.632670295192308e-06 2.4679632322046493e-19
9.662492803846153e-06 2.5522625266241835e-19
9.6923153125e-06 2.6212699389825796e-19
9.722137821153845e-06 2.5510044306469606e-19
9.751960329807692e-06 2.431861013557019e-19
9.781782838461539e-06 2.5267611212578677e-19
9.811605347115384e-06 2.6177997071229846e-19
9.841427855769229e-06 2.5014974890008687e-19
9.871250364423077e-06 2.43705625329036e-19
9.901072873076923e-06 2.492891618722583e-19
9.93089538173077e-06 2.5603210510056284e-19
9.960717890384614e-06 2.539250268662816e-19
9.990540399038461e-06 2.4091508296461893e-19
1.0020362907692308e-05 2.4380294536312165e-19
1.0050185416346153e-05 2.5926663010926845e-19
1.0080007924999998e-05 2.5039979444629166e-19
1.0109830433653847e-05 2.3845947411289384e-19
1.0139652942307692e-05 2.4385437822549527e-19
1.0169475450961539e-05 2.5034862790766785e-19
1.0199297959615384e-05 2.51316327368961e-19
1.022912046826923e-05 2.37295739676267e-19
1.0258942976923077e-05 2.34603546633393e-19
1.0288765485576922e-05 2.5119878909619943e-19
1.0318587994230769e-05 2.481026868241919e-19
1.0348410502884616e-05 2.343747406687963e-19
1.0378233011538461e-05 2.3530342356567953e-19
1.0408055520192308e-05 2.4400279473250854e-19
1.0437878028846155e-05 2.4562239117718962e-19
1.04677005375e-05 2.3575326406536363e-19
1.0497523046153846e-05 2.2921171413873795e-19
1.0527345554807692e-05 2.4049899499061394e-19
1.0557168063461538e-05 2.44247400353636e-19
1.0586990572115385e-05 2.2935060896688853e-19
1.061681308076923e-05 2.271293746733495e-19
1.0646635589423075e-05 2.358751038624557e-19
1.0676458098076924e-05 2.38055368170393e-19
1.0706280606730769e-05 2.30578744003642e-19
1.0736103115384616e-05 2.21259905413764e-19
1.076592562403846e-05 2.297783443390742e-19
1.0795748132692307e-05 2.3821040241928613e-19
1.0825570641346154e-05 2.2514545869905494e-19
1.085539315e-05 2.1833517696230006e-19
1.0885215658653844e-05 2.2602689538839284e-19
1.0915038167307693e-05 2.3063844589491197e-19
1.0944860675961538e-05 2.262603014458655e-19
1.0974683184615385e-05 2.1421449494270223e-19
1.100450569326923e-05 2.1624422371521439e-19
1.1034328201923077e-05 2.2900179928163277e-19
1.1064150710576923e-05 2.2130557291199993e-19
1.1093973219230769e-05 2.0892399567877727e-19
1.1123795727884614e-05 2.1526769123658427e-19
1.1153618236538462e-05 2.2325087871016754e-19
1.1183440745192307e-05 2.1861838337966064e-19
1.1213263253846154e-05 2.0873833753505732e-19
1.1243085762499999e-05 2.0736391488592163e-19
1.1272908271153846e-05 2.181589579652069e-19
1.1302730779807693e-05 2.168834966164932e-19
1.1332553288461538e-05 2.0203465448428874e-19
1.1362375797115383e-05 2.038628469561708e-19
1.1392198305769231e-05 2.1196606416979873e-19
1.1422020814423076e-05 2.0954007338390605e-19
1.1451843323076922e-05 2.0112590554509033e-19
1.1481665831730768e-05 1.9704452341614977e-19
1.1511488340384615e-05 2.0708590300174879e-19
1.1541310849038462e-05 2.0835496575162106e-19
1.1571133357692307e-05 1.948521837238474e-19
1.1600955866346154e-05 1.92907966145613e-19
1.1630778375e-05 2.006925704859751e-19
1.1660600883653846e-05 2.0112643462691562e-19
1.169042339230769e-05 1.940534896473408e-19
1.172024590096154e-05 1.8713409678073084e-19
1.1750068409615384e-05 1.9164673210536165e-19
1.1779890918269231e-05 1.99730150229466e-19
1.1809713426923076e-05 1.8779901190403856e-19
1.1839535935576923e-05 1.8054927243876105e-19
1.186935844423077e-05 1.8936207416528842e-19
1.1899180952884615e-05 1.9017196558267071e-19
1.192900346153846e-05 1.8648108875891905e-19
1.1958825970192308e-05 1.7770301819650055e-19
1.1988648478846153e-05 1.77162655058238e-19
1.20184709875e-05 1.8738882465057835e-19
1.2048293496153845e-05 1.8001942523114334e-19
1.2078116004807692e-05 1.686962393754525e-19
1.2107938513461539e-05 1.736777423483447e-19
1.2137761022115384e-05 1.7890962711983831e-19
1.2167583530769229e-05 1.7405773102227637e-19
1.2197406039423078e-05 1.6634095875319676e-19
1.2227228548076923e-05 1.6548094743495357e-19
1.225705105673077e-05 1.7326539582430083e-19
1.2286873565384615e-05 1.7081634585303468e-19
1.2316696074038461e-05 1.5827263224057512e-19
1.2346518582692308e-05 1.5857532021520066e-19
1.2376341091346153e-05 1.6552451168590047e-19
1.2406163599999998e-05 1.6314775102727896e-19
1.2435986108653847e-05 1.5343684170996413e-19
1.2465808617307692e-05 1.50859507574194e-19
1.2495631125961537e-05 1.5788201275586097e-19
1.2525453634615384e-05 1.5827198401186912e-19
1.255527614326923e-05 1.461085597083907e-19
1.2585098651923077e-05 1.4200140853197294e-19
1.2614921160576922e-05 1.5193490341654773e-19
1.2644743669230768e-05 1.5168023232518054e-19
1.2674566177884616e-05 1.4230441783545637e-19
1.2704388686538461e-05 1.3770896451444667e-19
1.2734211195192306e-05 1.4122268609479355e-19
1.2764033703846153e-05 1.454154220624059e-19
1.27938562125e-05 1.3612403654277366e-19
1.2823678721153847e-05 1.2743799533341142e-19
1.2853501229807692e-05 1.3321053344973885e-19
1.2883323738461538e-05 1.357955616271074e-19
1.2913146247115385e-05 1.2955612596238164e-19
1.294296875576923e-05 1.2296646646992037e-19
1.2972791264423075e-05 1.226916863194306e-19
1.3002613773076924e-05 1.295204955146904e-19
1.3032436281730769e-05 1.2322787718950597e-19
1.3062258790384616e-05 1.113606728202288e-19
1.309208129903846e-05 1.1680319362946817e-19
1.3121903807692308e-05 1.2171212082395918e-19
1.3151726316346154e-05 1.1572335740408182e-19
1.3181548825e-05 1.0841100744906e-19
1.3211371333653845e-05 1.0609147501743022e-19
1.3241193842307693e-05 1.1131944526503995e-19
1.3271016350961538e-05 1.1060619149728633e-19
1.3300838859615385e-05 9.902881479407437e-20
1.333066136826923e-05 9.741071065839225e-20
1.3360483876923077e-05 1.0517591194472613e-19
1.3390306385576924e-05 1.0182213784069982e-19
1.3420128894230769e-05 9.326779540837334e-20
1.3449951402884614e-05 8.954580962289411e-20
1.3479773911538462e-05 9.322635540170792e-20
1.3509596420192307e-05 9.506069989935901e-20
1.3539418928846152e-05 8.374700520845103e-20
1.35692414375e-05 7.860801407055498e-20
1.3599063946153846e-05 8.495917244880242e-20
1.3628886454807693e-05 8.674069978481903e-20
1.3658708963461538e-05 7.846073496185547e-20
1.3688531472115383e-05 6.950200539281736e-20
1.3718353980769231e-05 7.419570316010871e-20
1.3748176489423077e-05 8.008028649765841e-20
1.3777998998076922e-05 7.024672169813898e-20
1.3807821506730768e-05 6.102592025926718e-20
1.3837644015384615e-05 6.609467605383179e-20
1.3867466524038462e-05 6.854906040120506e-20
1.3897289032692307e-05 6.165724907952883e-20
1.3927111541346152e-05 5.428954878851584e-20
1.395693405e-05 5.2659039246182627e-20
1.3986756558653846e-05 5.930746914563789e-20
1.401657906730769e-05 5.522884672164043e-20
1.4046401575961538e-05 4.241507356793385e-20
1.4076224084615384e-05 4.453893082690967e-20
1.4106046593269231e-05 4.972607286121796e-20
1.4135869101923076e-05 4.498924941479596e-20
1.4165691610576923e-05 3.6007381122983227e-20
1.419551411923077e-05 3.4335467418219366e-20
1.4225336627884615e-05 4.061207939137891e-20
1.425515913653846e-05 3.501352838695876e-20
1.4284981645192308e-05 2.296031967422117e-20
1.4314804153846154e-05 2.414678723228281e-20
1.4344626662499999e-05 2.895161543915758e-20
1.4374449171153845e-05 2.5838086451437075e-20
1.4404271679807692e-05 1.8031807003040745e-20
1.4434094188461539e-05 1.3082848149994448e-20
1.4463916697115384e-05 1.7572267801291687e-20
1.449373920576923e-05 1.8288213089987976e-20
1.4523561714423078e-05 7.850438828947368e-21
1.4553384223076923e-05 3.594366379103614e-21
1.4583206731730768e-05 6.818102190654248e-21
1.4613029240384615e-05 8.299708356915105e-21
1.4642851749038461e-05 5.301237389402184e-22
1.4672674257692308e-05 -9.922399703842272e-21
1.4702496766346153e-05 -5.357756333940612e-21
1.4732319274999998e-05 -1.2444588244842272e-21
1.4762141783653847e-05 -1.0600264002177294e-20
1.4791964292307692e-05 -1.7954849752370653e-20
1.4821786800961537e-05 -1.549396556492644e-20
1.4851609309615384e-05 -1.1219766135186733e-20
1.488143181826923e-05 -1.721248200550431e-20
1.4911254326923077e-05 -2.803953394223391e-20
1.4941076835576923e-05 -2.6867697032510928e-20
1.4970899344230768e-05 -2.069102732412722e-20
1.5000721852884616e-05 -2.721831441388814e-20
1.5030544361538463e-05 -3.869815537250572e-20
1.5060366870192308e-05 -3.71556839827846e-20
1.5090189378846153e-05 -3.1610584614088654e-20
1.51200118875e-05 -3.6476612156431093e-20
1.5149834396153845e-05 -4.5994040688313384e-20
1.517965690480769e-05 -4.9082020351978463e-20
1.5209479413461539e-05 -4.2097928248544874e-20
1.5239301922115385e-05 -4.2892253746865785e-20
1.526912443076923e-05 -5.687786855554526e-20
1.5298946939423075e-05 -5.771192165375659e-20
1.5328769448076922e-05 -5.038309751277715e-20
1.535859195673077e-05 -5.528771660224652e-20
1.5388414465384616e-05 -6.243005939600964e-20
1.5418236974038463e-05 -6.722081800895159e-20
1.5448059482692306e-05 -6.463653796841613e-20
1.5477881991346153e-05 -6.07160408041279e-20
1.55077045e-05 -7.32507477717654e-20
1.5537527008653846e-05 -7.900494532717667e-20
1.5567349517307693e-05 -7.08430399468455e-20
1.5597172025961537e-05 -7.206953468435118e-20
1.5626994534615383e-05 -7.864405566780978e-20
1.565681704326923e-05 -8.529548927966058e-20
1.5686639551923077e-05 -8.464654481398686e-20
1.5716462060576924e-05 -7.809149896795151e-20
1.574628456923077e-05 -8.804436607144247e-20
1.5776107077884614e-05 -9.811839201650454e-20
1.580592958653846e-05 -9.090709302027101e-20
1.5835752095192307e-05 -8.888462706567066e-20
1.5865574603846154e-05 -9.589680735081707e-20
1.58953971125e-05 -1.0235870674534239e-19
1.5925219621153844e-05 -1.0303034564542483e-19
1.595504212980769e-05 -9.581680121030387e-20
1.5984864638461538e-05 -1.0012712715424104e-19
1.6014687147115385e-05 -1.1333196484845605e-19
1.604450965576923e-05 -1.1004630511475338e-19
1.6074332164423075e-05 -1.0442960124049976e-19
1.6104154673076922e-05 -1.113314067337778e-19
1.613397718173077e-05 -1.1765212248050269e-19
1.6163799690384615e-05 -1.212721261066165e-19
1.6193622199038462e-05 -1.164587274461344e-19
1.622344470769231e-05 -1.1367488214153896e-19
1.6253267216346152e-05 -1.2719183841508866e-19
1.6283089725e-05 -1.296416083348059e-19
1.6312912233653842e-05 -1.217408728686363e-19
1.6342734742307693e-05 -1.2560562054642339e-19
1.637255725096154e-05 -1.324493310340622e-19
1.6402379759615383e-05 -1.3661234854382195e-19
1.643220226826923e-05 -1.333903741528459e-19
1.6462024776923076e-05 -1.2924026125053636e-19
1.6491847285576923e-05 -1.4148386839374682e-19
1.652166979423077e-05 -1.4756802093551123e-19
1.6551492302884613e-05 -1.3763750736132394e-19
1.658131481153846e-05 -1.396426407388915e-19
1.6611137320192307e-05 -1.4776877349962238e-19
1.6640959828846154e-05 -1.5140120328254149e-19
1.66707823375e-05 -1.5012001409193524e-19
1.6700604846153847e-05 -1.44039584964945e-19
1.673042735480769e-05 -1.5259865944802686e-19
1.6760249863461537e-05 -1.6197323909789298e-19
1.6790072372115384e-05 -1.5535033136794092e-19
1.681989488076923e-05 -1.528037502934766e-19
1.6849717389423078e-05 -1.5976036887873734e-19
1.687953989807692e-05 -1.6684008050512459e-19
1.6909362406730768e-05 -1.6541824823904416e-19
1.6939184915384615e-05 -1.5880396291861345e-19
1.696900742403846e-05 -1.6353375501670922e-19
1.699882993269231e-05 -1.7494724054912692e-19
1.7028652441346155e-05 -1.7151635873380112e-19
1.705847495e-05 -1.644483244547492e-19
1.7088297458653845e-05 -1.704731068290486e-19
1.7118119967307692e-05 -1.7787296009275427e-19
1.714794247596154e-05 -1.797104857211946e-19
1.7177764984615386e-05 -1.737091287193533e-19
1.720758749326923e-05 -1.72528201069523e-19
1.7237410001923076e-05 -1.851939551267477e-19
1.7267232510576923e-05 -1.875684534622375e-19
1.729705501923077e-05 -1.781344786104004e-19
1.7326877527884616e-05 -1.7930204671854522e-19
1.735670003653846e-05 -1.8774118589834802e-19
1.7386522545192306e-05 -1.9201823245239857e-19
1.7416345053846153e-05 -1.8601612087273667e-19
1.74461675625e-05 -1.8173532340590267e-19
1.7475990071153847e-05 -1.9196077018335855e-19
1.7505812579807694e-05 -1.968848514333039e-19
1.7535635088461537e-05 -1.9117166927892615e-19
1.7565457597115384e-05 -1.8945131696154762e-19
1.7595280105769227e-05 -1.9523792148250576e-19
1.7625102614423077e-05 -2.0149993489632354e-19
1.7654925123076924e-05 -1.975818603016385e-19
1.7684747631730767e-05 -1.9159544725210573e-19
1.7714570140384614e-05 -1.9865642527635961e-19
1.774439264903846e-05 -2.0660041941883919e-19
1.7774215157692308e-05 -2.0073847560846347e-19
1.7804037666346155e-05 -1.957896224570423e-19
1.7833860174999998e-05 -2.0171122319234268e-19
1.7863682683653845e-05 -2.077383484906224e-19
1.789350519230769e-05 -2.0747940155116624e-19
1.792332770096154e-05 -1.9936510139074357e-19
1.7953150209615385e-05 -2.013619349690029e-19
1.7982972718269232e-05 -2.146798289070221e-19
1.8012795226923075e-05 -2.1062082577857267e-19
1.8042617735576922e-05 -2.017514296604511e-19
1.807244024423077e-05 -2.0694352798962208e-19
1.8102262752884616e-05 -2.1399978707924403e-19
1.8132085261538462e-05 -2.1315884537775236e-19
1.8161907770192306e-05 -2.0642615960894427e-19
1.8191730278846153e-05 -2.0620646362827334e-19
1.82215527875e-05 -2.1514800308454403e-19
1.8251375296153846e-05 -2.1675616864098736e-19
1.8281197804807693e-05 -2.088615752190999e-19
1.831102031346154e-05 -2.0915905450164355e-19
1.8340842822115383e-05 -2.1724319408153225e-19
1.837066533076923e-05 -2.195230918336457e-19
1.8400487839423073e-05 -2.1416096305979542e-19
1.8430310348076924e-05 -2.0900260466845868e-19
1.846013285673077e-05 -2.1703272992851907e-19
1.8489955365384614e-05 -2.22455563642841e-19
1.851977787403846e-05 -2.1218704056206396e-19
1.8549600382692307e-05 -2.1135053668977573e-19
1.8579422891346154e-05 -2.1775758114481284e-19
1.86092454e-05 -2.205359648169944e-19
1.8639067908653844e-05 -2.186940963715364e-19
1.866889041730769e-05 -2.1038197212027166e-19
1.8698712925961538e-05 -2.1613576719031715e-19
1.8728535434615385e-05 -2.2574394913306604e-19
1.875835794326923e-05 -2.1768062395341715e-19
1.8788180451923078e-05 -2.108020210299343e-19
1.881800296057692e-05 -2.167980668403404e-19
1.884782546923077e-05 -2.228365174500206e-19
1.8877647977884612e-05 -2.2040275151364333e-19
1.8907470486538462e-05 -2.1243005202581592e-19
1.893729299519231e-05 -2.121668974042521e-19
1.8967115503846152e-05 -2.2350252536188363e-19
1.89969380125e-05 -2.208815268264682e-19
1.9026760521153846e-05 -2.1043345979906757e-19
1.9056583029807692e-05 -2.1556698198105152e-19
1.908640553846154e-05 -2.2052022304957683e-19
1.9116228047115383e-05 -2.2118087911541644e-19
1.914605055576923e-05 -2.1363130715828896e-19
1.9175873064423076e-05 -2.074490529829516e-19
1.920569557307692e-05 -2.2143317812940996e-19
1.923551808173077e-05 -2.199920601081441e-19
1.9265340590384617e-05 -2.074565679442041e-19
1.929516309903846e-05 -2.1174676816487783e-19
1.9324985607692307e-05 -2.1694399338519603e-19
1.9354808116346154e-05 -2.1867426302216674e-19
1.9384630625e-05 -2.122924823488086e-19
1.9414453133653847e-05 -2.0541629580958932e-19
1.944427564230769e-05 -2.1283256174491911e-19
1.9474098150961537e-05 -2.191861206676154e-19
1.9503920659615384e-05 -2.0935985798545177e-19
1.953374316826923e-05 -2.0319974245990591e-19
1.9563565676923078e-05 -2.1201393489999426e-19
1.9593388185576924e-05 -2.1340532105089877e-19
1.9623210694230768e-05 -2.0898711006894457e-19
1.9653033202884615e-05 -2.0262617236473925e-19
1.9682855711538458e-05 -2.03215645185568e-19
1.9712678220192308e-05 -2.1452369837998847e-19
1.9742500728846155e-05 -2.0670820274493363e-19
1.97723232375e-05 -1.9784446162064314e-19
1.9802145746153845e-05 -2.0580686255651748e-19
1.9831968254807692e-05 -2.077025251263723e-19
1.986179076346154e-05 -2.048752450670954e-19
1.9891613272115386e-05 -1.9824148568875272e-19
1.992143578076923e-05 -1.9542932977286468e-19
1.9951258289423076e-05 -2.0610107998248045e-19
1.9981080798076922e-05 -2.0250967066005026e-19
2.001090330673077e-05 -1.9112932563288926e-19
2.0040725815384616e-05 -1.9686743274332515e-19
2.0070548324038463e-05 -1.9999878083524089e-19
2.0100370832692306e-05 -1.9910372331218152e-19
2.0130193341346153e-05 -1.9418192569735995e-19
2.0160015849999996e-05 -1.8677071452713004e-19
2.0189838358653847e-05 -1.9722970993622356e-19
2.0219660867307693e-05 -2.0105656496549456e-19
2.0249483375961537e-05 -1.874745252223674e-19
2.0279305884615384e-05 -1.8581844195742112e-19
2.030912839326923e-05 -1.9325003138225137e-19
2.0338950901923077e-05 -1.9418375915673534e-19
2.0368773410576924e-05 -1.8814437690087955e-19
2.0398595919230767e-05 -1.7968293272230988e-19
2.0428418427884614e-05 -1.8677612293241667e-19
2.045824093653846e-05 -1.9629318811077505e-19
2.0488063445192304e-05 -1.8251238611446748e-19
2.0517885953846154e-05 -1.7619316762036057e-19
2.05477084625e-05 -1.8695260493824623e-19
2.0577530971153845e-05 -1.8764741606502046e-19
2.060735347980769e-05 -1.825466702874257e-19
2.0637175988461538e-05 -1.7546716462326379e-19
2.0666998497115385e-05 -1.7538950146769097e-19
2.0696821005769232e-05 -1.8772044443397063e-19
2.0726643514423075e-05 -1.8065345145642006e-19
2.0756466023076922e-05 -1.6668265221865094e-19
2.078628853173077e-05 -1.758179658688467e-19
2.0816111040384616e-05 -1.813921590050226e-19
2.0845933549038462e-05 -1.7466469614187697e-19
2.087575605769231e-05 -1.697456219711119e-19
2.0905578566346152e-05 -1.6746991912018074e-19
2.0935401075e-05 -1.7645823308431364e-19
2.0965223583653843e-05 -1.764260277221766e-19
2.0995046092307693e-05 -1.6068421533635657e-19
2.102486860096154e-05 -1.6498267252668666e-19
2.1054691109615383e-05 -1.7344465755130567e-19
2.108451361826923e-05 -1.6859352322065972e-19
2.1114336126923077e-05 -1.6211481599739434e-19
2.1144158635576923e-05 -1.5670413561665216e-19
2.117398114423077e-05 -1.6559154816285664e-19
2.1203803652884614e-05 -1.699986244783738e-19
2.123362616153846e-05 -1.552574912718786e-19
2.1263448670192307e-05 -1.5329802710521787e-19
2.129327117884615e-05 -1.645659650732934e-19
2.13230936875e-05 -1.6376137532828714e-19
2.1352916196153847e-05 -1.5457028586790093e-19
2.138273870480769e-05 -1.5009844822865658e-19
2.1412561213461538e-05 -1.5458582195346093e-19
2.144238372211538e-05 -1.6197358856337123e-19
2.147220623076923e-05 -1.5037524714396418e-19
2.1502028739423078e-05 -1.400800250162022e-19
2.153185124807692e-05 -1.5341726571307734e-19
2.1561673756730768e-05 -1.5516879906116248e-19
2.1591496265384615e-05 -1.4692663082863666e-19
2.1621318774038462e-05 -1.4218463713877617e-19
2.165114128269231e-05 -1.419856375386237e-19
2.1680963791346152e-05 -1.5323941177613938e-19
2.17107863e-05 -1.4619140413015638e-19
2.1740608808653846e-05 -1.3163010720783478e-19
2.177043131730769e-05 -1.4090687239985347e-19
2.180025382596154e-05 -1.467068292596844e-19
2.1830076334615386e-05 -1.385046525539872e-19
2.185989884326923e-05 -1.3247689746596066e-19
2.1889721351923076e-05 -1.3123226395690315e-19
2.1919543860576923e-05 -1.396817358121301e-19
2.194936636923077e-05 -1.3949852436033073e-19
2.1979188877884616e-05 -1.2416365495388096e-19
2.200901138653846e-05 -1.283744229813171e-19
2.2038833895192307e-05 -1.388766900513093e-19
2.2068656403846153e-05 -1.3171185662516098e-19
2.2098478912499997e-05 -1.2380322781783685e-19
2.2128301421153847e-05 -1.1979996282076919e-19
2.2158123929807694e-05 -1.2786405649647727e-19
2.2187946438461537e-05 -1.3487683366603767e-19
2.2217768947115384e-05 -1.1709702464509848e-19
2.2247591455769227e-05 -1.130701738355184e-19
2.2277413964423077e-05 -1.2736685450712445e-19
2.2307236473076924e-05 -1.2453218159908944e-19
2.2337058981730768e-05 -1.1667405636261887e-19
2.2366881490384614e-05 -1.1313892050624693e-19
2.239670399903846e-05 -1.1720372087125834e-19
2.2426526507692308e-05 -1.2556066802174188e-19
2.2456349016346155e-05 -1.1411345831385482e-19
2.2486171524999998e-05 -1.0383875188103684e-19
2.2515994033653845e-05 -1.1660929872348554e-19
2.2545816542307692e-05 -1.196603725194955e-19
2.2575639050961535e-05 -1.0834268056312356e-19
2.2605461559615385e-05 -1.03612897323877e-19
2.2635284068269232e-05 -1.0752648071738202e-19
2.2665106576923076e-05 -1.154972695532588e-19
2.2694929085576922e-05 -1.0926542162174194e-19
2.2724751594230766e-05 -9.504973360518181e-20
2.2754574102884616e-05 -1.0432906521997419e-19
2.2784396611538463e-05 -1.1355294797375944e-19
2.2814219120192306e-05 -1.0253656574606853e-19
2.2844041628846153e-05 -9.624113412512402e-20
2.28738641375e-05 -9.79325430528186e-20
2.2903686646153843e-05 -1.0564847235423746e-19
2.2933509154807693e-05 -1.0490074883651276e-19
2.2963331663461537e-05 -8.964976183267431e-20
2.2993154172115383e-05 -9.153411609489266e-20
2.302297668076923e-05 -1.0445839211992189e-19
2.3052799189423074e-05 -9.875053851180473e-20
2.3082621698076924e-05 -8.799319043845243e-20
2.311244420673077e-05 -9.022502065346471e-20
2.3142266715384614e-05 -9.704075026289462e-20
2.317208922403846e-05 -9.837062964085332e-20
2.3201911732692307e-05 -8.73932323414618e-20
2.3231734241346154e-05 -8.240047201381872e-20
2.326155675e-05 -9.596483446285774e-20
2.3291379258653844e-05 -9.448796178776002e-20
2.332120176730769e-05 -8.158837174365646e-20
2.3351024275961538e-05 -8.202943252745807e-20
2.338084678461538e-05 -8.724471621540403e-20
2.341066929326923e-05 -9.37666367029107e-20
2.344049180192308e-05 -8.361531408180994e-20
2.3470314310576922e-05 -7.205346055978327e-20
2.350013681923077e-05 -8.80796969648114e-20
2.3529959327884612e-05 -9.155641851443915e-20
2.3559781836538462e-05 -7.880507105786917e-20
2.358960434519231e-05 -7.50709388450396e-20
2.3619426853846152e-05 -7.811180882881962e-20
2.36492493625e-05 -8.823440974876934e-20
2.3679071871153846e-05 -8.106670013222304e-20
2.3708894379807693e-05 -6.688319756771325e-20
2.373871688846154e-05 -7.679034595168938e-20
2.3768539397115383e-05 -8.539264387047421e-20
2.379836190576923e-05 -7.545926629486776e-20
2.3828184414423076e-05 -6.812947072307887e-20
2.385800692307692e-05 -7.253236553333583e-20
2.388782943173077e-05 -7.983183224029444e-20
2.3917651940384617e-05 -7.82208645113599e-20
2.394747444903846e-05 -6.354524529302124e-20
2.3977296957692307e-05 -6.6091516178494e-20
2.400711946634615e-05 -8.121507085242536e-20
2.4036941975e-05 -7.115121170187951e-20
2.4066764483653847e-05 -6.166653067779516e-20
2.409658699230769e-05 -6.586861178479377e-20
2.4126409500961537e-05 -7.036661692214157e-20
2.4156232009615384e-05 -7.388882366709591e-20
2.4186054518269228e-05 -6.127146287616277e-20
2.4215877026923078e-05 -5.792709480407089e-20
2.424569953557692e-05 -7.364083766562864e-20
2.4275522044230768e-05 -6.984884079388392e-20
2.4305344552884615e-05 -5.823762965951482e-20
2.4335167061538458e-05 -5.8439223320847e-20
2.436498957019231e-05 -6.41578355008111e-20
2.4394812078846155e-05 -6.953922585215622e-20
2.44246345875e-05 -5.906279647491985e-20
2.4454457096153845e-05 -5.0793778140782265e-20
2.4484279604807692e-05 -6.407177803463176e-20
2.451410211346154e-05 -6.852548066693664e-20
2.4543924622115386e-05 -5.454194903679372e-20
2.457374713076923e-05 -5.160796551226241e-20
2.4603569639423076e-05 -6.089051827030693e-20
2.4633392148076923e-05 -6.399703938896194e-20
2.4663214656730766e-05 -5.799876503386611e-20
2.4693037165384616e-05 -4.710209425569915e-20
2.4722859674038463e-05 -5.481930579602324e-20
2.4752682182692306e-05 -6.402181803177568e-20
2.4782504691346153e-05 -5.067336657563229e-20
2.4812327199999997e-05 -4.65252034945279e-20
2.4842149708653847e-05 -5.146948380946772e-20
2.4871972217307694e-05 -5.635862580745686e-20
2.4901794725961537e-05 -5.671761194492592e-20
2.4931617234615384e-05 -4.315689775185569e-20
2.496143974326923e-05 -4.4738619290990437e-20
2.4991262251923074e-05 -5.97383101746184e-20
2.5021084760576924e-05 -5.1253291930214495e-20
2.5050907269230768e-05 -3.9958772033941495e-20
2.5080729777884614e-05 -4.5487224509069895e-20
2.511055228653846e-05 -4.859332132248325e-20
2.5140374795192304e-05 -4.970685280913668e-20
2.5170197303846155e-05 -4.09966811349482e-20
2.52000198125e-05 -3.3623301256177056e-20
2.5229842321153845e-05 -4.9342629174021797e-20
2.525966482980769e-05 -4.8748214464241843e-20
2.5289487338461535e-05 -3.284529919512135e-20
2.5319309847115385e-05 -3.757470017893845e-20
2.5349132355769232e-05 -4.2600151368309754e-20
2.5378954864423075e-05 -4.3580464107779994e-20
2.5408777373076922e-05 -3.840674883632841e-20
2.543859988173077e-05 -2.63327002680389e-20
2.5468422390384612e-05 -3.7374973852731844e-20
2.5498244899038463e-05 -4.383362689911574e-20
2.5528067407692306e-05 -2.7092986643219335e-20
2.5557889916346153e-05 -2.4842217807010907e-20
2.5587712425e-05 -3.2977624418012745e-20
2.5617534933653843e-05 -3.533187096685552e-20
2.5647357442307693e-05 -3.0750303655246375e-20
2.567717995096154e-05 -1.957765606462241e-20
2.5707002459615383e-05 -2.4915559186135915e-20
2.573682496826923e-05 -3.676012340071585e-20
2.5766647476923077e-05 -2.525241380070989e-20
2.579646998557692e-05 -1.5913312200818762e-20
2.582629249423077e-05 -2.1781382314499733e-20
2.5856115002884614e-05 -2.5518131593650497e-20
2.588593751153846e-05 -2.482653504934726e-20
2.5915760020192307e-05 -1.2234039136157832e-20
2.594558252884615e-05 -1.0819147554902707e-20
2.59754050375e-05 -2.6375895210835554e-20
2.6005227546153848e-05 -1.7888678441520648e-20
2.603505005480769e-05 -5.267273006279418e-21
2.6064872563461538e-05 -1.1048403127153824e-20
2.609469507211538e-05 -1.5154727927165905e-20
2.612451758076923e-05 -1.4891356694187198e-20
2.6154340089423078e-05 -5.7965562017758466e-21
2.618416259807692e-05 1.9459830944357895e-22
2.621398510673077e-05 -1.0970927917498667e-20
2.6243807615384615e-05 -1.110533216893187e-20
2.627363012403846e-05 2.888453698201558e-21
2.630345263269231e-05 2.168645128907908e-21
2.6333275141346152e-05 -4.216776479571003e-21
2.636309765e-05 -4.227018657357315e-21
2.6392920158653846e-05 1.7022940894164363e-21
2.642274266730769e-05 1.1395792869801582e-20
2.645256517596154e-05 3.7430894263572764e-21
2.6482387684615386e-05 -3.5366050617433374e-21
2.651221019326923e-05 1.0756393306998284e-20
2.6542032701923076e-05 1.5963410826669928e-20
2.657185521057692e-05 8.590498745316595e-21
2.660167771923077e-05 6.560734483570463e-21
2.6631500227884617e-05 1.1251060399964933e-20
2.666132273653846e-05 2.292077149753119e-20
2.6691145245192307e-05 1.9714334794881314e-20
2.6720967753846154e-05 7.035150000241749e-21
2.6750790262499997e-05 1.871350458081109e-20
2.6780612771153847e-05 2.8886598518053116e-20
2.681043527980769e-05 2.199875322404977e-20
2.6840257788461537e-05 1.8692190202559238e-20
2.6870080297115384e-05 2.0801788630881803e-20
2.6899902805769228e-05 3.287135193071918e-20
2.6929725314423078e-05 3.442819934237216e-20
2.6959547823076924e-05 2.160381417366562e-20
2.6989370331730768e-05 2.6973313133760002e-20
2.7019192840384615e-05 4.113791783284097e-20
2.704901534903846e-05 3.960697984444278e-20
2.7078837857692305e-05 2.957206970425306e-20
2.7108660366346155e-05 3.226518540353954e-20
2.7138482875e-05 4.384761928322761e-20
2.7168305383653845e-05 4.7596451140570206e-20
2.7198127892307692e-05 3.895986719773783e-20
2.7227950400961535e-05 3.5399792923425075e-20
2.7257772909615386e-05 5.217573702657636e-20
2.7287595418269232e-05 5.593904057266033e-20
2.7317417926923076e-05 4.363627798435596e-20
2.7347240435576923e-05 4.6752520316347906e-20
2.7377062944230766e-05 5.627777137101717e-20
2.7406885452884616e-05 6.337226866400414e-20
2.7436707961538463e-05 5.679433552876587e-20
2.7466530470192306e-05 4.8857890387369955e-20
2.7496352978846153e-05 6.613001400064101e-20
2.75261754875e-05 7.101222980323311e-20
2.7555997996153843e-05 6.196282649166013e-20
2.7585820504807693e-05 6.378529511295727e-20
2.7615643013461537e-05 6.691093989067183e-20
2.7645465522115384e-05 7.762695523392109e-20
2.767528803076923e-05 7.708097966403788e-20
2.7705110539423074e-05 6.568588241124395e-20
2.7734933048076924e-05 7.623416045681394e-20
2.776475555673077e-05 8.822018335378691e-20
2.7794578065384614e-05 8.290187060273738e-20
2.782440057403846e-05 7.818255322642847e-20
2.7854223082692304e-05 8.225144957809881e-20
2.788404559134615e-05 9.38063432028442e-20
2.79138681e-05 9.542771027279966e-20
2.7943690608653845e-05 8.316057710602975e-20
2.797351311730769e-05 8.950257486655797e-20
2.8003335625961538e-05 1.052433711252346e-19
2.803315813461538e-05 1.0267161533715916e-19
2.8062980643269232e-05 9.69711638569495e-20
2.8092803151923075e-05 9.863735254240773e-20
2.8122625660576922e-05 1.0949536463304752e-19
2.815244816923077e-05 1.1820212776967128e-19
2.8182270677884612e-05 1.0646545196078998e-19
2.8212093186538462e-05 1.0281280901634852e-19
2.824191569519231e-05 1.2151376312056611e-19
2.8271738203846153e-05 1.249442247609146e-19
2.83015607125e-05 1.1453118363723618e-19
2.8331383221153846e-05 1.1548728481439015e-19
2.836120572980769e-05 1.253403089917303e-19
2.839102823846154e-05 1.3564735421861519e-19
2.8420850747115383e-05 1.2802800420244343e-19
2.845067325576923e-05 1.1960208988731914e-19
2.8480495764423077e-05 1.369919814607532e-19
2.851031827307692e-05 1.4594570898401476e-19
2.854014078173077e-05 1.3740020121078523e-19
2.8569963290384617e-05 1.3350642711686431e-19
2.859978579903846e-05 1.4083479117883802e-19
2.8629608307692307e-05 1.5553766041346143e-19
2.865943081634615e-05 1.4987112877470652e-19
2.8689253324999997e-05 1.3818183969865038e-19
2.8719075833653848e-05 1.522056973816799e-19
2.874889834230769e-05 1.6523047140393348e-19
2.8778720850961538e-05 1.5947625892879858e-19
2.8808543359615384e-05 1.5372043384370126e-19
2.8838365868269228e-05 1.594755531420697e-19
2.8868188376923078e-05 1.7231098364726192e-19
2.889801088557692e-05 1.7436539013148636e-19
2.8927833394230768e-05 1.6130702361475435e-19
2.8957655902884615e-05 1.6541286598186375e-19
2.898747841153846e-05 1.845604425890838e-19
2.901730092019231e-05 1.8127831343277541e-19
2.9047123428846155e-05 1.72591537860654e-19
2.90769459375e-05 1.7809713588554854e-19
2.9106768446153846e-05 1.8887425917935892e-19
2.913659095480769e-05 1.9636244230444156e-19
2.9166413463461536e-05 1.8375281284108095e-19
2.9196235972115386e-05 1.8222709960515718e-19
2.922605848076923e-05 2.0470304667212802e-19
2.9255880989423076e-05 2.0437061620373338e-19
2.9285703498076923e-05 1.9419479858447286e-19
2.9315526006730766e-05 1.9638214951772655e-19
2.9345348515384616e-05 2.0413019090934314e-19
2.937517102403846e-05 2.1686887419698328e-19
2.9404993532692307e-05 2.0943320303922552e-19
2.9434816041346153e-05 1.978399547474822e-19
2.9464638549999997e-05 2.1769305230901553e-19
2.9494461058653847e-05 2.2844271514407575e-19
2.9524283567307694e-05 2.146530125951022e-19
2.9554106075961537e-05 2.1388281334603913e-19
2.9583928584615384e-05 2.24172709600521e-19
2.961375109326923e-05 2.350060081207056e-19
2.9643573601923074e-05 2.3345256612150547e-19
2.9673396110576924e-05 2.1955120910074383e-19
2.9703218619230768e-05 2.316721745096917e-19
2.9733041127884615e-05 2.4868540099088984e-19
2.976286363653846e-05 2.3670580235198605e-19
2.9792686145192305e-05 2.325338969146314e-19
2.9822508653846155e-05 2.4200887451849035e-19
2.98523311625e-05 2.5086370471214724e-19
2.9882153671153845e-05 2.5680353213658506e-19
2.9911976179807692e-05 2.404152717291585e-19
2.9941798688461535e-05 2.426145808851119e-19
2.9971621197115382e-05 2.6910930421922982e-19
3.0001443705769232e-05 2.604320500787305e-19
3.0031266214423076e-05 2.500573905913001e-19
3.0061088723076926e-05 2.594963974594057e-19
3.009091123173077e-05 2.677970946486373e-19
3.0120733740384616e-05 2.7401126963619126e-19
3.015055624903846e-05 2.603246500297574e-19
3.0180378757692306e-05 2.5833928284909707e-19
3.021020126634615e-05 2.8240115550751183e-19
3.0240023775e-05 2.8280631119737634e-19
3.0269846283653846e-05 2.6786252348230433e-19
3.029966879230769e-05 2.7129476570383532e-19
3.032949130096154e-05 2.8431479269575583e-19
3.035931380961538e-05 2.913419882559438e-19
3.038913631826923e-05 2.820858918680398e-19
3.0418958826923077e-05 2.7286669480711244e-19
3.044878133557692e-05 2.914774867364136e-19
3.047860384423077e-05 3.01924275371433e-19
3.050842635288461e-05 2.850938281699158e-19
3.053824886153846e-05 2.829308855356193e-19
3.056807137019231e-05 2.954523691471133e-19
3.059789387884615e-05 3.041622752271396e-19
3.06277163875e-05 3.003089566489196e-19
3.0657538896153845e-05 2.8736229925554325e-19
3.068736140480769e-05 2.9921141759321795e-19
3.071718391346154e-05 3.1778624463082416e-19
3.0747006422115385e-05 3.0381947843344085e-19
3.077682893076923e-05 2.9462460440223666e-19
3.080665143942307e-05 3.0660480283525943e-19
3.0836473948076925e-05 3.1507300214521055e-19
3.086629645673077e-05 3.1494045902286133e-19
3.089611896538461e-05 3.007337821132601e-19
3.0925941474038466e-05 3.0481104389867526e-19
3.0955763982692306e-05 3.2784868544122424e-19
