0.0 1.8375891879378984e-19
2.9816850051706306e-08 1.7878821030601304e-19
5.963370010341261e-08 1.8644638789797026e-19
8.945055015511892e-08 1.9003753906204556e-19
1.1926740020682522e-07 1.794512249247529e-19
1.4908425025853155e-07 1.6775280998818472e-19
1.7890110031023785e-07 1.7650000138895206e-19
2.0871795036194417e-07 1.8198567795075962e-19
2.3853480041365045e-07 1.685544552130659e-19
2.6835165046535677e-07 1.5871765223083573e-19
2.981685005170631e-07 1.6447073203296142e-19
3.279853505687694e-07 1.6929409530149087e-19
3.578022006204757e-07 1.6134967537655599e-19
3.87619050672182e-07 1.4985573733342494e-19
4.1743590072388835e-07 1.5138240324836727e-19
4.472527507755946e-07 1.6158681014064446e-19
4.770696008273009e-07 1.543949803220906e-19
5.068864508790072e-07 1.3943782406905907e-19
5.367033009307135e-07 1.40189479689872e-19
5.665201509824199e-07 1.4825037885707668e-19
5.963370010341262e-07 1.4510737135167122e-19
6.261538510858325e-07 1.2984708565343365e-19
6.559707011375388e-07 1.2784417375768168e-19
6.857875511892451e-07 1.3872644456772595e-19
7.156044012409514e-07 1.34544832401372e-19
7.454212512926577e-07 1.1985372125288405e-19
7.75238101344364e-07 1.1676878060975437e-19
8.050549513960704e-07 1.261233361146622e-19
8.348718014477767e-07 1.259667684268484e-19
8.646886514994829e-07 1.1084838358713736e-19
8.945055015511892e-07 1.0513143194905085e-19
9.243223516028956e-07 1.145162214270975e-19
9.541392016546018e-07 1.1558491312451027e-19
9.839560517063081e-07 1.0103799284573463e-19
1.0137729017580144e-06 9.436252246605106e-20
1.0435897518097208e-06 1.01982481911434e-19
1.073406601861427e-06 1.0303039050503851e-19
1.1032234519131334e-06 9.217793692157827e-20
1.1330403019648397e-06 8.368435463364766e-20
1.162857152016546e-06 8.899978468217603e-20
1.1926740020682524e-06 9.449039523339026e-20
1.2224908521199587e-06 8.230114750445356e-20
1.252307702171665e-06 7.127089835672166e-20
1.2821245522233714e-06 7.793794356905017e-20
1.3119414022750777e-06 8.319335775353822e-20
1.3417582523267838e-06 7.347410494089918e-20
1.3715751023784901e-06 5.905315730364798e-20
1.4013919524301965e-06 6.288510826640206e-20
1.4312088024819028e-06 7.417278775499062e-20
1.4610256525336091e-06 6.104218080105475e-20
1.4908425025853154e-06 4.8812074100927033e-20
1.5206593526370218e-06 5.46744190539734e-20
1.550476202688728e-06 5.873462861161092e-20
1.5802930527404344e-06 5.344332265682254e-20
1.6101099027921407e-06 3.970990929514036e-20
1.639926752843847e-06 3.9571099530273206e-20
1.6697436028955534e-06 5.013970106630048e-20
1.6995604529472597e-06 4.26902254642377e-20
1.7293773029989658e-06 2.813300416230834e-20
1.7591941530506722e-06 2.775192538601357e-20
1.7890110031023785e-06 3.3968649930585685e-20
1.8188278531540848e-06 3.280506933572269e-20
1.8486447032057911e-06 2.0263149990518784e-20
1.8784615532574975e-06 1.3818728778445868e-20
1.9082784033092036e-06 2.5145976648312704e-20
1.93809525336091e-06 2.4573391574690386e-20
1.9679121034126162e-06 8.832705721977533e-21
1.9977289534643225e-06 4.713805870803093e-21
2.027545803516029e-06 1.0972160819419268e-20
2.057362653567735e-06 1.2384615689685322e-20
2.0871795036194415e-06 2.1510993419934162e-21
2.116996353671148e-06 -8.687661189076702e-21
2.146813203722854e-06 -2.4161042379908038e-21
2.1766300537745605e-06 4.905066993575043e-21
2.206446903826267e-06 -1.0040055388747995e-20
2.236263753877973e-06 -1.918182357767055e-20
2.2660806039296795e-06 -1.0430733220525866e-20
2.2958974539813854e-06 -8.840674485539882e-21
2.325714304033092e-06 -1.8242598611878796e-20
2.355531154084798e-06 -2.901995436119591e-20
2.3853480041365048e-06 -2.3680773774956894e-20
2.4151648541882107e-06 -1.6173374913673805e-20
2.4449817042399174e-06 -2.9461183629708336e-20
2.4747985542916233e-06 -3.9567657620002345e-20
2.50461540434333e-06 -3.6311195174991486e-20
2.534432254395036e-06 -3.171194679923015e-20
2.5642491044467427e-06 -3.702884232115504e-20
2.5940659544984486e-06 -5.0445148699246975e-20
2.6238828045501554e-06 -4.8390789280183204e-20
2.6536996546018613e-06 -3.8859413299381963e-20
2.6835165046535676e-06 -4.7926017050558365e-20
2.713333354705274e-06 -6.051281929605635e-20
2.7431502047569803e-06 -5.821058278300938e-20
2.7729670548086866e-06 -5.285635017995361e-20
2.802783904860393e-06 -5.624655211810621e-20
2.8326007549120992e-06 -6.824209968030973e-20
2.8624176049638056e-06 -7.234895930146949e-20
2.892234455015512e-06 -6.362741869432743e-20
2.9220513050672182e-06 -6.602269973484194e-20
2.9518681551189245e-06 -8.152364819481125e-20
2.981685005170631e-06 -8.32159281414667e-20
3.011501855222337e-06 -7.48828871676807e-20
3.0413187052740435e-06 -7.726468389513558e-20
3.0711355553257494e-06 -8.65219699774898e-20
3.100952405377456e-06 -9.469900925767005e-20
3.130769255429162e-06 -8.944125227917578e-20
3.160586105480869e-06 -8.358446539069332e-20
3.1904029555325747e-06 -1.0005835823223722e-19
3.2202198055842815e-06 -1.076648663201457e-19
3.2500366556359874e-06 -9.94529124727746e-20
3.279853505687694e-06 -9.9946792683135e-20
3.3096703557394e-06 -1.0744596308919946e-19
3.3394872057911068e-06 -1.1818784100085382e-19
3.3693040558428127e-06 -1.1461435346864218e-19
3.3991209058945194e-06 -1.06237245910397e-19
3.4289377559462253e-06 -1.1999154495436956e-19
3.4587546059979317e-06 -1.2977304678184988e-19
3.488571456049638e-06 -1.2165075616606616e-19
3.5183883061013443e-06 -1.2068587521943947e-19
3.5482051561530506e-06 -1.288056182895237e-19
3.578022006204757e-06 -1.3914141150082933e-19
3.6078388562564633e-06 -1.4087766957633439e-19
3.6376557063081696e-06 -1.29686215671615e-19
3.667472556359876e-06 -1.3719787966791606e-19
3.6972894064115823e-06 -1.5440620304989357e-19
3.7271062564632886e-06 -1.4869730673137867e-19
3.756923106514995e-06 -1.4218516138704825e-19
3.7867399565667012e-06 -1.487768256720857e-19
3.816556806618407e-06 -1.5793815319707418e-19
3.8463736566701135e-06 -1.6357477100224292e-19
3.87619050672182e-06 -1.5554498596571643e-19
3.906007356773526e-06 -1.5525721455323898e-19
3.9358242068252324e-06 -1.7408220529250093e-19
3.965641056876939e-06 -1.7456827159922844e-19
3.995457906928645e-06 -1.6430422325162944e-19
4.025274756980351e-06 -1.7121057182421297e-19
4.055091607032058e-06 -1.7859412358418656e-19
4.084908457083764e-06 -1.835719056672594e-19
4.11472530713547e-06 -1.8010549927744915e-19
4.1445421571871776e-06 -1.742134318287493e-19
4.174359007238883e-06 -1.9143964818183466e-19
4.204175857290589e-06 -1.9747250167144274e-19
4.233992707342296e-06 -1.8579442358265728e-19
4.263809557394002e-06 -1.8879994069374761e-19
4.293626407445708e-06 -1.9803462658028835e-19
4.323443257497415e-06 -2.057402184919314e-19
4.353260107549121e-06 -2.0310015724437395e-19
4.383076957600827e-06 -1.9524310889113665e-19
4.412893807652534e-06 -2.0802754148046465e-19
4.44271065770424e-06 -2.1927310380408746e-19
4.472527507755946e-06 -2.0756380683526279e-19
4.502344357807653e-06 -2.0666604881870186e-19
4.532161207859359e-06 -2.172645946560035e-19
4.561978057911065e-06 -2.2203627675526355e-19
4.591794907962771e-06 -2.2347390519999925e-19
4.621611758014478e-06 -2.146552671892962e-19
4.651428608066184e-06 -2.2225749931664636e-19
4.681245458117891e-06 -2.384191725944945e-19
4.711062308169596e-06 -2.28880278438444e-19
4.740879158221303e-06 -2.247899890434947e-19
4.7706960082730096e-06 -2.3348424375385687e-19
4.800512858324716e-06 -2.383917803341146e-19
4.830329708376421e-06 -2.413447963008777e-19
4.8601465584281285e-06 -2.3359773753332734e-19
4.889963408479835e-06 -2.3348938520078154e-19
4.919780258531541e-06 -2.5187996355042946e-19
4.949597108583247e-06 -2.503359522079772e-19
4.979413958634954e-06 -2.3810729182546695e-19
5.00923080868666e-06 -2.470343423865801e-19
5.039047658738366e-06 -2.550789743971715e-19
5.068864508790072e-06 -2.5697272167883735e-19
5.098681358841779e-06 -2.5387837100738103e-19
5.1284982088934855e-06 -2.4733622730205577e-19
5.158315058945191e-06 -2.6298536335040166e-19
5.188131908996897e-06 -2.692087493618256e-19
5.2179487590486044e-06 -2.539125906924538e-19
5.247765609100311e-06 -2.576992729737511e-19
5.277582459152016e-06 -2.6693157228747525e-19
5.3073993092037226e-06 -2.6912767642795595e-19
5.33721615925543e-06 -2.682759567734501e-19
5.367033009307135e-06 -2.6287546318295067e-19
5.3968498593588416e-06 -2.712976716919101e-19
5.426666709410548e-06 -2.8202682997536776e-19
5.456483559462255e-06 -2.714855702262269e-19
5.4863004095139605e-06 -2.6819624123284916e-19
5.516117259565667e-06 -2.8136040390639664e-19
5.545934109617373e-06 -2.8278070635703805e-19
5.57575095966908e-06 -2.7950230232279993e-19
5.605567809720786e-06 -2.768600453059197e-19
5.635384659772492e-06 -2.788290932373067e-19
5.6652015098241985e-06 -2.9139572513126276e-19
5.695018359875906e-06 -2.8611017780156063e-19
5.724835209927611e-06 -2.774997689310968e-19
5.7546520599793175e-06 -2.8932327718942065e-19
5.784468910031024e-06 -2.936011146243469e-19
5.814285760082729e-06 -2.912251478021329e-19
5.8441026101344364e-06 -2.8860594006521354e-19
5.873919460186143e-06 -2.8739982114664974e-19
5.903736310237849e-06 -3.008377093450248e-19
5.9335531602895546e-06 -2.983557614814779e-19
5.963370010341262e-06 -2.8596351978557883e-19
5.993186860392968e-06 -2.9583073214080166e-19
6.023003710444674e-06 -3.0213127009738497e-19
6.05282056049638e-06 -2.995239522820806e-19
6.082637410548087e-06 -2.949785775056133e-19
6.112454260599793e-06 -2.9313970575591704e-19
6.142271110651499e-06 -3.0617398355736562e-19
6.172087960703205e-06 -3.0971486461607863e-19
6.201904810754912e-06 -2.964750036193263e-19
6.231721660806619e-06 -2.976755462968332e-19
6.261538510858324e-06 -3.097828398271544e-19
6.2913553609100305e-06 -3.076491727353293e-19
6.321172210961738e-06 -3.021902974613221e-19
6.350989061013444e-06 -3.0207933154712933e-19
6.3808059110651494e-06 -3.0613034310587236e-19
6.410622761116856e-06 -3.1293721955700747e-19
6.440439611168563e-06 -3.038803063640925e-19
6.470256461220269e-06 -3.003055960309707e-19
6.500073311271975e-06 -3.1350520305859995e-19
6.529890161323681e-06 -3.125644983154388e-19
6.559707011375388e-06 -3.076068299049042e-19
6.589523861427094e-06 -3.0567148332767903e-19
6.6193407114788e-06 -3.080951315399e-19
6.649157561530506e-06 -3.191530507262986e-19
6.6789744115822136e-06 -3.1076510565494924e-19
6.708791261633919e-06 -3.0031726375829397e-19
6.738608111685625e-06 -3.1281531091486665e-19
6.768424961737332e-06 -3.175333118533612e-19
6.798241811789039e-06 -3.0950529182750086e-19
6.828058661840744e-06 -3.06282365899652e-19
6.857875511892451e-06 -3.088292504248059e-19
6.887692361944157e-06 -3.163389784407312e-19
6.917509211995863e-06 -3.148459683441707e-19
6.94732606204757e-06 -3.0305452941783574e-19
6.977142912099276e-06 -3.0982798282814046e-19
7.006959762150982e-06 -3.194049427405862e-19
7.036776612202689e-06 -3.0979660194736765e-19
7.066593462254395e-06 -3.065156261344801e-19
7.096410312306101e-06 -3.084978436300852e-19
7.126227162357808e-06 -3.1292000767368576e-19
7.156044012409514e-06 -3.1525708522035255e-19
7.18586086246122e-06 -3.0323714280237695e-19
7.2156777125129266e-06 -3.054798213695893e-19
7.245494562564633e-06 -3.1653444021840746e-19
7.275311412616339e-06 -3.103918373054186e-19
7.3051282626680455e-06 -3.0462446066943625e-19
7.334945112719752e-06 -3.0558881367193806e-19
7.364761962771457e-06 -3.096581349624428e-19
7.3945788128231645e-06 -3.132684176610319e-19
7.424395662874871e-06 -3.0227854323695813e-19
7.454212512926577e-06 -2.978901151442601e-19
7.484029362978283e-06 -3.109298102195025e-19
7.51384621302999e-06 -3.084484389904732e-19
7.543663063081696e-06 -2.9849810543677123e-19
7.5734799131334025e-06 -2.9998838390143985e-19
7.603296763185108e-06 -3.036915307857824e-19
7.633113613236814e-06 -3.0769522864524257e-19
7.66293046328852e-06 -3.0055464617922204e-19
7.692747313340227e-06 -2.9157128659682205e-19
7.722564163391933e-06 -3.012594373305377e-19
7.75238101344364e-06 -3.039548520268871e-19
7.782197863495346e-06 -2.9286919633187443e-19
7.812014713547052e-06 -2.9164935468639684e-19
7.841831563598759e-06 -2.9393036226942042e-19
7.871648413650465e-06 -2.9782384340819946e-19
7.901465263702171e-06 -2.9465827369919295e-19
7.931282113753878e-06 -2.8105954382561433e-19
7.961098963805584e-06 -2.8919503296580977e-19
7.99091581385729e-06 -2.964523846318644e-19
8.020732663908997e-06 -2.8475832695812042e-19
8.050549513960703e-06 -2.82475460190113e-19
8.08036636401241e-06 -2.8310268658047885e-19
8.110183214064115e-06 -2.8620434995393883e-19
8.140000064115822e-06 -2.851329228839423e-19
8.169816914167528e-06 -2.7108022986886415e-19
8.199633764219234e-06 -2.7435694541439806e-19
8.22945061427094e-06 -2.828447758241745e-19
8.259267464322647e-06 -2.72962929575858e-19
8.289084314374355e-06 -2.6719617040877743e-19
8.31890116442606e-06 -2.681217475317962e-19
8.348718014477766e-06 -2.711613160089461e-19
8.378534864529472e-06 -2.717479601532134e-19
8.408351714581179e-06 -2.5833307578774343e-19
8.438168564632885e-06 -2.5632559011949804e-19
8.467985414684591e-06 -2.6682843698818617e-19
8.497802264736298e-06 -2.609954294587772e-19
8.527619114788004e-06 -2.4937227527516953e-19
8.55743596483971e-06 -2.495013544378907e-19
8.587252814891417e-06 -2.550191679020701e-19
8.617069664943123e-06 -2.523981878981086e-19
8.64688651499483e-06 -2.4247778959503083e-19
8.676703365046536e-06 -2.380935031372791e-19
8.706520215098242e-06 -2.4469320596532056e-19
8.736337065149948e-06 -2.450310749588153e-19
8.766153915201655e-06 -2.325529040255033e-19
8.795970765253361e-06 -2.302318926904159e-19
8.825787615305067e-06 -2.336240602022671e-19
8.855604465356774e-06 -2.323793897615807e-19
8.88542131540848e-06 -2.2713763265750006e-19
8.915238165460186e-06 -2.156790802155437e-19
8.945055015511893e-06 -2.1877420780340045e-19
8.974871865563597e-06 -2.2456262382220504e-19
9.004688715615305e-06 -2.1170526136938828e-19
9.034505565667012e-06 -2.0540990826400124e-19
9.064322415718718e-06 -2.096007750400487e-19
9.094139265770424e-06 -2.102535671884402e-19
9.12395611582213e-06 -2.0512091872405931e-19
9.153772965873837e-06 -1.9494721079958846e-19
9.183589815925542e-06 -1.9434309565000426e-19
9.213406665977248e-06 -2.0200150983011168e-19
9.243223516028956e-06 -1.919018593205846e-19
9.273040366080662e-06 -1.8004998341591216e-19
9.302857216132369e-06 -1.8491247897707355e-19
9.332674066184075e-06 -1.8621333389624065e-19
9.362490916235781e-06 -1.8117079778123863e-19
9.392307766287487e-06 -1.701759947533836e-19
9.422124616339192e-06 -1.6702151633087997e-19
9.451941466390898e-06 -1.7620284836163945e-19
9.481758316442606e-06 -1.6929518175497341e-19
9.511575166494313e-06 -1.573223787447973e-19
9.541392016546019e-06 -1.584855103802696e-19
9.571208866597725e-06 -1.5955101427056676e-19
9.601025716649432e-06 -1.5675419927321029e-19
9.630842566701136e-06 -1.4747730431795225e-19
9.660659416752843e-06 -1.4085922471599646e-19
9.690476266804549e-06 -1.4815535900323234e-19
9.720293116856257e-06 -1.4470614190137377e-19
9.750109966907963e-06 -1.3076196721189059e-19
9.77992681695967e-06 -1.3002636301535262e-19
9.809743667011376e-06 -1.3331398374565745e-19
9.839560517063082e-06 -1.3096566510738006e-19
9.869377367114787e-06 -1.2221428793396878e-19
9.899194217166493e-06 -1.1459826776683734e-19
9.9290110672182e-06 -1.1975491793063766e-19
9.958827917269908e-06 -1.1928744058416614e-19
9.988644767321614e-06 -1.0723023469427377e-19
1.001846161737332e-05 -1.0230227733934973e-19
1.0048278467425027e-05 -1.0429166870986985e-19
1.0078095317476731e-05 -1.042594159650412e-19
1.0107912167528438e-05 -9.543580632751487e-20
1.0137729017580144e-05 -8.600553302535212e-20
1.016754586763185e-05 -9.097530040948458e-20
1.0197362717683558e-05 -9.337580321150078e-20
1.0227179567735265e-05 -8.080834924992986e-20
1.0256996417786971e-05 -7.442555570384938e-20
1.0286813267838677e-05 -7.764994242395847e-20
1.0316630117890382e-05 -7.736244119791647e-20
1.0346446967942088e-05 -6.978297432893635e-20
1.0376263817993795e-05 -5.917874345958357e-20
1.0406080668045501e-05 -5.894307917453468e-20
1.0435897518097209e-05 -6.548345399237735e-20
1.0465714368148915e-05 -5.656939152913005e-20
1.0495531218200622e-05 -4.327497843273655e-20
1.0525348068252326e-05 -4.7399286276224265e-20
1.0555164918304032e-05 -4.944024280947235e-20
1.0584981768355739e-05 -4.188725452069799e-20
1.0614798618407445e-05 -3.3651322936926527e-20
1.0644615468459151e-05 -2.933467277405882e-20
1.067443231851086e-05 -3.706541173788407e-20
1.0704249168562566e-05 -3.1152214776340003e-20
1.073406601861427e-05 -1.6058218030030415e-20
1.0763882868665977e-05 -1.818115509011183e-20
1.0793699718717683e-05 -1.9558374426611255e-20
1.082351656876939e-05 -1.406669914518662e-20
1.0853333418821096e-05 -5.453813846815245e-21
1.0883150268872802e-05 -4.913687011599779e-22
1.091296711892451e-05 -6.1123953491375404e-21
1.0942783968976216e-05 -3.936048104089459e-21
1.0972600819027921e-05 9.868717399357478e-21
1.1002417669079627e-05 1.1933269020894964e-20
1.1032234519131334e-05 7.923218502066007e-21
1.106205136918304e-05 1.3048382184857164e-20
1.1091868219234746e-05 2.0735116779823243e-20
1.1121685069286453e-05 2.866850998876784e-20
1.115150191933816e-05 2.560214880807963e-20
1.1181318769389865e-05 2.1757236478511748e-20
1.1211135619441572e-05 3.609110946380678e-20
1.1240952469493278e-05 4.3410507596159616e-20
1.1270769319544984e-05 3.643121689196635e-20
1.130058616959669e-05 3.813264747164823e-20
1.1330403019648397e-05 4.830710796863944e-20
1.1360219869700103e-05 5.55273741397871e-20
1.1390036719751811e-05 5.3217996667672126e-20
1.1419853569803516e-05 5.005637787915585e-20
1.1449670419855222e-05 6.156525761436479e-20
1.1479487269906929e-05 7.113510636116075e-20
1.1509304119958635e-05 6.579896954664642e-20
1.1539120970010341e-05 6.618259621241139e-20
1.1568937820062048e-05 7.487752435041954e-20
1.1598754670113754e-05 8.168477006746152e-20
1.1628571520165459e-05 8.270387866993298e-20
1.1658388370217167e-05 7.843912734212274e-20
1.1688205220268873e-05 8.508615091617797e-20
1.171802207032058e-05 9.693895772745427e-20
1.1747838920372286e-05 9.435514239725419e-20
1.1777655770423992e-05 9.263196889375365e-20
1.1807472620475698e-05 1.0054897377779528e-19
1.1837289470527403e-05 1.0719047288467413e-19
1.1867106320579109e-05 1.102928014486896e-19
1.1896923170630817e-05 1.0610043329566549e-19
1.1926740020682523e-05 1.099723011645026e-19
1.195655687073423e-05 1.2392689120535115e-19
1.1986373720785936e-05 1.2216202256328896e-19
1.2016190570837642e-05 1.1775393543923189e-19
1.2046007420889349e-05 1.246781118030271e-19
1.2075824270941053e-05 1.310454501958576e-19
1.210564112099276e-05 1.3504853196569112e-19
1.2135457971044468e-05 1.3361851855837005e-19
1.2165274821096174e-05 1.3353315120016204e-19
1.219509167114788e-05 1.4521088355810211e-19
1.2224908521199587e-05 1.5092230613667834e-19
1.2254725371251293e-05 1.4440316998550561e-19
1.2284542221302998e-05 1.4766758247932488e-19
1.2314359071354704e-05 1.5621926745170396e-19
1.234417592140641e-05 1.6042406154384832e-19
1.2373992771458118e-05 1.6063745112177274e-19
1.2403809621509825e-05 1.5482995577738706e-19
1.2433626471561531e-05 1.657592544380528e-19
1.2463443321613237e-05 1.7722410161979295e-19
1.2493260171664944e-05 1.6690287425586903e-19
1.2523077021716648e-05 1.6891303438660645e-19
1.2552893871768355e-05 1.797940519539933e-19
1.2582710721820061e-05 1.82945903475972e-19
1.2612527571871769e-05 1.8337834629082656e-19
1.2642344421923475e-05 1.7944826940114604e-19
1.2672161271975182e-05 1.8693162512139881e-19
1.2701978122026888e-05 1.9816496158561564e-19
1.2731794972078593e-05 1.9173541332695863e-19
1.2761611822130299e-05 1.8796587882662944e-19
1.2791428672182005e-05 1.981786701518788e-19
1.2821245522233712e-05 2.033032525467491e-19
1.285106237228542e-05 2.0223310478214592e-19
1.2880879222337126e-05 2.0097877277907167e-19
1.2910696072388832e-05 2.0434995463785393e-19
1.2940512922440539e-05 2.1560482625094648e-19
1.2970329772492243e-05 2.1354045332641012e-19
1.300014662254395e-05 2.0768663881652336e-19
1.3029963472595656e-05 2.174708491023674e-19
1.3059780322647362e-05 2.219664189610284e-19
1.308959717269907e-05 2.2048672294719856e-19
1.3119414022750777e-05 2.197866872024012e-19
1.3149230872802483e-05 2.197893132181218e-19
1.3179047722854187e-05 2.3009280214446923e-19
1.3208864572905894e-05 2.3198280174490246e-19
1.32386814229576e-05 2.2307883796574277e-19
1.3268498273009306e-05 2.3003008100277614e-19
1.3298315123061013e-05 2.382751372578626e-19
1.332813197311272e-05 2.3624153492700643e-19
1.3357948823164427e-05 2.3559864400887806e-19
1.3387765673216132e-05 2.3421829135297985e-19
1.3417582523267838e-05 2.405157913520951e-19
1.3447399373319544e-05 2.475487192507597e-19
1.347721622337125e-05 2.3822168233717647e-19
1.3507033073422957e-05 2.378943538187525e-19
1.3536849923474663e-05 2.4930769831042885e-19
1.3566666773526371e-05 2.493136111343425e-19
1.3596483623578078e-05 2.452513372966724e-19
1.3626300473629782e-05 2.4440789853409295e-19
1.3656117323681489e-05 2.499066121824503e-19
1.3685934173733195e-05 2.570583508975661e-19
1.3715751023784901e-05 2.506042566465116e-19
1.3745567873836608e-05 2.463121545613382e-19
1.3775384723888314e-05 2.5664282654157846e-19
1.3805201573940022e-05 2.5923520891879952e-19
1.3835018423991727e-05 2.548501574774171e-19
1.3864835274043433e-05 2.5246314240640827e-19
1.389465212409514e-05 2.5396736546348415e-19
1.3924468974146846e-05 2.6506481216383204e-19
1.3954285824198552e-05 2.598680944624523e-19
1.3984102674250258e-05 2.4871624387010225e-19
1.4013919524301965e-05 2.6067932292382347e-19
1.4043736374353673e-05 2.6480457798269543e-19
1.4073553224405377e-05 2.593032189057585e-19
1.4103370074457084e-05 2.5879808791916836e-19
1.413318692450879e-05 2.5778311031705893e-19
1.4163003774560496e-05 2.6645308384616027e-19
1.4192820624612203e-05 2.6616422801785956e-19
1.4222637474663909e-05 2.536725404026637e-19
1.4252454324715615e-05 2.608984579976591e-19
1.4282271174767322e-05 2.6847305664161983e-19
1.4312088024819028e-05 2.6117852807173054e-19
1.4341904874870734e-05 2.606074243837343e-19
1.437172172492244e-05 2.6040151145236274e-19
1.4401538574974147e-05 2.6426543529907305e-19
1.4431355425025853e-05 2.69182242177343e-19
1.446117227507756e-05 2.569042088533334e-19
1.4490989125129266e-05 2.587212991326211e-19
1.4520805975180972e-05 2.6969563734719626e-19
1.4550622825232678e-05 2.6307276544871357e-19
1.4580439675284385e-05 2.5994280085337277e-19
1.4610256525336091e-05 2.6018450844671204e-19
1.4640073375387797e-05 2.6199893423736424e-19
1.4669890225439504e-05 2.667507598909121e-19
1.469970707549121e-05 2.587757313410776e-19
1.4729523925542915e-05 2.5489566352146983e-19
1.4759340775594623e-05 2.6614307161895333e-19
1.4789157625646329e-05 2.642973021447569e-19
1.4818974475698035e-05 2.5601571147039307e-19
1.4848791325749742e-05 2.579838500731842e-19
1.4878608175801448e-05 2.5968832934111353e-19
1.4908425025853154e-05 2.6342342438969475e-19
1.4938241875904859e-05 2.59049976633632e-19
1.4968058725956565e-05 2.5069814283681206e-19
1.4997875576008273e-05 2.5901476153328674e-19
1.502769242605998e-05 2.6119643464953077e-19
1.5057509276111686e-05 2.5194601650952486e-19
1.5087326126163392e-05 2.528420317150786e-19
1.5117142976215099e-05 2.548763230646715e-19
1.5146959826266805e-05 2.559995428683089e-19
1.517677667631851e-05 2.569782776399702e-19
1.5206593526370216e-05 2.47202631680462e-19
1.5236410376421924e-05 2.4912372049338704e-19
1.526622722647363e-05 2.588722631263815e-19
1.5296044076525335e-05 2.4872047988339565e-19
1.532586092657704e-05 2.4553940709335908e-19
1.535567777662875e-05 2.48363514149111e-19
1.5385494626680454e-05 2.4712005369632934e-19
1.541531147673216e-05 2.5035680178855897e-19
1.5445128326783867e-05 2.3905988548683895e-19
1.5474945176835573e-05 2.3918767800059874e-19
1.550476202688728e-05 2.509303388734969e-19
1.5534578876938985e-05 2.4092454917562904e-19
1.5564395726990692e-05 2.3708239392307354e-19
1.55942125770424e-05 2.4004456033668872e-19
1.5624029427094104e-05 2.380977710217859e-19
1.565384627714581e-05 2.4135937465761036e-19
1.5683663127197517e-05 2.3284788460851395e-19
1.5713479977249223e-05 2.281805669941273e-19
1.574329682730093e-05 2.3828207021877473e-19
1.5773113677352636e-05 2.3275232802907277e-19
1.5802930527404342e-05 2.246739841154174e-19
1.583274737745605e-05 2.2916440151392747e-19
1.5862564227507755e-05 2.2834148602682506e-19
1.589238107755946e-05 2.277398335101284e-19
1.5922197927611168e-05 2.2550035159296345e-19
1.5952014777662874e-05 2.167714698379805e-19
1.598183162771458e-05 2.2371672522498826e-19
1.6011648477766287e-05 2.258298118290534e-19
1.6041465327817993e-05 2.1311837904356162e-19
1.60712821778697e-05 2.1516995424135424e-19
1.6101099027921406e-05 2.1611134728228499e-19
1.6130915877973112e-05 2.1311193774164833e-19
1.616073272802482e-05 2.138743085562302e-19
1.6190549578076525e-05 2.0487430314956114e-19
1.622036642812823e-05 2.072078449200306e-19
1.6250183278179937e-05 2.1381370191180656e-19
1.6280000128231644e-05 2.0218882635729207e-19
1.6309816978283353e-05 1.9967410391318636e-19
1.6339633828335056e-05 2.034257935236329e-19
1.6369450678386766e-05 1.9953773503541828e-19
1.639926752843847e-05 2.0054793875265234e-19
1.6429084378490175e-05 1.9345626893850317e-19
1.645890122854188e-05 1.8895476194698365e-19
1.6488718078593588e-05 1.9940194634897577e-19
1.6518534928645294e-05 1.9002322455370802e-19
1.6548351778697e-05 1.8071144878725124e-19
1.657816862874871e-05 1.8809359073626272e-19
1.6607985478800413e-05 1.8522054777134642e-19
1.663780232885212e-05 1.8411739259199687e-19
1.6667619178903826e-05 1.7922088744049247e-19
1.6697436028955532e-05 1.7396235863992406e-19
1.672725287900724e-05 1.828264235531174e-19
1.6757069729058945e-05 1.7592922163412554e-19
1.6786886579110655e-05 1.6555104711150668e-19
1.6816703429162357e-05 1.6996520623515873e-19
1.6846520279214064e-05 1.6824615784076515e-19
1.687633712926577e-05 1.6658731398949578e-19
1.6906153979317476e-05 1.634296478270846e-19
1.6935970829369183e-05 1.5579972813012375e-19
1.696578767942089e-05 1.6112719027120624e-19
1.6995604529472595e-05 1.61627574668198e-19
1.7025421379524302e-05 1.5043564014975839e-19
1.7055238229576008e-05 1.5195756233877023e-19
1.7085055079627714e-05 1.5411948776242955e-19
1.711487192967942e-05 1.4770054622161612e-19
1.7144688779731127e-05 1.4511179963179444e-19
1.7174505629782833e-05 1.4108615605304644e-19
1.720432247983454e-05 1.4010337560773273e-19
1.7234139329886246e-05 1.431734872187036e-19
1.726395617993795e-05 1.3319798003702997e-19
1.729377302998966e-05 1.2958750534579135e-19
1.7323589880041365e-05 1.364078638574226e-19
1.735340673009307e-05 1.2876626777585248e-19
1.7383223580144778e-05 1.2727427057155576e-19
1.7413040430196484e-05 1.24513752349698e-19
1.744285728024819e-05 1.1755257720366848e-19
1.7472674130299897e-05 1.2668250119345932e-19
1.7502490980351603e-05 1.166505057005075e-19
1.753230783040331e-05 1.0580086094864732e-19
1.7562124680455016e-05 1.155243318560261e-19
1.7591941530506722e-05 1.097951052606471e-19
1.7621758380558428e-05 1.0638529892217657e-19
1.7651575230610135e-05 1.063188311009885e-19
1.768139208066184e-05 9.802038993500911e-20
1.7711208930713547e-05 1.0257376210247942e-19
1.774102578076525e-05 1.0138165192201872e-19
1.777084263081696e-05 8.937734993878791e-20
1.7800659480868666e-05 9.1977329677724e-20
1.7830476330920373e-05 9.420175554526145e-20
1.786029318097208e-05 8.628373774727957e-20
1.7890110031023785e-05 8.512399390028565e-20
1.791992688107549e-05 7.956384594704002e-20
1.7949743731127194e-05 7.930819478501282e-20
1.7979560581178904e-05 8.393255207783834e-20
1.800937743123061e-05 7.00631771971106e-20
1.8039194281282317e-05 6.949247327380304e-20
1.8069011131334023e-05 7.482218332929921e-20
1.809882798138573e-05 6.688918828873928e-20
1.8128644831437436e-05 6.754339203408397e-20
1.815846168148914e-05 6.23515865790714e-20
1.818827853154085e-05 5.91913263524022e-20
1.821809538159255e-05 6.476980259591399e-20
1.824791223164426e-05 5.508268980320101e-20
1.8277729081695967e-05 4.8870934689942334e-20
1.8307545931747674e-05 5.608367237918347e-20
1.833736278179938e-05 5.1498243549915167e-20
1.8367179631851083e-05 4.341520159184579e-20
1.8396996481902793e-05 4.4491810136419313e-20
1.8426813331954496e-05 4.179137617078419e-20
1.8456630182006205e-05 4.3683923591913096e-20
1.8486447032057912e-05 4.0761978559184736e-20
1.8516263882109618e-05 3.067382247841056e-20
1.8546080732161324e-05 3.669640756113433e-20
1.857589758221303e-05 3.556597436644446e-20
1.8605714432264737e-05 2.720227615172678e-20
1.863553128231644e-05 2.8047621805373957e-20
1.866534813236815e-05 2.2392257109796e-20
1.8695164982419853e-05 2.4491911855549083e-20
1.8724981832471562e-05 2.6026514573380242e-20
1.875479868252327e-05 1.3306486973720205e-20
1.8784615532574975e-05 1.6422577802020474e-20
1.881443238262668e-05 1.9967576137748685e-20
1.8844249232678384e-05 1.1292174100996517e-20
1.8874066082730094e-05 1.1755287100937806e-20
1.8903882932781797e-05 8.013725268207572e-21
1.8933699782833507e-05 6.1756982350008084e-21
1.8963516632885213e-05 1.0249325215713699e-20
1.899333348293692e-05 -2.4222718472416393e-23
1.9023150332988626e-05 -2.1612144876470067e-21
1.905296718304033e-05 2.516731984388567e-21
1.9082784033092038e-05 -3.7913758550948725e-21
1.911260088314374e-05 -5.31002294493288e-21
1.914241773319545e-05 -7.852441440265981e-21
1.9172234583247154e-05 -1.0497803835695366e-20
1.9202051433298864e-05 -5.389842131348809e-21
1.923186828335057e-05 -1.262885117032724e-20
1.9261685133402273e-05 -1.887723182170896e-20
1.9291501983453983e-05 -1.23396219618888e-20
1.9321318833505685e-05 -1.7229625307484793e-20
1.9351135683557395e-05 -2.2299312791689726e-20
1.9380952533609098e-05 -2.2381471612707943e-20
1.9410769383660808e-05 -2.6610051630666587e-20
1.9440586233712514e-05 -2.3952017977422226e-20
1.9470403083764217e-05 -2.6835598926573087e-20
1.9500219933815927e-05 -3.588500925133249e-20
1.953003678386763e-05 -3.2402859075305884e-20
1.955985363391934e-05 -3.005728179258497e-20
1.9589670483971042e-05 -3.8273704287966925e-20
1.9619487334022752e-05 -3.913948428735625e-20
1.9649304184074455e-05 -3.985520197196698e-20
1.9679121034126165e-05 -4.284065732791851e-20
1.970893788417787e-05 -4.0612823603205e-20
1.9738754734229574e-05 -5.0076454527471113e-20
1.9768571584281284e-05 -5.080940156410644e-20
1.9798388434332987e-05 -4.545822686488129e-20
1.9828205284384696e-05 -5.602674908583912e-20
1.98580221344364e-05 -5.655424332542537e-20
1.988783898448811e-05 -5.558521063015441e-20
1.9917655834539815e-05 -5.997219131708832e-20
1.9947472684591518e-05 -5.741117696015754e-20
1.9977289534643228e-05 -6.468897161359986e-20
2.000710638469493e-05 -6.950534716681446e-20
2.003692323474664e-05 -6.114146293485809e-20
2.0066740084798344e-05 -6.673506659681314e-20
2.0096556934850053e-05 -7.487855880592061e-20
2.0126373784901756e-05 -7.2642784302156e-20
2.0156190634953463e-05 -7.596880758296651e-20
2.0186007485005172e-05 -7.610876068755779e-20
2.0215824335056875e-05 -7.921363254441496e-20
2.0245641185108585e-05 -8.64082272708359e-20
2.0275458035160288e-05 -8.070169157597654e-20
2.0305274885211998e-05 -8.237925855798196e-20
2.03350917352637e-05 -9.093197200171011e-20
2.0364908585315407e-05 -8.923216845788367e-20
2.0394725435367117e-05 -9.134784259380305e-20
2.042454228541882e-05 -9.218538995788412e-20
2.045435913547053e-05 -9.324996420968818e-20
2.0484175985522232e-05 -1.0267668936046024e-19
2.0513992835573942e-05 -1.0011720481599599e-19
2.0543809685625645e-05 -9.78692815893984e-20
2.0573626535677355e-05 -1.0613721503861853e-19
2.0603443385729057e-05 -1.0744278596426868e-19
2.0633260235780764e-05 -1.087508755261965e-19
2.0663077085832473e-05 -1.0958076906553846e-19
2.0692893935884176e-05 -1.0815670403691027e-19
2.0722710785935886e-05 -1.1735614082682954e-19
2.075252763598759e-05 -1.185920984593985e-19
2.07823444860393e-05 -1.1210088784128446e-19
2.0812161336091002e-05 -1.2179685846149235e-19
2.0841978186142708e-05 -1.251135347594541e-19
2.0871795036194418e-05 -1.2331032696231856e-19
2.090161188624612e-05 -1.28610475376477e-19
2.093142873629783e-05 -1.2473335203830362e-19
2.0961245586349533e-05 -1.3204385614727292e-19
2.0991062436401243e-05 -1.385111975487686e-19
2.1020879286452946e-05 -1.2891212362553879e-19
2.1050696136504652e-05 -1.35537770420019e-19
2.108051298655636e-05 -1.4081240565421356e-19
2.1110329836608065e-05 -1.3823610932916275e-19
2.1140146686659775e-05 -1.428335810637558e-19
2.1169963536711478e-05 -1.4082277864635445e-19
2.1199780386763187e-05 -1.4569096738757723e-19
2.122959723681489e-05 -1.5252723886455978e-19
2.1259414086866597e-05 -1.4735174880271666e-19
2.1289230936918303e-05 -1.5014003926662545e-19
2.131904778697001e-05 -1.569326198735558e-19
2.134886463702172e-05 -1.56711238092333e-19
2.1378681487073422e-05 -1.5700189150914343e-19
2.140849833712513e-05 -1.5736231186103416e-19
2.1438315187176835e-05 -1.5839251816683e-19
2.146813203722854e-05 -1.665451883259912e-19
2.1497948887280247e-05 -1.6556889755781244e-19
2.1527765737331954e-05 -1.6140427110634571e-19
2.155758258738366e-05 -1.7119908565612197e-19
2.1587399437435366e-05 -1.7097898588564815e-19
2.1617216287487076e-05 -1.7099572101786226e-19
2.164703313753878e-05 -1.7708980707051912e-19
2.167684998759049e-05 -1.72523265456025e-19
2.170666683764219e-05 -1.7973814712796304e-19
2.1736483687693898e-05 -1.8356879401955786e-19
2.1766300537745604e-05 -1.7568646770227535e-19
2.179611738779731e-05 -1.8345482732764163e-19
2.182593423784902e-05 -1.8757662973997207e-19
2.1855751087900723e-05 -1.8391858392648065e-19
2.1885567937952433e-05 -1.8778336619463046e-19
2.1915384788004136e-05 -1.8747845959587534e-19
2.1945201638055842e-05 -1.930160751937098e-19
2.197501848810755e-05 -1.9772775736437068e-19
2.2004835338159255e-05 -1.897499501730609e-19
2.203465218821096e-05 -1.9637925692619125e-19
2.2064469038262667e-05 -2.0294851813362084e-19
2.2094285888314377e-05 -1.9830717445568327e-19
2.212410273836608e-05 -2.012555030497653e-19
2.2153919588417786e-05 -2.0069975139809701e-19
2.2183736438469493e-05 -2.0368002873960224e-19
2.22135532885212e-05 -2.1012600115333115e-19
2.2243370138572905e-05 -2.0463922650883365e-19
2.227318698862461e-05 -2.0654379075787888e-19
2.230300383867632e-05 -2.1366224295226598e-19
2.2332820688728024e-05 -2.1216973382348e-19
2.236263753877973e-05 -2.1322850636623154e-19
2.2392454388831437e-05 -2.1502190956308e-19
2.2422271238883143e-05 -2.1574139467697793e-19
2.245208808893485e-05 -2.2215928222079215e-19
2.2481904938986556e-05 -2.201878162285715e-19
2.2511721789038262e-05 -2.162689645051276e-19
2.254153863908997e-05 -2.254154182446895e-19
2.2571355489141675e-05 -2.250951513067528e-19
2.260117233919338e-05 -2.226990752644948e-19
2.2630989189245088e-05 -2.2726161248315527e-19
2.2660806039296794e-05 -2.2510793439433366e-19
2.26906228893485e-05 -2.310824942468519e-19
2.2720439739400207e-05 -2.3349174735578224e-19
2.2750256589451913e-05 -2.2660572638219807e-19
2.2780073439503623e-05 -2.3479862033973655e-19
2.2809890289555326e-05 -2.379058896573267e-19
2.2839707139607032e-05 -2.334953426688895e-19
2.2869523989658738e-05 -2.377902610022358e-19
2.2899340839710445e-05 -2.3590107331273375e-19
2.292915768976215e-05 -2.3960682964407886e-19
2.2958974539813857e-05 -2.4542649474625713e-19
2.2988791389865564e-05 -2.375952020783414e-19
2.301860823991727e-05 -2.4098452865309523e-19
2.3048425089968976e-05 -2.490146115800757e-19
2.3078241940020682e-05 -2.44208624796596e-19
2.310805879007239e-05 -2.4523922053277477e-19
2.3137875640124095e-05 -2.485411277377899e-19
2.31676924901758e-05 -2.476954408508763e-19
2.3197509340227508e-05 -2.529661345494004e-19
2.3227326190279214e-05 -2.496518668242494e-19
2.3257143040330917e-05 -2.4695814787749684e-19
2.3286959890382627e-05 -2.571387493239268e-19
2.3316776740434333e-05 -2.5492280056978365e-19
2.334659359048604e-05 -2.531810346206909e-19
2.3376410440537746e-05 -2.574796457617338e-19
2.3406227290589452e-05 -2.5424118196770733e-19
2.343604414064116e-05 -2.605924518266365e-19
2.346586099069286e-05 -2.6194250040801883e-19
2.349567784074457e-05 -2.553341374347431e-19
2.3525494690796277e-05 -2.632927568692647e-19
2.3555311540847984e-05 -2.660304644537982e-19
2.358512839089969e-05 -2.6090237380909914e-19
2.3614945240951396e-05 -2.634103681752387e-19
2.3644762091003103e-05 -2.647903733346662e-19
2.3674578941054806e-05 -2.6847473361580476e-19
2.3704395791106515e-05 -2.692923889341968e-19
2.3734212641158218e-05 -2.618076537959979e-19
2.3764029491209928e-05 -2.682663811311295e-19
2.3793846341261634e-05 -2.745938399562408e-19
2.382366319131334e-05 -2.673641465635697e-19
2.3853480041365047e-05 -2.7001918247879377e-19
2.3883296891416753e-05 -2.7337069443192655e-19
2.391311374146846e-05 -2.734624768378032e-19
2.3942930591520163e-05 -2.7598187012629744e-19
2.3972747441571872e-05 -2.686708018557189e-19
2.400256429162358e-05 -2.7151045724053567e-19
2.4032381141675285e-05 -2.8139320766868308e-19
2.406219799172699e-05 -2.728205175298278e-19
2.4092014841778698e-05 -2.7231166986737937e-19
2.4121831691830404e-05 -2.793076786457597e-19
2.4151648541882107e-05 -2.7639153398336916e-19
2.4181465391933817e-05 -2.8042035913827805e-19
2.421128224198552e-05 -2.7725930684159744e-19
2.424109909203723e-05 -2.737438980786974e-19
2.4270915942088936e-05 -2.831604230494055e-19
2.4300732792140642e-05 -2.7989138528728356e-19
2.4330549642192348e-05 -2.7621395450671623e-19
2.436036649224405e-05 -2.8028187135633983e-19
2.439018334229576e-05 -2.7878089287164584e-19
2.4420000192347464e-05 -2.801007537913124e-19
2.4449817042399173e-05 -2.795490097670077e-19
2.447963389245088e-05 -2.755541637440183e-19
2.4509450742502586e-05 -2.8184657079887307e-19
2.4539267592554292e-05 -2.8283345151885234e-19
2.4569084442605995e-05 -2.7646908177946833e-19
2.4598901292657705e-05 -2.800551816551458e-19
2.4628718142709408e-05 -2.7995244049173473e-19
2.4658534992761118e-05 -2.793269829311319e-19
2.468835184281282e-05 -2.803289961823845e-19
2.471816869286453e-05 -2.7440083324947397e-19
2.4747985542916237e-05 -2.781503793056912e-19
2.4777802392967943e-05 -2.811637741937788e-19
2.480761924301965e-05 -2.7433213341603905e-19
2.4837436093071352e-05 -2.743261899338874e-19
2.4867252943123062e-05 -2.768042407303512e-19
2.4897069793174765e-05 -2.766822190922654e-19
2.4926886643226475e-05 -2.76227145675912e-19
2.495670349327818e-05 -2.731412054051827e-19
2.4986520343329887e-05 -2.7186153720709475e-19
2.5016337193381594e-05 -2.748944983775343e-19
2.5046154043433297e-05 -2.725723234405394e-19
2.5075970893485006e-05 -2.6758044734945913e-19
2.510578774353671e-05 -2.699739638429447e-19
2.513560459358842e-05 -2.6941519203683925e-19
2.5165421443640122e-05 -2.6692703531191447e-19
2.519523829369183e-05 -2.6579986604085973e-19
2.5225055143743538e-05 -2.6320243779422113e-19
2.525487199379524e-05 -2.6735256112706036e-19
2.528468884384695e-05 -2.6390042049482834e-19
2.5314505693898654e-05 -2.5755680911551596e-19
2.5344322543950363e-05 -2.617789864823112e-19
2.5374139394002066e-05 -2.5944273332356147e-19
2.5403956244053776e-05 -2.5814805318590194e-19
2.5433773094105482e-05 -2.565298941474075e-19
2.5463589944157185e-05 -2.519874219567165e-19
2.5493406794208895e-05 -2.563472976119306e-19
2.5523223644260598e-05 -2.525148360600476e-19
2.5553040494312308e-05 -2.4559586137841737e-19
2.558285734436401e-05 -2.5043400192754055e-19
2.561267419441572e-05 -2.482691965207766e-19
2.5642491044467423e-05 -2.440758408725546e-19
2.567230789451913e-05 -2.45843806715582e-19
2.570212474457084e-05 -2.395978499624322e-19
2.5731941594622542e-05 -2.3971006328508547e-19
2.5761758444674252e-05 -2.424672314096891e-19
2.5791575294725955e-05 -2.332763979488479e-19
2.5821392144777664e-05 -2.3375633337225846e-19
2.5851208994829367e-05 -2.348602252002288e-19
2.5881025844881077e-05 -2.283696593109889e-19
2.5910842694932783e-05 -2.30029564733094e-19
2.5940659544984486e-05 -2.2467261194833385e-19
2.5970476395036196e-05 -2.2083423925153486e-19
2.60002932450879e-05 -2.264838295979293e-19
2.603011009513961e-05 -2.1908205238929414e-19
2.605992694519131e-05 -2.1536693540507484e-19
2.608974379524302e-05 -2.188971081704509e-19
2.6119560645294724e-05 -2.127222823829643e-19
2.614937749534643e-05 -2.1165399324140065e-19
2.617919434539814e-05 -2.0898916354530303e-19
2.6209011195449843e-05 -2.0346320218540678e-19
2.6238828045501553e-05 -2.0581610751775565e-19
2.6268644895553256e-05 -2.0063735578693755e-19
2.6298461745604966e-05 -1.9652485129423985e-19
2.632827859565667e-05 -1.9760707555846813e-19
2.6358095445708375e-05 -1.9357071377002753e-19
2.6387912295760085e-05 -1.917820200495283e-19
2.6417729145811788e-05 -1.8908385063547969e-19
2.6447545995863497e-05 -1.841842276101725e-19
2.64773628459152e-05 -1.841632084634075e-19
2.650717969596691e-05 -1.8300371284609955e-19
2.6536996546018613e-05 -1.7520378186385504e-19
2.656681339607032e-05 -1.731142593347788e-19
2.6596630246122026e-05 -1.7351267213771284e-19
2.6626447096173732e-05 -1.6897736315587587e-19
2.665626394622544e-05 -1.6776424403033558e-19
2.6686080796277144e-05 -1.6226221684821486e-19
2.6715897646328854e-05 -1.6041474585509865e-19
2.6745714496380557e-05 -1.6119826686451863e-19
2.6775531346432263e-05 -1.5183077667045052e-19
2.680534819648397e-05 -1.516374805716613e-19
2.6835165046535676e-05 -1.5307346011542722e-19
2.6864981896587386e-05 -1.450799740445707e-19
2.689479874663909e-05 -1.440710372332872e-19
2.69246155966908e-05 -1.3998645708282948e-19
2.69544324467425e-05 -1.3430105636103662e-19
2.698424929679421e-05 -1.3747741934629285e-19
2.7014066146845914e-05 -1.3014912234245942e-19
2.704388299689762e-05 -1.2430798230559686e-19
2.7073699846949327e-05 -1.284588983956899e-19
2.7103516697001033e-05 -1.2109323613652166e-19
2.7133333547052743e-05 -1.1816706173488805e-19
2.7163150397104446e-05 -1.180683075365493e-19
2.7192967247156155e-05 -1.0846757831670729e-19
2.722278409720786e-05 -1.1102463587723976e-19
2.7252600947259565e-05 -1.0840262412410162e-19
2.728241779731127e-05 -9.740059972322353e-20
2.7312234647362977e-05 -1.0140855823887669e-19
2.7342051497414687e-05 -9.692969621629924e-20
2.737186834746639e-05 -9.003483892318712e-20
2.74016851975181e-05 -9.12634665389922e-20
2.7431502047569803e-05 -8.193708470058264e-20
2.746131889762151e-05 -8.179813934165013e-20
2.7491135747673215e-05 -8.364776550897647e-20
2.752095259772492e-05 -7.200640575393142e-20
2.7550769447776628e-05 -7.252213293640652e-20
2.7580586297828334e-05 -7.294042771195886e-20
2.7610403147880044e-05 -6.261607787086096e-20
2.7640219997931747e-05 -6.306468401535087e-20
2.7670036847983453e-05 -5.966033099095292e-20
2.769985369803516e-05 -5.299056307806494e-20
2.7729670548086866e-05 -5.518155412587954e-20
2.7759487398138572e-05 -4.757782650128457e-20
2.778930424819028e-05 -4.2793354528199205e-20
2.7819121098241988e-05 -4.423002099989715e-20
2.784893794829369e-05 -3.7945627291651656e-20
2.7878754798345398e-05 -3.5066900421899225e-20
2.7908571648397104e-05 -3.222460251969875e-20
2.793838849844881e-05 -2.6182447054533595e-20
2.7968205348500517e-05 -2.7041355967577588e-20
2.7998022198552223e-05 -2.2188357263384043e-20
2.802783904860393e-05 -1.3424675719966856e-20
2.8057655898655635e-05 -1.7243712510115708e-20
2.8087472748707345e-05 -1.063824089697533e-20
2.8117289598759048e-05 -2.6970237076795206e-21
2.8147106448810754e-05 -5.670677970350683e-21
2.817692329886246e-05 1.992352297968241e-21
2.8206740148914167e-05 2.860368783779693e-21
2.8236556998965873e-05 3.3693135628506062e-21
2.826637384901758e-05 1.3184748976407441e-20
2.829619069906929e-05 1.1659151192357276e-20
2.8326007549120992e-05 1.5560558576556828e-20
2.83558243991727e-05 2.367605503451554e-20
2.8385641249224405e-05 2.2491061594080607e-20
2.841545809927611e-05 2.779909372046129e-20
2.8445274949327818e-05 3.197942784871138e-20
2.8475091799379524e-05 3.2996796705438424e-20
2.850490864943123e-05 4.041966389894564e-20
2.8534725499482937e-05 4.171711417029871e-20
2.8564542349534643e-05 4.2644553870566914e-20
2.859435919958635e-05 5.029207391408549e-20
2.8624176049638056e-05 5.1191552056406277e-20
2.8653992899689762e-05 5.3770502034197755e-20
2.868380974974147e-05 6.012003139029697e-20
2.8713626599793175e-05 5.92942085122173e-20
2.874344344984488e-05 6.633918446831378e-20
2.8773260299896587e-05 7.280061818642714e-20
