0.0 1.3354101488850307e-19
2.983192598187311e-08 1.1779816876398025e-19
5.966385196374623e-08 1.032581558704006e-19
8.949577794561934e-08 1.1000497020925644e-19
1.1932770392749245e-07 1.1954225271879255e-19
1.4915962990936557e-07 1.3276044938861675e-19
1.789915558912387e-07 1.0787951674663948e-19
2.088234818731118e-07 9.797912568549014e-20
2.386554078549849e-07 1.3330630166134416e-19
2.68487333836858e-07 1.2675362408371584e-19
2.9831925981873114e-07 1.0604141341467641e-19
3.2815118580060426e-07 1.1065221580732343e-19
3.579831117824774e-07 1.1666198372000266e-19
3.878150377643505e-07 1.3138081676002988e-19
4.176469637462236e-07 1.181175761447232e-19
4.4747888972809674e-07 9.702358267828017e-20
4.773108157099698e-07 1.2591193694753788e-19
5.071427416918429e-07 1.3534124736465509e-19
5.36974667673716e-07 1.1036221859872606e-19
5.668065936555891e-07 1.1094490105709803e-19
5.966385196374623e-07 1.1877509474915753e-19
6.264704456193353e-07 1.2816795773670785e-19
6.563023716012085e-07 1.255055265543593e-19
6.861342975830816e-07 9.93438140500234e-20
7.159662235649548e-07 1.1594334626328133e-19
7.457981495468278e-07 1.3926683853805384e-19
7.75630075528701e-07 1.1544215127765432e-19
8.054620015105741e-07 1.0761521732847511e-19
8.352939274924472e-07 1.1663462485238967e-19
8.651258534743203e-07 1.2665754932855248e-19
8.949577794561935e-07 1.3229566926470775e-19
9.247897054380665e-07 1.0441577261566341e-19
9.546216314199396e-07 1.0759340135690394e-19
9.844535574018128e-07 1.3936580347867712e-19
1.0142854833836857e-06 1.2259171323791242e-19
1.0441174093655591e-06 1.0720050779121004e-19
1.073949335347432e-06 1.1553270351830646e-19
1.1037812613293053e-06 1.2385119983549334e-19
1.1336131873111782e-06 1.3282979492336568e-19
1.1634451132930516e-06 1.1065338342551769e-19
1.1932770392749246e-06 1.0160927923450625e-19
1.2231089652567977e-06 1.3422697890787013e-19
1.2529408912386707e-06 1.3018701283517612e-19
1.2827728172205439e-06 1.0666425509692225e-19
1.312604743202417e-06 1.1200940509438276e-19
1.3424366691842902e-06 1.2023120838531497e-19
1.3722685951661632e-06 1.310193213203312e-19
1.4021005211480363e-06 1.1862055126716184e-19
1.4319324471299095e-06 9.483544590953986e-20
1.4617643731117827e-06 1.2452332902284205e-19
1.4915962990936556e-06 1.355672910499261e-19
1.5214282250755288e-06 1.0505979791414151e-19
1.551260151057402e-06 1.0798207056858975e-19
1.581092077039275e-06 1.1775388421997168e-19
1.6109240030211481e-06 1.257903389216842e-19
1.6407559290030215e-06 1.2303666941289872e-19
1.6705878549848945e-06 9.587776401348427e-20
1.7004197809667676e-06 1.1396696502163808e-19
1.7302517069486406e-06 1.362072426791652e-19
1.7600836329305138e-06 1.0817074541707594e-19
1.789915558912387e-06 1.0161631189130164e-19
1.81974748489426e-06 1.1369020685409946e-19
1.849579410876133e-06 1.2045784489577913e-19
1.879411336858006e-06 1.2278555141787114e-19
1.9092432628398792e-06 9.713774578239666e-20
1.9390751888217524e-06 9.992150913967523e-20
1.9689071148036256e-06 1.3146776800555019e-19
1.9987390407854987e-06 1.141008045502598e-19
2.0285709667673715e-06 9.500165515642363e-20
2.058402892749245e-06 1.0858626109271465e-19
2.0882348187311182e-06 1.1598355027746844e-19
2.118066744712991e-06 1.197738803447737e-19
2.147898670694864e-06 1.0205202578105989e-19
2.1777305966767373e-06 8.886609466190039e-20
2.2075625226586105e-06 1.2058275848094516e-19
2.2373944486404837e-06 1.1913317958629144e-19
2.2672263746223564e-06 9.005934646554205e-20
2.29705830060423e-06 9.981340908562847e-20
2.326890226586103e-06 1.099148593880813e-19
2.356722152567976e-06 1.1365014590868598e-19
2.386554078549849e-06 1.0333588044589537e-19
2.4163860045317223e-06 8.133863131017367e-20
2.4462179305135955e-06 1.083914512771279e-19
2.4760498564954686e-06 1.2077831310001284e-19
2.5058817824773414e-06 8.736493325130094e-20
2.535713708459215e-06 8.994538467878883e-20
2.5655456344410877e-06 1.0325084905434939e-19
2.595377560422961e-06 1.0605890645747999e-19
2.625209486404834e-06 1.0309988601354855e-19
2.6550414123867073e-06 7.789033870796846e-20
2.6848733383685804e-06 9.10413349369896e-20
2.714705264350453e-06 1.1867424602567297e-19
2.7445371903323263e-06 9.073950481204303e-20
2.7743691163142e-06 7.753166081161868e-20
2.8042010422960727e-06 9.638072842870911e-20
2.834032968277946e-06 1.003527873797847e-19
2.863864894259819e-06 9.798626691150254e-20
2.893696820241692e-06 7.631890465302401e-20
2.9235287462235654e-06 7.674118789965976e-20
2.9533606722054386e-06 1.0998821645690597e-19
2.9831925981873113e-06 9.190963522119069e-20
3.0130245241691845e-06 6.868539358291836e-20
3.0428564501510576e-06 8.519805800346935e-20
3.072688376132931e-06 9.366495925783908e-20
3.102520302114804e-06 9.441228575617189e-20
3.1323522280966767e-06 7.547789953308885e-20
3.16218415407855e-06 6.586083048433556e-20
3.192016080060423e-06 9.80926680108323e-20
3.2218480060422963e-06 9.396752341442763e-20
3.25167993202417e-06 6.178631531049182e-20
3.281511858006043e-06 7.353732803933462e-20
3.3113437839879153e-06 8.912127647416277e-20
3.341175709969789e-06 8.572100775042415e-20
3.371007635951662e-06 7.45503615399708e-20
3.4008395619335353e-06 5.791662827133311e-20
3.4306714879154085e-06 8.164113145726266e-20
3.460503413897281e-06 9.685496223734342e-20
3.4903353398791544e-06 6.15138975916992e-20
3.5201672658610276e-06 6.177207108127328e-20
3.5499991918429007e-06 8.164682796648134e-20
3.579831117824774e-06 7.936862022430307e-20
3.6096630438066466e-06 7.318500583590502e-20
3.63949496978852e-06 5.4118157654511217e-20
3.669326895770393e-06 6.621054203374363e-20
3.699158821752266e-06 9.122778905703595e-20
3.7289907477341398e-06 6.143275869208928e-20
3.758822673716012e-06 4.8702824805992356e-20
3.7886545996978853e-06 7.370879084408763e-20
3.8184865256797584e-06 7.613055479079712e-20
3.848318451661632e-06 6.878375737599925e-20
3.878150377643505e-06 5.1670834848489984e-20
3.9079823036253775e-06 5.313467131059895e-20
3.937814229607251e-06 8.459567242067794e-20
3.967646155589124e-06 6.569011220511755e-20
3.9974780815709975e-06 3.944058483668082e-20
4.027310007552871e-06 6.215721843006595e-20
4.057141933534743e-06 6.9935904065791e-20
4.0869738595166166e-06 6.344228857036152e-20
4.11680578549849e-06 4.959502497034535e-20
4.146637711480363e-06 4.109439282751862e-20
4.1764696374622365e-06 7.214583820439724e-20
4.206301563444109e-06 6.880217311526082e-20
4.236133489425982e-06 3.498494513832557e-20
4.265965415407856e-06 4.9417886809306194e-20
4.295797341389728e-06 6.512673814135458e-20
4.325629267371602e-06 5.74354490505198e-20
4.355461193353475e-06 4.619889287813466e-20
4.3852931193353474e-06 3.383688451905078e-20
4.415125045317221e-06 5.651623736458607e-20
4.444956971299094e-06 6.717434513712302e-20
4.474788897280967e-06 3.1347524655455014e-20
4.504620823262841e-06 3.3217992552318706e-20
4.534452749244713e-06 5.612892842440057e-20
4.5642846752265865e-06 4.9986993125328516e-20
4.59411660120846e-06 4.104403975972799e-20
4.623948527190333e-06 2.8566715353894884e-20
4.653780453172206e-06 3.85701068165047e-20
4.683612379154079e-06 6.082056280374086e-20
4.713444305135952e-06 3.140980290028202e-20
4.7432762311178255e-06 1.696028842438024e-20
4.773108157099698e-06 4.506838404090088e-20
4.802940083081572e-06 4.2501502995037964e-20
4.832772009063445e-06 3.184975913546696e-20
4.862603935045317e-06 2.085617091682164e-20
4.892435861027191e-06 2.0641848915382145e-20
4.922267787009064e-06 5.0146863244880824e-20
4.952099712990937e-06 3.183749197192481e-20
4.98193163897281e-06 3.539116376076431e-21
5.011763564954683e-06 2.86384713288946e-20
5.041595490936556e-06 3.5064457684622225e-20
5.07142741691843e-06 2.1811273602075175e-20
5.101259342900303e-06 1.3369498705604083e-20
5.1310912688821755e-06 5.372835102978761e-21
5.160923194864049e-06 2.9671790743037623e-20
5.190755120845922e-06 3.061099777472351e-20
5.220587046827795e-06 -6.484608670414762e-21
5.250418972809668e-06 7.040337750601292e-21
5.280250898791541e-06 2.626120471369179e-20
5.3100828247734145e-06 1.1814367560350704e-20
5.339914750755287e-06 3.1009955147002215e-21
5.369746676737161e-06 -5.126762355732693e-21
5.399578602719034e-06 1.2113969799986327e-20
5.429410528700906e-06 2.1553844004706333e-20
5.45924245468278e-06 -1.404631922461516e-20
5.489074380664653e-06 -1.2372371667774475e-20
5.518906306646526e-06 1.292059665695795e-20
5.5487382326284e-06 7.604207498079847e-22
5.578570158610272e-06 -1.037468786742428e-20
5.608402084592145e-06 -1.6632424463625253e-20
5.638234010574019e-06 -9.316756795446973e-21
5.668065936555892e-06 1.0218816671682124e-20
5.697897862537765e-06 -1.753020219028784e-20
5.727729788519638e-06 -3.2164807519712105e-20
5.757561714501511e-06 -2.515955589991879e-21
5.787393640483384e-06 -6.888982360896713e-21
5.817225566465257e-06 -2.2631191625257958e-20
5.847057492447131e-06 -2.873993833660978e-20
5.8768894184290035e-06 -2.816304673336489e-20
5.906721344410877e-06 -5.477639985455115e-21
5.936553270392751e-06 -2.1708072136179688e-20
5.966385196374623e-06 -4.969327801370971e-20
5.996217122356495e-06 -2.2662278836027243e-20
6.026049048338369e-06 -1.500055113142157e-20
6.055880974320242e-06 -3.5605167867122247e-20
6.085712900302115e-06 -3.981344240864624e-20
6.115544826283989e-06 -4.2027296815522056e-20
6.145376752265862e-06 -2.5249980519241993e-20
6.175208678247735e-06 -2.6600520653281327e-20
6.205040604229608e-06 -6.012432386947946e-20
6.2348725302114816e-06 -4.6058407070926364e-20
6.2647044561933535e-06 -2.6830279199002356e-20
6.294536382175227e-06 -4.5965887950751796e-20
6.3243683081571e-06 -5.289356209539959e-20
6.354200234138973e-06 -5.628340633994725e-20
6.384032160120846e-06 -4.4019130306682864e-20
6.41386408610272e-06 -3.204234203626554e-20
6.4436960120845925e-06 -6.813792647085553e-20
6.473527938066466e-06 -6.873170042504357e-20
6.50335986404834e-06 -3.766774793020127e-20
6.5331917900302124e-06 -5.493062616215313e-20
6.563023716012086e-06 -6.60884327316605e-20
6.592855641993958e-06 -6.717605587355852e-20
6.622687567975831e-06 -6.42997152394287e-20
6.652519493957704e-06 -4.59583835218111e-20
6.682351419939578e-06 -7.269741775030833e-20
6.712183345921451e-06 -8.58849641567163e-20
6.742015271903324e-06 -5.535919165478369e-20
6.771847197885197e-06 -6.27795050159175e-20
6.8016791238670706e-06 -7.815235380476606e-20
6.831511049848943e-06 -7.943942585725445e-20
6.861342975830817e-06 -7.939399167982685e-20
6.891174901812689e-06 -6.166734335460084e-20
6.921006827794562e-06 -7.517034453102791e-20
6.950838753776435e-06 -1.0131063606304073e-19
6.980670679758309e-06 -7.56008041220706e-20
7.0105026057401815e-06 -6.730960619354523e-20
7.040334531722055e-06 -9.180643162499205e-20
7.070166457703929e-06 -9.252405810088197e-20
7.0999983836858015e-06 -9.076375486187868e-20
7.129830309667675e-06 -7.963854903988436e-20
7.159662235649548e-06 -7.919385320174302e-20
7.18949416163142e-06 -1.1093386134812077e-19
7.219326087613293e-06 -9.661925632772006e-20
7.249158013595167e-06 -7.465168226804942e-20
7.27898993957704e-06 -1.0062243019179541e-19
7.308821865558913e-06 -1.0472370982579699e-19
7.338653791540786e-06 -1.008058400260216e-19
7.36848571752266e-06 -9.816520153968437e-20
7.398317643504532e-06 -8.693126475020807e-20
7.428149569486406e-06 -1.1666801588894443e-19
7.4579814954682795e-06 -1.186420268664026e-19
7.487813421450151e-06 -8.537742326509601e-20
7.517645347432024e-06 -1.0487568967956652e-19
7.547477273413898e-06 -1.183440336570176e-19
7.5773091993957705e-06 -1.1112896400960693e-19
7.607141125377644e-06 -1.119697691500898e-19
7.636973051359517e-06 -9.925521069795372e-20
7.66680497734139e-06 -1.1759567980877016e-19
7.696636903323264e-06 -1.3463988219696158e-19
7.726468829305138e-06 -1.0451094541223568e-19
7.75630075528701e-06 -1.0762857771443869e-19
7.786132681268883e-06 -1.3062126519674843e-19
7.815964607250755e-06 -1.2371974490713831e-19
7.845796533232629e-06 -1.2153557139750698e-19
7.875628459214502e-06 -1.1280457891215373e-19
7.905460385196376e-06 -1.1957626835144184e-19
7.935292311178248e-06 -1.4538899567582355e-19
7.965124237160121e-06 -1.2227789191368205e-19
7.994956163141995e-06 -1.1121673524462198e-19
8.024788089123869e-06 -1.3920104559868215e-19
8.054620015105742e-06 -1.3670891467467073e-19
8.084451941087614e-06 -1.3187605733037537e-19
8.114283867069486e-06 -1.277087451830075e-19
8.14411579305136e-06 -1.2605968568404334e-19
8.173947719033233e-06 -1.5320762945179397e-19
8.203779645015107e-06 -1.4171782605002527e-19
8.23361157099698e-06 -1.184918312087041e-19
8.263443496978852e-06 -1.4399750237614944e-19
8.293275422960726e-06 -1.5073007168117207e-19
8.3231073489426e-06 -1.3970209177843144e-19
8.352939274924473e-06 -1.4061955897642865e-19
8.382771200906347e-06 -1.332858965923226e-19
8.412603126888218e-06 -1.5455065321891543e-19
8.44243505287009e-06 -1.6197979221357512e-19
8.472266978851964e-06 -1.2971085378915823e-19
8.502098904833838e-06 -1.4686047316688624e-19
8.531930830815711e-06 -1.6419307038612268e-19
8.561762756797585e-06 -1.5058516333769507e-19
8.591594682779457e-06 -1.5257344968461822e-19
8.62142660876133e-06 -1.4374829685315872e-19
8.651258534743204e-06 -1.5720108073782603e-19
8.681090460725077e-06 -1.7454261085146738e-19
8.71092238670695e-06 -1.4567026658643751e-19
8.740754312688821e-06 -1.488362777160817e-19
8.770586238670695e-06 -1.732972768191623e-19
8.800418164652568e-06 -1.6343994479603297e-19
8.830250090634442e-06 -1.6144474197740116e-19
8.860082016616316e-06 -1.5875347225723655e-19
8.889913942598188e-06 -1.6107744010780726e-19
8.919745868580061e-06 -1.8434957262241602e-19
8.949577794561935e-06 -1.6536492767066594e-19
8.979409720543808e-06 -1.505387220541846e-19
9.009241646525682e-06 -1.7995505195205476e-19
9.039073572507554e-06 -1.7797077076420352e-19
9.068905498489426e-06 -1.6806540764383056e-19
9.0987374244713e-06 -1.696825652786125e-19
9.128569350453173e-06 -1.65794040221567e-19
9.158401276435047e-06 -1.8755768907235886e-19
9.18823320241692e-06 -1.8443266821115967e-19
9.218065128398792e-06 -1.5860757845132817e-19
9.247897054380666e-06 -1.7971378594036779e-19
9.27772898036254e-06 -1.9143111078296693e-19
9.307560906344413e-06 -1.76737152678431e-19
9.337392832326285e-06 -1.761620711821968e-19
9.367224758308158e-06 -1.7401428366398947e-19
9.39705668429003e-06 -1.8978666243679763e-19
9.426888610271904e-06 -1.9626676606103046e-19
9.456720536253777e-06 -1.6762663324718113e-19
9.486552462235651e-06 -1.795365684697678e-19
9.516384388217525e-06 -1.9959213938570526e-19
9.546216314199396e-06 -1.8468382708549353e-19
9.57604824018127e-06 -1.8361357548654807e-19
9.605880166163144e-06 -1.8189507169641592e-19
9.635712092145016e-06 -1.8997356854274358e-19
9.66554401812689e-06 -2.0462139369487466e-19
9.695375944108763e-06 -1.7906790347458253e-19
9.725207870090635e-06 -1.7643641102116901e-19
9.755039796072508e-06 -2.0306412459471252e-19
9.784871722054382e-06 -1.9334095862192764e-19
9.814703648036255e-06 -1.8555936939795962e-19
9.844535574018127e-06 -1.8822106674491692e-19
9.874367500000001e-06 -1.8816690335623758e-19
9.904199425981875e-06 -2.0519610587066933e-19
9.934031351963746e-06 -1.9299849752402426e-19
9.96386327794562e-06 -1.764915850708572e-19
9.993695203927494e-06 -2.0177324015049976e-19
1.0023527129909366e-05 -2.0170490539647023e-19
1.005335905589124e-05 -1.868560501521153e-19
1.0083190981873113e-05 -1.9017657001376214e-19
1.0113022907854986e-05 -1.8872549452001132e-19
1.014285483383686e-05 -2.0212999991705061e-19
1.0172686759818732e-05 -2.0046851359937494e-19
1.0202518685800605e-05 -1.7648326087987967e-19
1.0232350611782479e-05 -1.9495652266253957e-19
1.0262182537764351e-05 -2.0720792472677917e-19
1.0292014463746225e-05 -1.8847723716576642e-19
1.0321846389728098e-05 -1.9141938335696746e-19
1.035167831570997e-05 -1.8978063379886784e-19
1.0381510241691844e-05 -1.9625703924437109e-19
1.0411342167673717e-05 -2.0580448016312638e-19
1.044117409365559e-05 -1.7969723909161093e-19
1.0471006019637464e-05 -1.859457339416577e-19
1.0500837945619336e-05 -2.0736837226307009e-19
1.053066987160121e-05 -1.9047758072352687e-19
1.0560501797583082e-05 -1.872154136198032e-19
1.0590333723564955e-05 -1.8825749505099674e-19
1.0620165649546829e-05 -1.905233714329341e-19
1.0649997575528703e-05 -2.0519273269715305e-19
1.0679829501510575e-05 -1.8465157853151332e-19
1.0709661427492448e-05 -1.7799079597691894e-19
1.0739493353474322e-05 -2.0459339598607334e-19
1.0769325279456195e-05 -1.942566205193191e-19
1.0799157205438067e-05 -1.8203599311868707e-19
1.082898913141994e-05 -1.86866982109451e-19
1.0858821057401813e-05 -1.872137268722874e-19
1.0888652983383686e-05 -2.0041225884593057e-19
1.091848490936556e-05 -1.884956917121099e-19
1.0948316835347433e-05 -1.7135229668218272e-19
1.0978148761329305e-05 -1.9636449145907474e-19
1.1007980687311179e-05 -1.9754585122608383e-19
1.1037812613293053e-05 -1.7838121120986707e-19
1.1067644539274926e-05 -1.8376061065223192e-19
1.10974764652568e-05 -1.8370847427372719e-19
1.1127308391238672e-05 -1.9184351386029654e-19
1.1157140317220544e-05 -1.9137433826147308e-19
1.1186972243202417e-05 -1.6657249228378352e-19
1.121680416918429e-05 -1.8408348493731872e-19
1.1246636095166164e-05 -1.9839773083308017e-19
1.1276468021148038e-05 -1.7532824817828624e-19
1.130629994712991e-05 -1.7706108819783662e-19
1.1336131873111783e-05 -1.8030646191071246e-19
1.1365963799093657e-05 -1.843587984968598e-19
1.139579572507553e-05 -1.9181884716273345e-19
1.1425627651057404e-05 -1.675350588257864e-19
1.1455459577039276e-05 -1.7130917072090916e-19
1.1485291503021148e-05 -1.9390809898129364e-19
1.1515123429003022e-05 -1.7586566270950018e-19
1.1544955354984895e-05 -1.6917359801808917e-19
1.1574787280966769e-05 -1.7533388898742316e-19
1.1604619206948642e-05 -1.7634645535004085e-19
1.1634451132930514e-05 -1.8631267377697405e-19
1.1664283058912388e-05 -1.678593147175619e-19
1.1694114984894262e-05 -1.5936226831351546e-19
1.1723946910876135e-05 -1.8744586276616759e-19
1.1753778836858007e-05 -1.7799365434290021e-19
1.1783610762839879e-05 -1.6099155743181352e-19
1.1813442688821754e-05 -1.7049456366797057e-19
1.1843274614803628e-05 -1.7007335407970588e-19
1.1873106540785501e-05 -1.7745409669317696e-19
1.1902938466767373e-05 -1.68114180419407e-19
1.1932770392749245e-05 -1.499974136592875e-19
1.1962602318731117e-05 -1.7499084381521427e-19
1.199243424471299e-05 -1.768133598858084e-19
1.2022266170694864e-05 -1.5494811973161627e-19
1.2052098096676738e-05 -1.6154162995261349e-19
1.2081930022658611e-05 -1.632044414876203e-19
1.2111761948640483e-05 -1.693679174772602e-19
1.2141593874622357e-05 -1.6809233111558482e-19
1.217142580060423e-05 -1.4530955950523348e-19
1.2201257726586104e-05 -1.599428923752901e-19
1.2231089652567978e-05 -1.740924618664821e-19
1.226092157854985e-05 -1.5137442249895025e-19
1.2290753504531723e-05 -1.4992545512156045e-19
1.2320585430513597e-05 -1.5656031076846856e-19
1.235041735649547e-05 -1.5811394920808256e-19
1.2380249282477344e-05 -1.6168784474947347e-19
1.2410081208459216e-05 -1.4094164739434254e-19
1.243991313444109e-05 -1.448958033556862e-19
1.2469745060422963e-05 -1.6800530781153906e-19
1.2499576986404837e-05 -1.4878725014643365e-19
1.2529408912386707e-05 -1.3907101255087532e-19
1.255924083836858e-05 -1.4896344196359294e-19
1.2589072764350454e-05 -1.4914435281154806e-19
1.2618904690332326e-05 -1.5375065894095794e-19
1.26487366163142e-05 -1.3825149803436572e-19
1.2678568542296073e-05 -1.3104099612511832e-19
1.2708400468277947e-05 -1.5572956125444078e-19
1.273823239425982e-05 -1.459610516442809e-19
1.2768064320241692e-05 -1.2860195621298188e-19
1.2797896246223566e-05 -1.4008828348289532e-19
1.282772817220544e-05 -1.400491663692255e-19
1.2857560098187313e-05 -1.4358485893999598e-19
1.2887392024169185e-05 -1.3688359689590977e-19
1.2917223950151059e-05 -1.1985081673389806e-19
1.2947055876132932e-05 -1.4125135676231053e-19
1.2976887802114806e-05 -1.4521334600360007e-19
1.300671972809668e-05 -1.1972421378082155e-19
1.3036551654078551e-05 -1.2639370682896862e-19
1.3066383580060425e-05 -1.3144517437109583e-19
1.3096215506042298e-05 -1.2841517092445738e-19
1.3126047432024172e-05 -1.3101636274373892e-19
1.3155879358006042e-05 -1.1289281159738526e-19
1.3185711283987916e-05 -1.2256421346137272e-19
1.321554320996979e-05 -1.382454804617537e-19
1.3245375135951661e-05 -1.1321570535702687e-19
1.3275207061933535e-05 -1.135891402415311e-19
1.3305038987915409e-05 -1.2332218478558673e-19
1.3334870913897282e-05 -1.1891166306666101e-19
1.3364702839879156e-05 -1.215047446390455e-19
1.3394534765861028e-05 -1.0354868868030557e-19
1.3424366691842901e-05 -1.0509679691129107e-19
1.3454198617824775e-05 -1.2760718621478653e-19
1.3484030543806648e-05 -1.0748502964310862e-19
1.3513862469788522e-05 -9.663220282122696e-20
1.3543694395770394e-05 -1.122259277871542e-19
1.3573526321752268e-05 -1.079884779915672e-19
1.3603358247734141e-05 -1.0890832308416866e-19
1.3633190173716015e-05 -9.878315915309384e-20
1.3663022099697887e-05 -8.81135277547767e-20
1.369285402567976e-05 -1.1364074064231665e-19
1.3722685951661634e-05 -1.0406506571285809e-19
1.3752517877643504e-05 -8.190133887778667e-20
1.3782349803625378e-05 -9.646143979936549e-20
1.3812181729607251e-05 -9.619954943638716e-20
1.3842013655589125e-05 -9.475743375009305e-20
1.3871845581570997e-05 -9.046718479396192e-20
1.390167750755287e-05 -7.605281834227016e-20
1.3931509433534744e-05 -9.533671467393633e-20
1.3961341359516618e-05 -9.666578950456231e-20
1.3991173285498491e-05 -7.043343505167976e-20
1.4021005211480363e-05 -8.069486746178367e-20
1.4050837137462237e-05 -8.665478753575245e-20
1.408066906344411e-05 -8.00392420872667e-20
1.4110500989425984e-05 -8.090469182626894e-20
1.4140332915407857e-05 -6.452420339076365e-20
1.417016484138973e-05 -7.257303552038634e-20
1.4199996767371603e-05 -8.715495951719172e-20
1.4229828693353476e-05 -6.181766600043341e-20
1.425966061933535e-05 -6.16213987248542e-20
1.4289492545317224e-05 -7.558664167809905e-20
1.4319324471299096e-05 -6.541095717739567e-20
1.434915639728097e-05 -6.74359451872134e-20
1.437898832326284e-05 -5.70279454595433e-20
1.4408820249244713e-05 -5.357959222672183e-20
1.4438652175226587e-05 -7.527902698132104e-20
1.446848410120846e-05 -5.554033303888769e-20
1.4498316027190334e-05 -4.382515437813002e-20
1.4528147953172206e-05 -6.054064706794568e-20
1.455797987915408e-05 -5.295059729283696e-20
1.4587811805135953e-05 -5.37160488162058e-20
1.4617643731117826e-05 -4.7343894286091206e-20
1.46474756570997e-05 -3.770832988867056e-20
1.4677307583081572e-05 -6.018268600108218e-20
1.4707139509063446e-05 -5.284221149087837e-20
1.473697143504532e-05 -2.8598929362748824e-20
1.4766803361027193e-05 -4.490171972981266e-20
1.4796635287009065e-05 -4.83613019991014e-20
1.4826467212990938e-05 -3.7431543889230515e-20
1.4856299138972812e-05 -3.9885684792725706e-20
1.4886131064954685e-05 -2.7594145278253227e-20
1.4915962990936559e-05 -3.882655510674652e-20
1.4945794916918431e-05 -4.718768462962499e-20
1.4975626842900303e-05 -1.859842987171561e-20
1.5005458768882175e-05 -2.8282591164036524e-20
1.5035290694864048e-05 -4.0604851950094686e-20
1.5065122620845922e-05 -2.6995958959432577e-20
1.5094954546827796e-05 -2.859919504332426e-20
1.5124786472809669e-05 -2.0181190360068313e-20
1.5154618398791541e-05 -2.364912748610242e-20
1.5184450324773415e-05 -3.752638521672205e-20
1.5214282250755288e-05 -1.4827311248226806e-20
1.5244114176737162e-05 -1.1258052709686348e-20
1.5273946102719034e-05 -2.9567658125160095e-20
1.530377802870091e-05 -1.812123900723034e-20
1.533360995468278e-05 -1.5085333591445653e-20
1.5363441880664653e-05 -1.3639992213891683e-20
1.5393273806646528e-05 -9.321426861890586e-21
1.54231057326284e-05 -2.564061746801906e-20
1.5452937658610275e-05 -1.1603486879813932e-20
1.5482769584592147e-05 3.2430364162037083e-21
1.551260151057402e-05 -1.7689426630427217e-20
1.5542433436555894e-05 -1.2479002146773175e-20
1.5572265362537766e-05 -3.438894095566949e-21
1.5602097288519638e-05 -6.555058558081617e-21
1.563192921450151e-05 3.607617696345008e-21
1.5661761140483385e-05 -1.1401234144264566e-20
1.5691593066465257e-05 -9.4744706936858e-21
1.572142499244713e-05 1.4187848165524944e-20
1.5751256918429004e-05 -4.503130342997032e-21
1.5781088844410876e-05 -6.718181337083246e-21
1.581092077039275e-05 6.885357852425515e-21
1.5840752696374624e-05 5.154576130084727e-22
1.5870584622356495e-05 1.0211618359665132e-20
1.590041654833837e-05 3.6061970538062025e-21
1.5930248474320243e-05 -2.8795317747344505e-21
1.5960080400302118e-05 2.096996945297541e-20
1.598991232628399e-05 1.1992746448939826e-20
1.6019744252265862e-05 5.962417714259633e-22
1.6049576178247737e-05 1.5371445779877807e-20
1.607940810422961e-05 1.2648893541889676e-20
1.6109240030211484e-05 1.7346690637543058e-20
1.6139071956193356e-05 1.6818064396513598e-20
1.6168903882175228e-05 3.1218581078954627e-21
1.61987358081571e-05 2.2881133855068133e-20
1.6228567734138972e-05 2.7886075654880706e-20
1.6258399660120847e-05 9.009683064038872e-21
1.628823158610272e-05 2.093777639207843e-20
1.6318063512084594e-05 2.6131788738307968e-20
1.6347895438066466e-05 2.3626718585652648e-20
1.6377727364048338e-05 3.017154341046201e-20
1.6407559290030213e-05 1.6028509601851433e-20
1.6437391216012085e-05 2.5906671424846187e-20
1.646722314199396e-05 4.176260213476351e-20
1.6497055067975833e-05 1.9606009793237748e-20
1.6526886993957704e-05 2.4477091740453536e-20
1.655671891993958e-05 3.8213701825216267e-20
1.658655084592145e-05 3.10588197621461e-20
1.6616382771903327e-05 3.7148796786482734e-20
1.66462146978852e-05 3.0089604248666057e-20
1.667604662386707e-05 3.0651625372849615e-20
1.6705878549848946e-05 4.9627811292176264e-20
1.6735710475830818e-05 3.566091720520061e-20
1.6765542401812693e-05 3.0891739724604304e-20
1.6795374327794565e-05 4.5834588063207796e-20
1.6825206253776437e-05 4.13262736677775e-20
1.685503817975831e-05 4.426649589278985e-20
1.688487010574018e-05 4.1892915040554536e-20
1.6914702031722056e-05 3.527388766460528e-20
1.6944533957703928e-05 5.422133560091671e-20
1.6974365883685803e-05 5.01386917496509e-20
1.7004197809667675e-05 3.6891386044608094e-20
1.7034029735649547e-05 5.32570826615615e-20
1.7063861661631422e-05 5.194849258667285e-20
1.7093693587613294e-05 4.9325708410301795e-20
1.712352551359517e-05 5.666225587620863e-20
1.715335743957704e-05 4.436019965747145e-20
1.7183189365558913e-05 5.697752401221365e-20
1.721302129154079e-05 6.566430633973874e-20
1.724285321752266e-05 4.445125385651528e-20
1.7272685143504532e-05 5.635116869530649e-20
1.7302517069486408e-05 6.226649697334893e-20
1.733234899546828e-05 5.474777271229797e-20
1.7362180921450155e-05 6.44646097245339e-20
1.7392012847432027e-05 5.4097896413420657e-20
1.74218447734139e-05 5.986517739495296e-20
1.745167669939577e-05 7.567805224120433e-20
1.7481508625377643e-05 5.699557343169986e-20
1.7511340551359518e-05 5.939981878782848e-20
1.754117247734139e-05 7.341711862400348e-20
1.7571004403323265e-05 6.532005021328596e-20
1.7600836329305137e-05 6.946268910266008e-20
1.763066825528701e-05 6.568823360983466e-20
1.7660500181268884e-05 6.2022284249371e-20
1.7690332107250756e-05 8.140613893884351e-20
1.772016403323263e-05 6.999368921981576e-20
1.7749995959214503e-05 6.190177450055196e-20
1.7779827885196375e-05 8.083732667929903e-20
1.780965981117825e-05 7.366912713632773e-20
1.7839491737160122e-05 7.45299146442742e-20
1.7869323663141998e-05 7.837417895712698e-20
1.789915558912387e-05 6.827580601532243e-20
1.792898751510574e-05 8.459757140580985e-20
1.7958819441087617e-05 8.400269926302909e-20
1.798865136706949e-05 6.822351973637053e-20
1.8018483293051364e-05 8.391687099249833e-20
1.8048315219033232e-05 8.339936310729311e-20
1.8078147145015108e-05 7.752297098349242e-20
1.810797907099698e-05 8.715793011506209e-20
1.813781099697885e-05 7.612733440244405e-20
1.8167642922960727e-05 8.410277430114813e-20
1.81974748489426e-05 9.473238850707906e-20
1.8227306774924474e-05 7.470270276013551e-20
1.8257138700906346e-05 8.54412802647089e-20
1.8286970626888218e-05 9.425673602646321e-20
1.8316802552870093e-05 8.170372734912936e-20
1.8346634478851965e-05 9.136518351785138e-20
1.837646640483384e-05 8.52794228943458e-20
1.8406298330815712e-05 8.38870852118792e-20
1.8436130256797584e-05 1.0197347249908181e-19
1.846596218277946e-05 8.517314947781409e-20
1.849579410876133e-05 8.355096394802256e-20
1.8525626034743207e-05 1.0091646218338144e-19
1.855545796072508e-05 8.933095020867232e-20
1.858528988670695e-05 9.38839005378478e-20
1.8615121812688826e-05 9.373161815592529e-20
1.8644953738670694e-05 8.461003571224044e-20
1.867478566465257e-05 1.0475310894853877e-19
1.870461759063444e-05 9.680171891274714e-20
1.8734449516616317e-05 8.2595011180257e-20
1.876428144259819e-05 1.018289584961989e-19
1.879411336858006e-05 9.743270599403904e-20
1.8823945294561936e-05 9.249786065973466e-20
1.8853777220543808e-05 9.996986658661669e-20
1.8883609146525683e-05 8.963309179882265e-20
1.8913441072507555e-05 1.007226483933075e-19
1.8943272998489427e-05 1.0507565504087858e-19
1.8973104924471302e-05 8.654102240936586e-20
1.9002936850453174e-05 9.953996592658213e-20
1.903276877643505e-05 1.0426440628925118e-19
1.906260070241692e-05 9.358693337270748e-20
1.9092432628398793e-05 1.0102424124981779e-19
1.9122264554380668e-05 9.390895867680756e-20
1.915209648036254e-05 9.682957462506443e-20
1.9181928406344415e-05 1.095680913215664e-19
1.9211760332326287e-05 9.099359419998839e-20
1.924159225830816e-05 9.564889132897943e-20
1.927142418429003e-05 1.093833762075504e-19
1.9301256110271903e-05 9.55186819513117e-20
1.933108803625378e-05 1.019061038341899e-19
1.936091996223565e-05 1.0070110627887085e-19
1.9390751888217526e-05 9.488071833110889e-20
1.9420583814199397e-05 1.1114095918214825e-19
1.945041574018127e-05 9.783059325612175e-20
1.9480247666163145e-05 9.08794650643439e-20
1.9510079592145017e-05 1.0954461549180022e-19
1.953991151812689e-05 9.993556597318145e-20
1.9569743444108764e-05 9.854641362731828e-20
1.9599575370090636e-05 1.0498491198678552e-19
1.962940729607251e-05 9.546502453302866e-20
1.9659239222054383e-05 1.0794749474909733e-19
1.9689071148036255e-05 1.0584403096142657e-19
