0.0 1.677509106402377e-19
2.9803842105263156e-08 1.6991784965210804e-19
5.960768421052631e-08 1.7287709327660127e-19
8.941152631578947e-08 1.6932778376871467e-19
1.1921536842105262e-07 1.6394757148781374e-19
1.4901921052631577e-07 1.6037672697743854e-19
1.7882305263157894e-07 1.6640378293003823e-19
2.086268947368421e-07 1.6585497058414366e-19
2.3843073684210525e-07 1.5373780358016356e-19
2.682345789473684e-07 1.5699807237235213e-19
2.9803842105263153e-07 1.6020671547925244e-19
3.278422631578947e-07 1.5563729117552067e-19
3.5764610526315787e-07 1.5377911821469755e-19
3.87449947368421e-07 1.4509130880762447e-19
4.172537894736842e-07 1.4943059290157414e-19
4.4705763157894735e-07 1.5413788644321601e-19
4.768614736842105e-07 1.4061335829615397e-19
5.066653157894736e-07 1.403769525103356e-19
5.364691578947368e-07 1.445495002091974e-19
5.66273e-07 1.406066136320959e-19
5.960768421052631e-07 1.3821159838307932e-19
6.258806842105263e-07 1.3226683263798335e-19
6.556845263157894e-07 1.3455962569707143e-19
6.854883684210525e-07 1.3785018260461824e-19
7.152922105263157e-07 1.267905614738912e-19
7.450960526315789e-07 1.2450995066744287e-19
7.74899894736842e-07 1.2813495243588847e-19
8.047037368421052e-07 1.2388806530942772e-19
8.345075789473684e-07 1.222256296589819e-19
8.643114210526315e-07 1.1685587869810212e-19
8.941152631578947e-07 1.1363287932235338e-19
9.239191052631578e-07 1.2065713590494956e-19
9.53722947368421e-07 1.1428452995417038e-19
9.835267894736842e-07 1.0529890246204275e-19
1.0133306315789472e-06 1.1087683984330394e-19
1.0431344736842106e-06 1.0961257565581527e-19
1.0729383157894736e-06 1.0559788778568452e-19
1.1027421578947368e-06 1.0228677195911199e-19
1.132546e-06 9.627893538549087e-20
1.1623498421052632e-06 1.0193255960553477e-19
1.1921536842105261e-06 1.0039265681113101e-19
1.2219575263157893e-06 8.867644524956765e-20
1.2517613684210525e-06 8.955792160578605e-20
1.2815652105263157e-06 9.270143659586171e-20
1.3113690526315787e-06 9.032631900028076e-20
1.341172894736842e-06 8.422439999365818e-20
1.370976736842105e-06 7.985357060012769e-20
1.4007805789473683e-06 8.388165367941496e-20
1.4305844210526315e-06 8.31678316303476e-20
1.4603882631578947e-06 7.471813347785476e-20
1.4901921052631579e-06 7.26153636980085e-20
1.5199959473684209e-06 7.407693747147026e-20
1.549799789473684e-06 7.213411271495395e-20
1.5796036315789473e-06 6.875654049007941e-20
1.6094074736842105e-06 6.287166301233924e-20
1.6392113157894734e-06 6.371830764365534e-20
1.6690151578947368e-06 6.888205628159489e-20
1.6988189999999998e-06 5.862929295671792e-20
1.728622842105263e-06 5.3582960594035213e-20
1.758426684210526e-06 5.995470476922429e-20
1.7882305263157894e-06 5.633479883522983e-20
1.8180343684210524e-06 5.3941872845049376e-20
1.8478382105263156e-06 4.7841673634740887e-20
1.8776420526315786e-06 4.542231208225765e-20
1.907445894736842e-06 5.260848830914816e-20
1.937249736842105e-06 4.2479893517244666e-20
1.9670535789473684e-06 3.6049258021652827e-20
1.9968574210526316e-06 4.13003980927587e-20
2.0266612631578943e-06 3.7990203894232563e-20
2.056465105263158e-06 3.649910392284206e-20
2.086268947368421e-06 3.180298371093478e-20
2.116072789473684e-06 2.842365884413304e-20
2.145876631578947e-06 3.4580809807580297e-20
2.1756804736842103e-06 2.93017820281374e-20
2.2054843157894735e-06 2.0732996091370602e-20
2.2352881578947363e-06 2.272993327262352e-20
2.265092e-06 2.306803539846168e-20
2.294895842105263e-06 2.0091224202284027e-20
2.3246996842105263e-06 1.5284327193633087e-20
2.354503526315789e-06 9.912238016327113e-21
2.3843073684210523e-06 1.377388506697094e-20
2.4141112105263155e-06 1.538266901956211e-20
2.4439150526315787e-06 4.0760333256728194e-21
2.4737188947368423e-06 2.5456965327514862e-21
2.503522736842105e-06 7.625061402590324e-21
2.5333265789473682e-06 3.72131741451725e-21
2.5631304210526314e-06 5.8213814405568e-22
2.5929342631578946e-06 -6.560991069899839e-21
2.6227381052631574e-06 -6.072699594567083e-21
2.6525419473684206e-06 2.189827335522019e-22
2.682345789473684e-06 -1.1691779086795599e-20
2.7121496315789474e-06 -1.5971977434143052e-20
2.74195347368421e-06 -9.16621692198926e-21
2.7717573157894734e-06 -1.4681400885837126e-20
2.8015611578947366e-06 -1.8252581240171975e-20
2.8313649999999998e-06 -2.1094871047815776e-20
2.861168842105263e-06 -2.4563302286317792e-20
2.8909726842105258e-06 -1.763485342903455e-20
2.9207765263157894e-06 -2.3064646010208042e-20
2.9505803684210526e-06 -3.298931357013149e-20
2.9803842105263158e-06 -2.873975564864654e-20
3.0101880526315785e-06 -3.056688756953875e-20
3.0399918947368417e-06 -3.419780642497349e-20
3.069795736842105e-06 -3.6204915401034234e-20
3.099599578947368e-06 -4.24880060993769e-20
3.1294034210526313e-06 -3.685125821967816e-20
3.1592072631578945e-06 -3.729391166516711e-20
3.1890111052631577e-06 -5.0485945983330605e-20
3.218814947368421e-06 -4.644015940539036e-20
3.2486187894736837e-06 -4.3590378687916373e-20
3.278422631578947e-06 -4.984323509260064e-20
3.30822647368421e-06 -5.251125555157112e-20
3.3380303157894737e-06 -5.828466057029711e-20
3.367834157894737e-06 -5.457386119683532e-20
3.3976379999999997e-06 -5.2785357204173226e-20
3.427441842105263e-06 -6.451938180928512e-20
3.457245684210526e-06 -6.513095274803635e-20
3.4870495263157892e-06 -6.08912651833661e-20
3.516853368421052e-06 -6.496471802394982e-20
3.546657210526315e-06 -6.77970873847411e-20
3.576461052631579e-06 -7.335292087407481e-20
3.606264894736842e-06 -7.392787261178778e-20
3.636068736842105e-06 -6.646187096202251e-20
3.665872578947368e-06 -7.715194948357309e-20
3.695676421052631e-06 -8.56716085406454e-20
3.7254802631578944e-06 -7.639330174099175e-20
3.755284105263157e-06 -7.946678535223208e-20
3.7850879473684208e-06 -8.439160830214894e-20
3.814891789473684e-06 -8.816842741791515e-20
3.844695631578947e-06 -9.292248860893274e-20
3.87449947368421e-06 -8.358767232420499e-20
3.904303315789473e-06 -8.980379804817318e-20
3.934107157894737e-06 -1.01624068574309e-19
3.9639109999999995e-06 -9.256132327516789e-20
3.993714842105263e-06 -9.344382393633466e-20
4.023518684210526e-06 -1.0038671767108785e-19
4.053322526315789e-06 -1.0192565065259166e-19
4.083126368421052e-06 -1.0649074838166442e-19
4.112930210526316e-06 -1.0107897370426347e-19
4.142734052631579e-06 -1.0082761121058589e-19
4.172537894736842e-06 -1.1577879636217208e-19
4.202341736842104e-06 -1.134034420875424e-19
4.232145578947368e-06 -1.0612245834185195e-19
4.261949421052631e-06 -1.1481579233104546e-19
4.291753263157894e-06 -1.1796782089518102e-19
4.321557105263158e-06 -1.20851447058733e-19
4.351360947368421e-06 -1.1818265392314348e-19
4.381164789473684e-06 -1.1156348803374758e-19
4.410968631578947e-06 -1.273649703922264e-19
4.440772473684211e-06 -1.3069241039381638e-19
4.470576315789473e-06 -1.1970143639269197e-19
4.500380157894736e-06 -1.2727814937378964e-19
4.530184e-06 -1.321625020177691e-19
4.559987842105263e-06 -1.3397590462008632e-19
4.589791684210526e-06 -1.3360891083658814e-19
4.619595526315789e-06 -1.2645897233505791e-19
4.649399368421053e-06 -1.3730362457795125e-19
4.679203210526315e-06 -1.4490117484212248e-19
4.709007052631578e-06 -1.3341996665024265e-19
4.738810894736841e-06 -1.370057730957381e-19
4.7686147368421045e-06 -1.4474833676694212e-19
4.798418578947368e-06 -1.4457251851792764e-19
4.828222421052631e-06 -1.4788536636967843e-19
4.8580262631578946e-06 -1.4153791419825292e-19
4.887830105263157e-06 -1.4490941674638173e-19
4.917633947368421e-06 -1.6041016887976784e-19
4.9474377894736846e-06 -1.4992394329188286e-19
4.9772416315789465e-06 -1.4387040990859866e-19
5.00704547368421e-06 -1.5714007965799644e-19
5.036849315789473e-06 -1.565879566220395e-19
5.0666531578947365e-06 -1.5700590375303372e-19
5.096456999999999e-06 -1.5423441469810412e-19
5.126260842105263e-06 -1.500368083655824e-19
5.156064684210526e-06 -1.675487093797225e-19
5.185868526315789e-06 -1.6520322014757205e-19
5.215672368421052e-06 -1.517830462105079e-19
5.245476210526315e-06 -1.6368339252429914e-19
5.2752800526315784e-06 -1.6820884996324668e-19
5.305083894736841e-06 -1.670209157665529e-19
5.334887736842105e-06 -1.6512800961485523e-19
5.364691578947368e-06 -1.595105186717252e-19
5.394495421052631e-06 -1.7451295592243433e-19
5.424299263157895e-06 -1.774065010138698e-19
5.454103105263158e-06 -1.5970184460042597e-19
5.48390694736842e-06 -1.685807207862639e-19
5.513710789473683e-06 -1.7871593017233635e-19
5.543514631578947e-06 -1.7343154073796812e-19
5.5733184736842096e-06 -1.7292143149784033e-19
5.603122315789473e-06 -1.686248941592443e-19
5.632926157894737e-06 -1.7916523654318726e-19
5.6627299999999996e-06 -1.8750195520545895e-19
5.692533842105263e-06 -1.7065065924429868e-19
5.722337684210526e-06 -1.728723969549839e-19
5.752141526315789e-06 -1.8535319208286297e-19
5.7819453684210515e-06 -1.822727061049703e-19
5.811749210526315e-06 -1.7954388347896315e-19
5.841553052631579e-06 -1.7559142418034749e-19
5.8713568947368415e-06 -1.8093342119966098e-19
5.901160736842105e-06 -1.9434169986486914e-19
5.930964578947368e-06 -1.832916754572777e-19
5.9607684210526315e-06 -1.750363197645355e-19
5.9905722631578935e-06 -1.906962252555099e-19
6.020376105263157e-06 -1.9149685218183777e-19
6.050179947368421e-06 -1.8692453567487153e-19
6.0799837894736835e-06 -1.8637299296596626e-19
6.109787631578947e-06 -1.8490090736879222e-19
6.13959147368421e-06 -1.9926802427310079e-19
6.1693953157894735e-06 -1.9397830544487185e-19
6.199199157894736e-06 -1.7897255992403165e-19
6.229003e-06 -1.9548302364036803e-19
6.258806842105263e-06 -2.006116165351735e-19
6.288610684210525e-06 -1.9223927954494587e-19
6.318414526315789e-06 -1.9369410153602456e-19
6.348218368421052e-06 -1.9191274156108733e-19
6.378022210526315e-06 -2.0168539433832617e-19
6.407826052631578e-06 -2.0498458230319888e-19
6.437629894736842e-06 -1.8928259398133746e-19
6.4674337368421054e-06 -1.9724771023448415e-19
6.497237578947367e-06 -2.0804885009403845e-19
6.527041421052631e-06 -2.00104138468551e-19
6.556845263157894e-06 -1.985004425453705e-19
6.586649105263157e-06 -1.968885275505672e-19
6.61645294736842e-06 -2.0435104464605542e-19
6.646256789473684e-06 -2.132512270135842e-19
6.676060631578947e-06 -1.979537163182248e-19
6.70586447368421e-06 -1.9855952135389897e-19
6.735668315789474e-06 -2.1601788100854653e-19
6.765472157894736e-06 -2.1003476714866335e-19
6.795275999999999e-06 -2.0473816860346438e-19
6.825079842105262e-06 -2.0556522538833618e-19
6.854883684210526e-06 -2.08056511768344e-19
6.8846875263157885e-06 -2.1984889716785758e-19
6.914491368421052e-06 -2.0803243535527878e-19
6.944295210526316e-06 -1.9919311725240362e-19
6.9740990526315785e-06 -2.1805604413228054e-19
7.003902894736841e-06 -2.18450044568264e-19
7.033706736842104e-06 -2.0974423590875618e-19
7.063510578947368e-06 -2.1007722050212051e-19
7.09331442105263e-06 -2.1325380748241954e-19
7.123118263157894e-06 -2.2417177459019404e-19
7.152922105263158e-06 -2.17540629953471e-19
7.1827259473684204e-06 -2.0454916437495918e-19
7.212529789473684e-06 -2.199197198443285e-19
7.242333631578947e-06 -2.264836026086332e-19
7.27213747368421e-06 -2.1442198517044034e-19
7.301941315789472e-06 -2.1440922869577751e-19
7.331745157894736e-06 -2.178467884544013e-19
7.361549e-06 -2.255508642300456e-19
7.391352842105262e-06 -2.2597123335121974e-19
7.421156684210526e-06 -2.1139014879952008e-19
7.450960526315789e-06 -2.204065375396681e-19
7.480764368421052e-06 -2.327443765460473e-19
7.510568210526314e-06 -2.203426477574803e-19
7.540372052631578e-06 -2.185037121267151e-19
7.5701758947368416e-06 -2.2399549706003005e-19
7.599979736842104e-06 -2.28007974875914e-19
7.629783578947368e-06 -2.314053503030163e-19
7.65958742105263e-06 -2.171990875892087e-19
7.689391263157893e-06 -2.1875600937878386e-19
7.719195105263158e-06 -2.3625528673263165e-19
7.74899894736842e-06 -2.274831396896706e-19
7.778802789473684e-06 -2.194810847017664e-19
7.808606631578946e-06 -2.2631479652213234e-19
7.838410473684209e-06 -2.311378807354713e-19
7.868214315789474e-06 -2.347320234081312e-19
7.898018157894736e-06 -2.2533982565111145e-19
7.927821999999999e-06 -2.195906482627386e-19
7.957625842105262e-06 -2.36528311664004e-19
7.987429684210526e-06 -2.3669774507377314e-19
8.017233526315789e-06 -2.2117487215644524e-19
8.047037368421052e-06 -2.2540977985691677e-19
8.076841210526315e-06 -2.3143196544122517e-19
8.106645052631577e-06 -2.3446580000925175e-19
8.136448894736842e-06 -2.305247711300322e-19
8.166252736842105e-06 -2.203872356575687e-19
8.196056578947367e-06 -2.3573957432898176e-19
8.225860421052632e-06 -2.4172126625493435e-19
8.255664263157895e-06 -2.243539819397937e-19
8.285468105263157e-06 -2.2560106340090076e-19
8.31527194736842e-06 -2.334967889794229e-19
8.345075789473685e-06 -2.362886522270773e-19
8.374879631578947e-06 -2.333173038161709e-19
8.404683473684208e-06 -2.219115849917907e-19
8.434487315789473e-06 -2.309372335748569e-19
8.464291157894736e-06 -2.4260781098699064e-19
8.494094999999999e-06 -2.2720199113367193e-19
8.523898842105261e-06 -2.2438871912339646e-19
8.553702684210526e-06 -2.338350986603342e-19
8.583506526315789e-06 -2.3513595646780695e-19
8.613310368421051e-06 -2.368552452550679e-19
8.643114210526316e-06 -2.243536332124551e-19
8.672918052631579e-06 -2.2466094937936364e-19
8.702721894736841e-06 -2.418774542075867e-19
8.732525736842104e-06 -2.3024451043093637e-19
8.762329578947369e-06 -2.219123425715842e-19
8.792133421052631e-06 -2.317282165648094e-19
8.821937263157894e-06 -2.328942227891534e-19
8.851741105263159e-06 -2.3403185513872304e-19
8.881544947368421e-06 -2.2598382488091816e-19
8.911348789473682e-06 -2.219828874527245e-19
8.941152631578945e-06 -2.3846634666753594e-19
8.97095647368421e-06 -2.3325733551513187e-19
9.000760315789472e-06 -2.197619721636528e-19
9.030564157894735e-06 -2.2779325707151717e-19
9.060368e-06 -2.3042205318706797e-19
9.090171842105262e-06 -2.3086654856097736e-19
9.119975684210525e-06 -2.2527256350812136e-19
9.149779526315788e-06 -2.1602671992963411e-19
9.179583368421052e-06 -2.306632491439465e-19
9.209387210526315e-06 -2.345825499161625e-19
9.239191052631578e-06 -2.1796456119346524e-19
9.268994894736842e-06 -2.201518205358217e-19
9.298798736842105e-06 -2.2832123744249437e-19
9.328602578947368e-06 -2.2724983111422994e-19
9.35840642105263e-06 -2.235155978274853e-19
9.388210263157895e-06 -2.146760743451655e-19
9.418014105263156e-06 -2.216688054770752e-19
9.447817947368419e-06 -2.318421071896832e-19
9.477621789473682e-06 -2.161264547468672e-19
9.507425631578946e-06 -2.130256998237689e-19
9.537229473684209e-06 -2.2391640805066857e-19
9.567033315789472e-06 -2.2067492103742005e-19
9.596837157894736e-06 -2.174305353871314e-19
9.626640999999999e-06 -2.114170049420741e-19
9.656444842105262e-06 -2.1425788000977776e-19
9.686248684210525e-06 -2.268906391728395e-19
9.716052526315789e-06 -2.1529945562867616e-19
9.745856368421052e-06 -2.0501859047441255e-19
9.775660210526315e-06 -2.1623987534102505e-19
9.805464052631579e-06 -2.1758530295921514e-19
9.835267894736842e-06 -2.1189263248950417e-19
9.865071736842105e-06 -2.0692710284044042e-19
9.894875578947369e-06 -2.0521684956841382e-19
9.92467942105263e-06 -2.1754573892490307e-19
9.954483263157893e-06 -2.1289853483400036e-19
9.984287105263156e-06 -1.9878101564474724e-19
1.001409094736842e-05 -2.088980831306452e-19
1.0043894789473683e-05 -2.1261367002620579e-19
1.0073698631578946e-05 -2.0583351356421216e-19
1.0103502473684209e-05 -2.0297506662263513e-19
1.0133306315789473e-05 -1.9883903172428371e-19
1.0163110157894736e-05 -2.076552072732148e-19
1.0192913999999999e-05 -2.0862338450649894e-19
1.0222717842105263e-05 -1.9283835497038252e-19
1.0252521684210526e-05 -1.9821908104330299e-19
1.0282325526315789e-05 -2.062631072804998e-19
1.0312129368421051e-05 -1.9897935090099489e-19
1.0341933210526316e-05 -1.9727112054462224e-19
1.0371737052631579e-05 -1.931992240027711e-19
1.0401540894736841e-05 -1.9719045061543303e-19
1.0431344736842104e-05 -2.048794765285416e-19
1.0461148578947367e-05 -1.9098109750859376e-19
1.049095242105263e-05 -1.8894474829191577e-19
1.0520756263157892e-05 -1.9826671139391932e-19
1.0550560105263157e-05 -1.9321288633215622e-19
1.058036394736842e-05 -1.9055617589951659e-19
1.0610167789473682e-05 -1.8653652587961901e-19
1.0639971631578947e-05 -1.8703873924484679e-19
1.066977547368421e-05 -1.9615577951569325e-19
1.0699579315789472e-05 -1.860527416727481e-19
1.0729383157894735e-05 -1.7946166759729805e-19
1.0759187e-05 -1.8998184870330968e-19
1.0788990842105262e-05 -1.8686884989204849e-19
1.0818794684210525e-05 -1.825940290540482e-19
1.084859852631579e-05 -1.8146898058743534e-19
1.0878402368421052e-05 -1.769248995303087e-19
1.0908206210526315e-05 -1.857674089527329e-19
1.0938010052631576e-05 -1.8245310591905504e-19
1.096781389473684e-05 -1.6869727039489547e-19
1.0997617736842104e-05 -1.7816814226462948e-19
1.1027421578947366e-05 -1.810607471906913e-19
1.105722542105263e-05 -1.7129560289944703e-19
1.1087029263157894e-05 -1.7185207171142889e-19
1.1116833105263156e-05 -1.69478704305115e-19
1.1146636947368419e-05 -1.7214508240281544e-19
1.1176440789473684e-05 -1.7475150192912144e-19
1.1206244631578946e-05 -1.6129143166797885e-19
1.1236048473684209e-05 -1.6417124652058158e-19
1.1265852315789474e-05 -1.708227955302554e-19
1.1295656157894736e-05 -1.6185199349830386e-19
1.1325459999999999e-05 -1.6141102541655028e-19
1.1355263842105262e-05 -1.5751331371102295e-19
1.1385067684210526e-05 -1.5743724535177931e-19
1.1414871526315789e-05 -1.6472700512162896e-19
1.1444675368421052e-05 -1.5238598234490056e-19
1.1474479210526315e-05 -1.487051310298526e-19
1.1504283052631577e-05 -1.5819781367144851e-19
1.153408689473684e-05 -1.5271183713531696e-19
1.1563890736842103e-05 -1.4875285290382156e-19
1.1593694578947367e-05 -1.4561316459612238e-19
1.162349842105263e-05 -1.4382646213225922e-19
1.1653302263157893e-05 -1.509151506441935e-19
1.1683106105263157e-05 -1.4171474163009793e-19
1.171290994736842e-05 -1.3338658106117104e-19
1.1742713789473683e-05 -1.4325424179583427e-19
1.1772517631578946e-05 -1.3924269758507161e-19
1.180232147368421e-05 -1.320576112805822e-19
1.1832125315789473e-05 -1.3324518758000713e-19
1.1861929157894736e-05 -1.273554453325995e-19
1.1891733e-05 -1.3330908764871131e-19
1.1921536842105263e-05 -1.3241960961861757e-19
1.1951340684210526e-05 -1.1689893723223116e-19
1.1981144526315787e-05 -1.2413797767219562e-19
1.2010948368421051e-05 -1.2514270780269264e-19
1.2040752210526314e-05 -1.1532360775467788e-19
1.2070556052631577e-05 -1.1846564003685343e-19
1.2100359894736841e-05 -1.1213576501521036e-19
1.2130163736842104e-05 -1.1254395328136134e-19
1.2159967578947367e-05 -1.1729273827711807e-19
1.218977142105263e-05 -1.0317861912822748e-19
1.2219575263157894e-05 -1.0423630420115462e-19
1.2249379105263157e-05 -1.1006159152057409e-19
1.227918294736842e-05 -9.998565332135118e-20
1.2308986789473684e-05 -9.983687902946394e-20
1.2338790631578947e-05 -9.671815602003608e-20
1.236859447368421e-05 -9.269345323408227e-20
1.2398398315789472e-05 -1.001948952648329e-19
1.2428202157894737e-05 -8.903805383273868e-20
1.2458006e-05 -8.285754875319657e-20
1.248780984210526e-05 -9.202479038963013e-20
1.2517613684210525e-05 -8.397843969452437e-20
1.2547417526315788e-05 -8.039830175383568e-20
1.257722136842105e-05 -7.95630573163017e-20
1.2607025210526314e-05 -7.35137596063132e-20
1.2636829052631578e-05 -8.030839351786014e-20
1.266663289473684e-05 -7.568647350513297e-20
1.2696436736842104e-05 -6.341029473666588e-20
1.2726240578947368e-05 -6.972088972154827e-20
1.275604442105263e-05 -6.949790369803001e-20
1.2785848263157894e-05 -6.116406609215734e-20
1.2815652105263156e-05 -6.035426121367303e-20
1.2845455947368421e-05 -5.528133343299266e-20
1.2875259789473684e-05 -5.861558781188108e-20
1.2905063631578946e-05 -5.867276031925632e-20
1.2934867473684211e-05 -4.3474760182312226e-20
1.2964671315789474e-05 -4.9446045478455935e-20
1.2994475157894735e-05 -5.2355471371050026e-20
1.3024278999999997e-05 -4.079713453492745e-20
1.3054082842105262e-05 -4.3546333100969773e-20
1.3083886684210525e-05 -3.712355434029707e-20
1.3113690526315787e-05 -3.4512589369283334e-20
1.314349436842105e-05 -4.171474063011482e-20
1.3173298210526315e-05 -2.885364112725851e-20
1.3203102052631578e-05 -2.5263429256845068e-20
1.323290589473684e-05 -3.0717406449957825e-20
1.3262709736842105e-05 -2.2845812140762527e-20
1.3292513578947368e-05 -2.2150350899287945e-20
1.332231742105263e-05 -1.8967618338859247e-20
1.3352121263157895e-05 -1.4351212194023393e-20
1.3381925105263158e-05 -2.1833862524352388e-20
1.341172894736842e-05 -1.3667270414905905e-20
1.3441532789473683e-05 -4.077082519897454e-21
1.3471336631578948e-05 -1.0636007684904974e-20
1.3501140473684209e-05 -6.32865263090816e-21
1.3530944315789471e-05 -2.4565621600515176e-21
1.3560748157894734e-05 1.9914775497151564e-22
1.3590551999999999e-05 9.728869371109342e-21
1.3620355842105261e-05 1.0401492477017998e-22
1.3650159684210524e-05 9.48552085978832e-22
1.3679963526315789e-05 1.7837539047935298e-20
1.3709767368421051e-05 1.056619071504674e-20
1.3739571210526314e-05 9.697712380576619e-21
1.3769375052631577e-05 1.870547697717581e-20
1.3799178894736841e-05 1.8371196257698428e-20
1.3828982736842104e-05 2.615589859372735e-20
1.3858786578947367e-05 2.4430783112908225e-20
1.3888590421052631e-05 1.9943503431570178e-20
1.3918394263157894e-05 3.49433966462972e-20
1.3948198105263157e-05 3.701658258410387e-20
1.3978001947368421e-05 2.921100899896668e-20
1.4007805789473683e-05 3.668077194153822e-20
1.4037609631578945e-05 3.990191808911112e-20
1.4067413473684208e-05 4.3373562461244475e-20
1.4097217315789473e-05 4.6591446504220864e-20
1.4127021157894735e-05 3.8447787882877794e-20
1.4156824999999998e-05 5.0424313660667037e-20
1.418662884210526e-05 5.952496026826415e-20
1.4216432684210525e-05 4.8654480697551193e-20
1.4246236526315788e-05 5.503769470432004e-20
1.4276040368421051e-05 6.084475648565343e-20
1.4305844210526315e-05 6.315565643177804e-20
1.4335648052631578e-05 6.69638765648062e-20
1.4365451894736841e-05 5.889515846842875e-20
1.4395255736842104e-05 6.800289481169431e-20
1.4425059578947368e-05 7.863733578188738e-20
1.4454863421052631e-05 6.892919908091007e-20
1.4484667263157894e-05 7.152375420863115e-20
1.4514471105263156e-05 7.85362706354118e-20
1.454427494736842e-05 8.065609170154952e-20
1.4574078789473682e-05 8.745347767735083e-20
1.4603882631578945e-05 8.137824383916003e-20
1.463368647368421e-05 8.071165293891433e-20
1.4663490315789472e-05 9.762101099242832e-20
1.4693294157894735e-05 9.527310050263979e-20
1.4723098e-05 8.824811542832156e-20
1.4752901842105262e-05 9.62933368789561e-20
1.4782705684210525e-05 1.004845895035941e-19
1.4812509526315788e-05 1.061319005843037e-19
1.4842313368421052e-05 1.0263097775828005e-19
1.4872117210526315e-05 9.74424471329214e-20
1.4901921052631578e-05 1.1487983509795832e-19
1.4931724894736842e-05 1.171404590671379e-19
1.4961528736842105e-05 1.0635903585785952e-19
1.4991332578947368e-05 1.1574530350714389e-19
1.5021136421052629e-05 1.2184278107917758e-19
1.5050940263157893e-05 1.2344706141647304e-19
1.5080744105263156e-05 1.2495281129710006e-19
1.5110547947368419e-05 1.1727337121258502e-19
1.5140351789473683e-05 1.2906558272903575e-19
1.5170155631578946e-05 1.398914298180137e-19
1.5199959473684209e-05 1.2616138917660828e-19
1.5229763315789471e-05 1.3128092768237917e-19
1.5259567157894736e-05 1.4184607322335735e-19
1.5289371e-05 1.4105819766137403e-19
1.531917484210526e-05 1.4508675569235521e-19
1.5348978684210526e-05 1.3971466178298012e-19
1.5378782526315787e-05 1.4543453188321188e-19
1.540858636842105e-05 1.6054537304385198e-19
1.5438390210526316e-05 1.5045306794908396e-19
1.5468194052631577e-05 1.466433221101151e-19
1.549799789473684e-05 1.5957650336547157e-19
1.5527801736842103e-05 1.634189590983051e-19
1.5557605578947367e-05 1.6468650780232313e-19
1.5587409421052628e-05 1.5866738655388902e-19
1.5617213263157893e-05 1.6057833062085099e-19
1.5647017105263157e-05 1.7936308023739206e-19
1.5676820947368418e-05 1.737755639019142e-19
1.5706624789473683e-05 1.6432096596769908e-19
1.5736428631578947e-05 1.7724877566119246e-19
1.5766232473684208e-05 1.8148862962018725e-19
1.5796036315789473e-05 1.8355933996351856e-19
1.5825840157894737e-05 1.8054157146368084e-19
1.5855643999999998e-05 1.764447695192786e-19
1.5885447842105263e-05 1.9561158142550654e-19
1.5915251684210524e-05 1.9594747213348823e-19
1.5945055526315788e-05 1.8216244568491123e-19
1.5974859368421053e-05 1.9300406301470595e-19
1.6004663210526314e-05 1.9910188718731405e-19
1.6034467052631578e-05 2.0064483838115778e-19
1.606427089473684e-05 2.010953609732839e-19
1.6094074736842104e-05 1.9318070280949237e-19
1.6123878578947365e-05 2.081390098330847e-19
1.615368242105263e-05 2.1658634500322386e-19
1.6183486263157894e-05 2.0044282201581193e-19
1.6213290105263155e-05 2.0667481653337146e-19
1.6243093947368423e-05 2.16238478506372e-19
1.6272897789473684e-05 2.1475413445620857e-19
1.6302701631578945e-05 2.17383729892708e-19
1.633250547368421e-05 2.0917573934686944e-19
1.636230931578947e-05 2.1797682053712384e-19
1.6392113157894735e-05 2.3374681712773735e-19
1.6421916999999996e-05 2.179757753595212e-19
1.6451720842105264e-05 2.1682697252791095e-19
1.6481524684210525e-05 2.316231845294677e-19
1.651132852631579e-05 2.3100033800932856e-19
1.654113236842105e-05 2.3065238637399057e-19
1.6570936210526315e-05 2.256525749235106e-19
1.6600740052631576e-05 2.2711438009931634e-19
1.663054389473684e-05 2.440714018337489e-19
1.6660347736842105e-05 2.368108833641074e-19
1.669015157894737e-05 2.2462764935616474e-19
1.671995542105263e-05 2.4093807270625635e-19
1.6749759263157895e-05 2.4365885731141843e-19
1.6779563105263156e-05 2.3827788745418023e-19
1.6809366947368417e-05 2.4070628958097866e-19
1.683917078947368e-05 2.3624581763644237e-19
1.6868974631578946e-05 2.514738717364275e-19
1.689877847368421e-05 2.538197758942257e-19
1.692858231578947e-05 2.345652607303962e-19
1.6958386157894736e-05 2.4670481181870774e-19
1.6988189999999997e-05 2.552818429430527e-19
1.701799384210526e-05 2.4772680519284195e-19
1.7047797684210523e-05 2.495408615175098e-19
1.707760152631579e-05 2.4448558595399075e-19
1.710740536842105e-05 2.5313674059109097e-19
1.7137209210526316e-05 2.636314470496353e-19
1.7167013052631577e-05 2.4545464229660924e-19
1.719681689473684e-05 2.4881148746762453e-19
1.7226620736842103e-05 2.6379956908152616e-19
1.7256424578947367e-05 2.5661179706960135e-19
1.728622842105263e-05 2.5617792005366173e-19
1.7316032263157893e-05 2.5233032900182636e-19
1.7345836105263157e-05 2.544024674864685e-19
1.7375639947368418e-05 2.708975536464625e-19
1.7405443789473683e-05 2.553908671758247e-19
1.7435247631578944e-05 2.475439684098654e-19
1.7465051473684208e-05 2.683494676695934e-19
1.7494855315789473e-05 2.6241395554265053e-19
1.7524659157894737e-05 2.5812714589017364e-19
1.7554462999999998e-05 2.607975893329906e-19
1.7584266842105263e-05 2.564161088641724e-19
1.7614070684210524e-05 2.7101408114059754e-19
1.7643874526315788e-05 2.651849632000092e-19
1.767367836842105e-05 2.4966057733627195e-19
1.7703482210526317e-05 2.649915798664177e-19
1.7733286052631578e-05 2.6841366464635023e-19
1.7763089894736843e-05 2.6046651834015762e-19
1.7792893736842104e-05 2.614156126354203e-19
1.7822697578947365e-05 2.5847025230245314e-19
1.785250142105263e-05 2.6835789471812896e-19
1.788230526315789e-05 2.705079350699015e-19
1.7912109105263158e-05 2.5197116880944187e-19
1.794191294736842e-05 2.62516782468434e-19
1.7971716789473684e-05 2.7316687111944237e-19
1.8001520631578945e-05 2.6042426947109303e-19
1.803132447368421e-05 2.6271715816455613e-19
1.806112831578947e-05 2.612397848206913e-19
1.8090932157894735e-05 2.62595595979994e-19
1.8120736e-05 2.7170680986630275e-19
1.8150539842105264e-05 2.5379948958436344e-19
1.8180343684210525e-05 2.5427772601689485e-19
1.821014752631579e-05 2.7333486567785753e-19
1.823995136842105e-05 2.613275630998462e-19
1.8269755210526315e-05 2.579461172018346e-19
1.8299559052631576e-05 2.6066969948739767e-19
1.8329362894736837e-05 2.5767207948424838e-19
1.8359166736842105e-05 2.696926004255856e-19
1.8388970578947366e-05 2.57614958360024e-19
1.841877442105263e-05 2.48480929427843e-19
1.844857826315789e-05 2.67015497844219e-19
1.8478382105263156e-05 2.6072531848371017e-19
1.8508185947368417e-05 2.5153603872242474e-19
1.8537989789473685e-05 2.55222227037513e-19
1.8567793631578946e-05 2.534366370569198e-19
1.859759747368421e-05 2.604820003119869e-19
1.862740131578947e-05 2.568644774928434e-19
1.8657205157894736e-05 2.426914107063914e-19
1.8687008999999997e-05 2.542864352927866e-19
1.871681284210526e-05 2.5989836203994737e-19
1.8746616684210526e-05 2.459743365547957e-19
1.877642052631579e-05 2.479816918044362e-19
1.880622436842105e-05 2.4783097461130946e-19
1.8836028210526313e-05 2.4935533027757956e-19
1.8865832052631577e-05 2.532887660446695e-19
1.8895635894736838e-05 2.368793879116641e-19
1.8925439736842103e-05 2.410892190217774e-19
1.8955243578947364e-05 2.5244204270559443e-19
1.898504742105263e-05 2.3841988003634118e-19
1.9014851263157893e-05 2.377221237168103e-19
1.9044655105263157e-05 2.39325095474389e-19
1.9074458947368418e-05 2.3830522412784917e-19
1.9104262789473683e-05 2.457749396626296e-19
1.9134066631578944e-05 2.3029431002116944e-19
1.916387047368421e-05 2.2678598426750027e-19
1.9193674315789473e-05 2.43316475537468e-19
1.9223478157894737e-05 2.3261810140732855e-19
1.9253281999999998e-05 2.2480816442945983e-19
1.9283085842105263e-05 2.284138723582334e-19
1.9312889684210524e-05 2.2607730389445693e-19
1.9342693526315785e-05 2.3142604058296636e-19
1.937249736842105e-05 2.239339874306376e-19
1.9402301210526314e-05 2.1402659401089785e-19
1.9432105052631578e-05 2.265896840019305e-19
1.946190889473684e-05 2.2392649179567747e-19
1.9491712736842104e-05 2.1189681172305944e-19
1.9521516578947365e-05 2.154267301189848e-19
1.955132042105263e-05 2.1364092829214775e-19
1.958112426315789e-05 2.1610173590283647e-19
1.9610928105263158e-05 2.1293444711668798e-19
1.964073194736842e-05 1.9787493138953743e-19
1.9670535789473684e-05 2.0795752354004553e-19
1.9700339631578945e-05 2.11925305955329e-19
1.973014347368421e-05 1.9786936823684757e-19
1.975994731578947e-05 1.9986729033295542e-19
1.9789751157894738e-05 1.9909844022639593e-19
1.9819555e-05 1.9742954751029927e-19
1.984935884210526e-05 1.995790772822703e-19
1.9879162684210525e-05 1.8596999190462758e-19
1.9908966526315786e-05 1.8685299436156241e-19
1.993877036842105e-05 1.9648377934384406e-19
1.996857421052631e-05 1.8332694552586174e-19
1.9998378052631576e-05 1.7944356839810807e-19
2.002818189473684e-05 1.8161500144770217e-19
2.0057985736842105e-05 1.7735583225968663e-19
2.0087789578947366e-05 1.809333961558486e-19
2.011759342105263e-05 1.7154145371017758e-19
2.014739726315789e-05 1.6506514219177676e-19
2.0177201105263156e-05 1.769957310724431e-19
2.0207004947368417e-05 1.687023347491208e-19
2.0236808789473685e-05 1.5775923821683565e-19
2.0266612631578946e-05 1.6288157719009135e-19
2.029641647368421e-05 1.584366510060008e-19
2.032622031578947e-05 1.5818615790555056e-19
2.0356024157894733e-05 1.5372182993333293e-19
2.0385827999999997e-05 1.4129538547123947e-19
2.0415631842105258e-05 1.5101425738107473e-19
2.0445435684210526e-05 1.497733013262198e-19
2.0475239526315787e-05 1.3565308519024717e-19
2.050504336842105e-05 1.3883997543797378e-19
2.0534847210526313e-05 1.3595127466529411e-19
2.0564651052631577e-05 1.3450629706837494e-19
2.0594454894736838e-05 1.342042260500125e-19
2.0624258736842103e-05 1.192550660856278e-19
2.0654062578947367e-05 1.2326662418985545e-19
2.068386642105263e-05 1.283553549147844e-19
2.0713670263157893e-05 1.1290747739960055e-19
2.0743474105263157e-05 1.135130112988235e-19
2.0773277947368418e-05 1.118505669822161e-19
2.0803081789473683e-05 1.0664898112990875e-19
2.0832885631578944e-05 1.122071058660042e-19
2.0862689473684208e-05 9.688222610576653e-20
2.0892493315789473e-05 9.371524609100588e-20
2.0922297157894734e-05 1.051441338700003e-19
2.0952100999999998e-05 9.066266128319999e-20
2.098190484210526e-05 8.618955716010002e-20
2.1011708684210524e-05 8.82260769329723e-20
2.1041512526315785e-05 8.065418471307395e-20
2.1071316368421053e-05 8.38026226745974e-20
2.1101120210526314e-05 7.462204792459231e-20
2.1130924052631578e-05 6.57525430450202e-20
2.116072789473684e-05 7.72653996599236e-20
2.1190531736842104e-05 7.029127958194754e-20
2.1220335578947365e-05 5.858750073582493e-20
2.125013942105263e-05 6.189856194247808e-20
2.1279943263157894e-05 5.64387513225657e-20
2.1309747105263158e-05 5.70947408507745e-20
2.133955094736842e-05 5.452058059919436e-20
2.136935478947368e-05 3.9164411446427437e-20
2.1399158631578945e-05 4.5585801862848744e-20
2.1428962473684206e-05 4.704614119561932e-20
2.145876631578947e-05 3.270897317809511e-20
2.1488570157894735e-05 3.3856984548904205e-20
2.1518374e-05 3.104310283422176e-20
2.154817784210526e-05 2.905532889904673e-20
2.1577981684210525e-05 3.096627773445111e-20
2.1607785526315786e-05 1.6011377987611992e-20
2.163758936842105e-05 1.715787985180707e-20
2.166739321052631e-05 2.398724040925745e-20
2.169719705263158e-05 9.435841801629709e-21
2.172700089473684e-05 7.298889726647727e-21
2.1756804736842105e-05 6.856118596939647e-21
2.1786608578947366e-05 1.6792613390678927e-21
2.181641242105263e-05 4.8027417612637204e-21
2.184621626315789e-05 -6.589786752717531e-21
2.1876020105263153e-05 -1.1597560098400282e-20
2.190582394736842e-05 -1.8859942445658904e-21
2.193562778947368e-05 -1.1523951541898097e-20
2.1965431631578946e-05 -1.9406316447981517e-20
2.1995235473684207e-05 -1.6238251325031675e-20
2.202503931578947e-05 -2.2094062943152237e-20
2.2054843157894733e-05 -1.9727917040103442e-20
2.2084646999999997e-05 -2.5888396523483758e-20
2.211445084210526e-05 -3.9981471132170265e-20
2.2144254684210526e-05 -2.7173680368040496e-20
2.2174058526315787e-05 -2.977055681506309e-20
2.220386236842105e-05 -4.6875598094287666e-20
2.2233666210526313e-05 -4.282316258305695e-20
2.2263470052631577e-05 -4.538232670442325e-20
2.2293273894736838e-05 -4.53728028003336e-20
2.2323077736842106e-05 -4.6131027392737554e-20
2.2352881578947367e-05 -6.175995002502801e-20
2.2382685421052628e-05 -5.560075676331892e-20
2.2412489263157893e-05 -5.124873128512516e-20
2.2442293105263154e-05 -6.719548459610034e-20
2.2472096947368418e-05 -6.832225743038036e-20
2.250190078947368e-05 -6.802961825342463e-20
2.2531704631578947e-05 -7.113625697808191e-20
2.2561508473684208e-05 -6.988562403912997e-20
2.2591312315789473e-05 -8.201707188739118e-20
2.2621116157894734e-05 -8.532257604053051e-20
2.2650919999999998e-05 -7.463983111772732e-20
2.268072384210526e-05 -8.638292646712318e-20
2.2710527684210524e-05 -9.415492987234194e-20
2.2740331526315788e-05 -8.852324494481511e-20
2.2770135368421053e-05 -9.548771589643384e-20
2.2799939210526314e-05 -9.238115947512019e-20
2.2829743052631578e-05 -1.0009035687314405e-19
2.285954689473684e-05 -1.1374764814405104e-19
2.2889350736842104e-05 -9.781434964849486e-20
2.2919154578947365e-05 -1.0356683512553873e-19
2.294895842105263e-05 -1.1910475240351634e-19
2.2978762263157894e-05 -1.1308694933027185e-19
2.3008566105263155e-05 -1.1764208060330242e-19
2.303836994736842e-05 -1.170113491049997e-19
2.306817378947368e-05 -1.2005136514346566e-19
2.3097977631578945e-05 -1.3440169368755955e-19
2.3127781473684206e-05 -1.239801946742914e-19
2.3157585315789474e-05 -1.2253208989854788e-19
2.3187389157894735e-05 -1.386889257142493e-19
2.3217193e-05 -1.369768885953623e-19
2.324699684210526e-05 -1.3980779764683024e-19
2.3276800684210525e-05 -1.396539778507283e-19
2.3306604526315786e-05 -1.387508610090101e-19
2.333640836842105e-05 -1.5658813105437554e-19
2.3366212210526315e-05 -1.4923306352862564e-19
2.339601605263158e-05 -1.4120563134315843e-19
2.342581989473684e-05 -1.5999563554998658e-19
2.34556237368421e-05 -1.5993645780993527e-19
2.3485427578947366e-05 -1.5699685590971528e-19
2.3515231421052627e-05 -1.6090981132304363e-19
2.354503526315789e-05 -1.5872591904522331e-19
2.3574839105263156e-05 -1.7177213697656552e-19
2.360464294736842e-05 -1.7472206038430378e-19
2.363444678947368e-05 -1.628730771345924e-19
2.3664250631578946e-05 -1.7536874911021759e-19
2.3694054473684207e-05 -1.8405902890374506e-19
2.372385831578947e-05 -1.7672616413505976e-19
2.3753662157894733e-05 -1.8072933395525237e-19
2.3783466e-05 -1.8103224469065752e-19
2.381326984210526e-05 -1.8619090015833075e-19
2.3843073684210526e-05 -1.9628467866067988e-19
2.3872877526315787e-05 -1.8504527774589712e-19
2.390268136842105e-05 -1.8868092283188838e-19
2.3932485210526313e-05 -2.0216605397427575e-19
2.3962289052631574e-05 -1.974711719483702e-19
2.399209289473684e-05 -2.0042645301248402e-19
2.4021896736842103e-05 -1.9868796059521152e-19
2.4051700578947367e-05 -2.009970992241101e-19
2.4081504421052628e-05 -2.1637308267430033e-19
2.4111308263157893e-05 -2.0678239997480176e-19
2.4141112105263154e-05 -2.01597529251881e-19
2.4170915947368418e-05 -2.180619458725464e-19
2.4200719789473683e-05 -2.17525558137499e-19
2.4230523631578947e-05 -2.146215796156919e-19
2.4260327473684208e-05 -2.1616889592992326e-19
2.4290131315789473e-05 -2.162493603441276e-19
2.4319935157894734e-05 -2.3014275562871064e-19
2.4349739e-05 -2.2687439182179976e-19
2.437954284210526e-05 -2.1606390245243578e-19
2.4409346684210527e-05 -2.3112659091997863e-19
2.443915052631579e-05 -2.360399514487735e-19
2.446895436842105e-05 -2.3086586578883267e-19
2.4498758210526314e-05 -2.3298880730271097e-19
2.4528562052631575e-05 -2.3165805556147963e-19
2.455836589473684e-05 -2.421030333626145e-19
2.45881697368421e-05 -2.452885261660741e-19
2.461797357894737e-05 -2.312285467908972e-19
2.464777742105263e-05 -2.4069901644337123e-19
2.4677581263157894e-05 -2.513252700651054e-19
2.4707385105263155e-05 -2.44808057430078e-19
2.473718894736842e-05 -2.4547416933154954e-19
2.476699278947368e-05 -2.4552211207369997e-19
2.4796796631578945e-05 -2.5275202484868783e-19
2.482660047368421e-05 -2.5982269437847816e-19
2.4856404315789474e-05 -2.4669211369174724e-19
2.4886208157894735e-05 -2.492213575776424e-19
2.4916012e-05 -2.627034065485203e-19
2.494581584210526e-05 -2.5773060664137567e-19
2.497561968421052e-05 -2.5619413452283294e-19
2.5005423526315786e-05 -2.561522122288356e-19
2.503522736842105e-05 -2.6000045552723453e-19
2.5065031210526315e-05 -2.7213852619241624e-19
2.5094835052631576e-05 -2.6044382151872203e-19
2.512463889473684e-05 -2.5413672669002743e-19
2.51544427368421e-05 -2.724781021300323e-19
2.5184246578947366e-05 -2.7112930670476166e-19
2.5214050421052627e-05 -2.638994813437254e-19
2.5243854263157895e-05 -2.667727196655323e-19
2.5273658105263156e-05 -2.663281831303718e-19
2.530346194736842e-05 -2.7618456843868043e-19
2.533326578947368e-05 -2.7464684165739466e-19
2.5363069631578946e-05 -2.61534364539558e-19
2.5392873473684207e-05 -2.7448692182078355e-19
2.542267731578947e-05 -2.8039674915789244e-19
2.5452481157894736e-05 -2.7050580212604213e-19
2.5482284999999997e-05 -2.737890841464757e-19
2.551208884210526e-05 -2.7246292182378776e-19
2.5541892684210523e-05 -2.794091785205315e-19
2.5571696526315787e-05 -2.851917166803677e-19
2.5601500368421048e-05 -2.670718633089364e-19
2.5631304210526313e-05 -2.7440991892802203e-19
2.5661108052631577e-05 -2.8664567777683773e-19
2.5690911894736842e-05 -2.7642144192400703e-19
2.5720715736842103e-05 -2.7709972217563724e-19
2.5750519578947367e-05 -2.74000853895944e-19
2.578032342105263e-05 -2.786733627849704e-19
2.5810127263157893e-05 -2.896810008177034e-19
2.5839931105263154e-05 -2.7383540214693427e-19
2.5869734947368422e-05 -2.716158601970192e-19
2.5899538789473683e-05 -2.8911850324300847e-19
2.5929342631578947e-05 -2.8386681164532387e-19
2.595914647368421e-05 -2.757653971510683e-19
2.598895031578947e-05 -2.7657542641767427e-19
2.6018754157894734e-05 -2.788492701286579e-19
2.6048557999999995e-05 -2.896049733181819e-19
2.6078361842105263e-05 -2.781818886275165e-19
2.6108165684210524e-05 -2.6790839500054923e-19
2.613796952631579e-05 -2.876365322996754e-19
2.616777336842105e-05 -2.852963096637252e-19
2.6197577210526314e-05 -2.761562012781029e-19
2.6227381052631575e-05 -2.79133867531095e-19
2.625718489473684e-05 -2.7553028400298127e-19
2.62869887368421e-05 -2.8693238495563207e-19
2.631679257894737e-05 -2.8447774481477657e-19
2.634659642105263e-05 -2.6610453672050234e-19
2.6376400263157894e-05 -2.806400429213984e-19
2.6406204105263155e-05 -2.8752358229130973e-19
2.643600794736842e-05 -2.753218717077805e-19
2.646581178947368e-05 -2.761953318907305e-19
2.649561563157894e-05 -2.728257086703677e-19
2.652541947368421e-05 -2.81232619435627e-19
2.655522331578947e-05 -2.870197937556121e-19
2.6585027157894735e-05 -2.6570744448643335e-19
2.6614830999999996e-05 -2.7295425512421473e-19
2.664463484210526e-05 -2.8856280912973373e-19
2.667443868421052e-05 -2.7460961602935116e-19
2.670424252631579e-05 -2.7217069611299396e-19
2.673404636842105e-05 -2.718191347267864e-19
2.6763850210526315e-05 -2.7382219952003606e-19
2.6793654052631576e-05 -2.8450600559265834e-19
2.682345789473684e-05 -2.6775010797347516e-19
2.68532617368421e-05 -2.629907128836672e-19
2.6883065578947366e-05 -2.831130651524875e-19
2.6912869421052627e-05 -2.759784686849227e-19
2.6942673263157895e-05 -2.6481893848731212e-19
2.6972477105263156e-05 -2.686394196993557e-19
2.7002280947368417e-05 -2.693922850456276e-19
2.703208478947368e-05 -2.7705141834662514e-19
2.7061888631578943e-05 -2.7057311212352485e-19
2.7091692473684207e-05 -2.5501974316474605e-19
2.712149631578947e-05 -2.717715094462384e-19
2.7151300157894736e-05 -2.7594295322431352e-19
2.7181103999999997e-05 -2.5870652314086047e-19
2.7210907842105262e-05 -2.6157397004953323e-19
2.7240711684210523e-05 -2.6311322660547946e-19
2.7270515526315787e-05 -2.697157110719382e-19
2.730031936842105e-05 -2.6886768458092336e-19
2.7330123210526316e-05 -2.4821705730846753e-19
2.7359927052631577e-05 -2.6112056918300756e-19
2.7389730894736842e-05 -2.729467382830546e-19
2.7419534736842103e-05 -2.5463469309023054e-19
2.7449338578947367e-05 -2.5341517881873157e-19
2.747914242105263e-05 -2.5485781494539406e-19
2.750894626315789e-05 -2.5856459992098453e-19
2.7538750105263154e-05 -2.639148583540423e-19
2.756855394736842e-05 -2.415780884253492e-19
2.7598357789473683e-05 -2.4442372626222254e-19
2.7628161631578944e-05 -2.647217334692733e-19
2.765796547368421e-05 -2.502599306200438e-19
2.768776931578947e-05 -2.416223988020489e-19
2.7717573157894734e-05 -2.441806238013525e-19
2.7747376999999995e-05 -2.484969197925808e-19
2.7777180842105263e-05 -2.5567488396536346e-19
2.7806984684210524e-05 -2.3702236067075263e-19
2.783678852631579e-05 -2.295670333813931e-19
2.786659236842105e-05 -2.512846636178058e-19
2.7896396210526314e-05 -2.445281488764067e-19
2.7926200052631575e-05 -2.2774033970220293e-19
2.7956003894736843e-05 -2.325009227569457e-19
2.7985807736842104e-05 -2.3611392644476535e-19
2.8015611578947365e-05 -2.422525161317902e-19
2.804541542105263e-05 -2.3150779484371317e-19
2.807521926315789e-05 -2.1437168165784226e-19
2.8105023105263155e-05 -2.344801038711918e-19
2.8134826947368416e-05 -2.3930608161371587e-19
2.816463078947368e-05 -2.159849706628848e-19
2.8194434631578945e-05 -2.160712911074859e-19
2.822423847368421e-05 -2.21478318915754e-19
2.825404231578947e-05 -2.2476890126172643e-19
2.8283846157894735e-05 -2.22530555963846e-19
2.8313649999999996e-05 -2.024868275821131e-19
2.834345384210526e-05 -2.1139211177964546e-19
2.837325768421052e-05 -2.28495960980798e-19
2.840306152631579e-05 -2.071691996001843e-19
2.843286536842105e-05 -1.97646707216275e-19
2.8462669210526315e-05 -2.0647399951376685e-19
2.8492473052631576e-05 -2.0946656860646047e-19
2.8522276894736837e-05 -2.103033676837494e-19
2.8552080736842102e-05 -1.892718177917592e-19
2.8581884578947363e-05 -1.872350905360161e-19
2.861168842105263e-05 -2.1278756843108383e-19
2.8641492263157892e-05 -1.9657631581320332e-19
2.8671296105263156e-05 -1.792730309003016e-19
2.8701099947368417e-05 -1.8891682252730766e-19
2.8730903789473682e-05 -1.9109815419908247e-19
2.8760707631578943e-05 -1.9500061045548013e-19
2.8790511473684207e-05 -1.7729907044174367e-19
2.8820315315789472e-05 -1.6582672460489956e-19
