0.0 5.3292879223960947e-20
2.980050486854917e-08 5.0297048767000915e-20
5.960100973709834e-08 4.452393139353096e-20
8.94015146056475e-08 5.1081995583903196e-20
1.1920201947419668e-07 5.164474576658839e-20
1.4900252434274584e-07 4.6917082416722104e-20
1.78803029211295e-07 5.01901847865226e-20
2.086035340798442e-07 4.748804495127191e-20
2.3840403894839336e-07 4.9502569056642464e-20
2.6820454381694257e-07 5.171339914809114e-20
2.980050486854917e-07 4.390258358543641e-20
3.2780555355404085e-07 4.82986869123893e-20
3.5760605842259e-07 5.2169917098342085e-20
3.874065632911392e-07 4.664564822521503e-20
4.172070681596884e-07 4.886519284642338e-20
4.470075730282375e-07 4.8450312412930945e-20
4.768080778967867e-07 4.6480053531541773e-20
5.066085827653359e-07 5.1374882092818137e-20
5.364090876338851e-07 4.5638338342833816e-20
5.662095925024342e-07 4.3277968534333895e-20
5.960100973709834e-07 5.1252189485228047e-20
6.258106022395326e-07 4.4774563213485613e-20
6.556111071080817e-07 4.446415262718427e-20
6.854116119766309e-07 4.975101261166463e-20
7.1521211684518e-07 4.3717390041069196e-20
7.450126217137292e-07 4.845736542131131e-20
7.748131265822785e-07 4.6918673985471704e-20
8.046136314508276e-07 4.117965068316212e-20
8.344141363193768e-07 4.8473809441880093e-20
8.642146411879259e-07 4.502815088183792e-20
8.94015146056475e-07 4.154345050385375e-20
9.238156509250242e-07 4.428658522306595e-20
9.536161557935734e-07 4.220913279847227e-20
9.834166606621225e-07 4.492184106476094e-20
1.0132171655306719e-06 4.3502221392061036e-20
1.043017670399221e-06 3.869929664781029e-20
1.0728181752677703e-06 4.489345542064884e-20
1.1026186801363192e-06 4.311793072943237e-20
1.1324191850048683e-06 3.727960075625858e-20
1.1622196898734176e-06 4.467851890085828e-20
1.1920201947419667e-06 4.1357794613848e-20
1.2218206996105158e-06 3.797464367336458e-20
1.2516212044790652e-06 4.3625123694882147e-20
1.2814217093476143e-06 3.586871602321162e-20
1.3112222142161634e-06 3.856966699461516e-20
1.3410227190847127e-06 4.272208141402614e-20
1.3708232239532618e-06 3.299837351186982e-20
1.400623728821811e-06 3.755979226473341e-20
1.43042423369036e-06 3.841505366832167e-20
1.4602247385589091e-06 3.4977750352434484e-20
1.4900252434274585e-06 3.840980799069624e-20
1.5198257482960076e-06 3.2366483279441554e-20
1.549626253164557e-06 3.402854802721931e-20
1.579426758033106e-06 3.777280305940653e-20
1.6092272629016551e-06 3.0978132213297717e-20
1.6390277677702044e-06 3.2115343778442576e-20
1.6688282726387536e-06 3.389998959333245e-20
1.6986287775073025e-06 2.922385733281602e-20
1.7284292823758518e-06 3.177653390283212e-20
1.7582297872444009e-06 3.135963107618315e-20
1.78803029211295e-06 2.562995162614617e-20
1.8178307969814993e-06 3.1545396652240594e-20
1.8476313018500484e-06 2.893546912679366e-20
1.8774318067185977e-06 2.281734563192209e-20
1.9072323115871469e-06 3.119290704668253e-20
1.937032816455696e-06 2.645811654227387e-20
1.966833321324245e-06 2.2008595751035376e-20
1.996633826192794e-06 2.591098337084895e-20
2.0264343310613437e-06 2.078420242045877e-20
2.0562348359298924e-06 2.4265885595252737e-20
2.086035340798442e-06 2.1923579363473793e-20
2.115835845666991e-06 1.6147404932598737e-20
2.1456363505355406e-06 2.352800848878109e-20
2.1754368554040893e-06 1.9205494293528615e-20
2.2052373602726384e-06 1.4985271137876276e-20
2.235037865141188e-06 1.922432300618438e-20
2.2648383700097366e-06 1.5987224428474937e-20
2.294638874878286e-06 1.5706453224039152e-20
2.3244393797468352e-06 1.632230846343274e-20
2.3542398846153844e-06 9.951715096618815e-21
2.3840403894839335e-06 1.3127392911650473e-20
2.413840894352483e-06 1.5477180104013978e-20
2.4436413992210317e-06 7.46555718357283e-21
2.473441904089581e-06 1.0055078347569871e-20
2.5032424089581303e-06 9.093526161505854e-21
2.533042913826679e-06 6.1683300256244166e-21
2.5628434186952286e-06 1.0785628334213079e-20
2.5926439235637777e-06 3.7755897408071026e-21
2.6224444284323268e-06 4.009754594902066e-21
2.652244933300876e-06 9.18305710091917e-21
2.6820454381694254e-06 5.532859262465246e-22
2.7118459430379745e-06 1.7395712877132654e-21
2.7416464479065236e-06 3.246600201352436e-21
2.7714469527750727e-06 -3.023279444861447e-21
2.801247457643622e-06 1.9723962853466085e-21
2.831047962512171e-06 -2.3295038096223045e-21
2.86084846738072e-06 -7.043881325313173e-21
2.8906489722492696e-06 2.080322248145126e-21
2.9204494771178183e-06 -5.582653777053132e-21
2.950249981986368e-06 -9.544789634072472e-21
2.980050486854917e-06 -2.2720079668115107e-21
3.009850991723466e-06 -8.452407941461762e-21
3.039651496592015e-06 -7.69607595325258e-21
3.0694520014605647e-06 -8.790325300007048e-21
3.099252506329114e-06 -1.6020914608478683e-20
3.1290530111976625e-06 -7.75487324081175e-21
3.158853516066212e-06 -9.824379890571668e-21
3.188654020934761e-06 -2.028831889939314e-20
3.2184545258033102e-06 -1.537901408981992e-20
3.2482550306718594e-06 -1.429025253365758e-20
3.278055535540409e-06 -1.6608301480282648e-20
3.3078560404089576e-06 -1.6953639685116087e-20
3.337656545277507e-06 -2.288784677606453e-20
3.3674570501460562e-06 -1.726660740891805e-20
3.397257555014605e-06 -1.69546751625021e-20
3.4270580598831544e-06 -2.9000236727115936e-20
3.4568585647517035e-06 -2.339703886058978e-20
3.4866590696202527e-06 -2.1425839407560855e-20
3.5164595744888018e-06 -2.842797517473924e-20
3.5462600793573513e-06 -2.665497642270396e-20
3.5760605842259e-06 -2.98665770685888e-20
3.6058610890944495e-06 -2.94310860596228e-20
3.6356615939629986e-06 -2.492094692653825e-20
3.665462098831548e-06 -3.485798986535319e-20
3.695262603700097e-06 -3.639558237367463e-20
3.725063108568646e-06 -2.8936653700764376e-20
3.7548636134371955e-06 -3.5058495799351014e-20
3.784664118305744e-06 -3.6306313642568575e-20
3.8144646231742937e-06 -3.811281903725651e-20
3.844265128042843e-06 -4.074345666090081e-20
3.874065632911392e-06 -3.3194948642830326e-20
3.9038661377799415e-06 -4.3389177734038773e-20
3.93366664264849e-06 -4.8714427714032557e-20
3.96346714751704e-06 -3.933462186081609e-20
3.993267652385588e-06 -4.512324360182638e-20
4.023068157254138e-06 -4.775693976160316e-20
4.0528686621226874e-06 -4.764873107415541e-20
4.082669166991236e-06 -5.026727590677482e-20
4.112469671859785e-06 -4.5656772266222463e-20
4.142270176728334e-06 -5.0687526741866164e-20
4.172070681596884e-06 -5.915347782018507e-20
4.2018711864654326e-06 -5.311192740124013e-20
4.231671691333982e-06 -5.3306100367249785e-20
4.261472196202532e-06 -5.999603829594699e-20
4.291272701071081e-06 -5.91472123118601e-20
4.321073205939629e-06 -6.316264124115772e-20
4.3508737108081785e-06 -6.002439392207361e-20
4.380674215676728e-06 -5.843610752232921e-20
4.410474720545277e-06 -7.237601344086316e-20
4.440275225413826e-06 -6.802931620893416e-20
4.470075730282376e-06 -6.219600761237017e-20
4.4998762351509245e-06 -7.063624912465141e-20
4.529676740019473e-06 -7.160441000646389e-20
4.559477244888023e-06 -7.512391691250274e-20
4.589277749756572e-06 -7.332623762310605e-20
4.619078254625122e-06 -7.068842838027693e-20
4.6488787594936705e-06 -8.346024066837846e-20
4.678679264362219e-06 -8.341196902219372e-20
4.708479769230769e-06 -7.526606847656315e-20
4.738280274099317e-06 -8.142871849927862e-20
4.768080778967867e-06 -8.545666877565532e-20
4.7978812838364165e-06 -8.666640578583023e-20
4.827681788704966e-06 -8.57088776819194e-20
4.857482293573515e-06 -8.151155984384087e-20
4.887282798442063e-06 -9.280070553764805e-20
4.917083303310613e-06 -9.815430739892786e-20
4.946883808179162e-06 -8.694767371213161e-20
4.976684313047711e-06 -9.199214741109906e-20
5.006484817916261e-06 -1.0025449544118377e-19
5.03628532278481e-06 -9.932212347450731e-20
5.066085827653358e-06 -1.0010929129975006e-19
5.0958863325219076e-06 -9.572147672188569e-20
5.125686837390457e-06 -1.0192188233306051e-19
5.155487342259007e-06 -1.1073699563050899e-19
5.185287847127555e-06 -1.0138919258123742e-19
5.215088351996105e-06 -1.0163415588112599e-19
5.2448888568646535e-06 -1.1163894563940094e-19
5.274689361733202e-06 -1.114682381122815e-19
5.304489866601752e-06 -1.1157892559457145e-19
5.334290371470301e-06 -1.1008020329664599e-19
5.364090876338851e-06 -1.1213901929845367e-19
5.3938913812073995e-06 -1.2295545596575574e-19
5.423691886075949e-06 -1.1705065945362488e-19
5.453492390944498e-06 -1.1308383451672613e-19
5.483292895813047e-06 -1.2381667937054338e-19
5.513093400681596e-06 -1.230420162070486e-19
5.5428939055501455e-06 -1.2230110627876922e-19
5.572694410418695e-06 -1.2342514867919303e-19
5.602494915287244e-06 -1.2235755656504977e-19
5.632295420155792e-06 -1.315145790446139e-19
5.662095925024342e-06 -1.3152457656338931e-19
5.6918964298928915e-06 -1.2409796249780782e-19
5.72169693476144e-06 -1.322356788366837e-19
5.75149743962999e-06 -1.3681180108992085e-19
5.781297944498539e-06 -1.3419313560517227e-19
5.811098449367089e-06 -1.3458620903969212e-19
5.840898954235637e-06 -1.3333960791605572e-19
5.870699459104186e-06 -1.416388934818378e-19
5.900499963972736e-06 -1.4476846217944957e-19
5.930300468841284e-06 -1.3504004813967086e-19
5.960100973709834e-06 -1.404913389278004e-19
5.989901478578383e-06 -1.47556734655691e-19
6.019701983446932e-06 -1.451702141100007e-19
6.049502488315481e-06 -1.4675487732232146e-19
6.07930299318403e-06 -1.4403339100331654e-19
6.10910349805258e-06 -1.491009385657135e-19
6.138904002921129e-06 -1.5746896220094024e-19
6.168704507789678e-06 -1.480834406555558e-19
6.198505012658228e-06 -1.4926619411672228e-19
6.228305517526776e-06 -1.5871545028446522e-19
6.258106022395325e-06 -1.5591707035477094e-19
6.2879065272638745e-06 -1.5473202571020385e-19
6.317707032132424e-06 -1.550008385767152e-19
6.347507537000974e-06 -1.5755985741532404e-19
6.377308041869522e-06 -1.6544981956981195e-19
6.407108546738071e-06 -1.6177510594065582e-19
6.4369090516066205e-06 -1.5527597809945777e-19
6.46670955647517e-06 -1.6653481592547288e-19
6.496510061343719e-06 -1.6937039543085766e-19
6.526310566212268e-06 -1.6239700714352946e-19
6.556111071080818e-06 -1.648094971913066e-19
6.585911575949366e-06 -1.6561740031726788e-19
6.615712080817915e-06 -1.7256190917726675e-19
6.645512585686465e-06 -1.720309418237681e-19
6.675313090555014e-06 -1.6331590027692488e-19
6.705113595423563e-06 -1.7186027190411633e-19
6.7349141002921124e-06 -1.754668316939635e-19
6.764714605160662e-06 -1.7257737785791154e-19
6.79451511002921e-06 -1.7214103419447582e-19
6.824315614897759e-06 -1.7137407842441075e-19
6.854116119766309e-06 -1.7938462346895234e-19
6.883916624634858e-06 -1.8066020500581215e-19
6.913717129503407e-06 -1.7303197621516962e-19
6.943517634371957e-06 -1.7620311306062982e-19
6.973318139240505e-06 -1.829903044148628e-19
7.003118644109055e-06 -1.811341289866508e-19
7.0329191489776035e-06 -1.7800864375617616e-19
7.062719653846153e-06 -1.7766347977424715e-19
7.092520158714703e-06 -1.8252615426373385e-19
7.122320663583251e-06 -1.8815077796300341e-19
7.1521211684518e-06 -1.8044769915244527e-19
7.1819216733203495e-06 -1.7956270782064013e-19
7.211722178188899e-06 -1.9082615671232557e-19
7.241522683057448e-06 -1.8656185972140295e-19
7.271323187925997e-06 -1.8260232425970291e-19
7.301123692794547e-06 -1.8498945005220032e-19
7.330924197663096e-06 -1.859246183679869e-19
7.360724702531644e-06 -1.9366286330999355e-19
7.390525207400194e-06 -1.8754701453417023e-19
7.420325712268743e-06 -1.8062101113528054e-19
7.450126217137292e-06 -1.921516541539338e-19
7.4799267220058415e-06 -1.9311415291240646e-19
7.509727226874391e-06 -1.8799397621660977e-19
7.53952773174294e-06 -1.8834059848473187e-19
7.569328236611488e-06 -1.8924560806021286e-19
7.599128741480038e-06 -1.9631984479003764e-19
7.6289292463485874e-06 -1.9396441934761326e-19
7.658729751217135e-06 -1.850579972383228e-19
7.688530256085687e-06 -1.9217240217329698e-19
7.718330760954234e-06 -1.9682832542492937e-19
7.748131265822784e-06 -1.8967388559939865e-19
7.777931770691333e-06 -1.8980575638242314e-19
7.807732275559883e-06 -1.9231622226144383e-19
7.83753278042843e-06 -1.957387059739699e-19
7.86733328529698e-06 -1.9746159182700433e-19
7.89713379016553e-06 -1.888425279908641e-19
7.92693429503408e-06 -1.916706210851248e-19
7.956734799902629e-06 -1.9950528070457363e-19
7.986535304771177e-06 -1.9573232207356382e-19
8.016335809639726e-06 -1.9258874564563027e-19
8.046136314508276e-06 -1.917209054255517e-19
8.075936819376824e-06 -1.9569529962438342e-19
8.105737324245375e-06 -1.9906856117271613e-19
8.135537829113923e-06 -1.913996031175056e-19
8.165338333982472e-06 -1.8961889554500043e-19
8.195138838851022e-06 -1.9892743203814352e-19
8.22493934371957e-06 -1.9785858145982678e-19
8.254739848588121e-06 -1.9300386447480666e-19
8.284540353456669e-06 -1.9314057479286438e-19
8.314340858325218e-06 -1.9393892611642573e-19
8.344141363193768e-06 -2.006436877647658e-19
8.373941868062317e-06 -1.9611555681162856e-19
8.403742372930865e-06 -1.8831817574777304e-19
8.433542877799415e-06 -1.9559509706709692e-19
8.463343382667964e-06 -1.972273438513983e-19
8.493143887536512e-06 -1.9257352683901589e-19
8.522944392405063e-06 -1.9124165907094897e-19
8.552744897273611e-06 -1.915149869018046e-19
8.582545402142162e-06 -1.967971886909683e-19
8.61234590701071e-06 -1.967406047697271e-19
8.642146411879258e-06 -1.8658200508683777e-19
8.67194691674781e-06 -1.902245282832485e-19
8.701747421616357e-06 -1.9843741832780094e-19
8.731547926484907e-06 -1.9146613285096704e-19
8.761348431353456e-06 -1.8898354690842098e-19
8.791148936222004e-06 -1.889784344936096e-19
8.820949441090554e-06 -1.9207994817402435e-19
8.850749945959103e-06 -1.9612060616526626e-19
8.880550450827653e-06 -1.8263853453347536e-19
8.910350955696202e-06 -1.8345819419023737e-19
8.940151460564752e-06 -1.9332905381448053e-19
8.9699519654333e-06 -1.8703714589524594e-19
8.999752470301849e-06 -1.8523948715228946e-19
9.029552975170399e-06 -1.8439158925207602e-19
9.059353480038946e-06 -1.861231732590144e-19
9.089153984907498e-06 -1.9024703332520949e-19
9.118954489776045e-06 -1.8078840279357047e-19
9.148754994644595e-06 -1.766156623593814e-19
9.178555499513145e-06 -1.8549050001962399e-19
9.208356004381692e-06 -1.8419953483279073e-19
9.238156509250244e-06 -1.7781319061661602e-19
9.267957014118791e-06 -1.7605222113622033e-19
9.297757518987341e-06 -1.7603591474208937e-19
9.32755802385589e-06 -1.8290416761852353e-19
9.357358528724438e-06 -1.77220186385678e-19
9.387159033592988e-06 -1.670642308883122e-19
9.416959538461537e-06 -1.7698649389836425e-19
9.446760043330087e-06 -1.7848343372881168e-19
9.476560548198635e-06 -1.690693574553096e-19
9.506361053067186e-06 -1.684938839505688e-19
9.536161557935734e-06 -1.6742685229201154e-19
9.565962062804283e-06 -1.7148294047861967e-19
9.595762567672833e-06 -1.716714563384192e-19
9.62556307254138e-06 -1.5760015898079593e-19
9.655363577409932e-06 -1.6226559389604123e-19
9.68516408227848e-06 -1.7063774986305968e-19
9.71496458714703e-06 -1.6052154898932989e-19
9.744765092015579e-06 -1.571878061479486e-19
9.774565596884127e-06 -1.5622828466669151e-19
9.804366101752676e-06 -1.6086730557576184e-19
9.834166606621226e-06 -1.6341912528654107e-19
9.863967111489775e-06 -1.4803702848213334e-19
9.893767616358323e-06 -1.4839305807535926e-19
9.923568121226873e-06 -1.5765891058171164e-19
9.953368626095422e-06 -1.529377836111927e-19
9.983169130963972e-06 -1.456930639719204e-19
1.0012969635832521e-05 -1.42011105331777e-19
1.004277014070107e-05 -1.4786000846735476e-19
1.007257064556962e-05 -1.517772335754402e-19
1.0102371150438168e-05 -1.4044833561879947e-19
1.0132171655306716e-05 -1.3458009280366325e-19
1.0161972160175267e-05 -1.4466100008088392e-19
1.0191772665043815e-05 -1.439996163490418e-19
1.0221573169912365e-05 -1.343878440981199e-19
1.0251373674780914e-05 -1.3185585994449565e-19
1.0281174179649464e-05 -1.3275590595425575e-19
1.0310974684518013e-05 -1.4004725863286236e-19
1.0340775189386561e-05 -1.3253977143086937e-19
1.037057569425511e-05 -1.187149837069314e-19
1.040037619912366e-05 -1.3053480653510675e-19
1.043017670399221e-05 -1.3430881605250828e-19
1.0459977208860758e-05 -1.2121544872685602e-19
1.0489777713729307e-05 -1.1950176710225808e-19
1.0519578218597857e-05 -1.2110102136371046e-19
1.0549378723466404e-05 -1.2591891070752728e-19
1.0579179228334956e-05 -1.2225911185794627e-19
1.0608979733203504e-05 -1.0671290053300389e-19
1.0638780238072055e-05 -1.136453703158707e-19
1.0668580742940603e-05 -1.2219275452337876e-19
1.069838124780915e-05 -1.108163793901781e-19
1.0728181752677702e-05 -1.0488632405419466e-19
1.075798225754625e-05 -1.0624449587914991e-19
1.0787782762414799e-05 -1.1090140548566532e-19
1.0817583267283349e-05 -1.1140738157773191e-19
1.0847383772151898e-05 -9.6437490262729e-20
1.0877184277020446e-05 -9.648286930751337e-20
1.0906984781888995e-05 -1.101020279634273e-19
1.0936785286757545e-05 -9.95785910925884e-20
1.0966585791626095e-05 -8.989336491252303e-20
1.0996386296494644e-05 -9.292623086805346e-20
1.1026186801363192e-05 -9.504494413887705e-20
1.1055987306231743e-05 -9.838082267987678e-20
1.1085787811100291e-05 -8.551428344964934e-20
1.1115588315968839e-05 -7.822076700650035e-20
1.114538882083739e-05 -9.32508616586676e-20
1.1175189325705938e-05 -9.0212615962577e-20
1.1204989830574487e-05 -7.577771205477755e-20
1.1234790335443037e-05 -7.626621658724707e-20
1.1264590840311585e-05 -8.161744740230473e-20
1.1294391345180136e-05 -8.507534433940105e-20
1.1324191850048684e-05 -7.460440598100692e-20
1.1353992354917233e-05 -6.24825024103618e-20
1.1383792859785783e-05 -7.660827516431413e-20
1.1413593364654332e-05 -7.967985491054071e-20
1.144339386952288e-05 -6.167939553229503e-20
1.147319437439143e-05 -6.116578006951421e-20
1.150299487925998e-05 -6.421342501502289e-20
1.1532795384128527e-05 -6.887933072514522e-20
1.1562595888997078e-05 -6.667046212184561e-20
1.1592396393865626e-05 -4.775181724357986e-20
1.1622196898734178e-05 -5.71478917920524e-20
1.1651997403602725e-05 -6.934461658335951e-20
1.1681797908471273e-05 -5.111640878644745e-20
1.1711598413339824e-05 -4.442444790864621e-20
1.1741398918208372e-05 -5.0470428231567717e-20
1.1771199423076922e-05 -5.400816084883536e-20
1.1800999927945471e-05 -5.23186318354528e-20
1.183080043281402e-05 -3.6372486517493795e-20
1.1860600937682569e-05 -3.6796744515189025e-20
1.1890401442551118e-05 -5.3177418257442934e-20
1.1920201947419668e-05 -4.2068257294410166e-20
1.1950002452288217e-05 -2.890664047302701e-20
1.1979802957156767e-05 -3.6479866807438456e-20
1.2009603462025315e-05 -4.0238298023668935e-20
1.2039403966893864e-05 -3.8438634378816924e-20
1.2069204471762414e-05 -2.6892666162706556e-20
1.2099004976630962e-05 -2.0463654499493337e-20
1.2128805481499513e-05 -3.77245343236037e-20
1.215860598636806e-05 -3.258317699051546e-20
1.218840649123661e-05 -1.0626146039945943e-20
1.221820699610516e-05 -1.9733508140709294e-20
1.2248007500973708e-05 -2.7189854329742205e-20
1.2277808005842259e-05 -2.214503100884635e-20
1.2307608510710807e-05 -1.6070644226555623e-20
1.2337409015579356e-05 -6.3251163159022e-21
1.2367209520447906e-05 -1.9691666687733054e-20
1.2397010025316455e-05 -2.2707702025581852e-20
1.2426810530185003e-05 -1.5560618911510764e-21
1.2456611035053553e-05 -3.718851250787556e-21
1.2486411539922102e-05 -1.1068869980806452e-20
1.251621204479065e-05 -9.807957960298642e-21
1.2546012549659201e-05 -3.5988701579734165e-21
1.2575813054527749e-05 8.868215317851217e-21
1.2605613559396299e-05 5.483224932110596e-22
1.2635414064264848e-05 -1.0029020350929894e-20
1.2665214569133396e-05 7.890712536732713e-21
1.2695015074001947e-05 1.6254673158370915e-20
1.2724815578870495e-05 2.4041910465276345e-21
1.2754616083739045e-05 2.9930398025854703e-21
1.2784416588607594e-05 1.0525853867068209e-20
1.2814217093476142e-05 1.9845465253853688e-20
1.2844017598344691e-05 2.0053576137512754e-20
1.2873818103213241e-05 3.3643050505214695e-21
1.290361860808179e-05 1.7759556803472628e-20
1.293341911295034e-05 3.384700756635706e-20
1.296321961781889e-05 1.8551635970586685e-20
1.2993020122687437e-05 1.7286686550873005e-20
1.3022820627555987e-05 2.4788957763767738e-20
1.3052621132424536e-05 3.2762029289311454e-20
1.3082421637293084e-05 3.5479571755496035e-20
1.3112222142161636e-05 1.899466000893126e-20
1.3142022647030183e-05 2.631503298542189e-20
1.3171823151898731e-05 4.810592002468069e-20
1.3201623656767282e-05 3.7184210962942936e-20
1.323142416163583e-05 2.8828077881074486e-20
1.3261224666504382e-05 3.8793503091181377e-20
1.329102517137293e-05 4.576536765807485e-20
1.3320825676241479e-05 5.1950530029068824e-20
1.3350626181110028e-05 3.9546853616588524e-20
1.3380426685978576e-05 3.6316792020102765e-20
1.3410227190847126e-05 6.016234482708887e-20
1.3440027695715675e-05 5.583255719005285e-20
1.3469828200584225e-05 4.1275780776582486e-20
1.3499628705452773e-05 5.005929394890559e-20
1.3529429210321324e-05 5.942389539445729e-20
1.3559229715189872e-05 6.416526267232571e-20
1.358903022005842e-05 5.761266231178912e-20
1.3618830724926971e-05 4.987212590842068e-20
1.3648631229795519e-05 6.904121462517219e-20
1.367843173466407e-05 7.49923959849602e-20
1.3708232239532618e-05 5.711349037763753e-20
1.3738032744401166e-05 6.201978056497264e-20
1.3767833249269717e-05 7.244438347472558e-20
1.3797633754138265e-05 7.717640499598686e-20
1.3827434259006814e-05 7.414908016959476e-20
1.3857234763875364e-05 6.122409757065768e-20
1.3887035268743913e-05 7.694383579237236e-20
1.3916835773612461e-05 9.029865989688829e-20
1.394663627848101e-05 7.296468291759382e-20
1.397643678334956e-05 7.279924358220084e-20
1.400623728821811e-05 8.439956709587831e-20
1.403603779308666e-05 8.883450702393845e-20
1.4065838297955207e-05 8.840697150375755e-20
1.4095638802823758e-05 7.678535833756572e-20
1.4125439307692306e-05 8.30141687228256e-20
1.4155239812560854e-05 1.0213706269322393e-19
1.4185040317429405e-05 9.112432982034995e-20
1.4214840822297953e-05 8.123973096674341e-20
1.4244641327166503e-05 9.515646841444367e-20
1.4274441832035052e-05 1.0023577701333642e-19
1.43042423369036e-05 9.900508743004804e-20
1.4334042841772151e-05 9.1907826796041e-20
1.4363843346640699e-05 9.164508355373186e-20
1.4393643851509249e-05 1.1221758143255422e-19
1.4423444356377798e-05 1.0629242800146359e-19
1.4453244861246348e-05 9.116713083253463e-20
1.4483045366114895e-05 1.0375023807322561e-19
1.4512845870983445e-05 1.1118437681564855e-19
1.4542646375851995e-05 1.1144206228833909e-19
1.4572446880720542e-05 1.040642312991655e-19
1.4602247385589094e-05 9.887374176824114e-20
1.4632047890457641e-05 1.1890751868517103e-19
1.4661848395326193e-05 1.204541096795862e-19
1.469164890019474e-05 1.022664891607607e-19
1.4721449405063288e-05 1.1136072329651124e-19
1.475124990993184e-05 1.2224264804921548e-19
1.4781050414800387e-05 1.2074983466468938e-19
1.4810850919668937e-05 1.1750913968484696e-19
1.4840651424537486e-05 1.1090062582523643e-19
1.4870451929406036e-05 1.2411959268604104e-19
1.4900252434274584e-05 1.3264882604804647e-19
1.4930052939143133e-05 1.1405918437563277e-19
1.4959853444011683e-05 1.1658812640256796e-19
1.4989653948880232e-05 1.308955284147169e-19
1.5019454453748782e-05 1.2892250514440662e-19
1.504925495861733e-05 1.2692997784379802e-19
1.507905546348588e-05 1.2132246954988396e-19
1.5108855968354429e-05 1.2881545301087185e-19
1.5138656473222977e-05 1.4365349459707787e-19
1.5168456978091528e-05 1.2990514385435048e-19
1.5198257482960076e-05 1.232423502636089e-19
1.5228057987828624e-05 1.3878965728205013e-19
1.5257858492697175e-05 1.390430670600896e-19
1.5287658997565726e-05 1.3632510354211725e-19
1.531745950243427e-05 1.3344907449541635e-19
1.5347260007302822e-05 1.3189434254462915e-19
1.5377060512171373e-05 1.4966521592198307e-19
1.540686101703992e-05 1.4467655430371184e-19
1.543666152190847e-05 1.293329450982882e-19
1.546646202677702e-05 1.4553834178247117e-19
1.5496262531645568e-05 1.5253570752607086e-19
1.5526063036514116e-05 1.456425043170219e-19
1.5555863541382667e-05 1.4321524061964542e-19
1.5585664046251215e-05 1.419990896489652e-19
1.5615464551119766e-05 1.5432977681419264e-19
1.5645265055988314e-05 1.558856532753885e-19
1.567506556085686e-05 1.405877109117505e-19
1.5704866065725413e-05 1.4816953514364615e-19
1.573466657059396e-05 1.6048426413317829e-19
1.576446707546251e-05 1.5517572357723506e-19
1.579426758033106e-05 1.5097062741752585e-19
1.582406808519961e-05 1.5026868755690336e-19
1.585386859006816e-05 1.6147739194327194e-19
1.5883669094936707e-05 1.6937779739525304e-19
1.5913469599805258e-05 1.5189374756767478e-19
1.5943270104673806e-05 1.5216805148641736e-19
1.5973070609542354e-05 1.7042757237202377e-19
1.6002871114410905e-05 1.6405144159705487e-19
1.6032671619279453e-05 1.5730032506035727e-19
1.6062472124148e-05 1.5919537776138888e-19
1.609227262901655e-05 1.641827331080545e-19
1.6122073133885103e-05 1.7427021733658804e-19
1.6151873638753647e-05 1.6313652520716639e-19
1.61816741436222e-05 1.5835007264170599e-19
1.621147464849075e-05 1.751290183469877e-19
1.6241275153359294e-05 1.7422092159968692e-19
1.6271075658227845e-05 1.666784075111355e-19
1.6300876163096397e-05 1.6761874728027783e-19
1.6330676667964945e-05 1.7002797802011674e-19
1.6360477172833492e-05 1.785352181625379e-19
1.6390277677702044e-05 1.743462249350857e-19
1.642007818257059e-05 1.6386408582391507e-19
1.644987868743914e-05 1.7741130757840424e-19
1.647967919230769e-05 1.8268993975183092e-19
1.6509479697176242e-05 1.7275961043355302e-19
1.653928020204479e-05 1.747398112520251e-19
1.6569080706913337e-05 1.7582356691882315e-19
1.659888121178189e-05 1.8429462868814265e-19
1.6628681716650436e-05 1.8549635190255958e-19
1.6658482221518984e-05 1.7023777875319256e-19
1.6688282726387536e-05 1.8151433613081975e-19
1.6718083231256083e-05 1.906413456557285e-19
1.6747883736124635e-05 1.770427529720013e-19
1.6777684240993182e-05 1.7965556553372506e-19
1.680748474586173e-05 1.835351692158684e-19
1.683728525073028e-05 1.841293796881688e-19
1.686708575559883e-05 1.90730567385437e-19
1.6896886260467377e-05 1.8045190522529196e-19
1.692668676533593e-05 1.797399818911551e-19
1.695648727020448e-05 1.9488161024059134e-19
1.6986287775073024e-05 1.8823878300325283e-19
1.7016088279941575e-05 1.8304161920001624e-19
1.7045888784810127e-05 1.8760345450579684e-19
1.707568928967867e-05 1.8861125385266454e-19
1.7105489794547222e-05 1.9478299263022502e-19
1.7135290299415773e-05 1.8632633539386093e-19
1.7165090804284325e-05 1.8169528897552718e-19
1.719489130915287e-05 1.960148708785318e-19
1.722469181402142e-05 1.9313680398202075e-19
1.725449231888997e-05 1.8697682665586122e-19
1.7284292823758516e-05 1.90256440737307e-19
1.7314093328627067e-05 1.9218440119254738e-19
1.734389383349562e-05 1.9851676383989205e-19
1.7373694338364163e-05 1.9249988943524062e-19
1.7403494843232714e-05 1.8474639878920544e-19
1.7433295348101265e-05 1.9728339065923973e-19
1.7463095852969813e-05 1.986104379072546e-19
1.749289635783836e-05 1.885584321687399e-19
1.7522696862706912e-05 1.9173915914895543e-19
1.755249736757546e-05 1.9380645004421966e-19
1.7582297872444008e-05 1.9672682483046108e-19
1.761209837731256e-05 1.9695935877729922e-19
1.7641898882181107e-05 1.871083700293424e-19
1.7671699387049658e-05 1.9427474071363677e-19
1.7701499891918206e-05 2.0203979432029783e-19
1.7731300396786754e-05 1.9164679206891278e-19
1.7761100901655305e-05 1.9237671543490017e-19
1.7790901406523853e-05 1.9596701694466362e-19
1.7820701911392404e-05 1.9447434255026798e-19
1.7850502416260952e-05 1.9754382619343545e-19
1.7880302921129503e-05 1.9005077680099933e-19
1.791010342599805e-05 1.9115032476121012e-19
1.79399039308666e-05 2.002496168795491e-19
1.796970443573515e-05 1.9159512798924865e-19
1.7999504940603698e-05 1.9107197585053689e-19
1.8029305445472246e-05 1.9569745051466144e-19
1.8059105950340797e-05 1.9284388057627333e-19
1.808890645520935e-05 1.9726429094602847e-19
1.8118706960077893e-05 1.9094245106872479e-19
1.8148507464946444e-05 1.8594882407300523e-19
1.8178307969814995e-05 1.9841577864301126e-19
1.820810847468354e-05 1.9280336061316793e-19
1.823790897955209e-05 1.8564013467580666e-19
1.8267709484420642e-05 1.913757321914505e-19
1.829750998928919e-05 1.8908155278129895e-19
1.8327310494157738e-05 1.9221429096218715e-19
1.835711099902629e-05 1.9023552050067748e-19
1.8386911503894837e-05 1.8300477089148622e-19
1.8416712008763385e-05 1.9073027777662504e-19
1.8446512513631936e-05 1.9164999716167828e-19
1.8476313018500487e-05 1.8359454329844999e-19
1.850611352336903e-05 1.855040086859197e-19
1.8535914028237583e-05 1.8600622613206763e-19
1.8565714533106134e-05 1.859143916097944e-19
1.8595515037974682e-05 1.8628958300752545e-19
1.862531554284323e-05 1.7663331110770747e-19
1.865511604771178e-05 1.814258770587825e-19
1.868491655258033e-05 1.8995604766906706e-19
1.8714717057448877e-05 1.7816417225284428e-19
1.8744517562317428e-05 1.769098074465922e-19
1.8774318067185976e-05 1.8243250614928748e-19
1.8804118572054527e-05 1.7812417268460142e-19
1.8833919076923075e-05 1.805430427851313e-19
1.8863719581791623e-05 1.7492470715769684e-19
1.8893520086660174e-05 1.7111219096614633e-19
1.8923320591528722e-05 1.82359115453569e-19
1.895312109639727e-05 1.7235784397933357e-19
1.898292160126582e-05 1.6804417155229265e-19
1.9012722106134372e-05 1.7619706086004914e-19
1.9042522611002917e-05 1.689271018362392e-19
1.9072323115871468e-05 1.7271129524454327e-19
1.910212362074002e-05 1.6923271891854903e-19
1.9131924125608567e-05 1.6164455891473557e-19
1.9161724630477115e-05 1.7228912712800687e-19
1.9191525135345666e-05 1.672989145234241e-19
1.9221325640214217e-05 1.6113895118049589e-19
1.925112614508276e-05 1.655824390159447e-19
1.9280926649951313e-05 1.6139506971182426e-19
1.9310727154819864e-05 1.625399528264593e-19
1.934052765968841e-05 1.618536323821967e-19
1.937032816455696e-05 1.5399585303062759e-19
1.940012866942551e-05 1.6004751189569426e-19
1.942992917429406e-05 1.6147773578392927e-19
1.9459729679162607e-05 1.5229549669793064e-19
1.9489530184031158e-05 1.5494808430731208e-19
1.9519330688899706e-05 1.543373996934524e-19
1.9549131193768254e-05 1.526094279947955e-19
1.9578931698636805e-05 1.546144140602176e-19
1.9608732203505353e-05 1.4464225263782907e-19
1.9638532708373904e-05 1.4604286512220294e-19
1.966833321324245e-05 1.5378529383259465e-19
1.9698133718111e-05 1.4301684989536427e-19
1.972793422297955e-05 1.4175562839296226e-19
1.97577347278481e-05 1.4536575106476556e-19
1.9787535232716646e-05 1.4007704261772573e-19
1.9817335737585198e-05 1.4309002687518902e-19
1.9847136242453745e-05 1.3844599086982764e-19
1.9876936747322297e-05 1.3437387147160277e-19
1.9906737252190845e-05 1.426521143284851e-19
1.9936537757059396e-05 1.355924842195668e-19
1.9966338261927944e-05 1.2852802848325848e-19
1.999613876679649e-05 1.3422879665851816e-19
2.0025939271665043e-05 1.3220241175759572e-19
2.005573977653359e-05 1.309050039745023e-19
2.008554028140214e-05 1.275458963737239e-19
2.011534078627069e-05 1.1992488212449153e-19
2.014514129113924e-05 1.2703151792836147e-19
2.0174941796007785e-05 1.2824026024840076e-19
2.0204742300876336e-05 1.1759999907799345e-19
2.0234542805744888e-05 1.1832323466447562e-19
2.0264343310613432e-05 1.195179855392683e-19
2.0294143815481983e-05 1.1797311157345245e-19
2.0323944320350535e-05 1.168770494084437e-19
2.0353744825219082e-05 1.0887015949884023e-19
2.038354533008763e-05 1.108577025963308e-19
2.041334583495618e-05 1.14729254932017e-19
2.044314633982473e-05 1.04412600575348e-19
2.0472946844693277e-05 1.0507424162470482e-19
2.050274734956183e-05 1.063300539087896e-19
2.053254785443038e-05 1.0056565646661789e-19
2.0562348359298927e-05 1.0379026295339295e-19
2.0592148864167475e-05 9.609524147968928e-20
2.0621949369036027e-05 9.351328853793571e-20
2.0651749873904574e-05 1.031111637968041e-19
2.0681550378773122e-05 9.157082811196996e-20
2.0711350883641673e-05 8.710475554738176e-20
2.074115138851022e-05 9.374567036244778e-20
2.0770951893378773e-05 8.660099973111306e-20
2.080075239824732e-05 8.723873494892357e-20
2.0830552903115868e-05 8.291589276776542e-20
2.086035340798442e-05 7.629980269912043e-20
2.0890153912852967e-05 8.474991574398431e-20
2.0919954417721515e-05 7.950178818103934e-20
2.0949754922590066e-05 7.07034290689237e-20
2.0979555427458614e-05 7.522339843552477e-20
2.1009355932327162e-05 7.423635468603708e-20
2.1039156437195713e-05 7.055525715574066e-20
2.1068956942064264e-05 6.713304478415786e-20
2.109875744693281e-05 6.205601819411103e-20
2.112855795180136e-05 6.68881526188395e-20
2.115835845666991e-05 6.53256754812461e-20
2.118815896153846e-05 5.3615650077441916e-20
2.1217959466407007e-05 5.656448862913018e-20
2.1247759971275558e-05 5.788201008885196e-20
2.127756047614411e-05 5.2371855539238885e-20
2.1307360981012654e-05 5.3197387175454786e-20
2.1337161485881205e-05 4.483455914798462e-20
2.1366961990749756e-05 4.586948328500638e-20
2.13967624956183e-05 5.363449298646947e-20
2.1426563000486852e-05 3.897059027100294e-20
2.1456363505355403e-05 3.6006367138764054e-20
2.148616401022395e-05 4.2746133557235644e-20
2.15159645150925e-05 3.562093048376336e-20
2.154576501996105e-05 3.4475483957233734e-20
2.1575565524829598e-05 2.9315170112408926e-20
2.1605366029698146e-05 2.631231225748069e-20
2.1635166534566697e-05 3.40324903494909e-20
2.1664967039435245e-05 2.276553653841745e-20
2.1694767544303796e-05 1.639452289542271e-20
2.1724568049172344e-05 2.5039640696317956e-20
2.1754368554040892e-05 2.030687872394864e-20
2.1784169058909443e-05 1.697962457523875e-20
2.181396956377799e-05 1.2402342446139531e-20
2.1843770068646542e-05 7.553464573925733e-21
2.187357057351509e-05 1.6467548231478333e-20
2.190337107838364e-05 8.736804000342137e-21
2.193317158325219e-05 -3.2693484395029052e-21
2.1962972088120737e-05 5.326694247840288e-21
2.1992772592989288e-05 3.2844256121894997e-21
2.2022573097857836e-05 -2.9863471746974417e-21
2.2052373602726384e-05 -2.840905016821839e-21
2.2082174107594935e-05 -9.37846780016063e-21
2.2111974612463486e-05 -4.891688903445805e-21
2.214177511733203e-05 -4.106901523567313e-21
2.2171575622200582e-05 -1.887455675477879e-20
2.2201376127069133e-05 -1.6824318523809115e-20
2.2231176631937678e-05 -1.243288076889337e-20
2.226097713680623e-05 -1.9115687735295717e-20
2.229077764167478e-05 -2.1328045177273124e-20
2.2320578146543325e-05 -2.761907260152842e-20
2.2350378651411876e-05 -2.6329417017900234e-20
2.2380179156280427e-05 -2.1163025124540033e-20
2.2409979661148975e-05 -3.397087264863514e-20
2.2439780166017523e-05 -3.525568250392551e-20
2.2469580670886074e-05 -2.824752045646849e-20
2.2499381175754625e-05 -3.7262365910397644e-20
2.252918168062317e-05 -3.8715375937538606e-20
2.255898218549172e-05 -4.0781360880968276e-20
2.2588782690360272e-05 -4.603570575476258e-20
2.261858319522882e-05 -3.8510213027180465e-20
2.2648383700097368e-05 -4.9995343187406315e-20
2.267818420496592e-05 -5.755050826460211e-20
2.2707984709834467e-05 -4.413060400717369e-20
2.2737785214703015e-05 -5.1710835474088943e-20
2.2767585719571566e-05 -5.751313618450669e-20
2.2797386224440114e-05 -5.740896750125966e-20
2.2827186729308665e-05 -6.129566101648537e-20
2.2856987234177213e-05 -5.3934565737325386e-20
2.288678773904576e-05 -6.184593348861129e-20
2.2916588243914312e-05 -7.282241378980677e-20
2.294638874878286e-05 -6.460052984192459e-20
2.2976189253651408e-05 -6.556710897290757e-20
2.300598975851996e-05 -7.269306554742335e-20
2.303579026338851e-05 -7.435118181779218e-20
2.3065590768257054e-05 -7.694311697434954e-20
2.3095391273125606e-05 -7.248191467897285e-20
2.3125191777994157e-05 -7.474366198946056e-20
2.3154992282862705e-05 -8.72539122249188e-20
2.3184792787731253e-05 -8.099152350096947e-20
2.3214593292599804e-05 -7.599190613209481e-20
2.3244393797468355e-05 -8.696471808258551e-20
2.32741943023369e-05 -8.782849254912327e-20
2.330399480720545e-05 -8.898977045930383e-20
2.3333795312074002e-05 -8.895204436901371e-20
2.3363595816942546e-05 -8.534027991815485e-20
2.3393396321811098e-05 -9.974627466366354e-20
2.342319682667965e-05 -1.0029691070174332e-19
2.3452997331548197e-05 -8.767975473150049e-20
2.3482797836416745e-05 -9.941322217161679e-20
2.3512598341285296e-05 -1.0288174611521369e-19
2.3542398846153844e-05 -9.953785708165032e-20
2.357219935102239e-05 -1.0333174122227829e-19
2.3601999855890943e-05 -9.694181205344794e-20
2.363180036075949e-05 -1.0697740456591829e-19
2.366160086562804e-05 -1.1413881412258265e-19
2.369140137049659e-05 -1.018168120122171e-19
2.3721201875365137e-05 -1.0853319718948039e-19
2.375100238023369e-05 -1.1662473081445002e-19
2.3780802885102236e-05 -1.1298788683413822e-19
2.3810603389970784e-05 -1.1445838193910992e-19
2.3840403894839336e-05 -1.100482281214702e-19
2.3870204399707883e-05 -1.1574540166948562e-19
2.3900004904576435e-05 -1.2664834884435932e-19
2.3929805409444982e-05 -1.129082238320472e-19
2.3959605914313534e-05 -1.1508436152767444e-19
2.398940641918208e-05 -1.28066621418426e-19
2.401920692405063e-05 -1.2115981607029127e-19
2.404900742891918e-05 -1.2458850054828825e-19
2.407880793378773e-05 -1.2310564768784074e-19
2.4108608438656276e-05 -1.230620848454629e-19
2.4138408943524827e-05 -1.3779222166058404e-19
2.416820944839338e-05 -1.2720386090976946e-19
2.4198009953261923e-05 -1.2293377155929756e-19
2.4227810458130474e-05 -1.3693073566010756e-19
2.4257610962999026e-05 -1.3284610207407947e-19
2.428741146786757e-05 -1.3285487325534868e-19
2.431721197273612e-05 -1.339659780628895e-19
2.4347012477604673e-05 -1.2938140552816652e-19
2.437681298247322e-05 -1.4172485804852613e-19
2.4406613487341768e-05 -1.4177306343924023e-19
2.443641399221032e-05 -1.2979847827147724e-19
2.4466214497078867e-05 -1.4244144762967928e-19
2.4496015001947415e-05 -1.4689536096449797e-19
2.4525815506815966e-05 -1.39597202810466e-19
2.4555616011684518e-05 -1.4489597031348492e-19
2.4585416516553065e-05 -1.4063738626807436e-19
2.4615217021421613e-05 -1.4695012404376409e-19
2.4645017526290164e-05 -1.542483750068386e-19
2.4674818031158712e-05 -1.3873120304204178e-19
2.470461853602726e-05 -1.4701972460706968e-19
2.473441904089581e-05 -1.5739984481851658e-19
2.476421954576436e-05 -1.470339233675693e-19
2.479402005063291e-05 -1.505036150185908e-19
2.4823820555501458e-05 -1.505666456422004e-19
2.4853621060370006e-05 -1.5281138337361122e-19
2.4883421565238557e-05 -1.620682754110422e-19
2.4913222070107105e-05 -1.5025825125367757e-19
2.4943022574975653e-05 -1.5117149194382552e-19
2.4972823079844204e-05 -1.6443799477755197e-19
2.5002623584712752e-05 -1.5664897559201791e-19
2.50324240895813e-05 -1.5472931856633174e-19
2.506222459444985e-05 -1.58725890218794e-19
2.5092025099318402e-05 -1.5734707579180307e-19
2.5121825604186947e-05 -1.6645548710892743e-19
2.5151626109055498e-05 -1.614330506617384e-19
2.518142661392405e-05 -1.5319599108996113e-19
2.5211227118792597e-05 -1.6972383800415149e-19
2.5241027623661145e-05 -1.66807364679048e-19
2.5270828128529696e-05 -1.5893619597615345e-19
2.5300628633398247e-05 -1.6672998049028153e-19
2.5330429138266792e-05 -1.6211800382169394e-19
2.5360229643135343e-05 -1.690211360733447e-19
2.5390030148003894e-05 -1.7053837254909928e-19
2.541983065287244e-05 -1.5759138792381238e-19
2.544963115774099e-05 -1.6880090336513939e-19
2.547943166260954e-05 -1.7269401455883642e-19
2.550923216747809e-05 -1.6337124920271205e-19
2.5539032672346637e-05 -1.6836201100949443e-19
2.5568833177215188e-05 -1.6814057019079691e-19
2.5598633682083736e-05 -1.7112816173569059e-19
2.5628434186952284e-05 -1.7566336564902437e-19
2.5658234691820835e-05 -1.6248868588119576e-19
2.5688035196689383e-05 -1.6720632853739175e-19
2.5717835701557934e-05 -1.7867753795880633e-19
2.5747636206426482e-05 -1.6690858634861706e-19
2.577743671129503e-05 -1.675742159722332e-19
2.580723721616358e-05 -1.7286331015543077e-19
2.583703772103213e-05 -1.7021847660718703e-19
2.586683822590068e-05 -1.7574007209763696e-19
2.5896638730769228e-05 -1.6765186691997042e-19
2.592643923563778e-05 -1.6698549183729822e-19
2.5956239740506327e-05 -1.802044630421665e-19
2.5986040245374875e-05 -1.7100917236791107e-19
2.6015840750243426e-05 -1.6740342590483737e-19
2.6045641255111974e-05 -1.7373011236856644e-19
2.6075441759980522e-05 -1.7093033949840809e-19
2.6105242264849073e-05 -1.7486309053738097e-19
2.613504276971762e-05 -1.6997119122570584e-19
2.616484327458617e-05 -1.6294748747502493e-19
2.619464377945472e-05 -1.7719877798318582e-19
2.622444428432327e-05 -1.7538969901349783e-19
2.6254244789191816e-05 -1.640350182623161e-19
2.6284045294060367e-05 -1.7248736132609646e-19
2.6313845798928918e-05 -1.7213510621303947e-19
2.6343646303797462e-05 -1.7166564485330958e-19
2.6373446808666014e-05 -1.7440400892953146e-19
2.6403247313534565e-05 -1.6270506060374254e-19
2.6433047818403113e-05 -1.6966977534271595e-19
2.646284832327166e-05 -1.768549827921656e-19
2.6492648828140212e-05 -1.6356627586282182e-19
2.6522449333008763e-05 -1.6793218418026906e-19
2.6552249837877308e-05 -1.7050178541335416e-19
2.658205034274586e-05 -1.6823879929154517e-19
2.661185084761441e-05 -1.728463287553254e-19
2.6641651352482958e-05 -1.6292228860685859e-19
2.6671451857351506e-05 -1.6574427953095801e-19
2.6701252362220057e-05 -1.7410123106472618e-19
2.6731052867088605e-05 -1.648242689812041e-19
2.6760853371957153e-05 -1.6351004414196074e-19
2.6790653876825704e-05 -1.6828075933957336e-19
2.682045438169425e-05 -1.661948720894475e-19
2.6850254886562803e-05 -1.6655490131657315e-19
2.688005539143135e-05 -1.6387834867861059e-19
2.69098558962999e-05 -1.5878019523864608e-19
2.693965640116845e-05 -1.6845752639875837e-19
2.6969456906036998e-05 -1.6610633582229886e-19
2.6999257410905545e-05 -1.5662516122121164e-19
2.7029057915774097e-05 -1.643843970985534e-19
2.7058858420642648e-05 -1.6299318901371114e-19
2.7088658925511192e-05 -1.626298788598826e-19
2.7118459430379744e-05 -1.6187593596148404e-19
2.7148259935248295e-05 -1.5289707045640187e-19
2.717806044011684e-05 -1.6294394963001397e-19
2.720786094498539e-05 -1.643737743788478e-19
2.7237661449853942e-05 -1.5162832009213871e-19
2.7267461954722493e-05 -1.568151258536332e-19
2.7297262459591037e-05 -1.5846449295198814e-19
2.732706296445959e-05 -1.5552669149268758e-19
2.735686346932814e-05 -1.5769892671084054e-19
2.7386663974196684e-05 -1.5008178292613542e-19
2.7416464479065236e-05 -1.552174076952124e-19
2.7446264983933787e-05 -1.6078595292810714e-19
2.747606548880233e-05 -1.4822968797934912e-19
2.7505865993670882e-05 -1.5066681101478592e-19
2.7535666498539434e-05 -1.5421853096137847e-19
2.756546700340798e-05 -1.5062812560970925e-19
2.759526750827653e-05 -1.5293273403647689e-19
2.762506801314508e-05 -1.4504823577494497e-19
2.765486851801363e-05 -1.4576804062898015e-19
2.7684669022882176e-05 -1.5503003001685707e-19
2.7714469527750727e-05 -1.4471253617333655e-19
2.7744270032619275e-05 -1.4236696802309785e-19
2.7774070537487827e-05 -1.5029120107246028e-19
2.7803871042356374e-05 -1.45209681541529e-19
2.7833671547224922e-05 -1.458062913808127e-19
2.7863472052093473e-05 -1.4385968960619932e-19
2.789327255696202e-05 -1.3794135359546242e-19
2.7923073061830573e-05 -1.4828905710288072e-19
2.795287356669912e-05 -1.4418939216488891e-19
2.798267407156767e-05 -1.3383783406906236e-19
2.801247457643622e-05 -1.418203046510577e-19
2.8042275081304767e-05 -1.4001268195185249e-19
2.807207558617332e-05 -1.3886585306418478e-19
2.8101876091041866e-05 -1.3956281578465873e-19
2.8131676595910414e-05 -1.3154412487474095e-19
2.8161477100778965e-05 -1.4005821333834176e-19
2.8191277605647517e-05 -1.4201414260781636e-19
2.822107811051606e-05 -1.304538308287402e-19
2.8250878615384612e-05 -1.339093003148123e-19
2.8280679120253164e-05 -1.3519946491950816e-19
2.8310479625121708e-05 -1.3445478713866315e-19
2.834028012999026e-05 -1.3513291047135894e-19
2.837008063485881e-05 -1.2506707585198643e-19
2.8399881139727358e-05 -1.3023251364175082e-19
2.8429681644595906e-05 -1.3899263160775594e-19
2.8459482149464457e-05 -1.250635910743379e-19
2.8489282654333005e-05 -1.2579623824116357e-19
2.8519083159201553e-05 -1.3455278199060055e-19
2.8548883664070104e-05 -1.2850650933012179e-19
2.8578684168938655e-05 -1.3013914015681386e-19
2.86084846738072e-05 -1.2476642565614988e-19
2.863828517867575e-05 -1.213671290577761e-19
2.8668085683544302e-05 -1.3361982960594444e-19
2.869788618841285e-05 -1.2398515847708128e-19
2.8727686693281398e-05 -1.1672677468323813e-19
2.875748719814995e-05 -1.2717656710382936e-19
2.8787287703018497e-05 -1.22847414222663e-19
2.8817088207887045e-05 -1.2253929682935756e-19
2.8846888712755596e-05 -1.214343223793444e-19
2.8876689217624144e-05 -1.149527559800485e-19
2.8906489722492695e-05 -1.264378159376504e-19
2.8936290227361243e-05 -1.2326263590152437e-19
2.896609073222979e-05 -1.113561989011646e-19
2.8995891237098342e-05 -1.1971745042294475e-19
2.902569174196689e-05 -1.196670894426218e-19
2.9055492246835438e-05 -1.1664147972824254e-19
2.908529275170399e-05 -1.1663417616445936e-19
2.911509325657254e-05 -1.0824932830386919e-19
2.9144893761441085e-05 -1.1598676269358167e-19
2.9174694266309636e-05 -1.2074909147315163e-19
2.9204494771178187e-05 -1.0640259187245257e-19
2.9234295276046735e-05 -1.0910414751276591e-19
2.9264095780915283e-05 -1.161215566333646e-19
2.9293896285783834e-05 -1.119761768766253e-19
2.9323696790652385e-05 -1.1102321676616327e-19
2.935349729552093e-05 -1.0371789128483665e-19
2.938329780038948e-05 -1.0641961888259567e-19
2.9413098305258032e-05 -1.1622905898815572e-19
2.9442898810126577e-05 -1.0244788071726107e-19
2.9472699314995128e-05 -9.735147055748978e-20
2.950249981986368e-05 -1.086533738664541e-19
2.9532300324732227e-05 -1.0590152622066958e-19
2.9562100829600775e-05 -1.01899964196903e-19
2.9591901334469326e-05 -9.85797132581429e-20
2.9621701839337874e-05 -9.698688204240237e-20
2.9651502344206422e-05 -1.0738628256813525e-19
2.9681302849074973e-05 -1.0052038758089541e-19
2.971110335394352e-05 -8.999700863284522e-20
2.9740903858812072e-05 -9.953135648363214e-20
2.977070436368062e-05 -9.843606964418554e-20
2.9800504868549168e-05 -9.46770641299124e-20
2.983030537341772e-05 -9.321302438565676e-20
2.9860105878286267e-05 -8.72099314292257e-20
2.9889906383154818e-05 -9.646170772568641e-20
2.9919706888023366e-05 -9.614267391706209e-20
2.9949507392891914e-05 -8.229505117273636e-20
2.9979307897760465e-05 -8.877491708624844e-20
3.0009108402629013e-05 -9.338498872261131e-20
3.0038908907497564e-05 -8.603275949966917e-20
3.0068709412366112e-05 -8.467539607671174e-20
3.009850991723466e-05 -8.084073345463832e-20
3.012831042210321e-05 -8.536612722996664e-20
3.015811092697176e-05 -9.038330672845734e-20
3.0187911431840307e-05 -7.473904179022353e-20
3.0217711936708858e-05 -7.599065616102225e-20
3.024751244157741e-05 -8.737312348107436e-20
3.0277312946445953e-05 -7.858405950573268e-20
3.0307113451314505e-05 -7.6241728430646e-20
3.0336913956183056e-05 -7.439569159776881e-20
3.03667144610516e-05 -7.475096848878764e-20
3.039651496592015e-05 -8.432118429925315e-20
3.0426315470788703e-05 -7.177368595028756e-20
3.0456115975657247e-05 -6.561175199318145e-20
3.0485916480525802e-05 -7.934024877596396e-20
3.051571698539435e-05 -7.414278021929536e-20
3.0545517490262894e-05 -6.745501013064466e-20
3.057531799513145e-05 -6.754202163700858e-20
3.06051185e-05 -6.63780195494579e-20
3.063491900486854e-05 -7.542842912067134e-20
3.06647195097371e-05 -6.770396912373305e-20
3.0694520014605644e-05 -5.695685092123905e-20
3.072432051947419e-05 -7.027540384828392e-20
3.0754121024342746e-05 -7.034084769551375e-20
3.078392152921129e-05 -6.238672074812089e-20
3.081372203407984e-05 -6.08960261499589e-20
3.084352253894839e-05 -5.947986849427135e-20
3.087332304381694e-05 -6.753489015176059e-20
3.090312354868549e-05 -6.367804772099241e-20
3.093292405355404e-05 -5.098268299443116e-20
3.0962724558422584e-05 -5.845792346789432e-20
3.0992525063291136e-05 -6.5312762967342e-20
3.102232556815969e-05 -5.720117520134862e-20
3.105212607302823e-05 -5.346241354199629e-20
3.108192657789678e-05 -5.3940203398535107e-20
3.1111727082765334e-05 -5.929061245948206e-20
3.114152758763388e-05 -6.163530681612986e-20
3.117132809250243e-05 -4.6657575647026225e-20
3.120112859737098e-05 -4.87228139621577e-20
3.123092910223953e-05 -6.16106839898156e-20
3.1260729607108076e-05 -5.2469028837057825e-20
3.129053011197663e-05 -4.76792403828587e-20
3.132033061684518e-05 -4.897625205914736e-20
3.135013112171372e-05 -5.078214593101361e-20
3.1379931626582274e-05 -5.641757308271536e-20
3.1409732131450826e-05 -4.54305682771358e-20
3.143953263631937e-05 -4.0428151585633824e-20
3.146933314118792e-05 -5.487486349014886e-20
3.149913364605647e-05 -5.241201776019946e-20
3.152893415092502e-05 -4.123461708340947e-20
3.155873465579357e-05 -4.2588257120499417e-20
3.158853516066212e-05 -4.6788583218956205e-20
3.161833566553067e-05 -5.110521700623543e-20
3.164813617039922e-05 -4.2102940906626546e-20
3.1677936675267766e-05 -3.3126298488049995e-20
3.170773718013632e-05 -4.8118850848343415e-20
3.173753768500487e-05 -4.779566139619186e-20
3.176733818987341e-05 -3.5468870158024603e-20
3.1797138694741964e-05 -3.994236302986792e-20
3.1826939199610516e-05 -3.974808305002352e-20
3.185673970447906e-05 -4.4439386573030217e-20
3.188654020934761e-05 -4.3192367845830885e-20
3.191634071421616e-05 -2.8410870840935324e-20
3.194614121908471e-05 -3.816079104961883e-20
3.197594172395326e-05 -4.540335342574781e-20
3.200574222882181e-05 -3.391582759572821e-20
3.2035542733690354e-05 -3.309620117634901e-20
3.2065343238558905e-05 -3.4473615129184576e-20
3.2095143743427456e-05 -3.829757868486723e-20
3.2124944248296e-05 -3.9132017493125094e-20
3.215474475316456e-05 -2.4914947994393436e-20
3.21845452580331e-05 -3.1164359122474413e-20
3.221434576290165e-05 -4.3425484363153275e-20
3.2244146267770206e-05 -2.96560668184252e-20
3.227394677263875e-05 -2.654808936360685e-20
3.2303747277507295e-05 -3.1354113708195785e-20
3.233354778237585e-05 -3.284767212676193e-20
3.23633482872444e-05 -3.5493113171840486e-20
3.239314879211294e-05 -2.203822305210082e-20
3.24229492969815e-05 -2.121117833132522e-20
3.2452749801850044e-05 -3.6751214667602264e-20
3.248255030671859e-05 -2.936274167120752e-20
3.2512350811587146e-05 -1.9204407581926428e-20
3.254215131645569e-05 -2.5429321244684915e-20
3.257195182132424e-05 -2.9019862909338747e-20
3.260175232619279e-05 -3.0456360855265025e-20
3.263155283106134e-05 -2.2468494036575974e-20
3.266135333592989e-05 -1.4256708778029755e-20
3.269115384079844e-05 -2.913333116381752e-20
3.2720954345666985e-05 -2.8879366441158934e-20
3.2750754850535536e-05 -1.2832627174605968e-20
3.278055535540409e-05 -1.8614615951995104e-20
3.281035586027263e-05 -2.178632792149371e-20
3.284015636514118e-05 -2.2021778835487428e-20
3.2869956870009734e-05 -2.0197460655364022e-20
3.289975737487828e-05 -8.154578597096887e-21
3.2929557879746837e-05 -1.9542945533448808e-20
3.295935838461538e-05 -2.642906011679974e-20
3.298915888948393e-05 -1.0293073524933961e-20
3.3018959394352483e-05 -1.0925544896609044e-20
3.304875989922103e-05 -1.7077334803782995e-20
3.307856040408958e-05 -1.634310388000082e-20
3.310836090895813e-05 -1.4728197616062487e-20
3.3138161413826675e-05 -4.548367091718687e-21
3.3167961918695226e-05 -8.510736079322687e-21
3.319776242356378e-05 -2.001631847331173e-20
3.322756292843232e-05 -6.5697429668371064e-21
3.325736343330087e-05 -2.20410983518227e-21
3.3287163938169424e-05 -1.1222730701062707e-20
3.331696444303797e-05 -8.682944341926803e-21
3.334676494790652e-05 -9.167257725321447e-21
3.337656545277507e-05 -8.010230600976646e-22
3.3406365957643616e-05 6.604009187849866e-22
3.343616646251217e-05 -1.3328540080547796e-20
3.346596696738072e-05 -2.7611064233591264e-21
3.349576747224927e-05 6.127513777123466e-21
3.3525567977117814e-05 -1.859321736820756e-21
3.3555368481986365e-05 -2.667641063671668e-21
3.3585168986854916e-05 -2.652087215731214e-21
3.361496949172346e-05 4.4587468226686685e-21
3.364476999659201e-05 8.760156945663416e-21
3.367457050146056e-05 -3.067221819934136e-21
3.370437100632911e-05 7.898581214149145e-22
3.373417151119766e-05 1.2632461403087539e-20
3.376397201606621e-05 6.187519020342381e-21
3.3793772520934754e-05 4.840088320817833e-21
3.3823573025803306e-05 6.6759066185134906e-21
3.385337353067186e-05 7.638493680026701e-21
3.38831740355404e-05 1.7674705555330967e-20
3.391297454040896e-05 9.03493964957502e-21
3.3942775045277504e-05 3.0734248772389025e-21
3.397257555014605e-05 1.9023493309988192e-20
3.4002376055014606e-05 1.6787245386891067e-20
3.403217655988315e-05 8.815294374441733e-21
3.4061977064751695e-05 1.361588696086558e-20
3.409177756962025e-05 1.567072038197394e-20
3.41215780744888e-05 2.1431904434393203e-20
3.415137857935734e-05 2.0290467832907282e-20
3.41811790842259e-05 9.562943229791417e-21
3.4210979589094444e-05 2.2273929306750612e-20
3.4240780093962996e-05 2.9322521769704785e-20
3.427058059883155e-05 1.6138086330374118e-20
3.430038110370009e-05 2.038707250824679e-20
3.433018160856865e-05 2.367850679485367e-20
3.4359982113437194e-05 2.6740862879234532e-20
3.438978261830574e-05 2.94353277960095e-20
3.4419583123174296e-05 1.7337762695160132e-20
3.444938362804284e-05 2.5746241380750978e-20
3.4479184132911385e-05 3.3918494044651044e-20
3.450898463777994e-05 2.3969656361939205e-20
3.453878514264849e-05 2.677533276641506e-20
3.456858564751703e-05 2.9717141095445833e-20
3.459838615238559e-05 3.206528340041684e-20
3.4628186657254135e-05 3.545543092674587e-20
3.465798716212268e-05 2.695501131845349e-20
3.468778766699124e-05 2.9267491607303105e-20
3.471758817185978e-05 4.06323844606888e-20
3.4747388676728326e-05 3.4432050536920274e-20
3.4777189181596884e-05 2.915273573833348e-20
3.480698968646543e-05 3.537425592129527e-20
3.483679019133398e-05 3.706345430229074e-20
3.486659069620253e-05 3.996051396057312e-20
3.4896391201071075e-05 3.629955352740258e-20
3.4926191705939627e-05 3.215051150625507e-20
3.495599221080818e-05 4.531842527279915e-20
3.498579271567672e-05 4.366227768153899e-20
3.5015593220545273e-05 3.513549138936868e-20
3.5045393725413825e-05 4.285495845075574e-20
3.507519423028237e-05 4.2246311927517403e-20
3.510499473515092e-05 4.384850190817279e-20
3.513479524001947e-05 4.536035349072111e-20
3.5164595744888016e-05 3.6613045326196796e-20
3.519439624975657e-05 4.627583500912373e-20
3.522419675462512e-05 5.077454863807176e-20
3.525399725949367e-05 4.081613394423097e-20
3.5283797764362214e-05 4.726574280940884e-20
3.5313598269230765e-05 4.844436908475664e-20
3.5343398774099317e-05 4.800029405120996e-20
3.537319927896786e-05 5.448270616931969e-20
3.540299978383641e-05 4.513528801493315e-20
3.5432800288704964e-05 4.92043807659644e-20
3.546260079357351e-05 5.950467776891853e-20
3.549240129844206e-05 4.67255388230137e-20
3.552220180331061e-05 5.011702592414421e-20
3.5552002308179155e-05 5.782135911853452e-20
3.5581802813047706e-05 5.1894882313088715e-20
3.561160331791626e-05 5.85499237134459e-20
3.564140382278481e-05 5.519074086256943e-20
3.567120432765335e-05 5.2301499220632706e-20
3.5701004832521904e-05 6.526742065078301e-20
3.5730805337390455e-05 5.830933269722757e-20
3.576060584225901e-05 5.469764108902751e-20
3.579040634712755e-05 6.456187696078415e-20
3.58202068519961e-05 6.002460655879398e-20
3.5850007356864654e-05 6.267560046362988e-20
3.58798078617332e-05 6.431475828052194e-20
3.590960836660175e-05 5.846124857434932e-20
3.59394088714703e-05 6.767099506226786e-20
3.5969209376338845e-05 6.754948486662114e-20
3.5999009881207396e-05 6.196240556623426e-20
3.602881038607595e-05 6.974897860812746e-20
3.605861089094449e-05 6.936758054650572e-20
3.608841139581304e-05 6.854285678461241e-20
3.6118211900681594e-05 7.341425794734838e-20
3.614801240555014e-05 6.838685251013388e-20
3.61778129104187e-05 7.252953133592479e-20
3.620761341528724e-05 7.727073789005032e-20
3.6237413920155786e-05 7.032728668043139e-20
3.6267214425024344e-05 7.709696239797237e-20
3.629701492989289e-05 7.845238665741443e-20
3.632681543476143e-05 7.305050985277051e-20
3.635661593962999e-05 8.093517665421017e-20
3.6386416444498535e-05 7.914933168767293e-20
3.641621694936708e-05 7.789079566280229e-20
3.644601745423564e-05 8.59322949454481e-20
3.647581795910418e-05 8.081309307606088e-20
3.6505618463972726e-05 8.213042284389907e-20
3.6535418968841284e-05 8.752793806160197e-20
3.656521947370983e-05 8.163642665941706e-20
3.659501997857838e-05 8.865278281598864e-20
3.662482048344693e-05 8.933808595237685e-20
3.6654620988315476e-05 8.241373169886059e-20
3.668442149318403e-05 9.139063982091043e-20
3.671422199805258e-05 9.111020447224763e-20
3.674402250292112e-05 8.924184152753621e-20
3.6773823007789674e-05 9.402775972447765e-20
3.6803623512658225e-05 9.029716558262477e-20
3.683342401752677e-05 9.512362238606317e-20
3.686322452239532e-05 9.906468142367274e-20
3.689302502726387e-05 8.996743517033879e-20
3.6922825532132416e-05 9.592377924565352e-20
3.6952626037000974e-05 1.0188327078602669e-19
3.698242654186952e-05 9.479458947500212e-20
3.701222704673806e-05 1.0094973823633216e-19
3.704202755160662e-05 1.0025184245760728e-19
3.7071828056475166e-05 9.823941338899994e-20
3.710162856134372e-05 1.0739516498204261e-19
3.713142906621227e-05 9.921947612404347e-20
3.716122957108081e-05 1.0130382602953981e-19
3.7191030075949364e-05 1.1114037114299392e-19
3.7220830580817915e-05 1.0379005089217767e-19
3.725063108568646e-05 1.0685550510450014e-19
3.728043159055501e-05 1.0832041106104479e-19
3.731023209542356e-05 1.047421468794208e-19
3.7340032600292107e-05 1.1249305162662728e-19
3.736983310516066e-05 1.093699701566183e-19
3.739963361002921e-05 1.047242474721391e-19
3.7429434114897753e-05 1.1481741480649908e-19
3.7459234619766305e-05 1.1506239051787827e-19
3.7489035124634856e-05 1.105241291832973e-19
3.751883562950341e-05 1.1494471426020063e-19
3.754863613437195e-05 1.134433525561731e-19
3.75784366392405e-05 1.1695063220411565e-19
3.7608237144109054e-05 1.211823623962912e-19
3.76380376489776e-05 1.1147554009857383e-19
3.766783815384615e-05 1.1599043881477286e-19
3.76976386587147e-05 1.2265004118812605e-19
3.7727439163583245e-05 1.17589572503854e-19
3.77572396684518e-05 1.203138037320902e-19
3.778704017332035e-05 1.1711409748921766e-19
3.781684067818889e-05 1.2111608959576864e-19
3.7846641183057444e-05 1.295775490029212e-19
3.7876441687925995e-05 1.1758072867033264e-19
3.790624219279454e-05 1.1826255078529334e-19
3.79360426976631e-05 1.293662759303666e-19
3.796584320253164e-05 1.2508915381507117e-19
3.7995643707400186e-05 1.2340980859107387e-19
3.8025444212268744e-05 1.2353661510235418e-19
3.805524471713729e-05 1.249549669898403e-19
3.808504522200583e-05 1.324695853278614e-19
3.811484572687439e-05 1.2498712030809464e-19
3.8144646231742935e-05 1.2086297580802275e-19
3.817444673661148e-05 1.3383111313198927e-19
3.820424724148004e-05 1.3247925562361412e-19
3.823404774634858e-05 1.2535531197699962e-19
3.8263848251217134e-05 1.2757658293105121e-19
3.8293648756085685e-05 1.2956356686394804e-19
3.832344926095423e-05 1.366512408556726e-19
3.835324976582278e-05 1.3282918658381826e-19
3.838305027069133e-05 1.2185648438815765e-19
3.8412850775559876e-05 1.3465981859023912e-19
3.8442651280428434e-05 1.3867232958749692e-19
3.847245178529698e-05 1.2671433172476801e-19
3.850225229016552e-05 1.3098198275134695e-19
3.853205279503408e-05 1.3195553685986848e-19
3.8561853299902626e-05 1.3485284285166125e-19
3.859165380477117e-05 1.3820056700213697e-19
3.862145430963973e-05 1.2593620648164876e-19
3.865125481450827e-05 1.3452182670168435e-19
3.868105531937682e-05 1.4231985335666918e-19
3.8710855824245375e-05 1.3130745736682083e-19
3.874065632911392e-05 1.3330634675089384e-19
3.8770456833982464e-05 1.336642545741782e-19
3.880025733885102e-05 1.3560015106679936e-19
3.8830057843719566e-05 1.4032461311394759e-19
3.885985834858812e-05 1.2943696070658262e-19
3.888965885345667e-05 1.305520420890178e-19
3.891945935832521e-05 1.4209450792301229e-19
3.8949259863193764e-05 1.3646830742512274e-19
3.8979060368062316e-05 1.3046481286011133e-19
3.900886087293086e-05 1.3397671680068662e-19
3.903866137779941e-05 1.3897845847366e-19
3.906846188266796e-05 1.4231876942433563e-19
3.909826238753651e-05 1.3305047418500391e-19
3.912806289240506e-05 1.2865770381049237e-19
3.915786339727361e-05 1.4289069924331534e-19
3.9187663902142154e-05 1.4175313556169018e-19
3.9217464407010705e-05 1.3081478934649062e-19
3.9247264911879256e-05 1.3393557049664066e-19
3.927706541674781e-05 1.3790657980339206e-19
3.930686592161635e-05 1.4117374848403975e-19
3.93366664264849e-05 1.3569251618005212e-19
3.9366466931353455e-05 1.2892882657900418e-19
3.9396267436222e-05 1.419080898417774e-19
3.942606794109055e-05 1.4462682573855142e-19
3.94558684459591e-05 1.3373657346184137e-19
3.9485668950827646e-05 1.3311797804268623e-19
3.95154694556962e-05 1.3717131850187267e-19
3.954526996056475e-05 1.436951278801595e-19
3.957507046543329e-05 1.380151267633613e-19
3.9604870970301844e-05 1.2775095204575046e-19
3.9634671475170395e-05 1.386821521458177e-19
3.9664471980038946e-05 1.4657997122040328e-19
3.969427248490749e-05 1.3603771025422703e-19
3.972407298977604e-05 1.3223801705636335e-19
3.975387349464459e-05 1.3944129879306779e-19
3.9783673999513145e-05 1.4317139451387423e-19
3.981347450438169e-05 1.4060677811595918e-19
3.984327500925024e-05 1.3166438647072312e-19
3.987307551411879e-05 1.3558512559679253e-19
3.9902876018987336e-05 1.4680564347930897e-19
3.993267652385589e-05 1.376559800735932e-19
3.996247702872444e-05 1.3034187566599268e-19
3.999227753359298e-05 1.377289744120316e-19
4.0022078038461534e-05 1.427802719873923e-19
4.0051878543330085e-05 1.4206070415504301e-19
4.008167904819863e-05 1.3409910458483865e-19
4.011147955306718e-05 1.3082879419221255e-19
4.014128005793573e-05 1.4489534484193018e-19
4.017108056280428e-05 1.4480818383054823e-19
4.0200881067672835e-05 1.302468005718142e-19
4.023068157254138e-05 1.3531841583203193e-19
4.0260482077409924e-05 1.427196175081567e-19
4.029028258227848e-05 1.4143390385970313e-19
4.0320083087147026e-05 1.3445132152027768e-19
4.034988359201557e-05 1.295779919264494e-19
4.037968409688413e-05 1.4238760304998752e-19
4.040948460175267e-05 1.4555974655966743e-19
4.043928510662122e-05 1.3147057542833547e-19
4.0469085611489775e-05 1.3132524851941767e-19
4.049888611635832e-05 1.411118825480059e-19
4.0528686621226864e-05 1.418943358585114e-19
4.055848712609542e-05 1.3494470704543736e-19
4.058828763096397e-05 1.2720857271461338e-19
4.061808813583252e-05 1.3646559578649106e-19
4.064788864070107e-05 1.458911325503949e-19
4.0677689145569614e-05 1.2938066523637472e-19
4.0707489650438165e-05 1.2772484844984632e-19
4.0737290155306716e-05 1.3788558729768516e-19
4.076709066017526e-05 1.3613549582625175e-19
4.079689116504381e-05 1.354490392425463e-19
4.082669166991236e-05 1.255672416890522e-19
4.085649217478091e-05 1.2995586042949434e-19
4.088629267964946e-05 1.43139110676587e-19
4.091609318451801e-05 1.3047698606951795e-19
4.0945893689386554e-05 1.2171603522361934e-19
4.097569419425511e-05 1.3133291797745417e-19
4.100549469912366e-05 1.357838306873176e-19
4.10352952039922e-05 1.2921206895487577e-19
4.106509570886076e-05 1.2209544666028906e-19
4.1094896213729304e-05 1.2411550168344665e-19
4.1124696718597855e-05 1.3553710425300259e-19
4.1154497223466406e-05 1.2953478758404145e-19
4.118429772833495e-05 1.162213152932252e-19
4.12140982332035e-05 1.2621018985129696e-19
4.124389873807205e-05 1.306728121530366e-19
4.12736992429406e-05 1.2469108876591352e-19
4.130349974780915e-05 1.202426164542844e-19
4.13333002526777e-05 1.167978494208264e-19
4.1363100757546244e-05 1.2747012490957224e-19
4.1392901262414796e-05 1.2718997593982519e-19
4.142270176728335e-05 1.108694978029994e-19
4.145250227215189e-05 1.1517057627429639e-19
4.148230277702044e-05 1.25329760440457e-19
4.1512103281888994e-05 1.207196642949511e-19
4.1541903786757545e-05 1.1472869408564415e-19
4.157170429162609e-05 1.0941825595206184e-19
4.160150479649464e-05 1.165508990169234e-19
4.163130530136319e-05 1.2351750923357124e-19
4.1661105806231736e-05 1.0726313051547906e-19
4.169090631110029e-05 1.0562868526261509e-19
4.172070681596884e-05 1.1693877146738459e-19
4.175050732083738e-05 1.1358972354383143e-19
4.1780307825705935e-05 1.0872625535780007e-19
4.1810108330574486e-05 1.0281561416043591e-19
4.183990883544303e-05 1.0663916533013856e-19
4.186970934031158e-05 1.1639368033607738e-19
4.189950984518013e-05 1.0465808787964726e-19
4.192931035004868e-05 9.618204194949226e-20
4.195911085491723e-05 1.077309094489524e-19
4.198891135978578e-05 1.0915475619646397e-19
4.2018711864654324e-05 1.0070535219122759e-19
4.204851236952288e-05 9.728705489654993e-20
4.2078312874391426e-05 9.794742050700931e-20
4.210811337925997e-05 1.0527718489348794e-19
4.213791388412853e-05 1.0055154276557456e-19
4.2167714388997073e-05 8.661037332054597e-20
4.219751489386562e-05 9.609174536744269e-20
4.2227315398734176e-05 1.0253910155390645e-19
4.225711590360272e-05 9.28143971625435e-20
4.228691640847127e-05 8.965167435805697e-20
4.231671691333982e-05 8.869552798824513e-20
4.234651741820837e-05 9.692456507158229e-20
4.237631792307692e-05 9.669792818189434e-20
4.240611842794547e-05 7.913529560370439e-20
4.2435918932814014e-05 8.555262867485905e-20
4.246571943768257e-05 9.502335200193888e-20
4.2495519942551117e-05 8.404605500230477e-20
4.252532044741966e-05 8.141064579304134e-20
4.255512095228822e-05 8.062213187209229e-20
4.2584921457156763e-05 8.304903495964279e-20
4.261472196202531e-05 8.789746820397717e-20
4.2644522466893866e-05 7.456626702116971e-20
4.267432297176241e-05 7.20502684473351e-20
4.2704123476630955e-05 8.490093688577726e-20
4.273392398149951e-05 7.953649085854498e-20
4.276372448636806e-05 7.144498024854015e-20
4.27935249912366e-05 7.206845280374076e-20
4.282332549610516e-05 7.251861498165933e-20
4.2853126000973704e-05 7.693615460330814e-20
4.2882926505842255e-05 6.955314734398953e-20
4.291272701071081e-05 6.039942639802601e-20
4.294252751557935e-05 7.169335190457048e-20
4.29723280204479e-05 7.213520421947473e-20
4.3002128525316454e-05 6.110008469685198e-20
4.3031929030185e-05 6.115339913166855e-20
4.306172953505355e-05 6.355753363432857e-20
4.30915300399221e-05 6.732262397977488e-20
4.3121330544790645e-05 6.329639860652942e-20
4.3151131049659196e-05 5.2528692100772003e-20
4.318093155452775e-05 5.968515684249762e-20
4.321073205939629e-05 6.362793553074198e-20
4.324053256426484e-05 5.23853899223434e-20
4.3270333069133394e-05 5.2595266195551294e-20
4.330013357400194e-05 5.3355551680337804e-20
4.332993407887049e-05 5.442464596423212e-20
4.335973458373904e-05 5.62097236590095e-20
4.338953508860759e-05 4.483662096531645e-20
4.341933559347614e-05 4.605402040357884e-20
4.344913609834469e-05 5.52211543057866e-20
4.347893660321324e-05 4.7247571158805237e-20
4.3508737108081784e-05 4.148979165144472e-20
4.3538537612950335e-05 4.287315232231028e-20
4.3568338117818886e-05 4.4591368058971204e-20
4.359813862268743e-05 4.685298261078615e-20
4.362793912755598e-05 3.655841766257349e-20
4.365773963242453e-05 3.348531328595556e-20
4.3687540137293084e-05 4.3279552589977306e-20
4.371734064216163e-05 3.876223920532492e-20
4.374714114703018e-05 3.152802760959017e-20
4.377694165189873e-05 3.3216796172553415e-20
4.380674215676728e-05 3.4774601341688154e-20
4.383654266163583e-05 3.62502257647452e-20
4.386634316650438e-05 3.0982460098792234e-20
4.389614367137293e-05 2.2127062632908586e-20
4.3925944176241474e-05 3.069639007295571e-20
4.3955744681110025e-05 3.285231381188093e-20
4.3985545185978576e-05 2.0445769788626806e-20
4.401534569084712e-05 2.1336141889409775e-20
4.404514619571567e-05 2.2788945545751024e-20
4.407494670058422e-05 2.3739987317670524e-20
4.410474720545277e-05 2.115721403305396e-20
4.413454771032132e-05 1.1719200357701781e-20
4.416434821518987e-05 1.844036598784514e-20
4.4194148720058415e-05 2.182219280579537e-20
4.422394922492697e-05 1.2646222343613342e-20
4.425374972979552e-05 1.0471629713172893e-20
4.428355023466406e-05 1.1333890212141621e-20
4.431335073953262e-05 1.2575949973124056e-20
4.4343151244401164e-05 1.0175386490134149e-20
4.437295174926971e-05 2.30903590158772e-21
4.4402752254138266e-05 2.8590506276290692e-21
4.443255275900681e-05 1.0026523965002088e-20
4.4462353263875355e-05 4.99562033722658e-21
4.449215376874391e-05 -2.995504187559158e-21
4.452195427361246e-05 -6.192265112653824e-22
4.4551754778481e-05 8.78965956647654e-22
4.458155528334956e-05 -4.724308783769863e-22
4.4611355788218105e-05 -5.664503983328411e-21
4.464115629308665e-05 -1.0540201123189691e-20
4.467095679795521e-05 -6.057989778545386e-21
4.470075730282375e-05 -7.26230763073784e-21
4.47305578076923e-05 -1.4408171916477002e-20
4.4760358312560854e-05 -1.5475811939143444e-20
4.47901588174294e-05 -1.352162847128591e-20
4.481995932229795e-05 -1.329595017676304e-20
4.48497598271665e-05 -1.9724547913158493e-20
4.4879560332035045e-05 -2.3998308778512444e-20
4.4909360836903597e-05 -1.9688345317583882e-20
4.493916134177215e-05 -1.9016258269769593e-20
4.496896184664069e-05 -2.6835242615076858e-20
4.499876235150925e-05 -3.0030152455412654e-20
4.5028562856377795e-05 -2.782661989467694e-20
4.505836336124634e-05 -2.930198339161627e-20
4.50881638661149e-05 -3.197395577464337e-20
4.511796437098344e-05 -3.7675107210197434e-20
4.514776487585199e-05 -3.7707616187098104e-20
4.5177565380720544e-05 -3.1866657120045326e-20
4.520736588558909e-05 -4.013962747353652e-20
4.523716639045764e-05 -4.519862784666678e-20
4.526696689532619e-05 -4.0821259094871484e-20
4.5296767400194735e-05 -4.364415466596729e-20
4.532656790506329e-05 -4.4876034602426284e-20
4.535636840993184e-05 -5.0160400358157225e-20
4.538616891480038e-05 -5.327590017677856e-20
4.5415969419668934e-05 -4.641918154652415e-20
4.5445769924537485e-05 -5.247877904027197e-20
4.547557042940603e-05 -6.010539837155602e-20
4.550537093427458e-05 -5.85073742806662e-20
4.553517143914313e-05 -5.846843705008882e-20
4.556497194401168e-05 -5.720847658503878e-20
4.559477244888023e-05 -6.50164899990754e-20
4.562457295374878e-05 -7.00979063651347e-20
4.565437345861733e-05 -6.219464124180836e-20
4.5684173963485874e-05 -6.545940398556426e-20
4.5713974468354426e-05 -7.175432116663415e-20
4.574377497322298e-05 -7.284281069077489e-20
4.577357547809152e-05 -7.415255591545306e-20
4.580337598296007e-05 -7.175016654798632e-20
4.5833176487828624e-05 -7.793387898901105e-20
4.586297699269717e-05 -8.464466101353629e-20
4.589277749756572e-05 -7.804506471954265e-20
4.592257800243427e-05 -7.84706065876985e-20
4.5952378507302815e-05 -8.592396239608771e-20
4.5982179012171366e-05 -8.65179292296416e-20
4.601197951703992e-05 -8.775574644923818e-20
4.604178002190846e-05 -8.587170988713584e-20
4.607158052677702e-05 -8.665084723696948e-20
4.6101381031645564e-05 -9.72085797126794e-20
4.613118153651411e-05 -9.533904991523252e-20
4.616098204138267e-05 -8.978426317305614e-20
4.619078254625121e-05 -9.724692433315024e-20
4.6220583051119756e-05 -1.0147552065409699e-19
4.6250383555988314e-05 -1.0059663511763953e-19
4.628018406085686e-05 -1.0011504162305397e-19
4.630998456572541e-05 -9.984640791030968e-20
4.633978507059396e-05 -1.0672521190375932e-19
4.6369585575462505e-05 -1.0898671894832193e-19
4.6399386080331056e-05 -1.0230204223621862e-19
4.642918658519961e-05 -1.0665129937103385e-19
4.645898709006815e-05 -1.1373534729299513e-19
4.648878759493671e-05 -1.1255233453847411e-19
4.6518588099805254e-05 -1.1265370987413352e-19
4.65483886046738e-05 -1.1281971861334486e-19
4.657818910954236e-05 -1.1768165518432107e-19
4.66079896144109e-05 -1.240680879936625e-19
4.6637790119279446e-05 -1.1746817134863168e-19
4.6667590624148004e-05 -1.164463993476698e-19
4.669739112901655e-05 -1.2526421284681264e-19
4.672719163388509e-05 -1.2463701736590066e-19
4.675699213875365e-05 -1.2401116762430497e-19
4.6786792643622195e-05 -1.2394286761093099e-19
4.681659314849074e-05 -1.2653028232754277e-19
4.68463936533593e-05 -1.3593654895319147e-19
4.687619415822784e-05 -1.3006703015751448e-19
4.690599466309639e-05 -1.2640209078371898e-19
4.6935795167964945e-05 -1.3754218700342034e-19
4.696559567283349e-05 -1.3819433385685442e-19
4.699539617770204e-05 -1.357120200497709e-19
4.702519668257059e-05 -1.3652657681205124e-19
4.7054997187439136e-05 -1.37334779868592e-19
4.708479769230769e-05 -1.436230227362892e-19
4.711459819717624e-05 -1.427491716098196e-19
4.714439870204478e-05 -1.3792401047966782e-19
4.7174199206913334e-05 -1.443940830360368e-19
4.7203999711781885e-05 -1.4872794895168418e-19
4.723380021665043e-05 -1.4680547482543888e-19
4.726360072151898e-05 -1.469559832776953e-19
4.729340122638753e-05 -1.468458151748945e-19
4.732320173125608e-05 -1.5236472523253993e-19
4.735300223612463e-05 -1.5613329261920341e-19
4.738280274099318e-05 -1.4879892047924829e-19
4.741260324586173e-05 -1.513918879526517e-19
4.7442403750730275e-05 -1.594309859537984e-19
4.7472204255598826e-05 -1.568076169927292e-19
4.750200476046738e-05 -1.5467188410723664e-19
4.753180526533592e-05 -1.5617610146441726e-19
4.756160577020447e-05 -1.6059393633230016e-19
4.7591406275073024e-05 -1.6487050747537198e-19
4.762120677994157e-05 -1.6009641278757812e-19
4.765100728481012e-05 -1.588246960972052e-19
4.768080778967867e-05 -1.6812504116965123e-19
4.771060829454722e-05 -1.686816756211441e-19
4.774040879941577e-05 -1.6443416682256052e-19
4.777020930428432e-05 -1.655354873212921e-19
4.780000980915287e-05 -1.6819073760903552e-19
4.782981031402142e-05 -1.739787738811767e-19
4.7859610818889965e-05 -1.6942572545960414e-19
4.7889411323758516e-05 -1.6546715224113152e-19
4.791921182862707e-05 -1.7634286180818036e-19
4.794901233349561e-05 -1.7730277983496337e-19
4.797881283836416e-05 -1.725870331243089e-19
4.8008613343232714e-05 -1.741692663194008e-19
4.803841384810126e-05 -1.7608200621126242e-19
4.806821435296981e-05 -1.820583146740475e-19
4.809801485783836e-05 -1.8071298431032794e-19
4.8127815362706906e-05 -1.7360604922225969e-19
4.815761586757546e-05 -1.7998966870417373e-19
4.818741637244401e-05 -1.860512482887963e-19
4.821721687731255e-05 -1.821514153631656e-19
4.824701738218111e-05 -1.8111365930715826e-19
4.8276817887049655e-05 -1.832556767994378e-19
4.83066183919182e-05 -1.8668305867954683e-19
4.833641889678676e-05 -1.8803403758007218e-19
4.83662194016553e-05 -1.832638033877662e-19
4.8396019906523846e-05 -1.8461015369814652e-19
4.8425820411392404e-05 -1.9256821256876465e-19
4.845562091626095e-05 -1.906473380196045e-19
4.848542142112949e-05 -1.855444363062464e-19
4.851522192599805e-05 -1.8984455041661808e-19
4.8545022430866596e-05 -1.9364073057795802e-19
4.857482293573514e-05 -1.944164913091997e-19
4.86046234406037e-05 -1.9181785467214503e-19
4.863442394547224e-05 -1.8845167767999143e-19
4.866422445034079e-05 -1.9708188941554053e-19
4.8694024955209345e-05 -1.9933143753615648e-19
4.872382546007789e-05 -1.9211937768698658e-19
4.875362596494644e-05 -1.9414115898883016e-19
4.878342646981499e-05 -1.9838630525247138e-19
4.8813226974683536e-05 -2.0100387073830175e-19
4.884302747955209e-05 -1.9828003702224466e-19
4.887282798442064e-05 -1.9443149033696747e-19
4.890262848928918e-05 -2.0057050079103024e-19
4.8932428994157735e-05 -2.0316145132799178e-19
4.8962229499026286e-05 -1.98420942731129e-19
4.899203000389483e-05 -1.9830623155916242e-19
4.902183050876339e-05 -2.0070912392239452e-19
4.905163101363193e-05 -2.0410032319997552e-19
4.908143151850048e-05 -2.0354960885487945e-19
4.9111232023369035e-05 -1.9826853079389702e-19
4.914103252823758e-05 -2.0231919735490314e-19
4.917083303310613e-05 -2.0733923400124147e-19
4.920063353797468e-05 -2.035760903162562e-19
4.9230434042843226e-05 -2.0123497750091863e-19
4.926023454771178e-05 -2.0323053417055502e-19
4.929003505258033e-05 -2.062412269083011e-19
4.931983555744887e-05 -2.0523924160287734e-19
4.9349636062317425e-05 -2.0050926500870007e-19
4.9379436567185976e-05 -2.0216646483142337e-19
4.940923707205452e-05 -2.0856395081127074e-19
4.943903757692307e-05 -2.064083989039026e-19
4.946883808179162e-05 -2.0245515308052876e-19
4.949863858666017e-05 -2.0417890107835531e-19
4.952843909152872e-05 -2.0538696255186148e-19
4.955823959639727e-05 -2.0795056276620563e-19
4.958804010126582e-05 -2.0407034566053016e-19
4.9617840606134365e-05 -1.997938495865837e-19
4.9647641111002917e-05 -2.0659495464845164e-19
4.967744161587147e-05 -2.0652559113075282e-19
4.970724212074001e-05 -2.0137616992450195e-19
4.9737042625608563e-05 -2.0216574346367874e-19
4.9766843130477115e-05 -2.0290233904361713e-19
4.979664363534566e-05 -2.0508509037708798e-19
4.982644414021421e-05 -2.0420382639984262e-19
4.985624464508276e-05 -1.9859995581450815e-19
4.9886045149951306e-05 -2.0284372681812034e-19
4.991584565481986e-05 -2.052598801845791e-19
4.994564615968841e-05 -1.9844536660892291e-19
4.997544666455695e-05 -1.9896110757735416e-19
5.0005247169425504e-05 -1.9990644977369837e-19
5.0035047674294055e-05 -2.0027828834201218e-19
5.00648481791626e-05 -2.006430621392098e-19
5.009464868403116e-05 -1.950186463382923e-19
5.01244491888997e-05 -1.961747705494382e-19
5.015424969376825e-05 -2.0003922081926835e-19
5.0184050198636805e-05 -1.9654041035421727e-19
5.021385070350535e-05 -1.9370173960927873e-19
5.0243651208373894e-05 -1.9374556309461458e-19
5.027345171324245e-05 -1.956739212959658e-19
5.0303252218110996e-05 -1.9541157131305357e-19
5.033305272297955e-05 -1.89280243489696e-19
5.03628532278481e-05 -1.8868933185355465e-19
5.039265373271664e-05 -1.9336393520184919e-19
5.0422454237585194e-05 -1.9063748814107075e-19
5.0452254742453745e-05 -1.862455975766479e-19
5.048205524732229e-05 -1.859250791957741e-19
5.051185575219085e-05 -1.8676213986139806e-19
5.054165625705939e-05 -1.8829186767305552e-19
5.057145676192794e-05 -1.8493682381644533e-19
5.0601257266796495e-05 -1.822231243214327e-19
5.063105777166504e-05 -1.8611230208093803e-19
5.0660858276533584e-05 -1.8345111153353776e-19
5.069065878140214e-05 -1.795716875263162e-19
5.0720459286270686e-05 -1.7966027612709578e-19
5.075025979113923e-05 -1.7808539939707869e-19
5.078006029600779e-05 -1.8023348408612833e-19
5.080986080087633e-05 -1.7683198784611113e-19
5.083966130574488e-05 -1.7287654693809907e-19
5.0869461810613436e-05 -1.7697219416723684e-19
5.089926231548198e-05 -1.7617667290830266e-19
5.0929062820350524e-05 -1.7300931116989598e-19
5.095886332521908e-05 -1.7079242394504669e-19
5.098866383008763e-05 -1.697647365897085e-19
5.101846433495618e-05 -1.7191142373348001e-19
5.104826483982473e-05 -1.7171448247865383e-19
5.1078065344693274e-05 -1.6716607331046166e-19
5.1107865849561825e-05 -1.6356840099703114e-19
5.1137666354430376e-05 -1.6770011701784698e-19
5.116746685929892e-05 -1.6724549290027128e-19
5.119726736416747e-05 -1.6115655557832464e-19
5.122706786903602e-05 -1.6160423356780614e-19
5.125686837390457e-05 -1.6155797443803428e-19
5.128666887877312e-05 -1.6199891869494907e-19
5.131646938364167e-05 -1.5868681518315033e-19
5.1346269888510215e-05 -1.5582223671480945e-19
5.1376070393378766e-05 -1.6004937002519713e-19
5.140587089824732e-05 -1.5735246384642997e-19
5.143567140311587e-05 -1.5333559637316277e-19
5.146547190798441e-05 -1.5227832757603171e-19
5.1495272412852964e-05 -1.5153597519950765e-19
5.1525072917721515e-05 -1.5410303775005974e-19
5.155487342259006e-05 -1.5049072955874601e-19
5.158467392745861e-05 -1.4577327145125736e-19
5.161447443232716e-05 -1.493179850263786e-19
5.1644274937195707e-05 -1.5003057747848238e-19
5.167407544206426e-05 -1.4541955391404563e-19
5.170387594693281e-05 -1.4230694305512813e-19
5.173367645180136e-05 -1.4242503824725439e-19
5.1763476956669905e-05 -1.4534199451173302e-19
5.1793277461538456e-05 -1.438236375623423e-19
5.182307796640701e-05 -1.362900560884601e-19
5.185287847127556e-05 -1.3783686126363887e-19
5.18826789761441e-05 -1.4201102335197462e-19
5.1912479481012654e-05 -1.3620125801134335e-19
5.1942279985881205e-05 -1.3330049646550933e-19
5.197208049074975e-05 -1.3345843271105622e-19
5.20018809956183e-05 -1.3373880932741255e-19
5.203168150048685e-05 -1.3514511437143126e-19
5.2061482005355397e-05 -1.2912142169073327e-19
5.209128251022395e-05 -1.2639346541433269e-19
5.21210830150925e-05 -1.3098107684128549e-19
5.2150883519961043e-05 -1.2872305390721563e-19
5.2180684024829595e-05 -1.2406383649655702e-19
5.2210484529698146e-05 -1.227515381202576e-19
5.224028503456669e-05 -1.2296875458264747e-19
5.227008553943524e-05 -1.253353036746646e-19
5.229988604430379e-05 -1.2046931419558953e-19
5.232968654917234e-05 -1.1365770457867318e-19
5.2359487054040895e-05 -1.198211297875434e-19
5.238928755890944e-05 -1.204568325392115e-19
5.2419088063777984e-05 -1.1271186939067443e-19
5.244888856864654e-05 -1.140806918323421e-19
5.247868907351509e-05 -1.1259035057343744e-19
5.250848957838363e-05 -1.1387420116450015e-19
5.253829008325219e-05 -1.1437702553801502e-19
5.2568090588120734e-05 -1.0269462079368364e-19
5.259789109298928e-05 -1.070050389009728e-19
5.2627691597857836e-05 -1.1218864950218926e-19
5.265749210272638e-05 -1.0327953964906583e-19
5.2687292607594925e-05 -1.0139257114924531e-19
5.271709311246348e-05 -1.0105473581942525e-19
5.274689361733203e-05 -1.0191624851444377e-19
5.277669412220058e-05 -1.02550441819748e-19
5.280649462706913e-05 -9.541272038478043e-20
5.2836295131937674e-05 -9.42423835582519e-20
5.2866095636806226e-05 -1.0086817889650132e-19
5.289589614167478e-05 -9.586144794157988e-20
5.292569664654332e-05 -8.824219403828959e-20
5.295549715141187e-05 -9.013158530902774e-20
5.2985297656280424e-05 -9.208716540645219e-20
5.301509816114897e-05 -9.262447714270145e-20
5.3044898666017526e-05 -8.481036857777038e-20
5.307469917088607e-05 -8.058007346234493e-20
5.3104499675754615e-05 -8.983842535248913e-20
5.313430018062317e-05 -8.765730004934719e-20
5.316410068549172e-05 -7.779894197944302e-20
5.319390119036027e-05 -7.766983788544831e-20
5.322370169522882e-05 -8.226898175831248e-20
5.3253502200097364e-05 -8.145841813940596e-20
5.3283302704965916e-05 -7.464773090430119e-20
5.331310320983447e-05 -7.048909786245912e-20
5.334290371470301e-05 -7.440763443654046e-20
5.337270421957156e-05 -7.543682656556556e-20
5.3402504724440114e-05 -6.629352395726092e-20
5.343230522930866e-05 -6.50390792019419e-20
5.346210573417721e-05 -6.827647914942471e-20
5.349190623904576e-05 -6.834626231866585e-20
5.3521706743914305e-05 -6.549390103078637e-20
5.3551507248782856e-05 -5.734870769917415e-20
5.358130775365141e-05 -6.154970612852665e-20
5.361110825851995e-05 -6.518826843726958e-20
5.36409087633885e-05 -5.670444063038814e-20
5.3670709268257054e-05 -5.352177686590335e-20
5.3700509773125606e-05 -5.468568569842843e-20
5.373031027799415e-05 -5.589788014421885e-20
5.37601107828627e-05 -5.1898442894482e-20
5.378991128773125e-05 -4.452876724829439e-20
5.38197117925998e-05 -4.734416316042265e-20
5.384951229746835e-05 -5.251100287305286e-20
5.38793128023369e-05 -4.5954411394373135e-20
5.3909113307205444e-05 -3.877173877227813e-20
5.3938913812073995e-05 -4.3116542392426224e-20
5.3968714316942546e-05 -4.512133532371722e-20
5.399851482181109e-05 -3.9578755767377775e-20
5.402831532667964e-05 -3.6263582268670646e-20
5.405811583154819e-05 -3.379445695646318e-20
5.408791633641674e-05 -3.718839373498866e-20
5.4117716841285296e-05 -3.676959557050589e-20
5.414751734615384e-05 -2.648255081904809e-20
5.4177317851022385e-05 -2.769300002317444e-20
5.420711835589094e-05 -3.2983268792258174e-20
5.423691886075949e-05 -2.9897263589418436e-20
5.426671936562803e-05 -2.4714178873383545e-20
5.429651987049659e-05 -2.126932313156054e-20
5.4326320375365134e-05 -2.644869236474989e-20
5.435612088023368e-05 -2.6833297710405612e-20
5.4385921385102236e-05 -1.4543194868534e-20
5.441572188997078e-05 -1.5486466867649972e-20
5.444552239483933e-05 -2.1870822198309367e-20
5.4475322899707883e-05 -1.668822736230377e-20
5.450512340457643e-05 -1.3633741630226772e-20
5.4534923909444986e-05 -8.017065288532896e-21
5.456472441431353e-05 -1.1876623347052834e-20
5.4594524919182075e-05 -1.846798951965113e-20
5.462432542405063e-05 -5.4006144629197815e-21
5.465412592891918e-05 -3.9087758641171425e-21
5.468392643378772e-05 -9.897576198133952e-21
5.471372693865628e-05 -5.976855566982671e-21
5.4743527443524824e-05 -3.572426123246952e-21
5.477332794839337e-05 1.4643959117706778e-21
5.4803128453261927e-05 -5.088668354549932e-22
5.483292895813047e-05 -4.681573973332015e-21
5.4862729462999015e-05 4.7432660228213055e-21
5.4892529967867573e-05 7.144242449093523e-21
5.492233047273612e-05 1.4828714306460546e-21
5.495213097760466e-05 2.0399084447467844e-21
5.498193148247322e-05 4.9839663587326136e-21
5.5011731987341765e-05 9.906208912321863e-21
5.5041532492210316e-05 1.064035240885162e-20
5.507133299707887e-05 5.314865503402775e-21
5.510113350194741e-05 8.390553807575315e-21
5.513093400681596e-05 1.7664764743550387e-20
5.5160734511684514e-05 1.3471158194589737e-20
5.519053501655306e-05 9.077577247275637e-21
5.522033552142161e-05 1.7231707145487227e-20
5.525013602629016e-05 1.853300558842156e-20
5.5279936531158706e-05 1.8494658801716598e-20
5.530973703602726e-05 1.758874692833453e-20
5.533953754089581e-05 1.5677405683031633e-20
5.536933804576435e-05 2.4857653676071432e-20
5.5399138550632904e-05 2.488658961241757e-20
5.5428939055501455e-05 1.7328537085310545e-20
5.5458739560370006e-05 2.2668733600939558e-20
5.548854006523855e-05 2.865932837298917e-20
5.55183405701071e-05 2.807948330910844e-20
5.554814107497565e-05 2.7390625587349065e-20
5.55779415798442e-05 2.521991173185868e-20
5.560774208471275e-05 3.1571582971680643e-20
5.56375425895813e-05 3.666799656374089e-20
5.5667343094449844e-05 2.7441274718655955e-20
5.5697143599318396e-05 3.059718824081922e-20
5.572694410418695e-05 3.8083020235254844e-20
5.57567446090555e-05 3.563626200415409e-20
5.578654511392404e-05 3.6645187391618404e-20
5.5816345618792594e-05 3.4170851895821484e-20
5.5846146123661145e-05 3.8869917959224613e-20
5.5875946628529696e-05 4.6715379244086466e-20
5.590574713339824e-05 3.8422821696094865e-20
5.593554763826679e-05 3.833479832275058e-20
5.596534814313534e-05 4.707355535949641e-20
5.599514864800389e-05 4.698750864589912e-20
5.602494915287244e-05 4.610820138779545e-20
5.605474965774099e-05 4.60547375560266e-20
5.6084550162609535e-05 4.802578177937973e-20
5.6114350667478086e-05 5.4092072496713494e-20
5.614415117234664e-05 5.264657180655757e-20
5.617395167721518e-05 4.837409067524072e-20
5.620375218208373e-05 5.529072850789007e-20
5.6233552686952284e-05 5.927793992856385e-20
5.626335319182083e-05 5.57818769535558e-20
5.629315369668938e-05 5.743549800876296e-20
5.632295420155793e-05 5.973698050363354e-20
5.6352754706426475e-05 6.341225679986566e-20
5.638255521129503e-05 6.464064567240263e-20
5.641235571616358e-05 6.054256210734311e-20
5.644215622103212e-05 6.569666407223032e-20
5.647195672590068e-05 6.987944670373204e-20
5.6501757230769225e-05 6.71571213696993e-20
5.653155773563777e-05 6.82275982710302e-20
5.656135824050633e-05 7.014845946764837e-20
5.659115874537487e-05 7.48931277651101e-20
5.6620959250243416e-05 7.680980667887045e-20
5.6650759755111974e-05 7.358857773300757e-20
5.668056025998052e-05 7.720877738040128e-20
5.671036076484906e-05 8.228651223986363e-20
5.674016126971762e-05 8.116153152960828e-20
5.6769961774586165e-05 8.14005835930909e-20
5.6799762279454717e-05 8.367178506375867e-20
5.682956278432327e-05 8.470741988837584e-20
5.685936328919181e-05 8.895344363405731e-20
5.6889163794060363e-05 8.783455430579036e-20
5.6918964298928915e-05 8.603952815589134e-20
5.694876480379746e-05 9.46636690535571e-20
5.697856530866601e-05 9.462688855225229e-20
5.700836581353456e-05 9.187451336588132e-20
5.7038166318403106e-05 9.751083455320913e-20
5.7067966823271664e-05 9.764160074541206e-20
5.709776732814021e-05 1.0057683876168646e-19
5.712756783300875e-05 1.0233282912940608e-19
5.715736833787731e-05 9.800480008199182e-20
5.7187168842745855e-05 1.0448177588768965e-19
5.72169693476144e-05 1.0779543717033854e-19
5.724676985248296e-05 1.0401129544771994e-19
5.72765703573515e-05 1.0812074413888507e-19
5.7306370862220054e-05 1.112707470333908e-19
5.7336171367088605e-05 1.11224172633105e-19
5.736597187195715e-05 1.134891156236028e-19
5.73957723768257e-05 1.1436783501833878e-19
5.742557288169425e-05 1.1656652890221052e-19
5.7455373386562796e-05 1.1945438415049268e-19
5.748517389143135e-05 1.162728648314824e-19
5.75149743962999e-05 1.1973560901825947e-19
5.754477490116844e-05 1.2555959290417085e-19
5.7574575406036994e-05 1.2148119625452389e-19
5.7604375910905545e-05 1.2429462953343948e-19
5.763417641577409e-05 1.279349117810149e-19
5.766397692064264e-05 1.2718922343716671e-19
5.769377742551119e-05 1.3041519015488561e-19
5.7723577930379744e-05 1.2946990981839388e-19
5.775337843524829e-05 1.3225933731793998e-19
5.778317894011684e-05 1.3738639558140097e-19
5.781297944498539e-05 1.3480822288008368e-19
5.7842779949853935e-05 1.359789206027708e-19
5.7872580454722486e-05 1.398440013646765e-19
5.790238095959104e-05 1.3898827953905702e-19
5.793218146445958e-05 1.4122423117947116e-19
5.796198196932813e-05 1.419624722016421e-19
5.7991782474196684e-05 1.4133779712403895e-19
5.802158297906523e-05 1.492017469964458e-19
5.805138348393378e-05 1.4761381496881232e-19
5.808118398880233e-05 1.4451463729065404e-19
5.8110984493670876e-05 1.5287388958517738e-19
5.8140784998539434e-05 1.521983968210531e-19
5.817058550340798e-05 1.5232609755250191e-19
5.820038600827652e-05 1.5452121369018014e-19
5.823018651314508e-05 1.534833923814885e-19
5.8259987018013625e-05 1.596999818874901e-19
5.828978752288217e-05 1.5753805349920926e-19
5.831958802775073e-05 1.5440638804657867e-19
5.834938853261927e-05 1.6212790900787635e-19
5.8379189037487816e-05 1.6183448088543844e-19
5.8408989542356374e-05 1.614107777130316e-19
5.843879004722492e-05 1.654919625716893e-19
5.846859055209347e-05 1.6332090098814145e-19
5.849839105696202e-05 1.6917851675515587e-19
5.8528191561830566e-05 1.7204537071175024e-19
5.855799206669912e-05 1.6509356045293716e-19
5.858779257156767e-05 1.700369484304042e-19
5.861759307643621e-05 1.7493395865281512e-19
5.864739358130477e-05 1.7316410326844453e-19
5.8677194086173315e-05 1.727519716230955e-19
5.870699459104186e-05 1.7288971659792984e-19
5.873679509591042e-05 1.7800666774405825e-19
5.876659560077896e-05 1.8062982893688307e-19
5.8796396105647506e-05 1.7544631011954297e-19
5.8826196610516064e-05 1.7674193447605546e-19
5.885599711538461e-05 1.8388702466683886e-19
5.8885797620253153e-05 1.8438801695938464e-19
5.891559812512171e-05 1.8133353425261343e-19
5.8945398629990256e-05 1.807791690195555e-19
5.89751991348588e-05 1.8553862584647579e-19
5.900499963972736e-05 1.9081259651386053e-19
5.90348001445959e-05 1.8437797685709567e-19
5.9064600649464454e-05 1.8242282078620852e-19
5.9094401154333005e-05 1.9359078343838836e-19
5.912420165920155e-05 1.920523833936558e-19
5.91540021640701e-05 1.8717085873120142e-19
5.918380266893865e-05 1.9017669413174017e-19
5.9213603173807197e-05 1.9303318544448172e-19
5.924340367867575e-05 1.984958352869107e-19
5.92732041835443e-05 1.9366181610502066e-19
5.9303004688412843e-05 1.8979997832352897e-19
5.9332805193281395e-05 2.0065266783858635e-19
5.9362605698149946e-05 2.0174093393459142e-19
5.939240620301849e-05 1.9490957498580108e-19
5.942220670788704e-05 1.9625687222932177e-19
5.945200721275559e-05 2.0033079513858774e-19
5.9481807717624144e-05 2.044495294022431e-19
5.951160822249269e-05 2.0201543734515043e-19
5.954140872736124e-05 1.956861684900781e-19
5.957120923222979e-05 2.0417137451427782e-19
5.9601009737098335e-05 2.118501865605938e-19
5.963081024196689e-05 2.032316957885986e-19
5.966061074683544e-05 2.0132583821528777e-19
5.969041125170398e-05 2.0769200736479368e-19
5.9720211756572534e-05 2.107539223923188e-19
5.9750012261441085e-05 2.096411309816577e-19
5.9779812766309636e-05 2.038512940136518e-19
5.980961327117818e-05 2.0765819821965133e-19
5.983941377604673e-05 2.1678377827585237e-19
5.986921428091528e-05 2.1173030638516121e-19
5.989901478578383e-05 2.0643311258692376e-19
5.992881529065238e-05 2.1248334131602562e-19
5.995861579552093e-05 2.171590972158773e-19
5.998841630038948e-05 2.1696364714235275e-19
6.0018216805258026e-05 2.1134458512009445e-19
6.004801731012658e-05 2.1163111014712026e-19
6.007781781499513e-05 2.2355440195304236e-19
6.010761831986367e-05 2.2041618156127897e-19
6.0137418824732224e-05 2.1127806899892214e-19
6.0167219329600775e-05 2.1673026041394245e-19
6.019701983446932e-05 2.2142887878327636e-19
6.022682033933787e-05 2.235346005029942e-19
6.025662084420642e-05 2.1760311738884236e-19
6.0286421349074966e-05 2.1285892438137113e-19
6.031622185394352e-05 2.281127697193104e-19
6.034602235881207e-05 2.2917959946142917e-19
6.037582286368061e-05 2.161721381654282e-19
6.040562336854917e-05 2.2073942764450487e-19
6.0435423873417716e-05 2.260012583826182e-19
6.046522437828626e-05 2.2754883191756586e-19
6.049502488315482e-05 2.251858869706112e-19
6.052482538802336e-05 2.1545701744792841e-19
6.055462589289191e-05 2.2592953505104304e-19
6.0584426397760465e-05 2.356520060309236e-19
6.061422690262901e-05 2.2097082163348367e-19
6.0644027407497554e-05 2.1998826764153104e-19
6.067382791236611e-05 2.307566596154745e-19
6.0703628417234656e-05 2.323914773612617e-19
6.07334289221032e-05 2.275166310122752e-19
6.076322942697176e-05 2.1912591980888714e-19
6.07930299318403e-05 2.263159113655818e-19
6.0822830436708854e-05 2.3844661703697536e-19
6.0852630941577406e-05 2.2621463841048375e-19
6.088243144644596e-05 2.1661800612108573e-19
6.0912231951314495e-05 2.2918607450042857e-19
6.094203245618305e-05 2.34478030348101e-19
6.0971832961051604e-05 2.262319570302311e-19
6.100163346592014e-05 2.200996636233123e-19
6.10314339707887e-05 2.239927161584336e-19
6.106123447565725e-05 2.3624652969376574e-19
6.109103498052579e-05 2.310366241157079e-19
6.112083548539434e-05 2.1499728180597932e-19
6.11506359902629e-05 2.24802684491341e-19
