0.0 -5.486857916943985e-20
2.982408952959029e-08 -5.94550258328624e-20
5.964817905918058e-08 -5.907403740898075e-20
8.947226858877087e-08 -4.109599384353232e-20
1.1929635811836117e-07 -5.946133336678836e-20
1.4912044764795144e-07 -7.025455150606153e-20
1.7894453717754174e-07 -4.698200241942625e-20
2.0876862670713204e-07 -5.163276175388457e-20
2.3859271623672234e-07 -6.005892552596647e-20
2.684168057663126e-07 -5.899551156785078e-20
2.982408952959029e-07 -6.079865490765017e-20
3.280649848254932e-07 -4.571560619908554e-20
3.578890743550835e-07 -5.459799104925523e-20
3.877131638846738e-07 -7.180049318697655e-20
4.175372534142641e-07 -5.329766340820642e-20
4.473613429438543e-07 -4.958148032393877e-20
4.771854324734447e-07 -6.109153834320892e-20
5.070095220030349e-07 -6.019274716069695e-20
5.368336115326252e-07 -6.206143236853259e-20
5.666577010622155e-07 -5.205445795426929e-20
5.964817905918058e-07 -4.8516339392339346e-20
6.26305880121396e-07 -6.906913982962762e-20
6.561299696509864e-07 -5.99264647445007e-20
6.859540591805766e-07 -4.479596151683016e-20
7.15778148710167e-07 -5.865268608795192e-20
7.456022382397572e-07 -6.036263066112041e-20
7.754263277693476e-07 -6.03443966062779e-20
8.052504172989377e-07 -5.484481302875658e-20
8.350745068285281e-07 -4.5381314780936986e-20
8.648985963581183e-07 -6.600648107496393e-20
8.947226858877086e-07 -6.457747514296188e-20
9.245467754172989e-07 -4.358803747336124e-20
9.543708649468893e-07 -5.377897116312045e-20
9.841949544764797e-07 -5.858413131697937e-20
1.0140190440060698e-06 -5.626132296057476e-20
1.0438431335356602e-06 -5.580964548026337e-20
1.0736672230652503e-06 -4.201698054409499e-20
1.1034913125948407e-06 -5.571086864182635e-20
1.133315402124431e-06 -6.74504769947261e-20
1.1631394916540214e-06 -4.170848939306549e-20
1.1929635811836115e-06 -4.6070232883687213e-20
1.2227876707132019e-06 -6.03165135874893e-20
1.252611760242792e-06 -5.2270591266141035e-20
1.2824358497723824e-06 -5.338621359582474e-20
1.3122599393019727e-06 -4.3036911050340427e-20
1.342084028831563e-06 -4.5228515647208923e-20
1.3719081183611532e-06 -6.325972929476916e-20
1.4017322078907436e-06 -4.572462625987824e-20
1.431556297420334e-06 -3.790067106980601e-20
1.461380386949924e-06 -5.348830926260824e-20
1.4912044764795144e-06 -5.1870452140822637e-20
1.521028566009105e-06 -4.9716598552865367e-20
1.550852655538695e-06 -4.2209949849231615e-20
1.5806767450682852e-06 -3.945431449686419e-20
1.6105008345978754e-06 -5.774304370109096e-20
1.640324924127466e-06 -4.809499215752689e-20
1.6701490136570563e-06 -3.2917143213830386e-20
1.6999731031866464e-06 -4.671130778934354e-20
1.7297971927162366e-06 -4.795338104762541e-20
1.7596212822458271e-06 -4.4201276260778143e-20
1.7894453717754173e-06 -4.0713091445204586e-20
1.8192694613050076e-06 -3.247983209238639e-20
1.8490935508345978e-06 -4.7965845125313033e-20
1.8789176403641883e-06 -4.9112867443492256e-20
1.9087417298937787e-06 -2.92182776266884e-20
1.938565819423369e-06 -3.9135112102603103e-20
1.9683899089529594e-06 -4.531329775154559e-20
1.9982139984825495e-06 -3.873727290171988e-20
2.0280380880121397e-06 -3.952950935652786e-20
2.05786217754173e-06 -2.924638720592682e-20
2.0876862670713204e-06 -3.708362699887036e-20
2.1175103566009105e-06 -4.671278706098078e-20
2.1473344461305007e-06 -2.4865858781933166e-20
2.177158535660091e-06 -2.741340731095109e-20
2.2069826251896814e-06 -4.239738638689822e-20
2.2368067147192715e-06 -3.317799038088645e-20
2.266630804248862e-06 -3.205669929945784e-20
2.296454893778452e-06 -2.6797364125965424e-20
2.3262789833080428e-06 -2.5388696157087294e-20
2.356103072837633e-06 -4.2237845452146136e-20
2.385927162367223e-06 -2.706395577718407e-20
2.4157512518968136e-06 -1.5046425441462365e-20
2.4455753414264037e-06 -3.343788195652524e-20
2.475399430955994e-06 -2.933915341064284e-20
2.505223520485584e-06 -2.2926380451352348e-20
2.5350476100151746e-06 -2.137174280732974e-20
2.5648716995447647e-06 -1.680401607322047e-20
2.5946957890743553e-06 -3.2084835416026115e-20
2.6245198786039454e-06 -2.4645128029707406e-20
2.654343968133536e-06 -8.668173778215465e-21
2.684168057663126e-06 -2.4053200511542137e-20
2.7139921471927163e-06 -2.3227031253529242e-20
2.7438162367223064e-06 -1.5563749891807557e-20
2.773640326251897e-06 -1.6018353132731557e-20
2.803464415781487e-06 -8.297929995874146e-21
2.8332885053110773e-06 -1.9587947102015348e-20
2.863112594840668e-06 -2.0260147287669367e-20
2.892936684370258e-06 4.364424505709597e-22
2.922760773899848e-06 -9.148834531410463e-21
2.9525848634294387e-06 -1.766314488634779e-20
2.982408952959029e-06 -6.797292480702126e-21
3.0122330424886194e-06 -7.392644607748826e-21
3.04205713201821e-06 -8.924775896090205e-22
3.0718812215477996e-06 -5.5841281269687705e-21
3.10170531107739e-06 -1.569972363085289e-20
3.13152940060698e-06 6.2528774616925686e-21
3.1613534901365705e-06 5.199100315811381e-21
3.191177579666161e-06 -8.71934562527682e-21
3.2210016691957508e-06 3.3407059971421824e-21
3.2508257587253413e-06 4.2974434702207565e-21
3.280649848254932e-06 6.098656161546883e-21
3.310473937784522e-06 7.570997159611621e-21
3.3402980273141126e-06 -2.871437567945196e-21
3.370122116843703e-06 1.040178019636492e-20
3.399946206373293e-06 1.7605266885183822e-20
3.4297702959028834e-06 2.9693468160622e-21
3.459594385432473e-06 1.0097458980994264e-20
3.4894184749620637e-06 1.4852528628172847e-20
3.5192425644916543e-06 1.5013116313934522e-20
3.549066654021244e-06 2.2466391067794227e-20
3.5788907435508346e-06 8.575607252979405e-21
3.608714833080425e-06 1.4541823733846755e-20
3.6385389226100153e-06 3.1877285379047766e-20
3.668363012139606e-06 1.7390374043268692e-20
3.6981871016691955e-06 1.8800461578694105e-20
3.728011191198786e-06 2.818737976037408e-20
3.7578352807283767e-06 2.330557501758969e-20
3.7876593702579664e-06 3.137852901107097e-20
3.817483459787557e-06 2.5638954400010468e-20
3.8473075493171475e-06 2.1461179073000027e-20
3.877131638846738e-06 4.244858123911684e-20
3.906955728376328e-06 3.4541704269482404e-20
3.936779817905919e-06 2.6700179408393316e-20
3.966603907435508e-06 4.0089148449783716e-20
3.996427996965099e-06 3.687281977415609e-20
4.026252086494688e-06 4.251246141969461e-20
4.056076176024279e-06 4.1589056590955626e-20
4.0859002655538695e-06 3.2442027906573654e-20
4.11572435508346e-06 5.0758216451797146e-20
4.14554844461305e-06 5.04739670554288e-20
4.175372534142641e-06 3.751024419787384e-20
4.205196623672231e-06 4.972428990066017e-20
4.235020713201821e-06 5.182271972602134e-20
4.264844802731411e-06 5.2369569994361334e-20
4.294668892261001e-06 5.703739953295847e-20
4.324492981790592e-06 4.5273689696279436e-20
4.354317071320182e-06 5.688632426318222e-20
4.3841411608497726e-06 6.907039634637628e-20
4.413965250379363e-06 5.177021503276683e-20
4.443789339908953e-06 5.859580321297633e-20
4.473613429438543e-06 6.608071093985589e-20
4.503437518968134e-06 6.062785707485523e-20
4.533261608497724e-06 7.159870036704561e-20
4.563085698027314e-06 6.30240256367251e-20
4.592909787556904e-06 6.21800606080885e-20
4.6227338770864945e-06 8.191405014716053e-20
4.6525579666160855e-06 7.058442872804181e-20
4.682382056145675e-06 6.716461730222231e-20
4.712206145675266e-06 7.989223675484023e-20
4.742030235204856e-06 7.542996301164976e-20
4.771854324734446e-06 8.083573711708133e-20
4.801678414264036e-06 7.963070102190819e-20
4.831502503793627e-06 7.258233751711342e-20
4.861326593323217e-06 9.029839443957001e-20
4.8911506828528075e-06 8.751323831111718e-20
4.920974772382398e-06 7.65102602547802e-20
4.950798861911988e-06 8.984741150716876e-20
4.980622951441579e-06 8.860669410953718e-20
5.010447040971168e-06 9.082787741553077e-20
5.040271130500759e-06 9.589163899170978e-20
5.070095220030349e-06 8.372129440092453e-20
5.099919309559939e-06 9.784693105049544e-20
5.1297433990895295e-06 1.0489853395080867e-19
5.15956748861912e-06 8.847831140054046e-20
5.189391578148711e-06 9.959962451996208e-20
5.219215667678301e-06 1.0149658036152395e-19
5.249039757207891e-06 9.846659523063643e-20
5.278863846737481e-06 1.095573732450708e-19
5.308687936267072e-06 9.585605739644496e-20
5.338512025796661e-06 1.0173635475671299e-19
5.368336115326252e-06 1.1862002312529426e-19
5.398160204855842e-06 1.0292290531680952e-19
5.4279842943854325e-06 1.0594330252035377e-19
5.457808383915023e-06 1.1402212923604003e-19
5.487632473444613e-06 1.0826400613804082e-19
5.517456562974204e-06 1.170206472384326e-19
5.547280652503794e-06 1.102684363961398e-19
5.577104742033384e-06 1.0601474874550522e-19
5.606928831562974e-06 1.2513113978888867e-19
5.636752921092565e-06 1.1553276659513102e-19
5.6665770106221545e-06 1.089063246903874e-19
5.6964011001517455e-06 1.2424636186840533e-19
5.726225189681336e-06 1.1796967765050136e-19
5.756049279210926e-06 1.2148380302604214e-19
5.785873368740516e-06 1.2427127139128106e-19
5.815697458270106e-06 1.1331925009627822e-19
5.845521547799696e-06 1.3026014957073796e-19
5.875345637329287e-06 1.2983846908561132e-19
5.905169726858877e-06 1.1452050626517429e-19
5.934993816388467e-06 1.2847262170958556e-19
5.964817905918058e-06 1.2817965012026615e-19
5.994641995447648e-06 1.2588252886715362e-19
6.024466084977239e-06 1.3389992572002227e-19
6.054290174506829e-06 1.2151894769904873e-19
6.08411426403642e-06 1.311352483431143e-19
6.113938353566009e-06 1.4248561111518992e-19
6.143762443095599e-06 1.2329878871250056e-19
6.1735865326251894e-06 1.3180478259661833e-19
6.20341062215478e-06 1.3986566047856876e-19
6.2332347116843706e-06 1.3133357623720439e-19
6.26305880121396e-06 1.4088789986156385e-19
6.292882890743551e-06 1.3183258999530385e-19
6.322706980273141e-06 1.313390257250179e-19
6.352531069802732e-06 1.4972788416307837e-19
6.382355159332322e-06 1.3471052165184222e-19
6.412179248861913e-06 1.3381871664853415e-19
6.4420033383915015e-06 1.4577963594664203e-19
6.4718274279210925e-06 1.379140852757954e-19
6.501651517450683e-06 1.467902008253993e-19
6.531475606980274e-06 1.424764091517771e-19
6.561299696509864e-06 1.3410331864636376e-19
6.591123786039453e-06 1.5524458395617382e-19
6.620947875569044e-06 1.4756072402257676e-19
6.650771965098634e-06 1.3589248237704887e-19
6.680596054628225e-06 1.522593640275004e-19
6.710420144157815e-06 1.4857591792837524e-19
6.740244233687406e-06 1.4845451375980144e-19
6.770068323216995e-06 1.5153797096474331e-19
6.799892412746586e-06 1.3901937030280167e-19
6.829716502276176e-06 1.5503028615331587e-19
6.859540591805767e-06 1.609224130507182e-19
6.889364681335357e-06 1.4216863231942016e-19
6.919188770864946e-06 1.5478593910741779e-19
6.949012860394537e-06 1.5788675844487228e-19
6.9788369499241274e-06 1.508822465490855e-19
7.008661039453718e-06 1.5922767141211914e-19
7.0384851289833086e-06 1.4897903672012165e-19
7.068309218512898e-06 1.5545468588344153e-19
7.098133308042488e-06 1.6860278662302058e-19
7.127957397572079e-06 1.5046853571987325e-19
7.157781487101669e-06 1.5416317531453322e-19
7.18760557663126e-06 1.6474801622781851e-19
7.21742966616085e-06 1.5880461503902719e-19
7.2472537556904395e-06 1.6521544816906558e-19
7.2770778452200305e-06 1.5795472313927032e-19
7.306901934749621e-06 1.571116351579509e-19
7.336726024279212e-06 1.7461504465610004e-19
7.366550113808802e-06 1.6113903443595535e-19
7.396374203338391e-06 1.5601894695237948e-19
7.426198292867981e-06 1.7079562593069068e-19
7.456022382397572e-06 1.644225250888827e-19
7.485846471927162e-06 1.6749523364737997e-19
7.515670561456753e-06 1.6622254136943495e-19
7.5454946509863435e-06 1.5732032359385862e-19
7.575318740515933e-06 1.7767246535386033e-19
7.605142830045524e-06 1.7314174015039704e-19
7.634966919575115e-06 1.5777857606053409e-19
7.664791009104705e-06 1.7374728870856343e-19
7.694615098634295e-06 1.714504829370992e-19
7.724439188163883e-06 1.6871976729551626e-19
7.754263277693475e-06 1.7382868097986523e-19
7.784087367223065e-06 1.6265849834763085e-19
7.813911456752656e-06 1.7417559467960734e-19
7.843735546282246e-06 1.8069227254510135e-19
7.873559635811838e-06 1.618320899054948e-19
7.903383725341426e-06 1.7157597791324609e-19
7.933207814871016e-06 1.7863140744015781e-19
7.963031904400608e-06 1.715571290670224e-19
7.992855993930198e-06 1.774636575514476e-19
8.022680083459788e-06 1.684097717523424e-19
8.052504172989377e-06 1.7447103167807046e-19
8.082328262518969e-06 1.8754381204178114e-19
8.112152352048559e-06 1.670495981854498e-19
8.141976441578149e-06 1.6921955122333778e-19
8.171800531107739e-06 1.8398497527436756e-19
8.20162462063733e-06 1.7473202143297107e-19
8.23144871016692e-06 1.7728553445595806e-19
8.26127279969651e-06 1.7473099463332838e-19
8.2910968892261e-06 1.7057627376775074e-19
8.320920978755691e-06 1.8807189043821586e-19
8.350745068285281e-06 1.7714775090164923e-19
8.38056915781487e-06 1.662308065998741e-19
8.410393247344462e-06 1.8520841742249795e-19
8.440217336874052e-06 1.7968627018155095e-19
8.470041426403642e-06 1.7618775794408343e-19
8.499865515933232e-06 1.7970351037544016e-19
8.529689605462822e-06 1.6994559892098246e-19
8.559513694992412e-06 1.8559916875773678e-19
8.589337784522003e-06 1.8380283828281784e-19
8.619161874051593e-06 1.6533170384926733e-19
8.648985963581185e-06 1.8333943501165342e-19
8.678810053110775e-06 1.8372077286692013e-19
8.708634142640363e-06 1.740674247891893e-19
8.738458232169955e-06 1.823251391388348e-19
8.768282321699545e-06 1.721157909048305e-19
8.798106411229135e-06 1.7959724529248332e-19
8.827930500758725e-06 1.885993228785781e-19
8.857754590288316e-06 1.6678882058837397e-19
8.887578679817906e-06 1.7653522682263607e-19
8.917402769347496e-06 1.8603269611269033e-19
8.947226858877086e-06 1.7304369160757713e-19
8.977050948406678e-06 1.80291856962989e-19
9.006875037936268e-06 1.7333887436261198e-19
9.036699127465856e-06 1.7366691298089338e-19
9.066523216995448e-06 1.90161467951326e-19
9.096347306525038e-06 1.7205013926711848e-19
9.126171396054629e-06 1.696680866476067e-19
9.155995485584219e-06 1.8593291603361656e-19
9.185819575113809e-06 1.7573242585576413e-19
9.215643664643399e-06 1.744715112709125e-19
9.245467754172989e-06 1.7660709630560638e-19
9.27529184370258e-06 1.707093488001721e-19
9.305115933232171e-06 1.836915109772162e-19
9.334940022761761e-06 1.757918169014802e-19
9.36476411229135e-06 1.6240591737238338e-19
9.394588201820941e-06 1.8284281133860102e-19
9.424412291350532e-06 1.7647439885252478e-19
9.454236380880122e-06 1.6914709584808346e-19
9.484060470409712e-06 1.7783489043535543e-19
9.513884559939302e-06 1.6630097625869146e-19
9.543708649468892e-06 1.77373354565793e-19
9.573532738998482e-06 1.7817094860944604e-19
9.603356828528072e-06 1.5907915411148834e-19
9.633180918057664e-06 1.7369708098411606e-19
9.663005007587254e-06 1.7625215947317659e-19
9.692829097116843e-06 1.643581121769247e-19
9.722653186646435e-06 1.714972404290572e-19
9.752477276176025e-06 1.6589771771326958e-19
9.782301365705615e-06 1.6749533263935503e-19
9.812125455235205e-06 1.7725505262315952e-19
9.841949544764795e-06 1.5908068400445694e-19
9.871773634294385e-06 1.6265444042916012e-19
9.901597723823976e-06 1.762249328723284e-19
9.931421813353566e-06 1.6181399212053178e-19
9.961245902883158e-06 1.6447128815755175e-19
9.991069992412746e-06 1.6566123563489473e-19
1.0020894081942336e-05 1.5905623805853115e-19
1.0050718171471928e-05 1.7144323233978968e-19
1.0080542261001518e-05 1.6099895383567757e-19
1.0110366350531108e-05 1.5338092370796854e-19
1.0140190440060698e-05 1.698366508224082e-19
1.0170014529590288e-05 1.614241991284489e-19
1.0199838619119879e-05 1.5827471820515644e-19
1.0229662708649469e-05 1.6337786248043093e-19
1.0259486798179059e-05 1.5376772667658463e-19
1.028931088770865e-05 1.6335874555844833e-19
1.031913497723824e-05 1.6207244861166414e-19
1.034895906676783e-05 1.4819323777748517e-19
1.0378783156297421e-05 1.6190800312564462e-19
1.0408607245827011e-05 1.5969165583334972e-19
1.0438431335356601e-05 1.510511289101033e-19
1.0468255424886192e-05 1.591375845407016e-19
1.0498079514415782e-05 1.508189057839402e-19
1.0527903603945372e-05 1.55570852224765e-19
1.0557727693474962e-05 1.6014526134776054e-19
1.0587551783004552e-05 1.4279070621034936e-19
1.0617375872534144e-05 1.54692845662582e-19
1.0647199962063732e-05 1.6014494026151481e-19
1.0677024051593323e-05 1.4434150610421672e-19
1.0706848141122914e-05 1.5202726390220202e-19
1.0736672230652505e-05 1.4864511212517787e-19
1.0766496320182095e-05 1.452028177345371e-19
1.0796320409711685e-05 1.5730882362336394e-19
1.0826144499241275e-05 1.4211560275724787e-19
1.0855968588770865e-05 1.407013703264744e-19
1.0885792678300455e-05 1.551228953718825e-19
1.0915616767830045e-05 1.426985148865501e-19
1.0945440857359637e-05 1.444193640170717e-19
1.0975264946889226e-05 1.458178396751643e-19
1.1005089036418816e-05 1.384192913227416e-19
1.1034913125948408e-05 1.4982007704450788e-19
1.1064737215477998e-05 1.3970465125636776e-19
1.1094561305007588e-05 1.3256717605018206e-19
1.1124385394537178e-05 1.482403357498401e-19
1.1154209484066768e-05 1.3804806736544922e-19
1.1184033573596358e-05 1.3398645401923384e-19
1.1213857663125948e-05 1.4191549914852799e-19
1.1243681752655539e-05 1.315525752132689e-19
1.127350584218513e-05 1.388374161972493e-19
1.1303329931714719e-05 1.3981177988206685e-19
1.1333154021244309e-05 1.2416596990209585e-19
1.13629781107739e-05 1.3652371372070058e-19
1.1392802200303491e-05 1.3551972227470886e-19
1.1422626289833081e-05 1.2572752988747773e-19
1.1452450379362671e-05 1.3395089402777784e-19
1.1482274468892261e-05 1.2372511053444814e-19
1.1512098558421852e-05 1.2525220626464686e-19
1.1541922647951442e-05 1.3318312708057335e-19
1.1571746737481032e-05 1.1756451446879087e-19
1.1601570827010624e-05 1.2280498371081374e-19
1.1631394916540212e-05 1.2846774879964337e-19
1.1661219006069802e-05 1.1659717351916493e-19
1.1691043095599392e-05 1.234546937110777e-19
1.1720867185128984e-05 1.179953085436036e-19
1.1750691274658574e-05 1.1110203998277484e-19
1.1780515364188163e-05 1.2519076361000506e-19
1.1810339453717755e-05 1.0984881964812812e-19
1.1840163543247345e-05 1.0554777225220765e-19
1.1869987632776933e-05 1.2021781461127216e-19
1.1899811722306525e-05 1.053169506197068e-19
1.1929635811836115e-05 1.0838890696732525e-19
1.1959459901365705e-05 1.1016247309565003e-19
1.1989283990895295e-05 9.716157504970965e-20
1.2019108080424886e-05 1.1064476964678035e-19
1.2048932169954477e-05 1.0407364600300415e-19
1.2078756259484068e-05 9.184865306957131e-20
1.2108580349013658e-05 1.0392334580672438e-19
1.2138404438543248e-05 9.697377136176108e-20
1.216822852807284e-05 9.388633856770173e-20
1.2198052617602426e-05 9.774236769800195e-20
1.2227876707132018e-05 8.439413489611745e-20
1.2257700796661608e-05 9.028552618955666e-20
1.2287524886191199e-05 9.41417979471835e-20
1.2317348975720789e-05 7.758703772720238e-20
1.2347173065250379e-05 8.522755245779933e-20
1.237699715477997e-05 8.797355501650048e-20
1.240682124430956e-05 7.637023022683752e-20
1.2436645333839151e-05 8.25801531663823e-20
1.2466469423368741e-05 7.387893633814175e-20
1.2496293512898333e-05 7.195447279708368e-20
1.252611760242792e-05 8.253354812205442e-20
1.2555941691957512e-05 6.413786365275582e-20
1.2585765781487102e-05 6.470373487791285e-20
1.2615589871016692e-05 7.379069858546675e-20
1.2645413960546282e-05 5.939742381779083e-20
1.2675238050075872e-05 6.440413648939402e-20
1.2705062139605464e-05 6.097586925242078e-20
1.2734886229135054e-05 4.956018812270827e-20
1.2764710318664644e-05 6.483156400141804e-20
1.2794534408194234e-05 5.4926478497716e-20
1.2824358497723826e-05 4.290559190644013e-20
1.2854182587253413e-05 5.583236341385691e-20
1.2884006676783003e-05 4.584846140473776e-20
1.2913830766312595e-05 4.488330526673779e-20
1.2943654855842185e-05 4.594110292997601e-20
1.2973478945371775e-05 3.078858671831978e-20
1.3003303034901365e-05 4.378429780389243e-20
1.3033127124430957e-05 4.1747744625644925e-20
1.3062951213960547e-05 2.2674325638749522e-20
1.3092775303490137e-05 3.437284773977808e-20
1.3122599393019728e-05 3.39024730463092e-20
1.315242348254932e-05 2.515726932301547e-20
1.3182247572078906e-05 2.899347684686914e-20
1.3212071661608496e-05 1.5856552196884168e-20
1.3241895751138088e-05 1.9798753600519637e-20
1.3271719840667678e-05 2.874156801043378e-20
1.3301543930197268e-05 5.574268522286361e-21
1.3331368019726859e-05 1.055972347411268e-20
1.336119210925645e-05 1.90799138190703e-20
1.339101619878604e-05 2.9155672094348476e-21
1.342084028831563e-05 9.032352296434629e-21
1.345066437784522e-05 9.88913518792766e-22
1.3480488467374813e-05 -3.898949738542777e-21
1.35103125569044e-05 1.1591574976423683e-20
1.354013664643399e-05 -8.935205165632511e-21
1.3569960735963581e-05 -1.3730255600055667e-20
1.3599784825493172e-05 -2.465389505757684e-22
1.3629608915022762e-05 -1.4104052985256478e-20
1.3659433004552352e-05 -1.2769536906330637e-20
1.3689257094081944e-05 -1.6493541290540335e-20
1.3719081183611534e-05 -2.721543678782078e-20
1.3748905273141124e-05 -1.1184488797151957e-20
1.3778729362670714e-05 -2.1107503707892945e-20
1.3808553452200302e-05 -3.784762106664097e-20
1.3838377541729893e-05 -2.242348105522873e-20
1.3868201631259483e-05 -2.786852697804902e-20
1.3898025720789075e-05 -3.5025480199775883e-20
1.3927849810318665e-05 -3.320842192566246e-20
1.3957673899848255e-05 -4.817337256506853e-20
1.3987497989377845e-05 -3.5983784850339506e-20
1.4017322078907437e-05 -3.464836028654319e-20
1.4047146168437027e-05 -5.993170514691347e-20
1.4076970257966617e-05 -4.739424518994993e-20
1.4106794347496207e-05 -4.354741170517501e-20
1.4136618437025796e-05 -5.719210088077789e-20
1.4166442526555386e-05 -5.384272553994774e-20
1.4196266616084976e-05 -6.590037600527425e-20
1.4226090705614568e-05 -6.267023124666854e-20
1.4255914795144158e-05 -4.968412452116446e-20
1.4285738884673748e-05 -7.574031848250811e-20
1.4315562974203338e-05 -7.62490629987802e-20
1.434538706373293e-05 -6.143307186297936e-20
1.437521115326252e-05 -7.670055125735801e-20
1.440503524279211e-05 -7.581266163247353e-20
1.44348593323217e-05 -8.327996866467443e-20
1.4464683421851289e-05 -8.714575322701339e-20
1.4494507511380879e-05 -7.086845178681094e-20
1.452433160091047e-05 -9.108496149830893e-20
1.4554155690440061e-05 -1.0000287485361109e-19
1.4583979779969651e-05 -8.33536127254851e-20
1.4613803869499241e-05 -9.267185088797561e-20
1.4643627959028831e-05 -9.869429337239602e-20
1.4673452048558423e-05 -9.984740474229078e-20
1.4703276138088013e-05 -1.0724058972495662e-19
1.4733100227617604e-05 -9.560915368955202e-20
1.4762924317147194e-05 -1.0340988941604608e-19
1.4792748406676782e-05 -1.2466091358585266e-19
1.4822572496206372e-05 -1.076375230281614e-19
1.4852396585735962e-05 -1.0702369320214417e-19
1.4882220675265554e-05 -1.230042429371135e-19
1.4912044764795144e-05 -1.1977667751238675e-19
1.4941868854324735e-05 -1.291208071210401e-19
1.4971692943854325e-05 -1.2080340009413766e-19
1.5001517033383917e-05 -1.1755195788199957e-19
1.5031341122913507e-05 -1.4484958714757947e-19
1.5061165212443097e-05 -1.3342420524369685e-19
1.5090989301972687e-05 -1.2415542009903187e-19
1.5120813391502275e-05 -1.430719137448109e-19
1.5150637481031866e-05 -1.408826117819217e-19
1.5180461570561456e-05 -1.4752424475205063e-19
1.5210285660091048e-05 -1.4699978389384997e-19
1.5240109749620638e-05 -1.3604478692422826e-19
1.526993383915023e-05 -1.6120840735061525e-19
1.529975792867982e-05 -1.6113717512922342e-19
1.532958201820941e-05 -1.431343282439583e-19
1.5359406107739e-05 -1.6094982601582351e-19
1.538923019726859e-05 -1.637434705027941e-19
1.541905428679818e-05 -1.6385258424414117e-19
1.5448878376327767e-05 -1.7039183817017062e-19
1.547870246585736e-05 -1.5766389279688643e-19
1.550852655538695e-05 -1.738134494212756e-19
1.553835064491654e-05 -1.8885079588004177e-19
1.556817473444613e-05 -1.6763766962387917e-19
1.559799882397572e-05 -1.7553667544286065e-19
1.562782291350531e-05 -1.8922191713643985e-19
1.56576470030349e-05 -1.8371078983341909e-19
1.568747109256449e-05 -1.9224789052790523e-19
1.571729518209408e-05 -1.8184116853035535e-19
1.5747119271623675e-05 -1.8596367958713983e-19
1.5776943361153262e-05 -2.1210715858343564e-19
1.5806767450682852e-05 -1.919067093125928e-19
1.5836591540212442e-05 -1.893648701464401e-19
1.5866415629742032e-05 -2.1102871927769634e-19
1.5896239719271622e-05 -2.0570267476650476e-19
1.5926063808801216e-05 -2.1162851286448995e-19
1.5955887898330806e-05 -2.0591240800402277e-19
1.5985711987860396e-05 -2.03312041824121e-19
1.6015536077389986e-05 -2.308457959616841e-19
1.6045360166919577e-05 -2.184328277252498e-19
1.6075184256449167e-05 -2.0419187006306397e-19
1.6105008345978753e-05 -2.271554053140298e-19
1.6134832435508347e-05 -2.278104064837836e-19
1.6164656525037937e-05 -2.274357519961869e-19
1.6194480614567527e-05 -2.284071417491576e-19
1.6224304704097117e-05 -2.196919462459051e-19
1.6254128793626707e-05 -2.430446232456759e-19
1.6283952883156298e-05 -2.462622364038963e-19
1.6313776972685888e-05 -2.235058690693445e-19
1.6343601062215478e-05 -2.3987309450972525e-19
1.6373425151745068e-05 -2.498365738143804e-19
1.640324924127466e-05 -2.4330705556577345e-19
1.643307333080425e-05 -2.472240302783755e-19
1.646289742033384e-05 -2.3788835028114117e-19
1.649272150986343e-05 -2.516508035622102e-19
1.652254559939302e-05 -2.6758955576971043e-19
1.655236968892261e-05 -2.410319144218255e-19
1.65821937784522e-05 -2.494711853298001e-19
1.6612017867981793e-05 -2.694980394649968e-19
1.6641841957511383e-05 -2.569732937812247e-19
1.6671666047040973e-05 -2.629320427458037e-19
1.6701490136570563e-05 -2.5855748588190396e-19
1.6731314226100153e-05 -2.5950633913352323e-19
1.676113831562974e-05 -2.8252470111440954e-19
1.6790962405159333e-05 -2.635754831167279e-19
1.6820786494688924e-05 -2.5651121509311125e-19
1.6850610584218514e-05 -2.808830269439486e-19
1.6880434673748104e-05 -2.7408708805232947e-19
1.6910258763277694e-05 -2.7244963634280127e-19
1.6940082852807284e-05 -2.7268397157352257e-19
1.6969906942336874e-05 -2.6836758555953367e-19
1.6999731031866464e-05 -2.923491509931941e-19
1.7029555121396055e-05 -2.836284885669701e-19
1.7059379210925645e-05 -2.6418649846836647e-19
1.7089203300455235e-05 -2.8775447362261933e-19
1.7119027389984825e-05 -2.895733508291636e-19
1.7148851479514415e-05 -2.817945679168343e-19
1.7178675569044005e-05 -2.8489378381952323e-19
1.7208499658573595e-05 -2.75545719665436e-19
1.7238323748103185e-05 -2.9408550816673066e-19
1.726814783763278e-05 -3.004986178080328e-19
1.729797192716237e-05 -2.726949938256287e-19
1.732779601669196e-05 -2.880750049767053e-19
1.735762010622155e-05 -3.028595967648495e-19
1.7387444195751136e-05 -2.8987184405989023e-19
1.7417268285280726e-05 -2.938394412205595e-19
1.744709237481032e-05 -2.863612154165591e-19
1.747691646433991e-05 -2.952174284457784e-19
1.75067405538695e-05 -3.1060874919313056e-19
1.753656464339909e-05 -2.819728991446351e-19
1.756638873292868e-05 -2.866537640620071e-19
1.759621282245827e-05 -3.103165211277471e-19
1.762603691198786e-05 -2.959808534334852e-19
1.765586100151745e-05 -2.9606353575643836e-19
1.768568509104704e-05 -2.942004817462082e-19
1.771550918057663e-05 -2.944771364212554e-19
1.774533327010622e-05 -3.160853196151843e-19
1.777515735963581e-05 -2.9647178715044314e-19
1.78049814491654e-05 -2.852727408045938e-19
1.783480553869499e-05 -3.125194679473737e-19
1.7864629628224582e-05 -3.054965758205242e-19
1.7894453717754172e-05 -2.9575689983710313e-19
1.7924277807283765e-05 -3.000689904084197e-19
1.7954101896813356e-05 -2.967138369848473e-19
1.7983925986342946e-05 -3.118660849360359e-19
1.8013750075872536e-05 -3.062772100219158e-19
1.8043574165402123e-05 -2.860134794668782e-19
1.8073398254931713e-05 -3.0823911672317103e-19
1.8103222344461303e-05 -3.129874436517823e-19
1.8133046433990896e-05 -2.965057349823611e-19
1.8162870523520487e-05 -3.0242684264952533e-19
1.8192694613050077e-05 -2.975968598766603e-19
1.8222518702579667e-05 -3.0724239599667893e-19
1.8252342792109257e-05 -3.139046634538645e-19
1.8282166881638847e-05 -2.8586157830441464e-19
1.8311990971168437e-05 -2.9952340423871526e-19
1.8341815060698027e-05 -3.1720714679900147e-19
1.8371639150227618e-05 -2.972167384858628e-19
1.8401463239757208e-05 -2.998771179011027e-19
1.8431287329286798e-05 -2.990938915702222e-19
1.8461111418816388e-05 -3.0016987899389233e-19
1.8490935508345978e-05 -3.1552753508360907e-19
1.8520759597875568e-05 -2.9275156677404097e-19
1.855058368740516e-05 -2.884791001940815e-19
1.8580407776934752e-05 -3.1400985989757085e-19
1.8610231866464342e-05 -3.011246600109989e-19
1.8640055955993932e-05 -2.9442994326535456e-19
1.8669880045523522e-05 -2.9816354877877885e-19
1.869970413505311e-05 -2.9372213747671764e-19
1.87295282245827e-05 -3.1017131597378692e-19
1.875935231411229e-05 -2.965626026311856e-19
1.8789176403641883e-05 -2.7924228571288595e-19
1.8819000493171473e-05 -3.06794570753207e-19
1.8848824582701063e-05 -3.0368408045050053e-19
1.8878648672230653e-05 -2.8662741434534284e-19
1.8908472761760243e-05 -2.9379203507422483e-19
1.8938296851289834e-05 -2.9129821278213445e-19
1.8968120940819424e-05 -3.0026046318509475e-19
1.8997945030349014e-05 -2.9831850002619944e-19
1.9027769119878604e-05 -2.7424625097218883e-19
1.9057593209408194e-05 -2.9300441118132385e-19
1.9087417298937784e-05 -3.0314420959049046e-19
1.9117241388467374e-05 -2.800522568957127e-19
1.9147065477996965e-05 -2.854155982945441e-19
1.9176889567526555e-05 -2.8668581977139393e-19
1.9206713657056145e-05 -2.887748496149358e-19
1.923653774658574e-05 -2.9606700558235796e-19
1.926636183611533e-05 -2.7205366464452897e-19
1.929618592564492e-05 -2.785470762760619e-19
1.932601001517451e-05 -2.9713236046071326e-19
1.9355834104704096e-05 -2.7650614457193963e-19
1.9385658194233686e-05 -2.7565121356085027e-19
1.9415482283763276e-05 -2.78568741848103e-19
1.944530637329287e-05 -2.7564693748674633e-19
1.947513046282246e-05 -2.8900192280613697e-19
1.950495455235205e-05 -2.689894006883493e-19
1.953477864188164e-05 -2.6161289333030406e-19
1.956460273141123e-05 -2.8855173328571944e-19
1.959442682094082e-05 -2.739626793032508e-19
