0.0 -7.018051668008704e-20
2.983164801178203e-08 -8.203475559098852e-20
5.966329602356406e-08 -7.210620822318177e-20
8.949494403534609e-08 -5.2197891520883707e-20
1.1932659204712812e-07 -6.86401741056877e-20
1.4915824005891015e-07 -8.213050362058966e-20
1.7898988807069219e-07 -6.351049141380691e-20
2.088215360824742e-07 -5.551300213164152e-20
2.3865318409425623e-07 -6.347940738218334e-20
2.684848321060383e-07 -7.48959848893222e-20
2.983164801178203e-07 -7.093117541260202e-20
3.281481281296023e-07 -4.765176094525438e-20
3.5797977614138437e-07 -5.855112195684956e-20
3.8781142415316643e-07 -7.845842290266089e-20
4.176430721649484e-07 -6.163912188194519e-20
4.4747472017673045e-07 -4.9703689716207285e-20
4.773063681885125e-07 -5.495594724224702e-20
5.071380162002945e-07 -6.54541092644501e-20
5.369696642120766e-07 -6.859056500200237e-20
5.668013122238585e-07 -4.6515758460937244e-20
5.966329602356406e-07 -4.433430199626778e-20
6.264646082474227e-07 -7.034184189738782e-20
6.562962562592046e-07 -6.160941491411073e-20
6.861279042709867e-07 -4.1598706126889766e-20
7.159595522827687e-07 -4.885089836987036e-20
7.457912002945508e-07 -5.73298083723648e-20
7.756228483063329e-07 -6.126852240021818e-20
8.054544963181149e-07 -4.6618102584953095e-20
8.352861443298968e-07 -3.421240554524886e-20
8.651177923416788e-07 -5.790058234440617e-20
8.949494403534609e-07 -6.025165105479272e-20
9.24781088365243e-07 -3.89439168802841e-20
9.54612736377025e-07 -3.9678425614560035e-20
9.84444384388807e-07 -4.823902659977509e-20
1.014276032400589e-06 -5.596869483844707e-20
1.0441076804123712e-06 -4.5376900780248016e-20
1.0739393284241532e-06 -2.7240082902609955e-20
1.1037709764359351e-06 -4.571940784655637e-20
1.133602624447717e-06 -5.743657469258323e-20
1.1634342724594992e-06 -3.6109217538681783e-20
1.1932659204712812e-06 -3.11621479914352e-20
1.2230975684830634e-06 -4.0574963637685494e-20
1.2529292164948453e-06 -4.7776383341087316e-20
1.2827608645066275e-06 -4.435487155703745e-20
1.3125925125184092e-06 -2.4185383541427952e-20
1.3424241605301914e-06 -3.3106242211601414e-20
1.3722558085419734e-06 -5.395308169483441e-20
1.4020874565537555e-06 -3.5236037142538446e-20
1.4319191045655375e-06 -2.3858443031972827e-20
1.4617507525773194e-06 -3.436728903086541e-20
1.4915824005891016e-06 -3.9617501460989685e-20
1.5214140486008836e-06 -4.0253975899588765e-20
1.5512456966126657e-06 -2.3011620438169714e-20
1.5810773446244477e-06 -2.2046464460569012e-20
1.6109089926362299e-06 -4.4877933758257005e-20
1.6407406406480118e-06 -3.468077141332423e-20
1.6705722886597936e-06 -1.799355475264986e-20
1.700403936671576e-06 -2.478388112952154e-20
1.7302355846833577e-06 -3.355000147600394e-20
1.7600672326951399e-06 -3.7179944141315754e-20
1.7898988807069218e-06 -2.1942636329125984e-20
1.819730528718704e-06 -1.1732850608963421e-20
1.849562176730486e-06 -3.3911645112418966e-20
1.879393824742268e-06 -3.599441658867957e-20
1.90922547275405e-06 -1.2539910260971012e-20
1.939057120765832e-06 -1.5833418587258664e-20
1.968888768777614e-06 -2.6004868844388055e-20
1.998720416789396e-06 -2.7764620407215035e-20
2.028552064801178e-06 -2.0334761140281827e-20
2.05838371281296e-06 -4.887547513838447e-21
2.0882153608247424e-06 -2.2048451323447617e-20
2.1180470088365244e-06 -3.4120887169669614e-20
2.1478786568483063e-06 -1.04133652520332e-20
2.1777103048600883e-06 -5.546863463240371e-21
2.2075419528718702e-06 -1.8247109890085463e-20
2.2373736008836526e-06 -2.1993587716004684e-20
2.267205248895434e-06 -1.5870838128821618e-20
2.2970368969072165e-06 -5.232562099347811e-22
2.3268685449189985e-06 -6.934243468508111e-21
2.356700192930781e-06 -2.6855237508965716e-20
2.3865318409425624e-06 -9.315204084173246e-21
2.4163634889543444e-06 4.06082968516269e-21
2.4461951369661267e-06 -9.627294947054991e-21
2.4760267849779087e-06 -1.3884473948029462e-20
2.5058584329896907e-06 -1.5376939954362863e-20
2.5356900810014726e-06 2.1810602439599842e-21
2.565521729013255e-06 7.224065524991184e-21
2.595353377025037e-06 -2.0608690900267477e-20
2.6251850250368185e-06 -8.994538286173318e-21
2.655016673048601e-06 1.1920419201473748e-20
2.684848321060383e-06 9.241942894568843e-22
2.7146799690721648e-06 -6.517273630402329e-21
2.7445116170839467e-06 -7.789744462610609e-21
2.774343265095729e-06 5.577742139248767e-21
2.804174913107511e-06 1.5663031439115083e-20
2.834006561119293e-06 -6.485068450260653e-21
2.863838209131075e-06 -8.304743022068109e-21
2.8936698571428574e-06 1.5720198707392165e-20
2.923501505154639e-06 1.0358388627284366e-20
2.9533331531664213e-06 -2.2686591401866408e-21
2.9831648011782032e-06 6.684530990550892e-22
3.0129964491899856e-06 9.426708781498616e-21
3.042828097201767e-06 2.163400034512581e-20
3.072659745213549e-06 5.6646194108558956e-21
3.1024913932253315e-06 -7.681322615311523e-21
3.132323041237113e-06 1.910078693412526e-20
3.1621546892488954e-06 2.1916544095562123e-20
3.1919863372606773e-06 4.671364688961866e-21
3.2218179852724597e-06 4.667846517635731e-21
3.2516496332842413e-06 9.092708394208114e-21
3.2814812812960236e-06 2.4113652463522052e-20
3.3113129293078056e-06 1.790407312738467e-20
3.341144577319587e-06 -2.9922814284372425e-21
3.3709762253313695e-06 1.6955642846561286e-20
3.400807873343152e-06 2.90875486670144e-20
3.430639521354934e-06 1.2186448125037864e-20
3.4604711693667154e-06 9.786034216183151e-21
3.4903028173784977e-06 1.2181740857758228e-20
3.5201344653902797e-06 2.576456331233834e-20
3.549966113402062e-06 2.8105100783472864e-20
3.5797977614138436e-06 1.963067971115966e-21
3.609629409425626e-06 1.1852509801130849e-20
3.639461057437408e-06 3.439797394215579e-20
3.6692927054491895e-06 2.036315080263456e-20
3.699124353460972e-06 1.2514287398194462e-20
3.7289560014727542e-06 1.6599984908336674e-20
3.758787649484536e-06 2.342287184541086e-20
3.7886192974963177e-06 3.4150328623392547e-20
3.8184509455081e-06 1.4027203511673392e-20
3.8482825935198825e-06 7.275289862667259e-21
3.878114241531664e-06 3.621155001124565e-20
3.907945889543446e-06 2.8586158668445847e-20
3.937777537555228e-06 1.315432646085207e-20
3.96760918556701e-06 1.769681993450693e-20
3.997440833578792e-06 2.1946772337683482e-20
4.027272481590574e-06 3.6133611445891555e-20
4.057104129602356e-06 2.2946900265163126e-20
4.086935777614138e-06 6.4930240241511874e-21
4.11676742562592e-06 3.176232111122486e-20
4.146599073637703e-06 3.7866599227840116e-20
4.176430721649485e-06 1.8512904549134696e-20
4.206262369661266e-06 1.616125531597631e-20
4.236094017673049e-06 2.3937086763637232e-20
4.265925665684831e-06 3.5406294248214444e-20
4.295757313696613e-06 2.931391602662459e-20
4.325588961708395e-06 9.188302831029811e-21
4.355420609720177e-06 2.4675637178991474e-20
4.3852522577319585e-06 4.171025347991807e-20
4.4150839057437405e-06 2.326275844584464e-20
4.4449155537555225e-06 1.6505892789813388e-20
4.474747201767305e-06 2.4167337090412263e-20
4.504578849779087e-06 3.30856883384822e-20
4.534410497790868e-06 3.647513121310777e-20
4.564242145802651e-06 1.494025568299374e-20
4.594073793814433e-06 1.7873815278868097e-20
4.623905441826215e-06 4.350787085903214e-20
4.653737089837997e-06 2.983319546349693e-20
4.683568737849779e-06 1.7230999352916628e-20
4.713400385861562e-06 2.4846293560103066e-20
4.743232033873343e-06 3.1304328170978836e-20
4.773063681885125e-06 3.9978020642636315e-20
4.802895329896908e-06 2.0961507197076812e-20
4.832726977908689e-06 1.4610077935826907e-20
4.8625586259204715e-06 4.305069692683578e-20
4.8923902739322535e-06 3.742168405707143e-20
4.9222219219440354e-06 1.9539207146960845e-20
4.952053569955817e-06 2.348819787800093e-20
4.981885217967599e-06 3.062526086607128e-20
5.011716865979381e-06 4.024985244449401e-20
5.041548513991163e-06 2.7217297723118465e-20
5.071380162002945e-06 1.1770663720404284e-20
5.101211810014727e-06 3.6496657357059425e-20
5.13104345802651e-06 4.365867478336918e-20
5.160875106038291e-06 2.127032915816169e-20
5.190706754050074e-06 2.1592555131802304e-20
5.220538402061856e-06 3.064898442949543e-20
5.250370050073637e-06 4.0145036011887333e-20
5.28020169808542e-06 3.744545774198609e-20
5.310033346097202e-06 1.387975332613195e-20
5.339864994108984e-06 2.7952620953402794e-20
5.369696642120766e-06 4.923432944403644e-20
5.399528290132548e-06 2.5239450454841817e-20
5.4293599381443295e-06 1.8052141037608294e-20
5.459191586156112e-06 3.2242574989075095e-20
5.4890232341678935e-06 3.770255670253875e-20
5.518854882179676e-06 3.8129255795190674e-20
5.548686530191458e-06 1.8512725519227855e-20
5.578518178203239e-06 2.1526962278191986e-20
5.608349826215022e-06 4.978659836128519e-20
5.638181474226804e-06 3.5095905589423986e-20
5.668013122238586e-06 1.6829478855984398e-20
5.697844770250368e-06 2.883658204833151e-20
5.72767641826215e-06 3.807212885850437e-20
5.757508066273932e-06 4.193795158417005e-20
5.787339714285715e-06 2.3693620632650206e-20
5.817171362297496e-06 1.664350224738996e-20
5.847003010309278e-06 4.6565750357164913e-20
5.876834658321061e-06 4.154297244355667e-20
5.9066663063328425e-06 1.7877714268939145e-20
5.936497954344625e-06 2.736307908477821e-20
5.9663296023564064e-06 3.826911985886639e-20
5.996161250368188e-06 4.2133684932635775e-20
6.025992898379971e-06 3.123885760128127e-20
6.055824546391752e-06 1.5170997317711958e-20
6.085656194403534e-06 3.971810604455206e-20
6.115487842415317e-06 5.018770171244825e-20
6.145319490427098e-06 2.086596506444775e-20
6.17515113843888e-06 2.2620403541890718e-20
6.204982786450663e-06 3.7442435943279276e-20
6.234814434462445e-06 4.110483695194005e-20
6.264646082474226e-06 3.6763780196407565e-20
6.294477730486009e-06 1.5712218814829892e-20
6.324309378497791e-06 3.186973311374927e-20
6.3541410265095736e-06 5.524611898673728e-20
6.383972674521355e-06 2.8590074794125103e-20
6.413804322533137e-06 1.9879136350505355e-20
6.4436359705449194e-06 3.6544614410661407e-20
6.473467618556701e-06 4.1984073455136186e-20
6.5032992665684825e-06 3.8989991902486893e-20
6.533130914580265e-06 2.0730300099779258e-20
6.562962562592047e-06 2.3563312308608934e-20
6.592794210603828e-06 5.143269616623873e-20
6.622625858615611e-06 3.837547150904976e-20
6.652457506627393e-06 1.6187240479348883e-20
6.682289154639174e-06 3.29483836635697e-20
6.712120802650957e-06 4.317245311358936e-20
6.741952450662739e-06 4.067829962544167e-20
6.771784098674522e-06 2.5593665791479865e-20
6.801615746686304e-06 1.7926647205685678e-20
6.831447394698085e-06 4.96261980227498e-20
6.861279042709868e-06 4.5081830358450935e-20
6.89111069072165e-06 1.5441416632914367e-20
6.920942338733431e-06 2.898932639912655e-20
6.9507739867452135e-06 4.1287347430117604e-20
6.9806056347569955e-06 3.979072616122754e-20
7.010437282768777e-06 2.964557481103359e-20
7.040268930780559e-06 1.774867441068027e-20
7.070100578792341e-06 4.171938691837478e-20
7.099932226804124e-06 5.04242787611087e-20
7.129763874815906e-06 2.0239485717520085e-20
7.159595522827687e-06 2.0871256972712624e-20
7.18942717083947e-06 4.0571075547643204e-20
7.219258818851252e-06 4.1425287073419613e-20
7.249090466863033e-06 3.0523197108315386e-20
7.278922114874816e-06 1.525622594152812e-20
7.308753762886598e-06 3.088114085525457e-20
7.338585410898379e-06 5.080453850508972e-20
7.368417058910163e-06 2.3431961347166668e-20
7.398248706921944e-06 1.3282812864636545e-20
7.428080354933726e-06 3.678425194709455e-20
7.4579120029455085e-06 3.9544047930503914e-20
7.48774365095729e-06 3.2061794181876915e-20
7.517575298969072e-06 1.8366272208544613e-20
7.547406946980854e-06 2.0497894119004084e-20
7.5772385949926355e-06 4.6082998958502756e-20
7.607070243004418e-06 3.0474558622704063e-20
7.6369018910162e-06 8.187279413217577e-21
7.666733539027982e-06 2.8534906542221084e-20
7.696565187039765e-06 3.810891725614485e-20
7.726396835051546e-06 3.0021630402539196e-20
7.756228483063327e-06 1.7838132782876845e-20
7.78606013107511e-06 1.3471662356054939e-20
7.815891779086893e-06 4.003400147880379e-20
7.845723427098676e-06 3.729192817267785e-20
7.875555075110457e-06 5.8310739719522695e-21
7.905386723122238e-06 1.9612242280054946e-20
7.93521837113402e-06 3.616039300561306e-20
7.965050019145803e-06 2.830357276631212e-20
7.994881667157585e-06 1.9165490172050797e-20
8.024713315169367e-06 7.642075005755199e-21
8.054544963181148e-06 2.974133629532675e-20
8.08437661119293e-06 4.04139666601803e-20
8.114208259204712e-06 6.477306982205581e-21
8.144039907216495e-06 1.0403859579236744e-20
8.173871555228276e-06 3.326456266894084e-20
8.203703203240059e-06 2.823078154722647e-20
8.23353485125184e-06 1.704902501551717e-20
8.263366499263623e-06 7.64987025435215e-21
8.293198147275406e-06 2.1988713623931547e-20
8.323029795287187e-06 3.84031545408615e-20
8.35286144329897e-06 1.1983477842998043e-20
8.38269309131075e-06 1.2410843271042499e-21
8.412524739322532e-06 2.8422226149307684e-20
8.442356387334315e-06 2.9519267439817894e-20
8.472188035346098e-06 1.5624767992233386e-20
8.502019683357879e-06 6.925748392098457e-21
8.531851331369661e-06 1.2837744251728877e-20
8.561682979381443e-06 3.726940216938694e-20
8.591514627393225e-06 1.8018691108008964e-20
8.621346275405008e-06 -4.124127750426587e-21
8.65117792341679e-06 2.2239289781124567e-20
8.681009571428572e-06 2.855723127932537e-20
8.710841219440353e-06 1.593324105454846e-20
8.740672867452134e-06 8.223650189950929e-21
8.770504515463917e-06 6.87776335523923e-21
8.8003361634757e-06 2.930211165338196e-20
8.830167811487481e-06 2.532328096819589e-20
8.859999459499264e-06 -3.1819256258370936e-21
8.889831107511045e-06 1.2828327846411029e-20
8.919662755522828e-06 3.026776404451337e-20
8.94949440353461e-06 1.7150616464185623e-20
8.979326051546392e-06 9.150286898048534e-21
9.009157699558174e-06 5.124474801762297e-21
9.038989347569956e-06 2.1964600116234718e-20
9.068820995581737e-06 2.9459161333436024e-20
9.09865264359352e-06 -6.651597842801289e-22
9.128484291605302e-06 5.3577393493838514e-21
9.158315939617083e-06 2.7288100453122413e-20
9.188147587628866e-06 1.812986721148489e-20
9.217979235640647e-06 1.0762755891765005e-20
9.24781088365243e-06 3.06938997881135e-21
9.277642531664213e-06 1.5532156432033832e-20
9.307474179675994e-06 3.340545366691978e-20
9.337305827687775e-06 6.896132370058303e-21
9.367137475699558e-06 -2.8555654044006855e-21
9.396969123711339e-06 2.296280706679812e-20
9.426800771723124e-06 2.2142918793504258e-20
9.456632419734905e-06 8.95533737679245e-21
9.486464067746686e-06 3.98675598747303e-21
9.516295715758469e-06 8.736234863465939e-21
9.54612736377025e-06 2.921990058519896e-20
9.575959011782032e-06 1.3858494043512404e-20
9.605790659793815e-06 -8.073470360995068e-21
9.635622307805596e-06 2.001516063713478e-20
9.665453955817377e-06 2.5024455955212074e-20
9.69528560382916e-06 8.678913344968729e-21
9.725117251840943e-06 7.016224337843942e-21
9.754948899852726e-06 3.5197179018854e-21
9.784780547864507e-06 2.349412027876624e-20
9.814612195876288e-06 2.1400319057612687e-20
9.844443843888071e-06 -7.284155578313761e-21
9.874275491899852e-06 9.836174410065675e-21
9.904107139911635e-06 2.4931817399103675e-20
9.933938787923418e-06 1.1100594012573623e-20
9.963770435935199e-06 4.985994563315324e-21
9.99360208394698e-06 3.2857069513665885e-21
1.0023433731958763e-05 1.7748344132393112e-20
1.0053265379970545e-05 2.4936966521042325e-20
1.0083097027982327e-05 -2.3422139574106894e-21
1.011292867599411e-05 4.27406364399761e-22
1.014276032400589e-05 2.5162851273405856e-20
1.0172591972017673e-05 1.298942115718182e-20
1.0202423620029454e-05 3.2618372956129036e-21
1.0232255268041237e-05 3.48734679935767e-21
1.026208691605302e-05 9.90526640727081e-21
1.0291918564064801e-05 2.376926026645804e-20
1.0321750212076582e-05 3.0965900422318854e-21
1.0351581860088365e-05 -6.0215184735330056e-21
1.0381413508100148e-05 1.9710910542891385e-20
1.0411245156111929e-05 1.8697341052837624e-20
1.0441076804123712e-05 3.954422979657759e-21
1.0470908452135493e-05 1.7388499559861938e-21
1.0500740100147274e-05 7.453504698804955e-21
1.0530571748159057e-05 2.2166292190333645e-20
1.056040339617084e-05 1.001568513800859e-20
1.0590235044182622e-05 -1.1578830192909084e-20
1.0620066692194403e-05 1.1469703759092553e-20
1.0649898340206185e-05 2.17838039490279e-20
1.0679729988217967e-05 2.3351949253882784e-21
1.070956163622975e-05 1.0187596484052299e-21
1.0739393284241531e-05 3.2639744852594153e-21
1.0769224932253314e-05 1.6169925027023378e-20
1.0799056580265095e-05 1.6247929482553486e-20
1.0828888228276876e-05 -9.650010451675083e-21
1.0858719876288659e-05 3.066553013650055e-21
1.0888551524300442e-05 2.1590661936615506e-20
1.0918383172312225e-05 5.645158732651043e-21
1.0948214820324006e-05 -2.133521125353974e-21
1.0978046468335787e-05 3.3840932284283646e-22
1.100787811634757e-05 1.1031219567159925e-20
1.1037709764359353e-05 1.8022259325985486e-20
1.1067541412371134e-05 -4.6554864655904744e-21
1.1097373060382916e-05 -5.132489839237004e-21
1.1127204708394698e-05 1.9777068785992402e-20
1.1157036356406479e-05 1.0531916746402886e-20
1.1186868004418263e-05 -2.671443289888665e-21
1.1216699652430044e-05 1.8725972922856618e-21
1.1246531300441825e-05 5.6027586614446176e-21
1.1276362948453608e-05 1.5480279807551512e-20
1.130619459646539e-05 1.9102628913228064e-21
1.1336026244477172e-05 -1.1540375568910063e-20
1.1365857892488955e-05 1.4139262487981277e-20
1.1395689540500736e-05 1.3230641886781164e-20
1.1425521188512519e-05 -3.633336304464117e-21
1.14553528365243e-05 -1.0737078267822898e-21
1.1485184484536083e-05 1.0190032372185294e-21
1.1515016132547864e-05 1.5601836234036157e-20
1.1544847780559648e-05 7.197070342548293e-21
1.157467942857143e-05 -1.49227444007843e-20
1.160451107658321e-05 7.247604876866929e-21
1.1634342724594992e-05 1.7786142262736047e-20
1.1664174372606774e-05 -1.9006564671271403e-21
1.1694006020618556e-05 -3.372518272669906e-21
1.172383766863034e-05 -5.184485202891487e-22
1.1753669316642121e-05 8.950629261901482e-21
1.1783500964653902e-05 1.4004932149811547e-20
1.1813332612665685e-05 -9.65274429185793e-21
1.1843164260677466e-05 -3.43624426522384e-21
1.187299590868925e-05 1.9746794030678775e-20
1.1902827556701032e-05 4.200190065137304e-21
1.1932659204712813e-05 -3.946123813916337e-21
1.1962490852724594e-05 1.1028722161919174e-21
1.1992322500736377e-05 6.583260529450493e-21
1.2022154148748158e-05 1.6322493392145097e-20
1.2051985796759942e-05 -3.612064125391684e-21
1.2081817444771724e-05 -8.620405694829069e-21
1.2111649092783505e-05 1.7249576537136603e-20
1.2141480740795287e-05 1.0294693954987481e-20
1.2171312388807069e-05 -3.320357352040814e-21
1.220114403681885e-05 1.2398316984912535e-21
1.2230975684830634e-05 6.511947404790981e-21
1.2260807332842415e-05 1.7012220700127004e-20
1.2290638980854196e-05 5.7458552807161e-21
1.232047062886598e-05 -9.372584900972169e-21
1.235030227687776e-05 1.2933168373927954e-20
1.2380133924889545e-05 1.8054327303180105e-20
1.2409965572901326e-05 -7.465402134177695e-22
1.2439797220913107e-05 1.1482606485948804e-21
1.246962886892489e-05 6.124719910339153e-21
1.2499460516936671e-05 1.7535520280296802e-20
1.2529292164948452e-05 1.526609471478527e-20
1.2559123812960237e-05 -7.478747261509347e-21
1.2588955460972018e-05 1.020208106604356e-20
1.2618787108983799e-05 2.6831979155182143e-20
1.2648618756995582e-05 6.349780591313082e-21
1.2678450405007363e-05 3.48455631840509e-21
1.2708282053019147e-05 1.0434548951197883e-20
1.2738113701030928e-05 1.752338635141603e-20
1.276794534904271e-05 2.151428649015652e-20
1.2797776997054492e-05 5.286142541166221e-22
1.2827608645066273e-05 5.209101063154041e-21
1.2857440293078054e-05 2.986734674248531e-20
1.2887271941089839e-05 1.686227946495163e-20
1.291710358910162e-05 5.714047737178264e-21
1.2946935237113403e-05 1.449770548056883e-20
1.2976766885125184e-05 2.2075167712740885e-20
1.3006598533136965e-05 2.8606328859405666e-20
1.303643018114875e-05 1.2296180731204731e-20
1.306626182916053e-05 5.012016046388124e-21
1.3096093477172312e-05 3.189792803450803e-20
1.3125925125184095e-05 2.897176898345225e-20
1.3155756773195876e-05 1.0118841324357615e-20
1.3185588421207657e-05 1.6496406994083296e-20
1.3215420069219441e-05 2.4449051787949497e-20
1.3245251717231222e-05 3.4027398717367847e-20
1.3275083365243005e-05 2.3350174848731597e-20
1.3304915013254786e-05 7.377854532043414e-21
1.3334746661266567e-05 3.1684422508910214e-20
1.3364578309278348e-05 4.004732790668548e-20
1.3394409957290133e-05 1.9586119746288292e-20
1.3424241605301914e-05 1.8803358672856213e-20
1.3454073253313697e-05 2.7176704628873145e-20
1.3483904901325478e-05 3.6853184390979276e-20
1.3513736549337259e-05 3.3398859054055846e-20
1.3543568197349044e-05 1.1971486464570896e-20
1.3573399845360825e-05 2.6897686284787117e-20
1.3603231493372608e-05 4.8433377930818426e-20
1.3633063141384389e-05 2.8066962713694464e-20
1.366289478939617e-05 2.1189476665804996e-20
1.369272643740795e-05 3.169918776707154e-20
1.3722558085419735e-05 4.050419913486131e-20
1.3752389733431516e-05 4.327769336677657e-20
1.37822213814433e-05 2.081810481863516e-20
1.381205302945508e-05 2.6475088080570957e-20
1.3841884677466861e-05 5.270785886468292e-20
1.3871716325478646e-05 3.629856647576095e-20
1.3901547973490427e-05 2.5092306489502146e-20
1.393137962150221e-05 3.510835077785827e-20
1.3961211269513991e-05 4.1317710802546683e-20
1.3991042917525772e-05 5.0296771776142685e-20
1.4020874565537553e-05 3.1770091735269845e-20
1.4050706213549338e-05 2.3762013740338307e-20
1.4080537861561119e-05 5.57211493186709e-20
1.4110369509572902e-05 5.0138470646066156e-20
1.4140201157584683e-05 2.9075199375409964e-20
1.4170032805596464e-05 3.7210880532801746e-20
1.4199864453608248e-05 4.498498400994729e-20
1.422969610162003e-05 5.3985402080746764e-20
1.4259527749631812e-05 4.27399877611636e-20
1.4289359397643593e-05 2.564310686895693e-20
1.4319191045655374e-05 5.1857507790007094e-20
1.4349022693667156e-05 6.233484775595581e-20
1.437885434167894e-05 3.7170286598432887e-20
1.4408685989690723e-05 3.7736645710119594e-20
1.4438517637702504e-05 5.108465616750714e-20
1.4468349285714285e-05 5.842508247525582e-20
1.4498180933726066e-05 5.3417917563590096e-20
1.452801258173785e-05 3.3270137645094576e-20
1.4557844229749632e-05 4.920107279560267e-20
1.4587675877761415e-05 6.96685070005405e-20
1.4617507525773196e-05 4.7352975579007707e-20
1.4647339173784977e-05 4.004039036753943e-20
1.4677170821796758e-05 5.2845196714113075e-20
1.4707002469808542e-05 6.199529052096264e-20
1.4736834117820325e-05 6.238829686871913e-20
1.4766665765832106e-05 4.086732263647527e-20
1.4796497413843887e-05 4.7568636200662155e-20
1.4826329061855669e-05 7.708757697080928e-20
1.4856160709867451e-05 6.034969079269761e-20
1.4885992357879234e-05 4.298389983897524e-20
1.4915824005891017e-05 5.901174558887529e-20
1.4945655653902798e-05 6.821010468791666e-20
1.497548730191458e-05 6.942755978245556e-20
1.5005318949926362e-05 5.203858211701462e-20
1.5035150597938145e-05 4.758727513528484e-20
1.5064982245949928e-05 7.986220462995253e-20
1.5094813893961709e-05 7.421701752377044e-20
1.512464554197349e-05 4.946640010566916e-20
1.5154477189985271e-05 6.067267649889151e-20
1.5184308837997054e-05 7.398013652691555e-20
1.5214140486008837e-05 7.921480259942269e-20
1.524397213402062e-05 6.687716800750874e-20
1.52738037820324e-05 5.107644543122381e-20
1.5303635430044183e-05 7.902391713555527e-20
1.5333467078055964e-05 8.888022765320865e-20
1.536329872606775e-05 5.873430270890173e-20
1.539313037407953e-05 6.426409701968572e-20
1.542296202209131e-05 8.127642941291858e-20
1.5452793670103092e-05 8.434274160213727e-20
1.5482625318114873e-05 7.837755029019279e-20
1.5512456966126654e-05 5.902329992726898e-20
1.554228861413844e-05 7.85598023715493e-20
1.557212026215022e-05 1.0087552982142953e-19
1.5601951910162004e-05 7.350559330853834e-20
1.5631783558173786e-05 6.695381585452445e-20
1.5661615206185567e-05 8.694207564211857e-20
1.569144685419735e-05 9.172011215086015e-20
1.5721278502209132e-05 8.76468170782765e-20
1.5751110150220913e-05 7.089757376271348e-20
1.5780941798232695e-05 7.771351778041598e-20
1.5810773446244476e-05 1.0774974403880351e-19
1.5840605094256257e-05 8.961219151837326e-20
1.587043674226804e-05 7.041877616129825e-20
1.5900268390279822e-05 9.246169121238038e-20
1.5930100038291607e-05 1.0109679657594291e-19
1.5959931686303388e-05 9.820405363199829e-20
1.598976333431517e-05 8.503646293682023e-20
1.601959498232695e-05 8.060939462071586e-20
1.6049426630338735e-05 1.111290243665582e-19
1.6079258278350516e-05 1.0588719182307336e-19
1.6109089926362297e-05 7.812698240248588e-20
1.6138921574374078e-05 9.378209134363819e-20
1.616875322238586e-05 1.082641984569419e-19
1.6198584870397644e-05 1.0666471729642181e-19
1.6228416518409425e-05 9.875563562432552e-20
1.625824816642121e-05 8.607315005093571e-20
1.628807981443299e-05 1.114837562176349e-19
1.631791146244477e-05 1.2352503193059477e-19
1.6347743110456553e-05 8.89521972406072e-20
1.6377574758468337e-05 9.529412879863837e-20
1.6407406406480118e-05 1.1878512680232478e-19
1.64372380544919e-05 1.1384475276770453e-19
1.646706970250368e-05 1.068261575902468e-19
1.649690135051546e-05 9.438198900720757e-20
1.6526732998527246e-05 1.1139905897269594e-19
1.6556564646539027e-05 1.3390333276862746e-19
1.658639629455081e-05 1.0389311864771047e-19
1.6616227942562593e-05 9.736777104391811e-20
1.6646059590574374e-05 1.2515337347469047e-19
1.6675891238586155e-05 1.2411479354811397e-19
1.670572288659794e-05 1.1577564896174e-19
1.673555453460972e-05 1.0561178212405473e-19
1.67653861826215e-05 1.1147485182893202e-19
1.6795217830633283e-05 1.3934255405985225e-19
1.6825049478645064e-05 1.19809324160429e-19
1.685488112665685e-05 9.898019793612748e-20
1.688471277466863e-05 1.270660786842462e-19
1.6914544422680414e-05 1.3240017925603395e-19
1.6944376070692195e-05 1.2283927149873757e-19
1.6974207718703976e-05 1.1541433208595466e-19
1.7004039366715757e-05 1.1222201802130524e-19
1.7033871014727542e-05 1.4087644755232201e-19
1.7063702662739323e-05 1.3485782597118878e-19
1.7093534310751104e-05 1.0597157175811065e-19
1.7123365958762885e-05 1.2585612108161703e-19
1.7153197606774666e-05 1.400063890771772e-19
1.718302925478645e-05 1.3036596733859584e-19
1.7212860902798232e-05 1.218175838966718e-19
1.7242692550810016e-05 1.1563797614514315e-19
1.7272524198821797e-05 1.3780543833840263e-19
1.730235584683358e-05 1.452887838109452e-19
1.733218749484536e-05 1.1389964538888162e-19
1.7362019142857144e-05 1.2073893679774725e-19
1.7391850790868925e-05 1.457410010870004e-19
1.7421682438880706e-05 1.359917122748439e-19
1.7451514086892487e-05 1.252939098988623e-19
1.748134573490427e-05 1.2207102303068323e-19
1.7511177382916053e-05 1.345894626452893e-19
1.7541009030927834e-05 1.4951201041178513e-19
1.757084067893962e-05 1.227207896057431e-19
1.76006723269514e-05 1.1427087367196338e-19
1.763050397496318e-05 1.4402797740976008e-19
1.7660335622974962e-05 1.4079087001670194e-19
1.7690167270986746e-05 1.2803851466645791e-19
1.7719998918998528e-05 1.2456812016773582e-19
1.774983056701031e-05 1.2906409940205203e-19
1.777966221502209e-05 1.5047250841071576e-19
1.780949386303387e-05 1.3346158321169227e-19
1.7839325511045655e-05 1.1199130998500923e-19
1.7869157159057437e-05 1.3902731382211775e-19
1.789898880706922e-05 1.4674168038825458e-19
1.7928820455081002e-05 1.2822334532234725e-19
1.7958652103092783e-05 1.2361920131339571e-19
1.7988483751104564e-05 1.2605553911391874e-19
1.801831539911635e-05 1.440835928186225e-19
1.804814704712813e-05 1.4054577871486429e-19
1.807797869513991e-05 1.1254479764179246e-19
1.8107810343151692e-05 1.3190943672723273e-19
1.8137641991163473e-05 1.4711299961422333e-19
1.8167473639175258e-05 1.2723150120281212e-19
1.819730528718704e-05 1.2525761964004647e-19
1.8227136935198823e-05 1.242930827907847e-19
1.8256968583210605e-05 1.3584487670990746e-19
1.8286800231222386e-05 1.4438741958022727e-19
1.8316631879234167e-05 1.149695293717512e-19
1.834646352724595e-05 1.1967931049160717e-19
1.8376295175257732e-05 1.4537407604622065e-19
1.8406126823269513e-05 1.3020175497721371e-19
1.8435958471281295e-05 1.2162372088221865e-19
1.8465790119293076e-05 1.2287437128279095e-19
1.849562176730486e-05 1.284134511022958e-19
1.8525453415316645e-05 1.4379421320697264e-19
1.8555285063328426e-05 1.2004597916436336e-19
1.8585116711340207e-05 1.105836142537326e-19
1.8614948359351988e-05 1.4006402940230065e-19
1.864478000736377e-05 1.3279041804499295e-19
1.867461165537555e-05 1.1748167879698266e-19
1.8704443303387335e-05 1.1916999111327922e-19
1.8734274951399116e-05 1.2194839884393978e-19
1.8764106599410897e-05 1.3678614333503591e-19
1.8793938247422678e-05 1.2382040726157655e-19
1.8823769895434463e-05 1.0389416193966021e-19
1.8853601543446247e-05 1.3024379677708224e-19
1.8883433191458028e-05 1.3517698376650188e-19
1.891326483946981e-05 1.1431703425851082e-19
1.894309648748159e-05 1.1603473002527183e-19
1.897292813549337e-05 1.1517151189265354e-19
1.9002759783505153e-05 1.2780248855771202e-19
1.9032591431516937e-05 1.2858521198687263e-19
1.9062423079528718e-05 9.903719202606555e-20
1.90922547275405e-05 1.140486841495683e-19
1.9122086375552284e-05 1.3334550922512632e-19
1.9151918023564065e-05 1.128942226117504e-19
1.918174967157585e-05 1.0912293072134312e-19
1.921158131958763e-05 1.1155191157986463e-19
1.924141296759941e-05 1.1829312536168258e-19
1.9271244615611193e-05 1.2744035079187943e-19
1.9301076263622974e-05 9.964134130069869e-20
1.9330907911634755e-05 1.0180503498619745e-19
1.936073955964654e-05 1.2922150020994257e-19
1.939057120765832e-05 1.0894422313997845e-19
1.94204028556701e-05 1.0039010165244474e-19
1.9450234503681886e-05 1.0687505842215689e-19
1.9480066151693667e-05 1.0665365942161107e-19
1.9509897799705452e-05 1.187146792226727e-19
1.9539729447717233e-05 9.931803642442097e-20
1.9569561095729014e-05 8.878946154404341e-20
1.9599392743740795e-05 1.1685721694081094e-19
1.9629224391752576e-05 1.09846350854569e-19
1.9659056039764357e-05 9.102179732423573e-20
1.9688887687776142e-05 9.744449272625312e-20
1.9718719335787923e-05 9.914209740513769e-20
1.9748550983799704e-05 1.0492405236660792e-19
1.977838263181149e-05 9.876331122471346e-20
1.980821427982327e-05 7.817871184164272e-20
1.983804592783505e-05 9.942394570906875e-20
1.9867877575846835e-05 1.0733811036876493e-19
1.9897709223858616e-05 8.049795239876547e-20
1.9927540871870397e-05 8.670407692268321e-20
1.995737251988218e-05 9.100100701605091e-20
1.998720416789396e-05 9.239448783595639e-20
2.0017035815905744e-05 9.450591024988218e-20
2.0046867463917525e-05 6.924177600398953e-20
2.0076699111929306e-05 7.945688821421376e-20
2.010653075994109e-05 9.826516328615034e-20
2.0136362407952872e-05 7.489540853935491e-20
2.0166194055964653e-05 7.083987769927751e-20
2.0196025703976438e-05 7.59037163146806e-20
