0.0 5.922768193347105e-20
2.9798540639269407e-08 4.6007750364182255e-20
5.9597081278538814e-08 5.746014768252807e-20
8.939562191780823e-08 7.155179695456638e-20
1.1919416255707763e-07 6.686806693655729e-20
1.4899270319634703e-07 6.449766438828598e-20
1.7879124383561646e-07 6.772598961641407e-20
2.0858978447488587e-07 8.008749205778879e-20
2.3838832511415526e-07 8.683182818261874e-20
2.6818686575342467e-07 7.419384099797596e-20
2.9798540639269405e-07 7.870832239947926e-20
3.277839470319635e-07 9.771481124933789e-20
3.575824876712329e-07 9.590558238124351e-20
3.873810283105023e-07 9.135951921848448e-20
4.1717956894977175e-07 9.392451610212511e-20
4.4697810958904113e-07 1.0302123184327614e-19
4.767766502283105e-07 1.1510779623811667e-19
5.065751908675799e-07 1.0272293874319654e-19
5.363737315068493e-07 9.923314690934875e-20
5.661722721461188e-07 1.2047413557636338e-19
5.959708127853881e-07 1.241221502792686e-19
6.257693534246576e-07 1.1697880458555948e-19
6.55567894063927e-07 1.169496142767958e-19
6.853664347031964e-07 1.2689795263155355e-19
7.151649753424659e-07 1.3992392929816116e-19
7.449635159817352e-07 1.3346278606685975e-19
7.747620566210046e-07 1.241037813326212e-19
8.04560597260274e-07 1.4175506538024963e-19
8.343591378995435e-07 1.5225312632029343e-19
8.641576785388128e-07 1.4220972169713314e-19
8.939562191780823e-07 1.4144222534448413e-19
9.237547598173516e-07 1.4728564303369465e-19
9.53553300456621e-07 1.618514604284223e-19
9.833518410958906e-07 1.624464995733709e-19
1.0131503817351598e-06 1.4711916335007393e-19
1.0429489223744292e-06 1.6241425139485657e-19
1.0727474630136987e-06 1.781169402784877e-19
1.1025460036529681e-06 1.6982259473121504e-19
1.1323445442922375e-06 1.6697017762324728e-19
1.162143084931507e-06 1.7014524419158485e-19
1.1919416255707762e-06 1.830112591634803e-19
1.2217401662100459e-06 1.900304520101867e-19
1.2515387068493153e-06 1.7306493656953649e-19
1.2813372474885845e-06 1.7810565488031625e-19
1.311135788127854e-06 2.0008146626355055e-19
1.3409343287671234e-06 1.9719154924523446e-19
1.3707328694063928e-06 1.8995128547738467e-19
1.4005314100456623e-06 1.9097859737011552e-19
1.4303299506849317e-06 2.0373189260375953e-19
1.460128491324201e-06 2.1584055525211996e-19
1.4899270319634704e-06 2.0232623188452936e-19
1.5197255726027398e-06 1.9737468465030583e-19
1.5495241132420092e-06 2.196284877853668e-19
1.5793226538812787e-06 2.24275312053603e-19
1.609121194520548e-06 2.122597087348223e-19
1.6389197351598173e-06 2.1292859463412454e-19
1.668718275799087e-06 2.226599922074209e-19
1.6985168164383562e-06 2.3627274290985575e-19
1.7283153570776256e-06 2.282643421389437e-19
1.758113897716895e-06 2.1580643891203237e-19
1.7879124383561645e-06 2.381180797548043e-19
1.817710978995434e-06 2.4846907616479603e-19
1.8475095196347032e-06 2.3453356465635164e-19
1.8773080602739728e-06 2.3348521178256227e-19
1.907106600913242e-06 2.42500437784483e-19
1.9369051415525115e-06 2.5545917211814166e-19
1.966703682191781e-06 2.5355555736041917e-19
1.9965022228310504e-06 2.3813857697706296e-19
2.0263007634703196e-06 2.5102732508989587e-19
2.0560993041095892e-06 2.694690917386428e-19
2.0858978447488585e-06 2.569399767118878e-19
2.1156963853881277e-06 2.5134039446638876e-19
2.1454949260273973e-06 2.6035739810184894e-19
2.175293466666667e-06 2.711086311855608e-19
2.2050920073059362e-06 2.774245112801953e-19
2.234890547945206e-06 2.586277906710474e-19
2.264689088584475e-06 2.621988332873879e-19
2.2944876292237443e-06 2.8836261453099013e-19
2.324286169863014e-06 2.795631376577147e-19
2.354084710502283e-06 2.683274325229497e-19
2.3838832511415524e-06 2.7448489782337497e-19
2.413681791780822e-06 2.863909175186959e-19
2.4434803324200917e-06 2.9447201528596663e-19
2.473278873059361e-06 2.7877964088866357e-19
2.5030774136986306e-06 2.755122597486873e-19
2.5328759543379e-06 3.0105501199105524e-19
2.562674494977169e-06 3.0280360781549815e-19
2.5924730356164387e-06 2.8459304308689823e-19
2.622271576255708e-06 2.8892153030751575e-19
2.652070116894977e-06 3.017075193460332e-19
2.6818686575342468e-06 3.09062599996646e-19
2.711667198173516e-06 3.005664552540119e-19
2.7414657388127857e-06 2.879317511220589e-19
2.7712642794520553e-06 3.0905633592732717e-19
2.8010628200913245e-06 3.200473306047868e-19
2.8308613607305938e-06 3.0194560874398803e-19
2.8606599013698634e-06 3.0064714406687167e-19
2.8904584420091326e-06 3.120712722066101e-19
2.920256982648402e-06 3.236547283783156e-19
2.950055523287671e-06 3.176841411764277e-19
2.9798540639269407e-06 3.0118864202700354e-19
3.00965260456621e-06 3.1789214063615727e-19
3.0394511452054796e-06 3.3436177041598145e-19
3.0692496858447492e-06 3.1847225069816737e-19
3.0990482264840185e-06 3.105451625117964e-19
3.1288467671232877e-06 3.2170442695885236e-19
3.1586453077625573e-06 3.3313966316823534e-19
3.1884438484018266e-06 3.3233833345067585e-19
3.218242389041096e-06 3.1460150171484844e-19
3.2480409296803654e-06 3.199163116932523e-19
3.2778394703196347e-06 3.4857509400570836e-19
3.3076380109589043e-06 3.3665242018288614e-19
3.337436551598174e-06 3.1765251103139747e-19
3.367235092237443e-06 3.3208935579609573e-19
3.3970336328767124e-06 3.41790336242024e-19
3.426832173515982e-06 3.428832396198976e-19
3.4566307141552513e-06 3.290988114632711e-19
3.4864292547945205e-06 3.2471329210054213e-19
3.51622779543379e-06 3.517242571455034e-19
3.5460263360730594e-06 3.486750721524831e-19
3.575824876712329e-06 3.2751128839359177e-19
3.6056234173515983e-06 3.3540450282336244e-19
3.635421957990868e-06 3.4941140708748294e-19
3.6652204986301376e-06 3.5214037336382806e-19
3.6950190392694064e-06 3.3976295343702133e-19
3.724817579908676e-06 3.3144404131569697e-19
3.7546161205479457e-06 3.5197378765376197e-19
3.7844146611872145e-06 3.600929558003303e-19
3.814213201826484e-06 3.378975284520293e-19
3.844011742465754e-06 3.3619111152256223e-19
3.873810283105023e-06 3.5212014575037673e-19
3.903608823744293e-06 3.570916299268283e-19
3.933407364383562e-06 3.494840034078576e-19
3.963205905022831e-06 3.3482914913078866e-19
3.993004445662101e-06 3.4990970829626034e-19
4.02280298630137e-06 3.684021070036202e-19
4.052601526940639e-06 3.4596658807975493e-19
4.082400067579909e-06 3.3833288582267367e-19
4.1121986082191785e-06 3.540573531920113e-19
4.141997148858447e-06 3.590886601785841e-19
4.171795689497717e-06 3.5512827744806643e-19
4.201594230136987e-06 3.381418944916538e-19
4.231392770776255e-06 3.4542646851081288e-19
4.261191311415525e-06 3.684162339183877e-19
4.290989852054795e-06 3.509840071163628e-19
4.320788392694064e-06 3.355293393303741e-19
4.350586933333334e-06 3.5062646494597927e-19
4.380385473972604e-06 3.601075062274635e-19
4.4101840146118724e-06 3.5617703851228775e-19
4.439982555251142e-06 3.413100254153652e-19
4.469781095890412e-06 3.4025244121215475e-19
4.4995796365296805e-06 3.63976370564885e-19
4.52937817716895e-06 3.569339070167961e-19
4.55917671780822e-06 3.3164351191811944e-19
4.588975258447489e-06 3.4431884525008085e-19
4.618773799086758e-06 3.5712328017240407e-19
4.648572339726028e-06 3.5227007658305536e-19
4.678370880365297e-06 3.412112012390504e-19
4.708169421004566e-06 3.320489961409002e-19
4.737967961643836e-06 3.548084042267362e-19
4.767766502283105e-06 3.5848017206058154e-19
4.7975650429223745e-06 3.301951078564871e-19
4.827363583561644e-06 3.337104596106719e-19
4.857162124200913e-06 3.4909043937841444e-19
4.886960664840183e-06 3.483145927448281e-19
4.916759205479453e-06 3.3770651028285823e-19
4.946557746118722e-06 3.2526924685585413e-19
4.9763562867579915e-06 3.3863184829714956e-19
5.006154827397261e-06 3.533645110298024e-19
5.03595336803653e-06 3.2905358480267463e-19
5.0657519086758e-06 3.1920907914581936e-19
5.095550449315069e-06 3.397963233599847e-19
5.125348989954338e-06 3.4127960899796173e-19
5.155147530593608e-06 3.3108064403382653e-19
5.184946071232877e-06 3.1822624468128736e-19
5.214744611872146e-06 3.2379614907465714e-19
5.244543152511416e-06 3.437755008961933e-19
5.2743416931506855e-06 3.2482075362952223e-19
5.304140233789954e-06 3.062503802373623e-19
5.333938774429224e-06 3.218983820722112e-19
5.3637373150684936e-06 3.3024635442014795e-19
5.393535855707762e-06 3.2184072446186925e-19
5.423334396347032e-06 3.0716659523728642e-19
5.453132936986302e-06 3.0754500158854283e-19
5.482931477625571e-06 3.2711700429076546e-19
5.512730018264841e-06 3.200030766841079e-19
5.542528558904111e-06 2.9453043147221514e-19
5.572327099543379e-06 3.0414995685785546e-19
5.602125640182649e-06 3.1931054434228704e-19
5.631924180821919e-06 3.0905376273377617e-19
5.6617227214611875e-06 2.9452920146025743e-19
5.691521262100457e-06 2.8872189640975807e-19
5.721319802739727e-06 3.074449598668556e-19
5.751118343378996e-06 3.0964313468745093e-19
5.780916884018265e-06 2.7974554429491835e-19
5.810715424657534e-06 2.839643720734751e-19
5.840513965296804e-06 3.0122964209629197e-19
5.870312505936073e-06 2.934644934594689e-19
5.900111046575342e-06 2.8091727668106774e-19
5.929909587214612e-06 2.7126787940789256e-19
5.9597081278538814e-06 2.8384063458162905e-19
5.98950666849315e-06 2.9488756186652497e-19
6.01930520913242e-06 2.669454079095627e-19
6.04910374977169e-06 2.5809587599273815e-19
6.078902290410959e-06 2.799214757798746e-19
6.108700831050229e-06 2.7558582387694417e-19
6.1384993716894985e-06 2.6256265275774295e-19
6.168297912328767e-06 2.5408827021302945e-19
6.198096452968037e-06 2.566359193054824e-19
6.227894993607307e-06 2.73890278637823e-19
6.257693534246575e-06 2.540151558011399e-19
6.287492074885845e-06 2.3388805339703354e-19
6.317290615525115e-06 2.5395278731807437e-19
6.3470891561643835e-06 2.560155777152331e-19
6.376887696803653e-06 2.42136176487698e-19
6.406686237442923e-06 2.3198262055691665e-19
6.436484778082192e-06 2.291234502731494e-19
6.466283318721461e-06 2.4489711936412294e-19
6.496081859360731e-06 2.357647160616806e-19
6.5258804e-06 2.0960376747801842e-19
6.555678940639269e-06 2.222105353830832e-19
6.585477481278539e-06 2.3365055046509173e-19
6.615276021917809e-06 2.1838063454943383e-19
6.645074562557078e-06 2.082265654093617e-19
6.674873103196348e-06 2.0344269384777224e-19
6.704671643835617e-06 2.1462959320888138e-19
6.734470184474886e-06 2.1567878607667806e-19
6.764268725114156e-06 1.8589607451578634e-19
6.794067265753425e-06 1.8717375888066393e-19
6.8238658063926945e-06 2.0567999795584796e-19
6.853664347031964e-06 1.9327134107026778e-19
6.883462887671233e-06 1.7910715578528266e-19
6.913261428310503e-06 1.7428614205467686e-19
6.943059968949772e-06 1.8107605063692241e-19
6.972858509589041e-06 1.8897646230222536e-19
7.002657050228311e-06 1.6515456252009617e-19
7.03245559086758e-06 1.5414708344273784e-19
7.062254131506849e-06 1.73569141065043e-19
7.092052672146119e-06 1.6862477795550874e-19
7.1218512127853884e-06 1.5082407601553932e-19
7.151649753424658e-06 1.4351872043271514e-19
7.181448294063928e-06 1.4719167442166629e-19
7.2112468347031965e-06 1.5811749619808528e-19
7.241045375342466e-06 1.4013533621397524e-19
7.270843915981736e-06 1.1926541678064169e-19
7.3006424566210055e-06 1.3792904021156332e-19
7.330440997260275e-06 1.4198852621171585e-19
7.360239537899545e-06 1.206276356842816e-19
7.390038078538813e-06 1.136612132650924e-19
7.419836619178082e-06 1.1410588579162918e-19
7.449635159817352e-06 1.230979361430087e-19
7.479433700456622e-06 1.1459499429292065e-19
7.509232241095891e-06 8.800593182638732e-20
7.539030781735161e-06 9.843262483057774e-20
7.568829322374429e-06 1.091638312355043e-19
7.5986278630136986e-06 9.124448556294896e-20
7.628426403652968e-06 8.024496805073527e-20
7.658224944292238e-06 7.808046170691887e-20
7.688023484931508e-06 8.784546454675287e-20
7.717822025570775e-06 8.426544363585194e-20
7.747620566210046e-06 5.759770448052573e-20
7.777419106849315e-06 6.056713775112275e-20
7.807217647488585e-06 7.502506193841571e-20
7.837016188127854e-06 6.068892724417008e-20
7.866814728767125e-06 4.7284684824129516e-20
7.896613269406392e-06 4.339943906911248e-20
7.926411810045662e-06 4.6959924115105904e-20
7.956210350684931e-06 5.397252455356097e-20
7.986008891324201e-06 3.0181149220528453e-20
8.01580743196347e-06 1.7894707499752637e-20
8.04560597260274e-06 4.0178845057710464e-20
8.07540451324201e-06 3.144106182473561e-20
8.105203053881278e-06 1.1646944307597962e-20
8.135001594520549e-06 1.0102792783594758e-20
8.164800135159818e-06 1.0470790701107986e-20
8.194598675799088e-06 1.7965015788622293e-20
8.224397216438357e-06 1.787040578671919e-21
8.254195757077626e-06 -1.9933489133412644e-20
8.283994297716895e-06 -2.8125710041961472e-21
8.313792838356165e-06 2.998497288641412e-23
8.343591378995434e-06 -2.3462140819412788e-20
8.373389919634704e-06 -2.9059819007258257e-20
8.403188460273973e-06 -2.5696125600130433e-20
8.432987000913242e-06 -1.9721265854252877e-20
8.46278554155251e-06 -2.9758108947435574e-20
8.492584082191781e-06 -5.500992322217245e-20
8.52238262283105e-06 -4.353708999474553e-20
8.55218116347032e-06 -3.3541741832109675e-20
8.58197970410959e-06 -5.522464941436503e-20
8.611778244748858e-06 -6.491845345853006e-20
8.641576785388129e-06 -6.527117844938719e-20
8.671375326027397e-06 -5.875852091772545e-20
8.701173866666668e-06 -6.092649380551812e-20
8.730972407305937e-06 -8.802056598733561e-20
8.760770947945207e-06 -8.75823959727928e-20
8.790569488584474e-06 -6.912737737009212e-20
8.820368029223745e-06 -8.443694264354563e-20
8.850166569863014e-06 -1.0121260194535357e-19
8.879965110502284e-06 -1.0203095541975664e-19
8.909763651141553e-06 -9.733139856282542e-20
8.939562191780823e-06 -9.445333832827261e-20
8.96936073242009e-06 -1.1758546466308397e-19
8.999159273059361e-06 -1.278732029391996e-19
9.02895781369863e-06 -1.0792008366417313e-19
9.0587563543379e-06 -1.1488605683926797e-19
9.088554894977169e-06 -1.367017633722025e-19
9.11835343561644e-06 -1.3913917156288465e-19
9.148151976255707e-06 -1.331636228084561e-19
9.177950516894977e-06 -1.283176399338581e-19
9.207749057534248e-06 -1.4547957759894427e-19
9.237547598173517e-06 -1.6467556719538913e-19
9.267346138812787e-06 -1.4729055336193955e-19
9.297144679452056e-06 -1.4278084236461165e-19
9.326943220091325e-06 -1.6823851203025852e-19
9.356741760730593e-06 -1.7345555449062566e-19
9.386540301369864e-06 -1.686534495950066e-19
9.416338842009133e-06 -1.648089676127018e-19
9.446137382648403e-06 -1.7261196448124863e-19
9.475935923287672e-06 -1.9721959650450778e-19
9.50573446392694e-06 -1.8607612853058561e-19
9.53553300456621e-06 -1.7231122300495566e-19
9.56533154520548e-06 -1.9729959507509092e-19
9.595130085844749e-06 -2.0613964926395103e-19
9.62492862648402e-06 -2.0164317249133298e-19
9.654727167123288e-06 -1.9845704612204292e-19
9.684525707762557e-06 -1.984789016824153e-19
9.714324248401826e-06 -2.2348194477133677e-19
9.744122789041096e-06 -2.258428818644154e-19
9.773921329680367e-06 -2.050030762154244e-19
9.803719870319636e-06 -2.186432253890156e-19
9.833518410958906e-06 -2.3781290036778394e-19
9.863316951598173e-06 -2.3425142056143935e-19
9.893115492237444e-06 -2.2720105545820847e-19
9.922914032876713e-06 -2.273827887885906e-19
9.952712573515983e-06 -2.4706334672024437e-19
9.982511114155252e-06 -2.5802076344391433e-19
1.0012309654794522e-05 -2.356253446261099e-19
1.004210819543379e-05 -2.4055177138515705e-19
1.007190673607306e-05 -2.6707415895287614e-19
1.0101705276712329e-05 -2.627401762132817e-19
1.01315038173516e-05 -2.5610153928060185e-19
1.0161302357990868e-05 -2.5562907625684477e-19
1.0191100898630139e-05 -2.6863950085779734e-19
1.0220899439269406e-05 -2.8700728033546403e-19
1.0250697979908676e-05 -2.666166173053214e-19
1.0280496520547945e-05 -2.613948541844172e-19
1.0310295061187215e-05 -2.9095243325079813e-19
1.0340093601826484e-05 -2.9234299753373397e-19
1.0369892142465755e-05 -2.833118736359383e-19
1.0399690683105024e-05 -2.820380564115262e-19
1.0429489223744292e-05 -2.891920807158892e-19
1.0459287764383563e-05 -3.1153500266219326e-19
1.0489086305022832e-05 -3.0075686420632297e-19
1.0518884845662102e-05 -2.8358345946385443e-19
1.0548683386301371e-05 -3.099114195370176e-19
1.057848192694064e-05 -3.1885023664587233e-19
1.0608280467579909e-05 -3.0651611366913884e-19
1.0638079008219179e-05 -3.0579835807970797e-19
1.0667877548858448e-05 -3.0732288534586946e-19
1.0697676089497718e-05 -3.2849878725916546e-19
1.0727474630136987e-05 -3.3009063159562147e-19
1.0757273170776256e-05 -3.0491638914800584e-19
1.0787071711415525e-05 -3.2268696535205877e-19
1.0816870252054795e-05 -3.423775523657624e-19
1.0846668792694064e-05 -3.2950199465890144e-19
1.0876467333333335e-05 -3.2561195540145723e-19
1.0906265873972603e-05 -3.2840208405861884e-19
1.0936064414611872e-05 -3.4378677971500163e-19
1.0965862955251143e-05 -3.5283971870804148e-19
1.0995661495890411e-05 -3.2752838020633797e-19
1.1025460036529682e-05 -3.3156362765034314e-19
1.105525857716895e-05 -3.600814814138013e-19
1.1085057117808221e-05 -3.5186112505939297e-19
1.1114855658447488e-05 -3.420380307499666e-19
1.1144654199086759e-05 -3.444581040915309e-19
1.1174452739726028e-05 -3.544253363086136e-19
1.1204251280365298e-05 -3.70177132623617e-19
1.1234049821004567e-05 -3.505227279120406e-19
1.1263848361643837e-05 -3.4254967022105268e-19
1.1293646902283105e-05 -3.721222582597246e-19
1.1323445442922375e-05 -3.705155956809554e-19
1.1353243983561644e-05 -3.5695236120286697e-19
1.1383042524200914e-05 -3.5800841080226585e-19
1.1412841064840183e-05 -3.6416034118602257e-19
1.1442639605479454e-05 -3.810530807751925e-19
1.1472438146118722e-05 -3.692314009629065e-19
1.1502236686757991e-05 -3.519526692296474e-19
1.1532035227397262e-05 -3.7776745411641895e-19
1.156183376803653e-05 -3.868503393103585e-19
1.1591632308675801e-05 -3.68469053398577e-19
1.1621430849315068e-05 -3.6771166178576733e-19
1.1651229389954339e-05 -3.7352560143860585e-19
1.1681027930593607e-05 -3.8675695800212853e-19
1.1710826471232878e-05 -3.8559756669185863e-19
1.1740625011872147e-05 -3.5997355174781687e-19
1.1770423552511417e-05 -3.7669279105260636e-19
1.1800222093150684e-05 -3.9864106949398953e-19
1.1830020633789955e-05 -3.7757090743986674e-19
1.1859819174429224e-05 -3.729039521372231e-19
1.1889617715068494e-05 -3.793349710282282e-19
1.1919416255707763e-05 -3.8848728408119814e-19
1.1949214796347033e-05 -3.9548155026355015e-19
1.19790133369863e-05 -3.713361699022224e-19
1.2008811877625571e-05 -3.7461087358143863e-19
1.203861041826484e-05 -4.0165339328741225e-19
1.206840895890411e-05 -3.886736437647467e-19
1.209820749954338e-05 -3.7561324622534075e-19
1.212800604018265e-05 -3.8116686120380796e-19
1.2157804580821918e-05 -3.8831348018583344e-19
1.2187603121461187e-05 -3.9810671632508565e-19
1.2217401662100458e-05 -3.793637482060319e-19
1.2247200202739726e-05 -3.711320589294605e-19
1.2276998743378997e-05 -3.9955137357464633e-19
1.2306797284018266e-05 -3.9568451517359993e-19
1.2336595824657535e-05 -3.770966370555528e-19
1.2366394365296803e-05 -3.8102563954305494e-19
1.2396192905936074e-05 -3.8758186644718437e-19
1.2425991446575343e-05 -3.9748307325768036e-19
1.2455789987214613e-05 -3.862778008510125e-19
1.2485588527853882e-05 -3.6669537240912313e-19
1.251538706849315e-05 -3.910621035727572e-19
1.254518560913242e-05 -4.007209453590836e-19
1.257498414977169e-05 -3.740786549084314e-19
1.2604782690410959e-05 -3.7688820446292933e-19
1.263458123105023e-05 -3.861788520268796e-19
1.26643797716895e-05 -3.9032442340393897e-19
1.2694178312328767e-05 -3.891260621006492e-19
1.2723976852968037e-05 -3.6540103392370636e-19
1.2753775393607306e-05 -3.7847226198006567e-19
1.2783573934246577e-05 -4.0012877192138103e-19
1.2813372474885846e-05 -3.7532436407754956e-19
1.2843171015525116e-05 -3.6751605414477474e-19
1.2872969556164383e-05 -3.7879174410741756e-19
1.2902768096803654e-05 -3.828292963448459e-19
1.2932566637442922e-05 -3.8412906870949026e-19
1.2962365178082193e-05 -3.625545473602895e-19
1.2992163718721462e-05 -3.642450672669667e-19
1.3021962259360732e-05 -3.92562440130887e-19
1.30517608e-05 -3.7519541127675517e-19
1.308155934063927e-05 -3.570538524350851e-19
1.3111357881278539e-05 -3.7072769976366523e-19
1.314115642191781e-05 -3.7342730645012126e-19
1.3170954962557078e-05 -3.7404218703586673e-19
1.3200753503196348e-05 -3.607762029026166e-19
1.3230552043835617e-05 -3.4979335154336814e-19
1.3260350584474886e-05 -3.745722215930811e-19
1.3290149125114157e-05 -3.710715725336146e-19
1.3319947665753425e-05 -3.464531297844205e-19
1.3349746206392696e-05 -3.5544985996226274e-19
1.3379544747031965e-05 -3.620505667647126e-19
1.3409343287671233e-05 -3.6184570640033986e-19
1.3439141828310502e-05 -3.548376254179595e-19
1.3468940368949773e-05 -3.3695382697274346e-19
1.3498738909589042e-05 -3.544501470073687e-19
1.3528537450228312e-05 -3.641311851314938e-19
1.3558335990867581e-05 -3.3514110846935483e-19
1.358813453150685e-05 -3.354449697989955e-19
1.3617933072146118e-05 -3.4801353423953057e-19
1.3647731612785389e-05 -3.467580758650586e-19
1.3677530153424658e-05 -3.4266422906982054e-19
1.3707328694063928e-05 -3.231846031242233e-19
1.3737127234703197e-05 -3.3309444164984555e-19
1.3766925775342466e-05 -3.5111118159148534e-19
1.3796724315981736e-05 -3.249720743365979e-19
1.3826522856621005e-05 -3.1769880022400217e-19
1.3856321397260276e-05 -3.3015603113482465e-19
1.3886119937899544e-05 -3.289371292233491e-19
1.3915918478538815e-05 -3.2702351154931193e-19
1.3945717019178082e-05 -3.092070829777537e-19
1.3975515559817353e-05 -3.0887837616574263e-19
1.4005314100456621e-05 -3.316624482797444e-19
1.4035112641095892e-05 -3.129000590352164e-19
1.406491118173516e-05 -2.9562978337401255e-19
1.4094709722374431e-05 -3.109748387388198e-19
1.4124508263013698e-05 -3.0993575496365193e-19
1.4154306803652969e-05 -3.0775694719678263e-19
1.4184105344292238e-05 -2.9796144908417373e-19
1.4213903884931508e-05 -2.8628497071579235e-19
1.4243702425570777e-05 -3.07502500993637e-19
1.4273500966210046e-05 -3.0181997278711213e-19
1.4303299506849316e-05 -2.74781350357893e-19
1.4333098047488585e-05 -2.8608562162279556e-19
1.4362896588127855e-05 -2.9289357354431495e-19
1.4392695128767124e-05 -2.8520304447724208e-19
1.4422493669406393e-05 -2.801122949866192e-19
1.4452292210045664e-05 -2.6571222695918535e-19
1.4482090750684932e-05 -2.7974583860228494e-19
1.4511889291324203e-05 -2.883294939636418e-19
1.4541687831963472e-05 -2.562303795867584e-19
1.4571486372602739e-05 -2.5925716333094487e-19
1.4601284913242011e-05 -2.7302428276191616e-19
1.4631083453881278e-05 -2.6271752962937383e-19
1.466088199452055e-05 -2.6091520746401492e-19
1.4690680535159817e-05 -2.463636422254718e-19
1.472047907579909e-05 -2.4934652914045373e-19
1.4750277616438357e-05 -2.666704451896665e-19
1.4780076157077625e-05 -2.4208596478266878e-19
1.4809874697716896e-05 -2.3157680713627585e-19
1.4839673238356165e-05 -2.47769893971742e-19
1.4869471778995435e-05 -2.427864902797388e-19
1.4899270319634704e-05 -2.36894159623791e-19
1.4929068860273973e-05 -2.270625370625154e-19
1.4958867400913243e-05 -2.22156901540895e-19
1.4988665941552512e-05 -2.4138073018767553e-19
1.5018464482191783e-05 -2.267563381117818e-19
1.5048263022831051e-05 -2.0401426857687307e-19
1.5078061563470322e-05 -2.2076742459113414e-19
1.510786010410959e-05 -2.2108548455223458e-19
1.5137658644748858e-05 -2.11584167701736e-19
1.516745718538813e-05 -2.0633308296034525e-19
1.5197255726027397e-05 -1.944081469851072e-19
1.522705426666667e-05 -2.1052761138761592e-19
1.5256852807305936e-05 -2.109273564605654e-19
1.5286651347945204e-05 -1.8105835264127426e-19
1.5316449888584476e-05 -1.8907444433922664e-19
1.5346248429223745e-05 -1.9885792741723183e-19
1.5376046969863017e-05 -1.8636072097253807e-19
1.5405845510502282e-05 -1.8164011443569308e-19
1.543564405114155e-05 -1.6973977817298454e-19
1.5465442591780823e-05 -1.7698437463595314e-19
1.5495241132420092e-05 -1.8790852760345917e-19
1.552503967305936e-05 -1.5909542715261355e-19
1.555483821369863e-05 -1.5653585970543e-19
1.5584636754337902e-05 -1.7345821710936423e-19
1.561443529497717e-05 -1.6221238408683768e-19
1.564423383561644e-05 -1.5609121870679772e-19
1.5674032376255708e-05 -1.4595667556041818e-19
1.5703830916894977e-05 -1.4671885186019799e-19
1.573362945753425e-05 -1.6166373541132536e-19
1.5763427998173518e-05 -1.379388750428078e-19
1.5793226538812783e-05 -1.2585341028456197e-19
1.5823025079452056e-05 -1.4269142080601361e-19
1.5852823620091324e-05 -1.3627446222402357e-19
1.5882622160730597e-05 -1.2918972438410926e-19
1.5912420701369862e-05 -1.2080703629037134e-19
1.5942219242009134e-05 -1.147921267694103e-19
1.5972017782648403e-05 -1.311624509525844e-19
1.6001816323287672e-05 -1.1892675197698674e-19
1.603161486392694e-05 -9.65277195474116e-20
1.606141340456621e-05 -1.1182957365042238e-19
1.609121194520548e-05 -1.1213410053481325e-19
1.612101048584475e-05 -9.85729822948224e-20
1.615080902648402e-05 -9.60913076336729e-20
1.6180607567123288e-05 -8.545981347412378e-20
1.6210406107762557e-05 -9.639590969781356e-20
1.624020464840183e-05 -9.739262539782282e-20
1.6270003189041098e-05 -6.899401025527569e-20
1.6299801729680367e-05 -7.695972350359588e-20
1.6329600270319635e-05 -8.647692099925295e-20
1.6359398810958904e-05 -7.39010409746402e-20
1.6389197351598176e-05 -6.991874950631036e-20
1.6418995892237442e-05 -5.863684032620341e-20
1.6448794432876714e-05 -6.400554930084602e-20
1.6478592973515983e-05 -7.338995857277404e-20
1.650839151415525e-05 -4.8140560229321025e-20
1.653819005479452e-05 -4.368091007364601e-20
1.656798859543379e-05 -5.76743060490713e-20
1.659778713607306e-05 -4.7984319119967354e-20
1.662758567671233e-05 -4.178966865503409e-20
1.66573842173516e-05 -3.362197881788006e-20
1.6687182757990868e-05 -3.2649614343976455e-20
1.6716981298630137e-05 -4.712935062802003e-20
1.674677983926941e-05 -2.679129351338225e-20
1.6776578379908678e-05 -1.1491255522947197e-20
1.6806376920547946e-05 -3.033071985658225e-20
1.6836175461187215e-05 -2.5121318073351504e-20
1.6865974001826484e-05 -1.3098080690383063e-20
1.6895772542465756e-05 -7.712976215877202e-21
1.692557108310502e-05 -2.3107865375653437e-21
1.6955369623744294e-05 -1.609798771234471e-20
1.6985168164383563e-05 -5.300225659080973e-21
1.7014966705022835e-05 1.61844207925495e-20
1.70447652456621e-05 1.8380188856380435e-21
1.707456378630137e-05 2.1073599281792662e-22
1.710436232694064e-05 1.184205538798609e-20
1.713416086757991e-05 1.56617268513406e-20
1.716395940821918e-05 2.5886845773137485e-20
1.7193757948858448e-05 1.5540077950910273e-20
1.7223556489497716e-05 1.366652025429681e-20
1.725335503013699e-05 4.0734684668063847e-20
1.7283153570776257e-05 3.6328842265227665e-20
1.7312952111415526e-05 2.53914928729491e-20
1.7342750652054795e-05 3.7771032082111726e-20
1.7372549192694067e-05 4.2913918112277905e-20
1.7402347733333336e-05 5.051357819350118e-20
1.74321462739726e-05 4.662916491783185e-20
1.7461944814611874e-05 3.7214337967032585e-20
1.7491743355251142e-05 6.185189901970739e-20
1.7521541895890414e-05 6.889337972448692e-20
1.755134043652968e-05 4.930915470167539e-20
1.758113897716895e-05 6.027707622641168e-20
1.761093751780822e-05 7.064211173146928e-20
1.764073605844749e-05 7.342274017230189e-20
1.767053459908676e-05 7.897981012098838e-20
1.7700333139726027e-05 6.463279218448791e-20
1.77301316803653e-05 7.950694964606886e-20
1.7759930221004568e-05 9.8750875144078e-20
1.7789728761643837e-05 7.88486559909015e-20
1.7819527302283106e-05 8.180692458860955e-20
1.7849325842922375e-05 9.484158387267025e-20
1.7879124383561647e-05 9.878177204727622e-20
1.7908922924200916e-05 1.050647980434506e-19
1.793872146484018e-05 9.107348763238741e-20
1.7968520005479453e-05 9.875530262947064e-20
1.7998318546118722e-05 1.2468086846631018e-19
1.8028117086757994e-05 1.0982114498762777e-19
1.805791562739726e-05 1.0305052323554044e-19
1.8087714168036532e-05 1.1979172075518098e-19
1.81175127086758e-05 1.2297165513132586e-19
1.814731124931507e-05 1.2903290591971095e-19
1.8177109789954338e-05 1.2046449187759538e-19
1.8206908330593607e-05 1.1621361450511681e-19
1.823670687123288e-05 1.4517320410248084e-19
1.8266505411872148e-05 1.4075006823213694e-19
1.8296303952511414e-05 1.2362581717711668e-19
1.8326102493150686e-05 1.416934093790804e-19
1.8355901033789954e-05 1.4739713963893261e-19
1.8385699574429227e-05 1.505876912560968e-19
1.8415498115068495e-05 1.4976003998633863e-19
1.8445296655707764e-05 1.3848638691740307e-19
1.8475095196347033e-05 1.6270588842550945e-19
1.8504893736986302e-05 1.6899204372992706e-19
1.8534692277625574e-05 1.4688510642370571e-19
1.856449081826484e-05 1.5803881939023727e-19
1.859428935890411e-05 1.6925540132850673e-19
1.862408789954338e-05 1.7113189045056468e-19
1.865388644018265e-05 1.726802788695333e-19
1.8683684980821918e-05 1.6058844145781863e-19
1.8713483521461187e-05 1.7621071475431851e-19
1.874328206210046e-05 1.9562487886650378e-19
1.8773080602739728e-05 1.735990663756027e-19
1.8802879143378997e-05 1.7360385840071627e-19
1.8832677684018265e-05 1.930051627644774e-19
1.8862476224657534e-05 1.9075235367058163e-19
1.8892274765296806e-05 1.939286937775169e-19
1.8922073305936075e-05 1.8613211376316124e-19
1.8951871846575344e-05 1.8876877689717096e-19
1.8981670387214613e-05 2.1533853235968132e-19
1.901146892785388e-05 2.0089389889776062e-19
1.9041267468493154e-05 1.8967400020782994e-19
1.907106600913242e-05 2.1134814398369878e-19
1.910086454977169e-05 2.139581770484105e-19
1.913066309041096e-05 2.1403957524800758e-19
1.916046163105023e-05 2.0906016822811852e-19
1.9190260171689498e-05 2.0399201363006852e-19
1.9220058712328767e-05 2.29597071259733e-19
1.924985725296804e-05 2.2885195460651754e-19
1.9279655793607308e-05 2.065133066146524e-19
1.9309454334246576e-05 2.2372094438393908e-19
1.9339252874885845e-05 2.35372690796013e-19
1.9369051415525114e-05 2.306565667050333e-19
1.9398849956164386e-05 2.2983234526404265e-19
1.942864849680365e-05 2.2255506806543974e-19
1.9458447037442924e-05 2.428193855894178e-19
1.9488245578082193e-05 2.5302823007061156e-19
1.951804411872146e-05 2.2638749305012044e-19
1.9547842659360734e-05 2.3612730809847724e-19
1.95776412e-05 2.551338851989898e-19
1.960743974063927e-05 2.4868741030524426e-19
1.963723828127854e-05 2.476576812907396e-19
1.9667036821917812e-05 2.407396889107696e-19
1.9696835362557078e-05 2.5247673844998174e-19
1.9726633903196346e-05 2.719374703998869e-19
1.975643244383562e-05 2.4828912930271587e-19
1.9786230984474887e-05 2.453063043704491e-19
1.9816029525114156e-05 2.716235067559843e-19
1.9845828065753425e-05 2.668637247357526e-19
1.9875626606392694e-05 2.633183995542218e-19
1.9905425147031966e-05 2.599409049620419e-19
1.993522368767123e-05 2.626758089629143e-19
1.9965022228310504e-05 2.8661886449145813e-19
1.9994820768949772e-05 2.7081991261358025e-19
2.0024619309589045e-05 2.5726281798626145e-19
2.005441785022831e-05 2.8060425928348444e-19
2.008421639086758e-05 2.835094937450184e-19
2.011401493150685e-05 2.784135256081562e-19
2.014381347214612e-05 2.748781663387071e-19
2.0173612012785392e-05 2.749514673399883e-19
2.0203410553424657e-05 2.951375565220991e-19
2.0233209094063926e-05 2.9128773037657187e-19
2.02630076347032e-05 2.7082970290877233e-19
2.0292806175342467e-05 2.8937011505612857e-19
2.0322604715981736e-05 3.009087500522191e-19
2.0352403256621005e-05 2.8920592513499267e-19
2.0382201797260277e-05 2.8923695604482936e-19
2.0412000337899546e-05 2.8459141372765876e-19
2.044179887853881e-05 2.9863642215635e-19
2.0471597419178083e-05 3.090817966839677e-19
2.0501395959817352e-05 2.8309060715863163e-19
2.0531194500456624e-05 2.913665950584596e-19
2.056099304109589e-05 3.130411863001354e-19
2.059079158173516e-05 3.003303019859648e-19
2.062059012237443e-05 2.968393888692939e-19
2.06503886630137e-05 2.9633051900060237e-19
2.068018720365297e-05 3.0426644827345254e-19
2.0709985744292237e-05 3.19790156436362e-19
2.073978428493151e-05 2.965325410673118e-19
2.0769582825570778e-05 2.930561442000973e-19
2.0799381366210047e-05 3.1932465475031115e-19
2.0829179906849316e-05 3.111876452091287e-19
2.0858978447488585e-05 3.048129336069888e-19
2.0888776988127857e-05 3.052678934561896e-19
2.0918575528767126e-05 3.060660969727137e-19
2.094837406940639e-05 3.2543837192374736e-19
2.0978172610045663e-05 3.1159060391991743e-19
2.1007971150684932e-05 2.953501447259024e-19
2.1037769691324204e-05 3.213053884325475e-19
2.106756823196347e-05 3.2217847677872197e-19
2.1097366772602742e-05 3.0807057612524677e-19
2.112716531324201e-05 3.1108772185170883e-19
2.115696385388128e-05 3.103939974283666e-19
2.1186762394520548e-05 3.2511329736238993e-19
2.1216560935159817e-05 3.2204794697235493e-19
2.124635947579909e-05 2.983204071917949e-19
2.1276158016438358e-05 3.189212954610882e-19
2.1305956557077627e-05 3.304000409840604e-19
2.1335755097716896e-05 3.1264334293473494e-19
2.1365553638356164e-05 3.1390282470428545e-19
2.1395352178995437e-05 3.127970616645989e-19
2.1425150719634705e-05 3.232016969645922e-19
2.1454949260273974e-05 3.294577201006536e-19
2.1484747800913243e-05 3.0374049284585275e-19
2.1514546341552512e-05 3.133342292234683e-19
2.1544344882191784e-05 3.333015381317167e-19
2.157414342283105e-05 3.1558185974611885e-19
2.160394196347032e-05 3.135356201708247e-19
2.163374050410959e-05 3.1646120184905586e-19
2.166353904474886e-05 3.190862698910521e-19
2.1693337585388128e-05 3.321206031730119e-19
2.1723136126027397e-05 3.1085874260917054e-19
2.175293466666667e-05 3.067733451498465e-19
2.1782733207305938e-05 3.321253654453764e-19
2.1812531747945207e-05 3.20923898507314e-19
2.1842330288584475e-05 3.1222356345138895e-19
2.1872128829223744e-05 3.1551431407546296e-19
2.1901927369863016e-05 3.149716179850512e-19
2.1931725910502285e-05 3.284351499102102e-19
2.1961524451141554e-05 3.152874673439133e-19
2.1991322991780823e-05 3.008332409702636e-19
2.202112153242009e-05 3.2548896126612297e-19
2.2050920073059364e-05 3.2445730162491155e-19
2.208071861369863e-05 3.081648084028677e-19
2.21105171543379e-05 3.1304735358836784e-19
2.214031569497717e-05 3.1314534040896525e-19
2.2170114235616442e-05 3.22007345560203e-19
2.2199912776255708e-05 3.1777564769062883e-19
2.2229711316894977e-05 2.972003202906057e-19
2.225950985753425e-05 3.1427353698456455e-19
2.2289308398173518e-05 3.2406946354376835e-19
2.2319106938812786e-05 3.0484076632658216e-19
2.2348905479452055e-05 3.063259433661262e-19
2.2378704020091324e-05 3.093063041721024e-19
2.2408502560730596e-05 3.1258904520243033e-19
2.2438301101369865e-05 3.171900973742586e-19
2.2468099642009134e-05 2.9510766941779853e-19
2.2497898182648403e-05 3.0100233318957683e-19
2.2527696723287675e-05 3.2167404000823485e-19
2.2557495263926944e-05 3.0140854056081358e-19
2.258729380456621e-05 2.96192004493649e-19
2.261709234520548e-05 3.0322580319755245e-19
2.264689088584475e-05 3.0111170603732715e-19
2.2676689426484022e-05 3.0844366287845157e-19
2.2706487967123288e-05 2.9281868110394036e-19
2.2736286507762556e-05 2.880778405750439e-19
2.276608504840183e-05 3.109582209564557e-19
2.2795883589041097e-05 2.9799448628037117e-19
2.2825682129680366e-05 2.853858992212905e-19
2.2855480670319635e-05 2.947558749847339e-19
2.2885279210958907e-05 2.9110621996241453e-19
2.2915077751598176e-05 2.958943358337294e-19
2.2944876292237445e-05 2.8868761044564787e-19
2.2974674832876714e-05 2.743290928758416e-19
2.3004473373515982e-05 2.9401659167570457e-19
2.3034271914155255e-05 2.9199739782573276e-19
2.3064070454794523e-05 2.724215441933106e-19
2.309386899543379e-05 2.8204360777784165e-19
2.312366753607306e-05 2.8144832589004297e-19
2.315346607671233e-05 2.812156718459052e-19
2.3183264617351602e-05 2.824537044403172e-19
2.3213063157990867e-05 2.633940291203226e-19
2.3242861698630136e-05 2.759675178957688e-19
2.327266023926941e-05 2.840391657111754e-19
2.3302458779908677e-05 2.6043368059840173e-19
2.3332257320547946e-05 2.6581017071262755e-19
2.3362055861187215e-05 2.6896331778454143e-19
2.3391854401826487e-05 2.632227670152981e-19
2.3421652942465756e-05 2.697969459704208e-19
2.345145148310502e-05 2.5290737580482333e-19
2.3481250023744293e-05 2.5281484229210554e-19
2.3511048564383562e-05 2.7202448129189646e-19
2.3540847105022834e-05 2.5226140640906363e-19
2.3570645645662103e-05 2.4504257836666457e-19
2.360044418630137e-05 2.5505353439777924e-19
2.363024272694064e-05 2.4766381283141603e-19
2.366004126757991e-05 2.5261923617043267e-19
2.3689839808219182e-05 2.423918526946016e-19
2.3719638348858447e-05 2.308849903250782e-19
2.374943688949772e-05 2.5120889985309143e-19
2.3779235430136988e-05 2.415821251074435e-19
2.3809033970776257e-05 2.2509522919642673e-19
2.3838832511415526e-05 2.376805459654831e-19
2.3868631052054795e-05 2.3185794721329394e-19
2.3898429592694067e-05 2.3209385985817874e-19
2.3928228133333336e-05 2.312643024043958e-19
2.39580266739726e-05 2.1317178163681755e-19
2.3987825214611873e-05 2.2886660865659302e-19
2.4017623755251142e-05 2.2762012580407045e-19
2.4047422295890414e-05 2.0489040017909487e-19
2.407722083652968e-05 2.171677026861017e-19
2.4107019377168952e-05 2.1495601893724262e-19
2.413681791780822e-05 2.0749291973157581e-19
2.416661645844749e-05 2.1217400442004617e-19
2.419641499908676e-05 1.9624710748982654e-19
2.4226213539726027e-05 2.0163028625239024e-19
2.42560120803653e-05 2.1122515547308119e-19
2.4285810621004568e-05 1.9118968882674355e-19
2.4315609161643837e-05 1.9142427075547255e-19
2.4345407702283106e-05 1.9489737984879003e-19
2.4375206242922374e-05 1.869009509600572e-19
2.4405004783561647e-05 1.9111564864407485e-19
2.4434803324200915e-05 1.7853198281980357e-19
2.4464601864840184e-05 1.7257007395846063e-19
2.4494400405479453e-05 1.8778512447856907e-19
2.4524198946118722e-05 1.7285501308694848e-19
2.4553997486757994e-05 1.6275818862424296e-19
2.458379602739726e-05 1.7331106636724026e-19
2.461359456803653e-05 1.6360597989847292e-19
2.46433931086758e-05 1.6448255309426805e-19
2.467319164931507e-05 1.610754005480154e-19
2.470299018995434e-05 1.4387198542103396e-19
2.4732788730593607e-05 1.5934594667670365e-19
2.476258727123288e-05 1.556127969073148e-19
2.4792385811872148e-05 1.3555975571315984e-19
2.482218435251142e-05 1.4455820934354157e-19
2.4851982893150685e-05 1.3995583296423566e-19
2.4881781433789954e-05 1.363771397695466e-19
2.4911579974429226e-05 1.3561421915205763e-19
2.4941378515068495e-05 1.1978024155503802e-19
2.4971177055707764e-05 1.2922381721190478e-19
2.5000975596347033e-05 1.3153943276692024e-19
2.50307741369863e-05 1.108102006930317e-19
2.5060572677625574e-05 1.1602471719379922e-19
2.509037121826484e-05 1.1629462254849072e-19
2.512016975890411e-05 1.0606568023518138e-19
2.514996829954338e-05 1.11767423553189e-19
2.5179766840182652e-05 9.552023645949886e-20
2.5209565380821918e-05 9.225953106409494e-20
2.5239363921461187e-05 1.0808843198094726e-19
2.526916246210046e-05 8.676411420570153e-20
2.5298961002739728e-05 8.312317557449191e-20
2.5328759543379e-05 9.080674673995658e-20
2.5358558084018265e-05 7.700620806008496e-20
2.5388356624657534e-05 8.249487878322958e-20
2.5418155165296806e-05 7.247889021063771e-20
2.5447953705936075e-05 6.153939500307236e-20
2.5477752246575344e-05 7.854805228522647e-20
2.5507550787214613e-05 6.380024386096953e-20
2.5537349327853885e-05 5.1715370355095184e-20
2.5567147868493154e-05 6.27211669542475e-20
2.559694640913242e-05 5.0400469359064704e-20
2.562674494977169e-05 5.107939049117341e-20
2.565654349041096e-05 4.964430871071251e-20
2.5686342031050232e-05 2.974772213244234e-20
2.5716140571689498e-05 4.43407940981495e-20
2.5745939112328766e-05 4.264445819037467e-20
2.577573765296804e-05 2.036548907594947e-20
2.5805536193607307e-05 2.998468923680694e-20
2.5835334734246576e-05 2.5333637839578425e-20
2.5865133274885845e-05 1.8136022412428336e-20
2.5894931815525117e-05 2.211711368028575e-20
2.5924730356164386e-05 3.599381743478327e-21
2.5954528896803655e-05 6.997490654639628e-21
2.5984327437442924e-05 1.687691794980497e-20
2.6014125978082192e-05 -5.395670905924483e-21
2.6043924518721465e-05 -5.263887400350077e-21
2.6073723059360733e-05 -1.8803894631623132e-21
2.61035216e-05 -1.1773230768768365e-20
2.613332014063927e-05 -4.500661377071143e-21
2.616311868127854e-05 -2.195313471067342e-20
2.6192917221917812e-05 -2.795119119223625e-20
2.6222715762557077e-05 -9.816304622159486e-21
2.625251430319635e-05 -3.2450300658816765e-20
2.628231284383562e-05 -3.997537631894168e-20
2.6312111384474887e-05 -3.0534140801093336e-20
2.6341909925114156e-05 -4.235986719679672e-20
2.6371708465753425e-05 -3.818782117585986e-20
2.6401507006392697e-05 -4.7773135645465947e-20
2.6431305547031966e-05 -6.137893113087243e-20
2.6461104087671235e-05 -4.411094428723492e-20
2.6490902628310503e-05 -5.482470803435617e-20
2.6520701168949772e-05 -7.243132439535163e-20
2.6550499709589044e-05 -6.147531630894716e-20
2.6580298250228313e-05 -7.015794862793873e-20
2.6610096790867582e-05 -7.322736456376079e-20
2.663989533150685e-05 -7.209037128699953e-20
2.666969387214612e-05 -9.444575324848212e-20
2.6699492412785392e-05 -8.323785908150803e-20
2.6729290953424657e-05 -7.827063081697779e-20
2.675908949406393e-05 -1.0357136949160956e-19
2.6788888034703198e-05 -9.574259460882939e-20
2.6818686575342467e-05 -9.690140849903469e-20
2.6848485115981736e-05 -1.0587047554777216e-19
2.6878283656621005e-05 -1.0141548425336856e-19
2.6908082197260277e-05 -1.2125597779570493e-19
2.6937880737899546e-05 -1.1864671456147815e-19
2.6967679278538814e-05 -1.0583327194078015e-19
2.6997477819178083e-05 -1.302340349145686e-19
2.7027276359817352e-05 -1.3296312581965776e-19
2.7057074900456624e-05 -1.257554579566247e-19
2.7086873441095893e-05 -1.373748632899806e-19
2.7116671981735162e-05 -1.3309693638439108e-19
2.714647052237443e-05 -1.4582398304517238e-19
2.71762690630137e-05 -1.55297408921002e-19
2.720606760365297e-05 -1.3579267206277886e-19
2.7235866144292237e-05 -1.534645983816159e-19
2.726566468493151e-05 -1.6820072117744796e-19
2.7295463225570778e-05 -1.5456836500423972e-19
2.7325261766210047e-05 -1.6551095760929864e-19
2.7355060306849316e-05 -1.6721601027619955e-19
2.7384858847488584e-05 -1.7124187098832822e-19
2.7414657388127857e-05 -1.8860441734832065e-19
2.7444455928767125e-05 -1.7123600433623375e-19
2.7474254469406394e-05 -1.7582099588747145e-19
2.7504053010045663e-05 -1.9976601691236574e-19
2.7533851550684932e-05 -1.875924558818661e-19
2.7563650091324204e-05 -1.9045702552154477e-19
2.7593448631963473e-05 -1.9823697183470035e-19
2.762324717260274e-05 -1.9736824020010486e-19
2.765304571324201e-05 -2.1616488839773494e-19
2.768284425388128e-05 -2.0570877592969565e-19
2.771264279452055e-05 -1.9984731564149158e-19
2.7742441335159817e-05 -2.2787465681132707e-19
2.777223987579909e-05 -2.215189841009021e-19
2.7802038416438358e-05 -2.1713996111455345e-19
2.783183695707763e-05 -2.2942336737058015e-19
2.7861635497716895e-05 -2.255957714398996e-19
2.7891434038356164e-05 -2.399146624364687e-19
2.7921232578995436e-05 -2.400464478674236e-19
2.7951031119634705e-05 -2.2400885818710664e-19
2.7980829660273974e-05 -2.4929021676457698e-19
2.8010628200913243e-05 -2.556009144134773e-19
2.804042674155251e-05 -2.4043305405892766e-19
2.8070225282191784e-05 -2.5505863591450526e-19
2.8100023822831053e-05 -2.5550142025747063e-19
2.812982236347032e-05 -2.6263232165322427e-19
2.815962090410959e-05 -2.7130486142622465e-19
2.8189419444748862e-05 -2.527095276381414e-19
2.821921798538813e-05 -2.695932982899056e-19
2.8249016526027397e-05 -2.856180026339013e-19
2.827881506666667e-05 -2.6931338959004056e-19
2.8308613607305938e-05 -2.764055838604981e-19
2.833841214794521e-05 -2.827286822682937e-19
2.8368210688584475e-05 -2.842432715983834e-19
2.8398009229223744e-05 -2.966486385562653e-19
2.8427807769863016e-05 -2.832906249248031e-19
2.8457606310502285e-05 -2.8716015965631357e-19
2.8487404851141554e-05 -3.1251855383687674e-19
2.8517203391780823e-05 -2.9835857102871108e-19
2.854700193242009e-05 -2.9644543666011908e-19
2.8576800473059364e-05 -3.0947438151765345e-19
2.8606599013698632e-05 -3.0674230193219598e-19
2.8636397554337898e-05 -3.199189945968871e-19
2.866619609497717e-05 -3.1181233993871015e-19
2.8695994635616442e-05 -3.0454443316220003e-19
2.872579317625571e-05 -3.323511716062994e-19
2.8755591716894976e-05 -3.268777850650594e-19
2.878539025753425e-05 -3.1549052399742293e-19
2.881518879817352e-05 -3.3194870742887423e-19
2.8844987338812786e-05 -3.312494832352644e-19
2.8874785879452055e-05 -3.3775932855066734e-19
2.8904584420091327e-05 -3.4254923468077144e-19
2.8934382960730593e-05 -3.2526266262458246e-19
2.8964181501369865e-05 -3.451524337551908e-19
2.8993980042009134e-05 -3.555021938605085e-19
2.9023778582648406e-05 -3.3542397596519755e-19
2.905357712328767e-05 -3.4888572058654924e-19
2.9083375663926943e-05 -3.5288981703990903e-19
2.9113174204566212e-05 -3.539141825456008e-19
2.9142972745205478e-05 -3.634408424861756e-19
2.917277128584475e-05 -3.4611900256680273e-19
2.9202569826484022e-05 -3.5983022431957946e-19
2.923236836712329e-05 -3.7770968340398247e-19
2.9262166907762556e-05 -3.5631466949930005e-19
2.9291965448401828e-05 -3.6223763069167964e-19
2.93217639890411e-05 -3.7413273612186803e-19
2.9351562529680366e-05 -3.7026597375349456e-19
2.9381361070319635e-05 -3.7908534894284495e-19
2.9411159610958907e-05 -3.682019188444832e-19
2.944095815159818e-05 -3.6717167075295316e-19
2.9470756692237445e-05 -3.925983144573538e-19
2.9500555232876713e-05 -3.789591091620385e-19
2.9530353773515985e-05 -3.7063004444597625e-19
2.956015231415525e-05 -3.905533737164882e-19
2.9589950854794523e-05 -3.8555075316842974e-19
2.9619749395433792e-05 -3.8914171910953425e-19
2.9649547936073057e-05 -3.890255909956687e-19
2.967934647671233e-05 -3.796009584958062e-19
2.97091450173516e-05 -4.0087437260659935e-19
2.973894355799087e-05 -3.9767021919034295e-19
2.9768742098630136e-05 -3.820200992997372e-19
2.9798540639269408e-05 -3.9768482190150913e-19
2.982833917990868e-05 -3.9919513911366846e-19
2.9858137720547946e-05 -3.985063640651339e-19
2.9887936261187215e-05 -4.0144591989854105e-19
2.9917734801826487e-05 -3.8942411963386695e-19
2.994753334246576e-05 -4.0629484826271263e-19
2.9977331883105024e-05 -4.145230167472266e-19
3.0007130423744293e-05 -3.9204536726253226e-19
3.0036928964383565e-05 -4.0290885226342984e-19
3.006672750502283e-05 -4.1154382850654376e-19
3.0096526045662103e-05 -4.049242470056531e-19
3.012632458630137e-05 -4.104170594650769e-19
3.0156123126940644e-05 -3.9994688108243095e-19
3.018592166757991e-05 -4.062475287553071e-19
3.021572020821918e-05 -4.22633465390152e-19
3.024551874885845e-05 -4.033327574994589e-19
3.0275317289497716e-05 -4.044069839269619e-19
3.0305115830136988e-05 -4.1945199466389215e-19
3.033491437077626e-05 -4.115480006274424e-19
3.0364712911415525e-05 -4.1665609495009136e-19
3.0394511452054794e-05 -4.097118968201019e-19
3.0424309992694066e-05 -4.0482221617243974e-19
3.045410853333334e-05 -4.267631277733584e-19
3.0483907073972604e-05 -4.129421447543958e-19
3.0513705614611873e-05 -4.0322399198601304e-19
3.0543504155251145e-05 -4.21884931906818e-19
3.057330269589041e-05 -4.162178116286176e-19
3.060310123652968e-05 -4.160383997953578e-19
3.063289977716895e-05 -4.159119189543533e-19
3.066269831780823e-05 -4.077845307369878e-19
3.069249685844749e-05 -4.2577896586456193e-19
3.072229539908676e-05 -4.2352427473597822e-19
3.0752093939726033e-05 -4.0394809593990666e-19
3.0781892480365295e-05 -4.1927509195449445e-19
3.0811691021004564e-05 -4.2152768664308323e-19
3.084148956164384e-05 -4.125184846414732e-19
3.08712881022831e-05 -4.194051906941899e-19
3.090108664292238e-05 -4.077016576384321e-19
3.0930885183561646e-05 -4.1765621316488727e-19
3.0960683724200915e-05 -4.2842758211978875e-19
3.0990482264840184e-05 -4.028823942293693e-19
3.102028080547945e-05 -4.1280450366011503e-19
3.105007934611872e-05 -4.240508554247605e-19
3.107987788675799e-05 -4.1106006197502633e-19
3.110967642739726e-05 -4.171067927293484e-19
3.1139474968036535e-05 -4.097687507899219e-19
3.1169273508675803e-05 -4.102537969234664e-19
3.1199072049315065e-05 -4.249904030085744e-19
3.122887058995434e-05 -4.0558906929920695e-19
3.125866913059361e-05 -4.042362519017439e-19
3.128846767123288e-05 -4.19196329007019e-19
3.131826621187215e-05 -4.067799911289679e-19
3.1348064752511416e-05 -4.097440822104634e-19
3.137786329315069e-05 -4.0894004861478363e-19
3.1407661833789954e-05 -3.989376963329473e-19
3.143746037442922e-05 -4.1636287424249466e-19
3.14672589150685e-05 -4.0836026615839506e-19
3.149705745570776e-05 -3.9288418272401418e-19
3.1526855996347036e-05 -4.119312317450244e-19
3.1556654536986305e-05 -4.054282965584963e-19
3.158645307762557e-05 -3.958507929911311e-19
3.161625161826484e-05 -4.0172546156151587e-19
3.164605015890411e-05 -3.9064543450969604e-19
3.167584869954338e-05 -4.0154120670339476e-19
3.170564724018265e-05 -4.0289816126152204e-19
3.173544578082192e-05 -3.8219948191767894e-19
3.176524432146119e-05 -3.9551976572807075e-19
3.1795042862100455e-05 -3.964266974169164e-19
3.1824841402739724e-05 -3.8536946168978818e-19
3.1854639943379e-05 -3.9264077722050135e-19
3.188443848401827e-05 -3.8147556902727225e-19
3.191423702465754e-05 -3.8395319367631883e-19
3.1944035565296806e-05 -3.9375238383772954e-19
3.1973834105936075e-05 -3.7188929779859817e-19
3.2003632646575343e-05 -3.7568203663046886e-19
3.203343118721461e-05 -3.8707932778262695e-19
3.206322972785388e-05 -3.712229875326805e-19
3.209302826849316e-05 -3.7408506571548513e-19
3.212282680913242e-05 -3.7036264643190747e-19
3.2152625349771694e-05 -3.636926264438772e-19
3.218242389041096e-05 -3.789629481108839e-19
3.2212222431050225e-05 -3.6237046993505923e-19
3.22420209716895e-05 -3.534022834555528e-19
3.227181951232877e-05 -3.706860323290781e-19
3.230161805296804e-05 -3.56505201713729e-19
3.233141659360731e-05 -3.5324238712204766e-19
3.2361215134246576e-05 -3.548709352820655e-19
3.239101367488585e-05 -3.4333813202101826e-19
3.2420812215525113e-05 -3.5521772523115044e-19
3.245061075616438e-05 -3.4892788145103355e-19
3.248040929680366e-05 -3.325063479589139e-19
3.251020783744292e-05 -3.457986238349683e-19
3.2540006378082195e-05 -3.423633620391767e-19
3.2569804918721464e-05 -3.310409510172334e-19
