0.0 3.387527756648379e-19
2.98061307106599e-08 3.320522026080254e-19
5.96122614213198e-08 3.3186005741289317e-19
8.94183921319797e-08 3.3128698345873098e-19
1.192245228426396e-07 3.202681349690743e-19
1.4903065355329952e-07 3.3384611503918477e-19
1.788367842639594e-07 3.31774059996882e-19
2.086429149746193e-07 3.1533215317622286e-19
2.384490456852792e-07 3.2658499169650463e-19
2.682551763959391e-07 3.2722950861591004e-19
2.9806130710659903e-07 3.207785029871501e-19
3.278674378172589e-07 3.241423602951961e-19
3.576735685279188e-07 3.1125645427475686e-19
3.8747969923857873e-07 3.1956947552956735e-19
4.172858299492386e-07 3.2946389574490246e-19
4.4709196065989857e-07 3.056129176475825e-19
4.768980913705584e-07 3.101716113372084e-19
5.067042220812183e-07 3.1891521682459384e-19
5.365103527918782e-07 3.0912124979146005e-19
5.663164835025381e-07 3.1197886591888827e-19
5.961226142131981e-07 3.00244699584368e-19
6.25928744923858e-07 3.0280542952875207e-19
6.557348756345178e-07 3.174938483068718e-19
6.855410063451777e-07 2.9629485681265907e-19
7.153471370558376e-07 2.9258570944397577e-19
7.451532677664974e-07 3.055287990945512e-19
7.749593984771575e-07 2.961474494429083e-19
8.047655291878174e-07 2.9682953808714453e-19
8.345716598984772e-07 2.9197941065008264e-19
8.643777906091371e-07 2.8322668823729845e-19
8.941839213197971e-07 2.993001793357829e-19
9.23990052030457e-07 2.8826336648515215e-19
9.537961827411168e-07 2.721440037682573e-19
9.83602313451777e-07 2.891935997554447e-19
1.0134084441624366e-06 2.833577407752395e-19
1.0432145748730965e-06 2.774227854101187e-19
1.0730207055837564e-06 2.799132724829316e-19
1.1028268362944164e-06 2.6567154232386654e-19
1.1326329670050763e-06 2.785408843247478e-19
1.1624390977157362e-06 2.7879522873679815e-19
1.1922452284263961e-06 2.552228604635911e-19
1.222051359137056e-06 2.672405352828005e-19
1.251857489847716e-06 2.688224120300678e-19
1.2816636205583757e-06 2.567837038936918e-19
1.3114697512690356e-06 2.6053233421828043e-19
1.3412758819796957e-06 2.4991476885091085e-19
1.3710820126903554e-06 2.5468232449249353e-19
1.4008881434010153e-06 2.631889743385673e-19
1.4306942741116753e-06 2.393976785184549e-19
1.4605004048223352e-06 2.4274464452274585e-19
1.4903065355329949e-06 2.542395953371574e-19
1.520112666243655e-06 2.3877244113353e-19
1.549918796954315e-06 2.4068640179149884e-19
1.5797249276649746e-06 2.345169937295322e-19
1.6095310583756348e-06 2.2900261786393364e-19
1.6393371890862945e-06 2.4380533955140796e-19
1.6691433197969544e-06 2.2480369903379016e-19
1.6989494505076145e-06 2.162768453228351e-19
1.7287555812182742e-06 2.3349820830478154e-19
1.7585617119289342e-06 2.2263043959155442e-19
1.7883678426395943e-06 2.184287240112908e-19
1.818173973350254e-06 2.1634356421000159e-19
1.847980104060914e-06 2.0592997701711038e-19
1.8777862347715738e-06 2.220116961604596e-19
1.9075923654822335e-06 2.139707203942871e-19
1.9373984961928935e-06 1.911237761788321e-19
1.967204626903554e-06 2.0851030991182213e-19
1.9970107576142133e-06 2.0634508858439912e-19
2.0268168883248732e-06 1.9260495687694303e-19
2.056623019035533e-06 1.9790950781820852e-19
2.086429149746193e-06 1.8519217260477316e-19
2.116235280456853e-06 1.9114876954414925e-19
2.146041411167513e-06 1.9665331243713276e-19
2.175847541878173e-06 1.706095495648064e-19
2.2056536725888327e-06 1.80688022630592e-19
2.2354598032994926e-06 1.8881373007609532e-19
2.2652659340101526e-06 1.686942254070888e-19
2.2950720647208125e-06 1.7416327041184267e-19
2.3248781954314724e-06 1.6680692790183594e-19
2.3546843261421323e-06 1.6191580270881434e-19
2.3844904568527922e-06 1.7637000791168493e-19
2.414296587563452e-06 1.5212334080580789e-19
2.444102718274112e-06 1.4791777041844758e-19
2.4739088489847716e-06 1.6725484653258937e-19
2.503714979695432e-06 1.4926772650091514e-19
2.533521110406092e-06 1.472326371984348e-19
2.5633272411167513e-06 1.4731146716363126e-19
2.5931333718274112e-06 1.36908630346055e-19
2.622939502538071e-06 1.5014303063662392e-19
2.6527456332487315e-06 1.3519254178548306e-19
2.6825517639593914e-06 1.220117307627153e-19
2.712357894670051e-06 1.4038228286959357e-19
2.742164025380711e-06 1.2857433549267225e-19
2.7719701560913708e-06 1.1981747176604524e-19
2.8017762868020307e-06 1.2383657040467023e-19
2.831582417512691e-06 1.1107593056240175e-19
2.8613885482233505e-06 1.2153720581543443e-19
2.8911946789340104e-06 1.1803825718811728e-19
2.9210008096446704e-06 9.48609268383307e-20
2.9508069403553303e-06 1.110917114670033e-19
2.9806130710659898e-06 1.0993157402770444e-19
3.01041920177665e-06 9.2994208182993e-20
3.04022533248731e-06 9.969478241544254e-20
3.07003146319797e-06 8.978669957308442e-20
3.09983759390863e-06 9.139974636115371e-20
3.1296437246192894e-06 9.671320166257304e-20
3.1594498553299493e-06 7.278936325673288e-20
3.1892559860406096e-06 7.8114178910736e-20
3.2190621167512695e-06 9.011721404041432e-20
3.2488682474619295e-06 7.226706001377983e-20
3.278674378172589e-06 7.033754593719334e-20
3.308480508883249e-06 6.927661191687869e-20
3.338286639593909e-06 6.38657173725374e-20
3.368092770304569e-06 7.318678180609086e-20
3.397898901015229e-06 5.552799231460579e-20
3.427705031725889e-06 4.791431591394742e-20
3.4575111624365485e-06 6.650054507732468e-20
3.4873172931472084e-06 4.772240801912965e-20
3.5171234238578683e-06 4.160566329545327e-20
3.5469295545685287e-06 4.885836934476832e-20
3.5767356852791886e-06 3.6082252088732196e-20
3.606541815989848e-06 4.7155717225711576e-20
3.636347946700508e-06 3.736094039013715e-20
3.666154077411168e-06 1.9460952681283215e-20
3.695960208121828e-06 3.9120545427808766e-20
3.725766338832488e-06 3.0230787384883346e-20
3.7555724695431477e-06 1.6742638578954146e-20
3.7853786002538076e-06 2.5523215500038678e-20
3.815184730964467e-06 1.4120690915484356e-20
3.844990861675127e-06 1.747299929497859e-20
3.874796992385787e-06 2.0111095028827772e-20
3.904603123096447e-06 -3.3530781734814205e-21
3.934409253807108e-06 8.195924560372942e-21
3.964215384517767e-06 1.447286873292646e-20
3.994021515228427e-06 -7.397885694809922e-21
4.0238276459390865e-06 1.648797556340522e-23
4.0536337766497464e-06 -3.967056356671195e-21
4.083439907360406e-06 -1.0416733507640576e-20
4.113246038071066e-06 5.455412785018054e-22
4.143052168781726e-06 -2.181156712903443e-20
4.172858299492386e-06 -2.2187018041001354e-20
4.202664430203046e-06 -5.884879706333865e-21
4.232470560913706e-06 -2.752547999467808e-20
4.262276691624366e-06 -2.776397059124784e-20
4.292082822335026e-06 -2.4117357627318244e-20
4.321888953045686e-06 -3.459800344719182e-20
4.351695083756346e-06 -2.5046088876185692e-20
4.3815012144670055e-06 -3.83921561708469e-20
4.4113073451776655e-06 -4.723446667125604e-20
4.441113475888325e-06 -2.8851179262239414e-20
4.470919606598985e-06 -4.370442369793554e-20
4.500725737309645e-06 -5.2959434169216476e-20
4.530531868020305e-06 -4.51507177416448e-20
4.560337998730965e-06 -5.582531906742109e-20
4.590144129441625e-06 -4.992984744670077e-20
4.619950260152285e-06 -5.3578926963395737e-20
4.649756390862945e-06 -7.060268979018693e-20
4.679562521573605e-06 -5.498889564543492e-20
4.709368652284265e-06 -5.828994111214437e-20
4.7391747829949246e-06 -7.420338938497792e-20
4.7689809137055845e-06 -6.498085505342256e-20
4.7987870444162436e-06 -7.284327057697173e-20
4.828593175126904e-06 -7.38293160976451e-20
4.858399305837564e-06 -6.947477027098144e-20
4.888205436548224e-06 -8.872547502688801e-20
4.918011567258884e-06 -8.12168251729135e-20
4.947817697969543e-06 -7.313471050999726e-20
4.977623828680203e-06 -9.39206831184782e-20
5.007429959390864e-06 -8.923282010941042e-20
5.037236090101523e-06 -8.596429441286349e-20
5.067042220812184e-06 -9.636800352805312e-20
5.096848351522844e-06 -8.718468572036831e-20
5.126654482233503e-06 -9.999833157601705e-20
5.1564606129441634e-06 -1.0494066547304636e-19
5.1862667436548225e-06 -8.761752670327024e-20
5.216072874365483e-06 -1.0598053680380201e-19
5.245879005076142e-06 -1.0894058439438413e-19
5.275685135786802e-06 -1.0032358988710562e-19
5.305491266497463e-06 -1.1451994426014012e-19
5.335297397208122e-06 -1.048096184163187e-19
5.365103527918783e-06 -1.1071359719233857e-19
5.394909658629442e-06 -1.2568309172202399e-19
5.424715789340102e-06 -1.0609649953930839e-19
5.454521920050763e-06 -1.156338623697605e-19
5.484328050761422e-06 -1.278029476580464e-19
5.5141341814720825e-06 -1.1441352715294032e-19
5.5439403121827415e-06 -1.2448460047435034e-19
5.5737464428934014e-06 -1.2234812402519373e-19
5.603552573604061e-06 -1.2094212192780842e-19
5.633358704314721e-06 -1.3855126936683453e-19
5.663164835025382e-06 -1.2486314063422257e-19
5.692970965736041e-06 -1.2378655912501489e-19
5.722777096446701e-06 -1.4218666509475553e-19
5.752583227157361e-06 -1.3138022072052411e-19
5.782389357868021e-06 -1.3413614462893577e-19
5.81219548857868e-06 -1.4042857393171315e-19
5.842001619289341e-06 -1.3083153257489552e-19
5.871807750000001e-06 -1.4683057443350116e-19
5.9016138807106606e-06 -1.434539913657304e-19
5.9314200114213205e-06 -1.3056037366884209e-19
5.9612261421319795e-06 -1.5067116875205273e-19
5.99103227284264e-06 -1.462467896375015e-19
6.0208384035533e-06 -1.4196464089129794e-19
6.05064453426396e-06 -1.543764946837963e-19
6.08045066497462e-06 -1.435930090973833e-19
6.110256795685279e-06 -1.528149268037689e-19
6.14006292639594e-06 -1.590311785732487e-19
6.169869057106599e-06 -1.4184807135068595e-19
6.19967518781726e-06 -1.5638060518054211e-19
6.22948131852792e-06 -1.6158648577713133e-19
6.259287449238579e-06 -1.5092165678817163e-19
6.2890935799492395e-06 -1.6219049735529057e-19
6.3188997106598986e-06 -1.567515043868863e-19
6.348705841370559e-06 -1.5666582034792865e-19
6.378511972081219e-06 -1.7171550910916676e-19
6.408318102791878e-06 -1.5698289385106597e-19
6.438124233502539e-06 -1.6069448281635641e-19
6.467930364213198e-06 -1.7416615670812976e-19
6.497736494923859e-06 -1.6087880118617333e-19
6.527542625634518e-06 -1.6974500300823838e-19
6.557348756345178e-06 -1.709000168000699e-19
6.587154887055839e-06 -1.6171348333472101e-19
6.616961017766498e-06 -1.7885322574585745e-19
6.6467671484771585e-06 -1.699022058554798e-19
6.676573279187818e-06 -1.6376191299441711e-19
6.7063794098984775e-06 -1.8268980398180954e-19
6.736185540609138e-06 -1.7218758983251265e-19
6.765991671319797e-06 -1.7450458364844456e-19
6.795797802030458e-06 -1.8310947100670532e-19
6.825603932741117e-06 -1.691272968056624e-19
6.855410063451778e-06 -1.8385606711133742e-19
6.885216194162437e-06 -1.8585604540119238e-19
6.915022324873097e-06 -1.696548790030037e-19
6.944828455583758e-06 -1.861732043261217e-19
6.974634586294417e-06 -1.8466519911636485e-19
7.0044407170050776e-06 -1.770277338324073e-19
7.034246847715737e-06 -1.8863867843709755e-19
7.0640529784263965e-06 -1.7937342188624551e-19
7.093859109137057e-06 -1.844155827083576e-19
7.123665239847716e-06 -1.9553582223565084e-19
7.153471370558377e-06 -1.7786927184735486e-19
7.183277501269036e-06 -1.8639180505249114e-19
7.213083631979696e-06 -1.960250865919163e-19
7.242889762690356e-06 -1.8311115856960527e-19
7.272695893401016e-06 -1.9357524188379716e-19
7.302502024111677e-06 -1.886063995501207e-19
7.332308154822336e-06 -1.823765187534739e-19
7.362114285532996e-06 -2.0088572257516534e-19
7.391920416243656e-06 -1.8790225427087887e-19
7.4217265469543156e-06 -1.8431748508279256e-19
7.451532677664976e-06 -2.008167168862027e-19
7.481338808375635e-06 -1.9015004027918693e-19
7.511144939086295e-06 -1.9420380767297152e-19
7.540951069796955e-06 -1.9720012983675026e-19
7.570757200507615e-06 -1.8655202902262808e-19
7.600563331218274e-06 -2.0231519652469346e-19
7.630369461928934e-06 -1.963180503421781e-19
7.660175592639595e-06 -1.8419994377040516e-19
7.689981723350254e-06 -2.0290752932818274e-19
7.719787854060915e-06 -1.9593689066579016e-19
7.749593984771574e-06 -1.910806625283836e-19
7.779400115482235e-06 -2.0116674200286277e-19
7.809206246192894e-06 -1.8950603487518744e-19
7.839012376903554e-06 -1.9821287837004916e-19
7.868818507614215e-06 -2.0358180385143025e-19
7.898624638324874e-06 -1.864819966887908e-19
7.928430769035533e-06 -1.994548277328858e-19
7.958236899746194e-06 -2.0164051832372145e-19
7.988043030456853e-06 -1.9128785870717332e-19
8.017849161167514e-06 -2.024333124764313e-19
8.047655291878173e-06 -1.9321318501546493e-19
8.077461422588834e-06 -1.9337414521687856e-19
8.107267553299493e-06 -2.0637975212224035e-19
8.137073684010154e-06 -1.9057030007903204e-19
8.166879814720813e-06 -1.929794749566989e-19
8.196685945431473e-06 -2.0492986338201175e-19
8.226492076142133e-06 -1.9459164063407445e-19
8.256298206852793e-06 -1.9810190787721283e-19
8.286104337563452e-06 -1.9731896877485948e-19
8.315910468274111e-06 -1.9166129980570828e-19
8.345716598984772e-06 -2.0597809111838095e-19
8.375522729695433e-06 -1.9590264834687878e-19
8.405328860406092e-06 -1.8783518875725517e-19
8.435134991116753e-06 -2.042197920880274e-19
8.464941121827412e-06 -1.959322873794191e-19
8.494747252538073e-06 -1.9511407320729376e-19
8.524553383248732e-06 -1.9904510991150447e-19
8.554359513959392e-06 -1.8862361294115117e-19
8.584165644670052e-06 -2.0210840490298416e-19
8.61397177538071e-06 -1.9928749951138246e-19
8.643777906091371e-06 -1.8542127798677248e-19
8.67358403680203e-06 -2.0039418020138016e-19
8.703390167512691e-06 -1.9815897493304484e-19
8.733196298223352e-06 -1.911235282420199e-19
8.763002428934011e-06 -1.9757779427788257e-19
8.792808559644672e-06 -1.8900492571119695e-19
8.822614690355331e-06 -1.9438075994924782e-19
8.852420821065992e-06 -2.013724403447392e-19
8.88222695177665e-06 -1.843666599610245e-19
8.91203308248731e-06 -1.9261624496561881e-19
8.94183921319797e-06 -2.00975841959741e-19
8.97164534390863e-06 -1.8746917351429882e-19
9.00145147461929e-06 -1.93087241185335e-19
9.03125760532995e-06 -1.8990302269862389e-19
9.06106373604061e-06 -1.8908242154623125e-19
9.090869866751271e-06 -2.004154677953024e-19
9.12067599746193e-06 -1.8349458906841872e-19
9.150482128172591e-06 -1.8512993213425287e-19
9.18028825888325e-06 -1.9772739847470094e-19
9.210094389593909e-06 -1.858899268062631e-19
9.23990052030457e-06 -1.888691463785032e-19
9.269706651015229e-06 -1.8735035355770975e-19
9.29951278172589e-06 -1.8228555631017768e-19
9.329318912436549e-06 -1.954377642479696e-19
9.35912504314721e-06 -1.8626706801809606e-19
9.388931173857869e-06 -1.7775761342303759e-19
9.41873730456853e-06 -1.9268939586143e-19
9.44854343527919e-06 -1.8616869116257583e-19
9.478349565989849e-06 -1.8098145271867167e-19
9.508155696700508e-06 -1.865885844391812e-19
9.537961827411169e-06 -1.7586488296843937e-19
9.567767958121828e-06 -1.861611314690193e-19
9.597574088832487e-06 -1.886220157879652e-19
9.627380219543148e-06 -1.6914022867845252e-19
9.657186350253809e-06 -1.8446902193085582e-19
9.686992480964468e-06 -1.8577570610806716e-19
9.716798611675128e-06 -1.741600264315361e-19
9.746604742385788e-06 -1.8337094778177712e-19
9.776410873096448e-06 -1.7397890163545052e-19
9.806217003807107e-06 -1.7984442023935354e-19
9.836023134517768e-06 -1.863081314986433e-19
9.865829265228427e-06 -1.650672038645532e-19
9.895635395939086e-06 -1.7447110201322262e-19
9.925441526649747e-06 -1.8228536697576713e-19
9.955247657360406e-06 -1.6978030668307607e-19
9.985053788071065e-06 -1.7511003066955965e-19
1.0014859918781728e-05 -1.701976297613465e-19
1.0044666049492387e-05 -1.7077763366521197e-19
1.0074472180203046e-05 -1.818063912918514e-19
1.0104278310913708e-05 -1.6417341614893317e-19
1.0134084441624367e-05 -1.6460159102430164e-19
1.0163890572335026e-05 -1.8001407633584817e-19
1.0193696703045687e-05 -1.6786720690154916e-19
1.0223502833756346e-05 -1.6756663264667395e-19
1.0253308964467005e-05 -1.6795508738708362e-19
1.0283115095177664e-05 -1.6158878861839526e-19
1.0312921225888327e-05 -1.7543659835013954e-19
1.0342727356598986e-05 -1.6450584608520964e-19
1.0372533487309645e-05 -1.5423470182992377e-19
1.0402339618020307e-05 -1.7450268276025952e-19
1.0432145748730967e-05 -1.6663064075172398e-19
1.0461951879441626e-05 -1.5884498527308243e-19
1.0491758010152285e-05 -1.6591600332582285e-19
1.0521564140862945e-05 -1.582816101258704e-19
1.0551370271573605e-05 -1.6709582632088549e-19
1.0581176402284264e-05 -1.6643262832642864e-19
1.0610982532994926e-05 -1.4857008039155494e-19
1.0640788663705585e-05 -1.632168603824894e-19
1.0670594794416244e-05 -1.6653508260747238e-19
1.0700400925126903e-05 -1.5227495293646833e-19
1.0730207055837566e-05 -1.6036751771571013e-19
1.0760013186548225e-05 -1.546148349538774e-19
1.0789819317258884e-05 -1.5669304536322625e-19
1.0819625447969545e-05 -1.6674390959930343e-19
1.0849431578680204e-05 -1.4685538913000936e-19
1.0879237709390864e-05 -1.5465297118751229e-19
1.0909043840101525e-05 -1.6518716436985884e-19
1.0938849970812184e-05 -1.482979074700611e-19
1.0968656101522843e-05 -1.5431668579705438e-19
1.0998462232233502e-05 -1.5195474674818256e-19
1.1028268362944165e-05 -1.491837495564411e-19
1.1058074493654824e-05 -1.6148180413779032e-19
1.1087880624365483e-05 -1.431793907924682e-19
1.1117686755076144e-05 -1.4267526350010828e-19
1.1147492885786803e-05 -1.6137101446355731e-19
1.1177299016497464e-05 -1.4532232552868404e-19
1.1207105147208123e-05 -1.4631970326419493e-19
1.1236911277918783e-05 -1.5192278768598565e-19
1.1266717408629443e-05 -1.399744117329095e-19
1.1296523539340102e-05 -1.5448569021890358e-19
1.1326329670050764e-05 -1.4683662650805117e-19
1.1356135800761423e-05 -1.3202867078904232e-19
1.1385941931472082e-05 -1.5432968071076633e-19
1.1415748062182741e-05 -1.464780122502163e-19
1.1445554192893402e-05 -1.330499263859429e-19
1.1475360323604063e-05 -1.454778639812047e-19
1.1505166454314722e-05 -1.382687819881229e-19
1.1534972585025383e-05 -1.4215996017080184e-19
1.1564778715736042e-05 -1.4610634282354676e-19
1.15945848464467e-05 -1.277449957038361e-19
1.162439097715736e-05 -1.4251324119441123e-19
1.1654197107868022e-05 -1.4638645085915769e-19
1.1684003238578681e-05 -1.2715273388320033e-19
1.171380936928934e-05 -1.386082394406713e-19
1.1743615500000001e-05 -1.3593687226340463e-19
1.1773421630710662e-05 -1.3151602887991354e-19
1.1803227761421321e-05 -1.411345886018466e-19
1.1833033892131982e-05 -1.2607616893837703e-19
1.1862840022842641e-05 -1.3042110941572417e-19
1.18926461535533e-05 -1.422513770726741e-19
1.1922452284263959e-05 -1.2484467541246473e-19
1.1952258414974622e-05 -1.2848261437912047e-19
1.198206454568528e-05 -1.3398609766439926e-19
1.201187067639594e-05 -1.2506677394874337e-19
1.20416768071066e-05 -1.3479039898367014e-19
1.2071482937817261e-05 -1.249637785190314e-19
1.210128906852792e-05 -1.1727016117492272e-19
1.213109519923858e-05 -1.3767691310523692e-19
1.216090132994924e-05 -1.2427038518244413e-19
1.21907074606599e-05 -1.160526368467564e-19
1.2220513591370558e-05 -1.3075081090934186e-19
1.225031972208122e-05 -1.2039313149399278e-19
1.228012585279188e-05 -1.262981252851902e-19
1.2309931983502539e-05 -1.2604875467259142e-19
1.2339738114213198e-05 -1.0896040767518908e-19
1.236954424492386e-05 -1.2965660591333303e-19
1.239935037563452e-05 -1.2640140190591242e-19
1.2429156506345179e-05 -1.0791561117358569e-19
1.245896263705584e-05 -1.2406603951168804e-19
1.2488768767766498e-05 -1.1765723901502085e-19
1.2518574898477157e-05 -1.166441914176374e-19
1.254838102918782e-05 -1.2420161510928718e-19
1.2578187159898479e-05 -1.0583361228879306e-19
1.2607993290609138e-05 -1.192539399459686e-19
1.2637799421319797e-05 -1.2615115974537207e-19
1.266760555203046e-05 -1.0404939693282614e-19
1.2697411682741119e-05 -1.1571037226158967e-19
1.2727217813451778e-05 -1.180213990463018e-19
1.2757023944162439e-05 -1.0950369314850962e-19
1.2786830074873098e-05 -1.2092989072905977e-19
1.2816636205583757e-05 -1.0560076578756328e-19
1.2846442336294417e-05 -1.0577935497386796e-19
1.2876248467005078e-05 -1.250263783172672e-19
1.2906054597715737e-05 -1.0410469251607065e-19
1.2935860728426396e-05 -1.0486477201428748e-19
1.2965666859137059e-05 -1.1684371419235242e-19
1.2995472989847718e-05 -1.0472912819852173e-19
1.3025279120558377e-05 -1.1424572907821363e-19
1.3055085251269036e-05 -1.0765244958875355e-19
1.3084891381979697e-05 -9.82690721383587e-20
1.3114697512690356e-05 -1.1897933156638512e-19
1.3144503643401017e-05 -1.0690571867503259e-19
1.3174309774111677e-05 -9.573689579959662e-20
1.3204115904822336e-05 -1.1297368560182763e-19
1.3233922035532996e-05 -1.0321586815701551e-19
1.3263728166243658e-05 -1.0306358075963437e-19
1.3293534296954317e-05 -1.0933132139402286e-19
1.3323340427664976e-05 -9.312470732225013e-20
1.3353146558375635e-05 -1.088779836958601e-19
1.3382952689086296e-05 -1.102216324177387e-19
1.3412758819796955e-05 -8.981170393573165e-20
1.3442564950507616e-05 -1.0771918883294408e-19
1.3472371081218277e-05 -1.0336765380946756e-19
1.3502177211928936e-05 -9.525265462345599e-20
1.3531983342639595e-05 -1.0786658783446576e-19
1.3561789473350254e-05 -9.119404745545121e-20
1.3591595604060916e-05 -9.710139635705069e-20
1.3621401734771575e-05 -1.1021408956927865e-19
1.3651207865482234e-05 -8.819240123334723e-20
1.3681013996192895e-05 -9.533105859144698e-20
1.3710820126903556e-05 -1.0506107452379357e-19
1.3740626257614215e-05 -9.158262066507344e-20
1.3770432388324874e-05 -1.01133125044585e-19
1.3800238519035535e-05 -9.371818945766519e-20
1.3830044649746194e-05 -8.77952946449079e-20
1.3859850780456853e-05 -1.0817584788685875e-19
1.3889656911167515e-05 -8.861517369096595e-20
1.3919463041878175e-05 -8.58032447949335e-20
1.3949269172588834e-05 -1.0343037989860584e-19
1.3979075303299493e-05 -8.581079755898576e-20
1.4008881434010155e-05 -9.397682745250057e-20
1.4038687564720814e-05 -9.50412235753871e-20
1.4068493695431473e-05 -8.025156876891397e-20
1.4098299826142134e-05 -1.0115685683944058e-19
1.4128105956852793e-05 -9.26068728456641e-20
1.4157912087563452e-05 -7.781948771144265e-20
1.4187718218274115e-05 -9.789540518204964e-20
1.4217524348984774e-05 -8.911575521518986e-20
1.4247330479695433e-05 -8.470836483697883e-20
1.4277136610406092e-05 -9.503439204086153e-20
1.4306942741116754e-05 -7.871640198285002e-20
1.4336748871827413e-05 -8.876618822049709e-20
1.4366555002538072e-05 -9.539285365232416e-20
1.4396361133248733e-05 -7.36912306083284e-20
1.4426167263959392e-05 -8.82629572424514e-20
1.4455973394670051e-05 -9.099297578215517e-20
1.4485779525380712e-05 -7.866806182831183e-20
1.4515585656091373e-05 -9.211153910490962e-20
1.4545391786802032e-05 -8.125256702924777e-20
1.4575197917512691e-05 -8.055062439421762e-20
1.4605004048223353e-05 -9.452657667825996e-20
1.4634810178934013e-05 -7.326011830457056e-20
1.4664616309644672e-05 -8.006784457574053e-20
1.469442244035533e-05 -9.233489761949564e-20
1.4724228571065991e-05 -7.263059579465898e-20
1.475403470177665e-05 -8.306253618204843e-20
1.4783840832487311e-05 -8.327620787441498e-20
1.4813646963197972e-05 -7.123372229739838e-20
1.4843453093908631e-05 -8.972273365793467e-20
1.487325922461929e-05 -7.76458883474124e-20
1.4903065355329953e-05 -7.035442520029395e-20
1.4932871486040612e-05 -9.023697586274163e-20
1.496267761675127e-05 -7.418552990485238e-20
1.499248374746193e-05 -7.573459760382195e-20
1.502228987817259e-05 -8.380813113258839e-20
1.505209600888325e-05 -6.678188222389928e-20
1.508190213959391e-05 -8.086827540106661e-20
1.5111708270304571e-05 -7.864682132314584e-20
1.514151440101523e-05 -6.329524849825672e-20
1.517132053172589e-05 -8.275531660053388e-20
1.5201126662436548e-05 -7.478897087204316e-20
1.5230932793147211e-05 -6.573696188374642e-20
1.526073892385787e-05 -8.249404260501122e-20
1.5290545054568527e-05 -6.789137391025284e-20
1.532035118527919e-05 -6.9940039851465e-20
1.535015731598985e-05 -8.096870808493647e-20
1.5379963446700508e-05 -5.925813990108445e-20
1.5409769577411167e-05 -7.190158980550816e-20
1.543957570812183e-05 -7.663353290120158e-20
1.546938183883249e-05 -5.753336391371018e-20
1.5499187969543148e-05 -7.337975582404724e-20
1.552899410025381e-05 -6.717906639183072e-20
1.555880023096447e-05 -6.044041298735454e-20
1.5588606361675128e-05 -7.553352222887919e-20
1.5618412492385787e-05 -5.949610058492074e-20
1.564821862309645e-05 -6.264198230599463e-20
1.567802475380711e-05 -7.360384827077166e-20
1.5707830884517768e-05 -5.661657976681028e-20
1.573763701522843e-05 -6.4654786144417e-20
1.576744314593909e-05 -6.6438546765336e-20
1.579724927664975e-05 -5.142162910171913e-20
1.5827055407360408e-05 -6.580531031813542e-20
1.5856861538071067e-05 -6.10163921260932e-20
1.5886667668781726e-05 -4.948937213617227e-20
1.5916473799492388e-05 -6.885771260147401e-20
1.5946279930203047e-05 -5.603269964108837e-20
1.5976086060913706e-05 -5.010596111618065e-20
1.6005892191624365e-05 -6.627876506673805e-20
1.6035698322335028e-05 -4.80979837543014e-20
1.6065504453045687e-05 -5.423572534760073e-20
1.6095310583756346e-05 -6.069569957605999e-20
1.6125116714467005e-05 -4.2821302122868864e-20
1.6154922845177668e-05 -5.666819359895724e-20
1.6184728975888327e-05 -5.30059826910266e-20
1.6214535106598986e-05 -4.1393635931165737e-20
1.6244341237309648e-05 -5.627745585659775e-20
1.6274147368020307e-05 -4.6246638560019097e-20
1.6303953498730966e-05 -4.316167082023832e-20
1.6333759629441625e-05 -5.4855747039354e-20
1.6363565760152288e-05 -3.9859676823214416e-20
1.6393371890862947e-05 -4.4231435595694384e-20
1.6423178021573606e-05 -5.179191215452939e-20
1.6452984152284265e-05 -3.5768880066472333e-20
1.6482790282994924e-05 -4.584817083411651e-20
1.6512596413705587e-05 -4.4485762809688445e-20
1.6542402544416246e-05 -3.194458063892313e-20
1.6572208675126905e-05 -4.85472377026214e-20
1.6602014805837564e-05 -3.6459193267576686e-20
1.6631820936548223e-05 -2.988126102687435e-20
1.6661627067258885e-05 -4.91775010842663e-20
1.6691433197969544e-05 -3.131457733848458e-20
1.6721239328680203e-05 -3.3070586554111837e-20
1.6751045459390866e-05 -4.4920170947328106e-20
1.6780851590101525e-05 -2.4243124177724493e-20
1.6810657720812184e-05 -3.5008701738632065e-20
1.6840463851522843e-05 -3.765831719294678e-20
1.6870269982233506e-05 -2.0938530003379024e-20
1.6900076112944165e-05 -3.63824310560911e-20
1.6929882243654824e-05 -2.917495073538981e-20
1.6959688374365486e-05 -2.1006104813886357e-20
1.6989494505076145e-05 -3.5775911991332105e-20
1.7019300635786804e-05 -2.0323870135172153e-20
1.7049106766497463e-05 -2.1724142640270645e-20
1.7078912897208126e-05 -3.30553052785507e-20
1.7108719027918785e-05 -1.5616356046443685e-20
1.7138525158629444e-05 -2.416925442090094e-20
1.7168331289340103e-05 -2.7237346206438897e-20
1.7198137420050762e-05 -1.1155068000695586e-20
1.722794355076142e-05 -2.4109298568745438e-20
1.725774968147208e-05 -1.914522596088656e-20
1.7287555812182743e-05 -8.80351928240702e-21
1.7317361942893402e-05 -2.238387349286789e-20
1.734716807360406e-05 -1.0381922793676161e-20
1.7376974204314723e-05 -9.545453284315907e-21
1.7406780335025382e-05 -2.0804644944654744e-20
1.743658646573604e-05 -2.7482422412572078e-21
1.7466392596446704e-05 -9.393278122667112e-21
1.7496198727157363e-05 -1.459554693916456e-20
1.7526004857868022e-05 3.804818483587862e-21
1.755581098857868e-05 -1.0283942744260897e-20
1.7585617119289344e-05 -6.82950475222082e-21
1.7615423250000003e-05 6.0584416540069734e-21
1.7645229380710662e-05 -8.64924459818048e-21
1.7675035511421324e-05 3.9008411298774225e-21
1.7704841642131983e-05 4.578207690176073e-21
1.7734647772842642e-05 -5.823682615197127e-21
1.77644539035533e-05 1.3236445716952883e-20
1.779426003426396e-05 5.514223247962489e-21
1.782406616497462e-05 -6.97667617096323e-22
1.7853872295685282e-05 1.6736027973437756e-20
1.788367842639594e-05 6.243690105630425e-21
1.79134845571066e-05 9.114023258500064e-21
1.794329068781726e-05 2.0584372467286035e-20
1.797309681852792e-05 5.612559489441015e-21
1.800290294923858e-05 2.006598577452539e-20
1.803270907994924e-05 2.5315014034865927e-20
1.80625152106599e-05 9.398159666083967e-21
1.809232134137056e-05 2.7508645625571853e-20
1.812212747208122e-05 2.373800140995111e-20
1.815193360279188e-05 1.765791958714431e-20
1.8181739733502542e-05 3.309837231231191e-20
1.82115458642132e-05 2.2288367789770247e-20
1.824135199492386e-05 2.814143053876639e-20
1.827115812563452e-05 3.8037162184059396e-20
1.8300964256345182e-05 2.491465297471209e-20
1.833077038705584e-05 3.5858247601148127e-20
1.83605765177665e-05 4.072899714288177e-20
1.839038264847716e-05 3.126330322399613e-20
1.8420188779187818e-05 4.39699771349912e-20
1.844999490989848e-05 4.0839540849749777e-20
1.847980104060914e-05 3.6547741416415354e-20
1.85096071713198e-05 5.256465679304966e-20
1.8539413302030458e-05 4.147157812671612e-20
1.8569219432741117e-05 4.196583286990167e-20
1.859902556345178e-05 5.551889042326032e-20
1.8628831694162438e-05 4.3842717338562334e-20
1.8658637824873097e-05 5.485169363424986e-20
1.8688443955583756e-05 5.702510927962032e-20
1.871825008629442e-05 4.525859521387564e-20
1.8748056217005078e-05 6.67505768993938e-20
1.8777862347715737e-05 6.293782136190978e-20
1.88076684784264e-05 5.1331753431813614e-20
1.883747460913706e-05 6.924184252595933e-20
1.8867280739847718e-05 6.357484343739134e-20
1.889708687055838e-05 6.236289288979246e-20
1.892689300126904e-05 7.282745671381689e-20
1.8956699131979698e-05 6.178705729518298e-20
1.8986505262690357e-05 7.268521774485544e-20
1.9016311393401016e-05 8.00658749284553e-20
1.904611752411168e-05 6.600299091873619e-20
1.9075923654822338e-05 7.942321089570668e-20
1.9105729785532997e-05 8.304978954404732e-20
1.9135535916243656e-05 7.645302685471621e-20
1.9165342046954315e-05 8.74145461450323e-20
1.9195148177664974e-05 8.003045031177422e-20
1.9224954308375637e-05 8.458324808419765e-20
1.9254760439086296e-05 9.776020858976779e-20
1.9284566569796955e-05 8.03672673867243e-20
1.9314372700507617e-05 8.876004512357719e-20
1.9344178831218276e-05 1.011271878931427e-19
1.9373984961928935e-05 8.760722787238568e-20
1.9403791092639594e-05 9.960933678664439e-20
1.9433597223350257e-05 9.959661038436934e-20
1.9463403354060916e-05 9.44393869004616e-20
1.9493209484771575e-05 1.127038127114899e-19
1.9523015615482238e-05 1.0118671663694377e-19
1.9552821746192897e-05 9.897476316300938e-20
1.9582627876903556e-05 1.1770917118768436e-19
1.9612434007614215e-05 1.0761632510561708e-19
1.9642240138324877e-05 1.0962185505627175e-19
1.9672046269035536e-05 1.1731202949398476e-19
1.9701852399746195e-05 1.0956839375996986e-19
1.9731658530456854e-05 1.2272480650740465e-19
1.9761464661167514e-05 1.2228094553794843e-19
1.9791270791878173e-05 1.1166615907448102e-19
1.9821076922588835e-05 1.293140476638714e-19
1.9850883053299494e-05 1.2730459591757655e-19
1.9880689184010153e-05 1.2178547925987084e-19
1.9910495314720812e-05 1.3402455998688114e-19
1.994030144543147e-05 1.257324177411031e-19
1.997010757614213e-05 1.3410066472400876e-19
1.9999913706852796e-05 1.4208865731266452e-19
2.0029719837563455e-05 1.257561494768134e-19
2.0059525968274114e-05 1.400654356708993e-19
2.0089332098984773e-05 1.4553094381157478e-19
2.0119138229695433e-05 1.3499339017950383e-19
2.014894436040609e-05 1.4805829878866008e-19
2.0178750491116754e-05 1.4308844861488235e-19
2.0208556621827417e-05 1.4420579934478238e-19
2.0238362752538076e-05 1.5923778018443817e-19
2.0268168883248735e-05 1.4416663552937735e-19
2.0297975013959394e-05 1.4867988085064423e-19
2.0327781144670053e-05 1.6303640533804226e-19
2.0357587275380712e-05 1.5040555905321052e-19
2.0387393406091374e-05 1.5789807198503345e-19
2.0417199536802033e-05 1.621570080560964e-19
2.0447005667512693e-05 1.5495526205718702e-19
2.047681179822335e-05 1.706362476849013e-19
2.050661792893401e-05 1.633161146900373e-19
2.053642405964467e-05 1.5575434371667488e-19
2.056623019035533e-05 1.7634506278962104e-19
2.0596036321065995e-05 1.7000269471531283e-19
2.0625842451776654e-05 1.6757520840761408e-19
2.0655648582487313e-05 1.7591603683628072e-19
2.0685454713197972e-05 1.6781752777693047e-19
2.071526084390863e-05 1.8052510119162939e-19
2.074506697461929e-05 1.788853300575149e-19
2.077487310532995e-05 1.6589992808763389e-19
2.0804679236040615e-05 1.8642512360776382e-19
2.0834485366751274e-05 1.8497471746701059e-19
2.0864291497461933e-05 1.7536933327738007e-19
2.0894097628172592e-05 1.895809075460205e-19
2.092390375888325e-05 1.8401602253747378e-19
2.095370988959391e-05 1.8657171160890606e-19
2.098351602030457e-05 1.957928992351648e-19
2.1013322151015232e-05 1.793861545503903e-19
2.104312828172589e-05 1.919038086013567e-19
2.107293441243655e-05 2.038921583494014e-19
2.110274054314721e-05 1.8489848242719678e-19
2.1132546673857868e-05 1.9489212454355295e-19
2.1162352804568527e-05 1.9883926342789093e-19
2.119215893527919e-05 1.9396768483103742e-19
2.1221965065989852e-05 2.072233001592588e-19
2.125177119670051e-05 1.9398413791897666e-19
2.128157732741117e-05 1.9679219880406727e-19
2.131138345812183e-05 2.145287672119157e-19
2.134118958883249e-05 1.9952552961433982e-19
2.1370995719543147e-05 2.0259459672851833e-19
2.1400801850253807e-05 2.1071600910713258e-19
2.1430607980964472e-05 2.0494677409637757e-19
2.146041411167513e-05 2.1423505181561454e-19
2.149022024238579e-05 2.0808019293084749e-19
2.152002637309645e-05 2.0169723136714536e-19
2.154983250380711e-05 2.202632284483909e-19
2.1579638634517768e-05 2.1421429277722037e-19
2.1609444765228427e-05 2.0605312936285388e-19
2.163925089593909e-05 2.2131581346140017e-19
2.166905702664975e-05 2.1491283614491244e-19
2.1698863157360407e-05 2.188661918531229e-19
2.1728669288071066e-05 2.2497303229972444e-19
2.175847541878173e-05 2.0749326476727874e-19
2.1788281549492388e-05 2.2453633047147365e-19
2.181808768020305e-05 2.3116912568587726e-19
2.184789381091371e-05 2.1201841118380804e-19
2.187769994162437e-05 2.240639932994134e-19
2.1907506072335028e-05 2.257470907428646e-19
2.1937312203045687e-05 2.2323156150414837e-19
2.1967118333756346e-05 2.3225602573818273e-19
2.1996924464467005e-05 2.179089230084838e-19
2.202673059517767e-05 2.265403012603522e-19
2.205653672588833e-05 2.4048145880526105e-19
2.208634285659899e-05 2.2185292610430724e-19
2.2116148987309648e-05 2.288749342308002e-19
2.2145955118020307e-05 2.338034914049822e-19
2.2175761248730966e-05 2.2753469071919436e-19
2.2205567379441625e-05 2.3928812364279285e-19
2.2235373510152288e-05 2.2587373921620632e-19
2.2265179640862947e-05 2.270144498823665e-19
2.2294985771573606e-05 2.458272572401307e-19
2.2324791902284265e-05 2.2822628575688787e-19
2.2354598032994927e-05 2.30793253303101e-19
2.2384404163705586e-05 2.416963420007789e-19
2.2414210294416245e-05 2.31697007820804e-19
2.2444016425126908e-05 2.4172134954822704e-19
2.2473822555837567e-05 2.3609656821690626e-19
2.2503628686548226e-05 2.282008300848384e-19
2.2533434817258885e-05 2.478534345323291e-19
2.2563240947969544e-05 2.3764264785603056e-19
2.2593047078680203e-05 2.282311783173115e-19
2.2622853209390862e-05 2.437062988838379e-19
2.2652659340101528e-05 2.36442840358147e-19
2.2682465470812187e-05 2.3729585773503816e-19
2.2712271601522846e-05 2.4250227526781845e-19
2.2742077732233505e-05 2.291690887480274e-19
2.2771883862944164e-05 2.429346135107049e-19
2.2801689993654824e-05 2.4595725385111735e-19
2.2831496124365483e-05 2.2823019521373034e-19
2.2861302255076145e-05 2.420389797405088e-19
2.2891108385786804e-05 2.4227747348496784e-19
2.2920914516497463e-05 2.3522369882037133e-19
2.2950720647208126e-05 2.4371604384191503e-19
2.2980526777918785e-05 2.3056641738733526e-19
2.3010332908629444e-05 2.3674947572877965e-19
2.3040139039340103e-05 2.4951390755942706e-19
2.3069945170050765e-05 2.2886520765155317e-19
2.3099751300761424e-05 2.3635692654646053e-19
2.3129557431472084e-05 2.450325614853662e-19
2.3159363562182743e-05 2.320681194069091e-19
2.31891696928934e-05 2.4232482794030076e-19
2.321897582360406e-05 2.3348759337715266e-19
2.324878195431472e-05 2.30061720538242e-19
2.3278588085025386e-05 2.495703533786298e-19
2.3308394215736045e-05 2.3088127754193014e-19
2.3338200346446704e-05 2.278103919560638e-19
2.3368006477157363e-05 2.4399046002656546e-19
2.3397812607868022e-05 2.309601975752718e-19
2.342761873857868e-05 2.3495466577403393e-19
2.3457424869289343e-05 2.343323055831722e-19
2.3487231000000003e-05 2.2451816292922653e-19
2.351703713071066e-05 2.4355006487444847e-19
2.3546843261421324e-05 2.337809404603197e-19
2.3576649392131983e-05 2.206668235389434e-19
2.3606455522842642e-05 2.4001620088800067e-19
2.36362616535533e-05 2.306098048910761e-19
2.3666067784263964e-05 2.253695767628433e-19
2.3695873914974623e-05 2.3383035792038863e-19
2.3725680045685282e-05 2.19264732963546e-19
2.375548617639594e-05 2.3068928601252222e-19
2.37852923071066e-05 2.353835271165287e-19
2.381509843781726e-05 2.1250086135218365e-19
2.3844904568527918e-05 2.2826934586617625e-19
2.3874710699238584e-05 2.312009257856384e-19
2.3904516829949243e-05 2.164399504861548e-19
2.3934322960659902e-05 2.2894325859349697e-19
2.396412909137056e-05 2.170743589027986e-19
2.399393522208122e-05 2.178244891683275e-19
2.402374135279188e-05 2.3246996276403846e-19
2.405354748350254e-05 2.083566099686231e-19
2.40833536142132e-05 2.1472566269667295e-19
2.4113159744923863e-05 2.2552351212734003e-19
2.4142965875634522e-05 2.0850397300384177e-19
2.417277200634518e-05 2.1772210435963616e-19
2.420257813705584e-05 2.1356525318899012e-19
2.42323842677665e-05 2.0730353743537444e-19
2.426219039847716e-05 2.227750092288503e-19
2.429199652918782e-05 2.0580271618801437e-19
2.432180265989848e-05 2.0077284466852025e-19
2.435160879060914e-05 2.191633477679767e-19
2.43814149213198e-05 2.0290045703250938e-19
2.4411221052030457e-05 2.0175445255608e-19
2.4441027182741117e-05 2.0802045004608393e-19
2.4470833313451776e-05 1.9360916031386942e-19
2.450063944416244e-05 2.0832080036730633e-19
2.45304455748731e-05 2.0259828205581817e-19
2.456025170558376e-05 1.8431588937778628e-19
2.459005783629442e-05 2.0497171313848675e-19
2.4619863967005078e-05 1.9820018798785453e-19
2.4649670097715737e-05 1.8679264119330923e-19
2.4679476228426396e-05 1.978285878139518e-19
2.4709282359137062e-05 1.8504035057446398e-19
2.473908848984772e-05 1.9062679041117886e-19
2.476889462055838e-05 1.9592323568096934e-19
2.479870075126904e-05 1.7210168283726836e-19
2.4828506881979698e-05 1.862226158070669e-19
2.4858313012690357e-05 1.911750552712522e-19
2.4888119143401016e-05 1.7103890342328142e-19
2.491792527411168e-05 1.818618527222633e-19
2.4947731404822338e-05 1.7670104650007839e-19
2.4977537535532997e-05 1.7306508683719558e-19
2.5007343666243656e-05 1.8392702870271822e-19
2.5037149796954315e-05 1.625996423681938e-19
2.5066955927664974e-05 1.656385059575376e-19
2.509676205837564e-05 1.8069652509712083e-19
2.51265681890863e-05 1.5937690755050343e-19
2.5156374319796958e-05 1.6216094463420943e-19
2.5186180450507617e-05 1.669932585729524e-19
2.5215986581218276e-05 1.5336631516574595e-19
2.5245792711928935e-05 1.6563032890873248e-19
2.5275598842639594e-05 1.5546810501385474e-19
2.530540497335026e-05 1.4325674202754324e-19
2.533521110406092e-05 1.655283815316941e-19
2.5365017234771578e-05 1.5023975939791892e-19
2.5394823365482237e-05 1.3988219723052885e-19
2.5424629496192896e-05 1.5488773161844046e-19
2.5454435626903555e-05 1.4013645629972596e-19
2.5484241757614215e-05 1.4454274911498214e-19
2.5514047888324877e-05 1.4548628646390732e-19
2.5543854019035536e-05 1.2618807762564986e-19
2.5573660149746195e-05 1.4283861157356733e-19
2.5603466280456854e-05 1.3970072147447265e-19
2.5633272411167513e-05 1.2159428687578426e-19
2.5663078541878176e-05 1.3510918221628161e-19
2.5692884672588835e-05 1.2828108572333274e-19
2.5722690803299497e-05 1.2387664107536236e-19
2.5752496934010156e-05 1.3262657997431455e-19
2.5782303064720815e-05 1.137349842710645e-19
2.5812109195431475e-05 1.1911888001413188e-19
2.5841915326142134e-05 1.282620250410189e-19
2.5871721456852793e-05 1.0581575448282603e-19
2.5901527587563452e-05 1.1304968910496258e-19
2.5931333718274118e-05 1.1496973927153473e-19
2.5961139848984777e-05 1.0352597424125684e-19
2.5990945979695436e-05 1.1434392224721675e-19
2.6020752110406095e-05 9.879220949077302e-20
2.6050558241116754e-05 9.639378627755155e-20
2.6080364371827413e-05 1.1348366343063728e-19
2.6110170502538072e-05 9.270259207301585e-20
2.6139976633248734e-05 9.203856954954942e-20
2.6169782763959394e-05 1.011753689857602e-19
2.6199588894670053e-05 8.581576614869633e-20
2.622939502538071e-05 9.322401345752343e-20
2.6259201156091374e-05 8.865540222077149e-20
2.6289007286802033e-05 7.508278377725363e-20
2.6318813417512692e-05 9.160664255937223e-20
2.6348619548223355e-05 8.074546305773593e-20
2.6378425678934014e-05 6.921852335895033e-20
2.6408231809644673e-05 8.343556096914419e-20
2.6438037940355332e-05 7.122187946449515e-20
2.646784407106599e-05 7.204895723695429e-20
2.649765020177665e-05 7.484455605211744e-20
2.6527456332487316e-05 5.550314170421559e-20
2.6557262463197975e-05 7.064302260693161e-20
2.6587068593908634e-05 6.931227837553445e-20
2.6616874724619293e-05 4.622465745486452e-20
2.6646680855329952e-05 6.221186381020406e-20
2.667648698604061e-05 5.765743057873432e-20
2.670629311675127e-05 4.63660266439543e-20
2.6736099247461933e-05 5.730855401404355e-20
2.6765905378172592e-05 4.072469121942659e-20
2.679571150888325e-05 4.3264771503249745e-20
2.682551763959391e-05 5.231818317322364e-20
2.6855323770304573e-05 3.08184646517841e-20
2.688512990101523e-05 3.862178510057694e-20
2.691493603172589e-05 4.167108209818553e-20
2.6944742162436553e-05 2.6145299817232654e-20
2.6974548293147212e-05 3.469317328649772e-20
2.700435442385787e-05 2.6038871879793383e-20
2.703416055456853e-05 1.923412883003668e-20
2.706396668527919e-05 3.3823126815930755e-20
2.709377281598985e-05 1.563289697134148e-20
2.7123578946700508e-05 1.0391610684728853e-20
2.7153385077411173e-05 2.5269158947170345e-20
2.7183191208121832e-05 9.08209402780264e-21
2.721299733883249e-05 1.1744154175183547e-20
2.724280346954315e-05 1.1872592823155127e-20
2.727260960025381e-05 -3.951682748739901e-21
2.730241573096447e-05 1.2862884138942272e-20
2.7332221861675128e-05 2.374894421390367e-21
2.736202799238579e-05 -1.3521444366659775e-20
2.739183412309645e-05 5.14846413903841e-21
2.7421640253807112e-05 -7.355025341169225e-21
2.745144638451777e-05 -1.307803305393343e-20
2.748125251522843e-05 -5.536083509466936e-21
2.751105864593909e-05 -2.2576744108902277e-20
2.7540864776649748e-05 -1.1904714914889266e-20
2.757067090736041e-05 -9.692888818339504e-21
2.760047703807107e-05 -3.2248798637318e-20
2.763028316878173e-05 -1.9309850594386116e-20
2.7660089299492388e-05 -1.933861991963284e-20
2.7689895430203047e-05 -3.407167711508628e-20
2.7719701560913706e-05 -2.604987783215904e-20
2.7749507691624365e-05 -3.667320760223939e-20
2.777931382233503e-05 -3.5710147929876624e-20
2.780911995304569e-05 -2.600414293472324e-20
2.783892608375635e-05 -4.8700301819629136e-20
2.7868732214467008e-05 -4.3314405579264174e-20
2.7898538345177667e-05 -3.442209962826422e-20
2.7928344475888326e-05 -5.2556469202156924e-20
2.7958150606598985e-05 -4.576788755215837e-20
2.7987956737309648e-05 -4.918713289438499e-20
2.801776286802031e-05 -5.818724328806704e-20
2.804756899873097e-05 -4.609359563548157e-20
2.807737512944163e-05 -6.138685937655355e-20
2.8107181260152287e-05 -6.6670498719506e-20
2.8136987390862946e-05 -5.13597983851555e-20
2.816679352157361e-05 -6.824673583798044e-20
2.8196599652284268e-05 -6.8641061657864e-20
2.8226405782994927e-05 -6.275329018530024e-20
2.8256211913705586e-05 -7.868469595894191e-20
2.8286018044416245e-05 -6.595555196520854e-20
2.8315824175126904e-05 -7.111954664605199e-20
2.8345630305837563e-05 -8.831019533438239e-20
2.837543643654823e-05 -6.997275175501892e-20
2.840524256725889e-05 -7.953448626774808e-20
2.8435048697969547e-05 -8.880036068053878e-20
2.8464854828680206e-05 -7.790211498574772e-20
2.8494660959390866e-05 -9.426585257670752e-20
2.8524467090101525e-05 -8.904372597917203e-20
2.8554273220812184e-05 -8.334684958283267e-20
2.8584079351522846e-05 -1.0424845379250913e-19
2.861388548223351e-05 -9.268910061296287e-20
2.8643691612944168e-05 -9.122958194061155e-20
2.8673497743654827e-05 -1.0772529830520479e-19
2.8703303874365486e-05 -9.714950843088558e-20
2.8733110005076145e-05 -1.0462460883869596e-19
2.8762916135786804e-05 -1.0998143358702747e-19
2.8792722266497466e-05 -9.897818206817893e-20
2.8822528397208125e-05 -1.1716675519615863e-19
2.8852334527918785e-05 -1.159954948862192e-19
2.8882140658629444e-05 -1.0399289620473077e-19
2.8911946789340103e-05 -1.2156962247047034e-19
2.8941752920050762e-05 -1.1856453806369612e-19
2.8971559050761424e-05 -1.169694247174411e-19
2.9001365181472087e-05 -1.2755834108176474e-19
2.9031171312182746e-05 -1.1560541599405015e-19
2.9060977442893405e-05 -1.2657855684525415e-19
2.9090783573604064e-05 -1.361760736794545e-19
2.9120589704314723e-05 -1.1942797183298656e-19
2.9150395835025382e-05 -1.3250576955055805e-19
2.918020196573604e-05 -1.3825757220902363e-19
2.9210008096446707e-05 -1.293652748517675e-19
2.9239814227157366e-05 -1.4211894608629094e-19
2.9269620357868025e-05 -1.3722339210882545e-19
2.9299426488578684e-05 -1.3615907764013952e-19
2.9329232619289343e-05 -1.5172580234074534e-19
2.9359038750000002e-05 -1.3893332845028819e-19
2.938884488071066e-05 -1.4077537655002767e-19
2.9418651011421324e-05 -1.5649328892104159e-19
2.9448457142131983e-05 -1.4474672234183857e-19
2.9478263272842642e-05 -1.513138949807973e-19
2.95080694035533e-05 -1.5660400324080565e-19
2.953787553426396e-05 -1.4671822216881129e-19
2.9567681664974623e-05 -1.6381858364114975e-19
2.959748779568528e-05 -1.5978981010647882e-19
2.9627293926395944e-05 -1.489242640798511e-19
2.9657100057106603e-05 -1.6917236538137725e-19
2.9686906187817262e-05 -1.6303116648326385e-19
2.971671231852792e-05 -1.6031692134845959e-19
2.974651844923858e-05 -1.7129427900558035e-19
2.977632457994924e-05 -1.5957338724418448e-19
2.9806130710659905e-05 -1.7153768657918076e-19
2.9835936841370564e-05 -1.759939428044677e-19
2.9865742972081223e-05 -1.6121385489570479e-19
2.9895549102791883e-05 -1.7771247474253442e-19
2.992535523350254e-05 -1.7816731873688626e-19
2.99551613642132e-05 -1.7097706066228025e-19
2.998496749492386e-05 -1.8308122953154655e-19
3.0014773625634522e-05 -1.7436038220650608e-19
3.004457975634518e-05 -1.794857372449262e-19
3.007438588705584e-05 -1.9103462846941152e-19
3.01041920177665e-05 -1.7359548595853236e-19
3.013399814847716e-05 -1.8177883067189251e-19
3.016380427918782e-05 -1.926440266198528e-19
3.019361040989848e-05 -1.799705111574064e-19
3.0223416540609143e-05 -1.8983340250936185e-19
3.02532226713198e-05 -1.8989042405463588e-19
3.028302880203046e-05 -1.8352480009303474e-19
3.031283493274112e-05 -2.0039421924635205e-19
3.034264106345178e-05 -1.897340945457798e-19
3.0372447194162438e-05 -1.8561088844575625e-19
3.0402253324873097e-05 -2.044752213465195e-19
3.0432059455583763e-05 -1.9278257298991521e-19
3.0461865586294422e-05 -1.9473409125932522e-19
3.049167171700508e-05 -2.0203415429946794e-19
3.052147784771574e-05 -1.9045132471195638e-19
3.05512839784264e-05 -2.053538711801293e-19
3.0581090109137055e-05 -2.0314378455639544e-19
3.061089623984772e-05 -1.9122634925999203e-19
3.064070237055838e-05 -2.1068558338412522e-19
3.067050850126904e-05 -2.05689640494981e-19
3.07003146319797e-05 -2.0099347600443033e-19
3.073012076269036e-05 -2.113955462495163e-19
3.0759926893401016e-05 -2.0139336273595095e-19
3.078973302411168e-05 -2.106407223944062e-19
3.0819539154822334e-05 -2.1621714952704854e-19
3.0849345285533e-05 -1.9981821910149074e-19
3.087915141624366e-05 -2.1197241669773526e-19
3.090895754695432e-05 -2.1647716746633798e-19
3.093876367766498e-05 -2.0634888519183395e-19
3.096856980837564e-05 -2.161577530116957e-19
3.0998375939086295e-05 -2.1301408119083162e-19
3.102818206979696e-05 -2.1334155897965398e-19
3.105798820050762e-05 -2.2388847633831735e-19
3.1087794331218276e-05 -2.1182570383219757e-19
3.111760046192894e-05 -2.146313593614971e-19
3.1147406592639594e-05 -2.2541910563411904e-19
3.1177212723350257e-05 -2.1566018267888572e-19
3.120701885406091e-05 -2.1932606003092266e-19
3.1236824984771575e-05 -2.2110989444805634e-19
3.126663111548224e-05 -2.1623656062928969e-19
3.12964372461929e-05 -2.274725183360035e-19
3.1326243376903555e-05 -2.200885428265302e-19
3.135604950761422e-05 -2.1534428530811673e-19
3.1385855638324873e-05 -2.3177568177416364e-19
3.1415661769035536e-05 -2.231348810684421e-19
3.14454678997462e-05 -2.2205626287636647e-19
3.147527403045686e-05 -2.3041800711648334e-19
3.1505080161167516e-05 -2.2012101351541753e-19
3.153488629187818e-05 -2.3110644062268514e-19
3.1564692422588835e-05 -2.304787766464887e-19
3.15944985532995e-05 -2.1564119810648967e-19
3.162430468401015e-05 -2.330805848560349e-19
3.1654110814720815e-05 -2.316767324152559e-19
3.168391694543148e-05 -2.220340605296468e-19
3.171372307614213e-05 -2.321596957828514e-19
3.1743529206852796e-05 -2.2433417405750347e-19
3.177333533756345e-05 -2.29131401291129e-19
3.1803141468274114e-05 -2.3789669777105125e-19
3.1832947598984776e-05 -2.2090907036285684e-19
3.186275372969544e-05 -2.3107332679754673e-19
3.1892559860406095e-05 -2.385040239411317e-19
3.192236599111676e-05 -2.2304030899605175e-19
3.195217212182741e-05 -2.3211590612855595e-19
3.1981978252538075e-05 -2.2897183583216325e-19
3.201178438324873e-05 -2.276000763198162e-19
3.204159051395939e-05 -2.3921893973851294e-19
3.2071396644670056e-05 -2.2389488149415673e-19
3.210120277538072e-05 -2.27611855233316e-19
3.2131008906091374e-05 -2.3938074293128977e-19
3.2160815036802036e-05 -2.280547124392861e-19
3.219062116751269e-05 -2.3131965901550305e-19
3.2220427298223355e-05 -2.320178144067273e-19
3.225023342893401e-05 -2.265281070882059e-19
3.228003955964467e-05 -2.377931181410353e-19
3.2309845690355335e-05 -2.2989013823691784e-19
3.233965182106599e-05 -2.2091636346155693e-19
3.236945795177665e-05 -2.3800989687877506e-19
3.2399264082487316e-05 -2.3021019145244613e-19
3.242907021319797e-05 -2.2393116247274463e-19
3.2458876343908634e-05 -2.343519329471978e-19
3.2488682474619296e-05 -2.251620781583647e-19
3.251848860532995e-05 -2.3314523998246567e-19
3.2548294736040614e-05 -2.332000935574678e-19
3.257810086675127e-05 -2.1716016439864107e-19
3.260790699746193e-05 -2.3388559679731023e-19
3.263771312817259e-05 -2.3368536616372086e-19
3.266751925888325e-05 -2.2098970042860464e-19
3.269732538959391e-05 -2.2984991918423343e-19
3.2727131520304576e-05 -2.2337754408701053e-19
3.275693765101523e-05 -2.2723625444802616e-19
3.2786743781725894e-05 -2.343184796686438e-19
3.281654991243655e-05 -2.1551799554459366e-19
3.284635604314721e-05 -2.247647494323692e-19
3.287616217385787e-05 -2.343134030097923e-19
3.290596830456853e-05 -2.196155126148858e-19
3.293577443527919e-05 -2.249804366596231e-19
3.296558056598985e-05 -2.228268242154771e-19
3.299538669670051e-05 -2.2153333174267583e-19
3.302519282741117e-05 -2.323047526021598e-19
3.305499895812183e-05 -2.1536389947433107e-19
3.308480508883249e-05 -2.1436087453503898e-19
3.3114611219543154e-05 -2.3253658191507307e-19
3.314441735025381e-05 -2.193789013623044e-19
3.317422348096447e-05 -2.1544521688155406e-19
3.320402961167513e-05 -2.213348265516779e-19
3.323383574238579e-05 -2.142693028389347e-19
3.3263641873096446e-05 -2.2506245560587315e-19
3.3293448003807115e-05 -2.1731577395212816e-19
3.332325413451777e-05 -2.0486359472900183e-19
3.335306026522843e-05 -2.2507887281438514e-19
3.338286639593909e-05 -2.1768788826966526e-19
3.341267252664975e-05 -2.0766176853943645e-19
3.344247865736041e-05 -2.1597956708100872e-19
3.347228478807107e-05 -2.074602408654676e-19
3.350209091878173e-05 -2.1632576989873067e-19
3.353189704949239e-05 -2.163803029499874e-19
3.356170318020305e-05 -1.961193830071217e-19
3.359150931091371e-05 -2.125066649228799e-19
3.362131544162437e-05 -2.177604451556122e-19
3.365112157233503e-05 -1.9931559258654653e-19
3.3680927703045686e-05 -2.0680966349295544e-19
3.371073383375635e-05 -2.0489365510027556e-19
3.374053996446701e-05 -2.0368235954601987e-19
3.377034609517767e-05 -2.1079977290657667e-19
3.380015222588833e-05 -1.9022479166325e-19
3.3829958356598985e-05 -1.967287989794049e-19
3.385976448730965e-05 -2.125145984021415e-19
3.38895706180203e-05 -1.9237584990026057e-19
3.391937674873097e-05 -1.9333489388029512e-19
3.394918287944163e-05 -1.9748720558135442e-19
3.397898901015229e-05 -1.9316810191122377e-19
3.4008795140862946e-05 -2.0178417039769642e-19
3.403860127157361e-05 -1.864206978024337e-19
3.4068407402284264e-05 -1.822537915194792e-19
3.409821353299493e-05 -2.020859116541702e-19
3.412801966370559e-05 -1.8738633698254315e-19
3.415782579441625e-05 -1.7825289004944607e-19
3.418763192512691e-05 -1.8866026306498935e-19
3.421743805583757e-05 -1.808686036053592e-19
3.4247244186548226e-05 -1.8724019525492975e-19
3.427705031725889e-05 -1.8310455551140822e-19
3.4306856447969544e-05 -1.6588338392758807e-19
3.4336662578680206e-05 -1.8511634327746752e-19
3.436646870939087e-05 -1.837670508447416e-19
3.4396274840101524e-05 -1.6614869238012991e-19
3.442608097081219e-05 -1.7504014685763917e-19
3.445588710152284e-05 -1.7128624017229335e-19
3.4485693232233505e-05 -1.7253268138592847e-19
3.451549936294416e-05 -1.727346882149454e-19
3.454530549365483e-05 -1.531718077417746e-19
3.4575111624365486e-05 -1.6746739821396166e-19
3.460491775507615e-05 -1.7591284982107502e-19
3.4634723885786804e-05 -1.5153685901194146e-19
3.4664530016497466e-05 -1.5678520444832267e-19
3.469433614720812e-05 -1.616193572813614e-19
3.4724142277918784e-05 -1.5655405801517887e-19
3.475394840862945e-05 -1.616701047705243e-19
3.478375453934011e-05 -1.4340594661234538e-19
3.4813560670050765e-05 -1.469956450804499e-19
3.484336680076143e-05 -1.656608487848699e-19
3.487317293147208e-05 -1.4320383279635307e-19
3.4902979062182746e-05 -1.3838525600337783e-19
3.493278519289341e-05 -1.4844126058033673e-19
3.4962591323604064e-05 -1.4169358581759897e-19
3.4992397454314726e-05 -1.4592625327245024e-19
3.502220358502538e-05 -1.3318106098136863e-19
3.5052009715736044e-05 -1.269574123769571e-19
3.50818158464467e-05 -1.4881711326145653e-19
3.511162197715736e-05 -1.3399825268065868e-19
3.5141428107868025e-05 -1.2001320583826553e-19
3.517123423857869e-05 -1.3398609484546837e-19
3.520104036928934e-05 -1.279110050075737e-19
3.5230846500000005e-05 -1.2879027533859764e-19
3.526065263071066e-05 -1.2341640127215645e-19
3.5290458761421324e-05 -1.0764259129400462e-19
3.532026489213198e-05 -1.2746671281325945e-19
3.535007102284265e-05 -1.261762609924979e-19
3.5379877153553304e-05 -1.0245350921639762e-19
3.540968328426397e-05 -1.1237822063880891e-19
3.543948941497462e-05 -1.1539190200416987e-19
3.5469295545685285e-05 -1.1112411498883648e-19
3.549910167639594e-05 -1.104507881908997e-19
3.55289078071066e-05 -9.429906396153566e-20
3.5558713937817265e-05 -1.0564869971143113e-19
3.558852006852792e-05 -1.1393813255278407e-19
3.5618326199238584e-05 -8.823490196899415e-20
3.564813232994924e-05 -9.148245440015788e-20
3.56779384606599e-05 -9.957190756575186e-20
3.5707744591370564e-05 -9.329212278643234e-20
3.573755072208122e-05 -9.364481006916219e-20
3.576735685279188e-05 -7.803873669587459e-20
3.5797162983502545e-05 -8.137200407651797e-20
3.58269691142132e-05 -9.837046106338086e-20
3.585677524492386e-05 -7.855316902250894e-20
3.588658137563452e-05 -6.936066878922626e-20
3.591638750634518e-05 -8.203615300732837e-20
3.594619363705584e-05 -7.757803618798389e-20
3.5975999767766506e-05 -7.428307381397149e-20
3.600580589847716e-05 -6.5187358917047e-20
3.6035612029187824e-05 -5.833173546272753e-20
3.606541815989848e-05 -7.716721405516584e-20
3.609522429060914e-05 -6.7154907659507e-20
3.61250304213198e-05 -4.55245632010644e-20
3.615483655203046e-05 -6.096589615736114e-20
3.618464268274112e-05 -6.36539215564929e-20
3.621444881345178e-05 -5.395497591506755e-20
3.624425494416244e-05 -4.91779563785109e-20
3.62740610748731e-05 -3.9695603293544574e-20
3.630386720558376e-05 -5.539450187340094e-20
3.633367333629442e-05 -5.447753121808755e-20
3.6363479467005084e-05 -2.562584523893582e-20
3.639328559771574e-05 -3.708310515456091e-20
3.64230917284264e-05 -4.700662382030162e-20
3.645289785913706e-05 -3.3044672023178447e-20
3.648270398984772e-05 -2.9957979549536353e-20
3.6512510120558376e-05 -2.0490967331600914e-20
3.654231625126904e-05 -3.161867953783855e-20
3.65721223819797e-05 -3.9568689943688906e-20
3.6601928512690363e-05 -9.701505842672948e-21
3.663173464340102e-05 -1.3544625302984127e-20
3.666154077411168e-05 -2.722199758432441e-20
3.669134690482234e-05 -1.761243129661737e-20
3.6721153035533e-05 -1.3905886498041842e-20
3.6750959166243655e-05 -1.319788363196145e-21
3.678076529695432e-05 -6.553857603350217e-21
3.681057142766498e-05 -2.0322928651446576e-20
3.6840377558375636e-05 2.4213855907075626e-21
3.68701836890863e-05 1.0957052568323245e-20
3.689998981979696e-05 -7.395695541238204e-21
3.692979595050762e-05 -2.9813237376686e-21
3.695960208121828e-05 6.83806978813514e-21
3.698940821192894e-05 1.3268934722785841e-20
3.70192143426396e-05 1.6260301365445222e-20
3.704902047335026e-05 -6.872909219466724e-22
3.7078826604060915e-05 1.3147005437699672e-20
3.710863273477158e-05 3.488476214768936e-20
3.7138438865482234e-05 1.4138147532943845e-20
3.7168244996192896e-05 1.4233428534058207e-20
3.719805112690356e-05 2.724576341859876e-20
3.722785725761422e-05 3.018801641683778e-20
3.7257663388324877e-05 3.916011485402893e-20
3.728746951903554e-05 2.0875701966596725e-20
3.7317275649746195e-05 2.3055635914543808e-20
3.734708178045686e-05 5.381570159901832e-20
3.737688791116751e-05 3.955774931060484e-20
3.7406694041878175e-05 2.842928721699236e-20
3.743650017258884e-05 4.377310779112669e-20
3.7466306303299493e-05 4.98058182315451e-20
3.7496112434010156e-05 5.652581032866242e-20
3.752591856472082e-05 4.333799254903275e-20
3.7555724695431474e-05 3.9036659170649227e-20
3.7585530826142137e-05 6.960626928246747e-20
3.76153369568528e-05 6.445701934598673e-20
3.7645143087563455e-05 4.520828065881584e-20
3.767494921827412e-05 5.858796347849355e-20
3.770475534898477e-05 6.762058135243347e-20
3.7734561479695435e-05 7.248363818626424e-20
3.776436761040609e-05 6.669440280771601e-20
3.779417374111676e-05 5.439445172050994e-20
3.7823979871827416e-05 7.98755314350234e-20
3.785378600253808e-05 8.99337920578198e-20
3.7883592133248734e-05 6.423709578529031e-20
3.7913398263959397e-05 7.199684078897324e-20
3.794320439467005e-05 8.666482287219422e-20
3.7973010525380715e-05 8.803450422001384e-20
3.800281665609138e-05 8.88063400191014e-20
3.803262278680203e-05 7.306116053727307e-20
3.8062428917512695e-05 8.73146255291813e-20
3.809223504822336e-05 1.1005447048707961e-19
3.8122041178934013e-05 8.62407040752956e-20
3.8151847309644676e-05 8.338963077136081e-20
3.818165344035533e-05 1.031046636238655e-19
3.8211459571065994e-05 1.0485235997195606e-19
3.8241265701776656e-05 1.0625983381461538e-19
3.827107183248731e-05 9.377370210764641e-20
3.8300877963197975e-05 9.913477112160408e-20
3.833068409390863e-05 1.2577303041315427e-19
3.836049022461929e-05 1.0873712037719934e-19
3.839029635532995e-05 9.582451759950275e-20
3.842010248604062e-05 1.1704472297375758e-19
3.844990861675127e-05 1.21867326744778e-19
3.8479714747461936e-05 1.2041415509296494e-19
3.850952087817259e-05 1.1155858004269791e-19
3.8539327008883254e-05 1.0834514467349144e-19
3.856913313959391e-05 1.367344148792488e-19
3.859893927030457e-05 1.3295847039038236e-19
3.8628745401015235e-05 1.102409874566473e-19
3.86585515317259e-05 1.2733040758943223e-19
3.868835766243655e-05 1.3830676089970174e-19
3.8718163793147215e-05 1.3328846080901934e-19
3.874796992385787e-05 1.292805687256415e-19
3.877777605456853e-05 1.2137848310947046e-19
3.880758218527919e-05 1.4055753725940044e-19
3.883738831598985e-05 1.5096771866324318e-19
3.8867194446700514e-05 1.2378552717693452e-19
3.889700057741117e-05 1.3204255912474742e-19
3.892680670812183e-05 1.522880463393285e-19
3.895661283883249e-05 1.4422922064387877e-19
3.898641896954315e-05 1.420361016427972e-19
3.9016225100253806e-05 1.3460056877319348e-19
3.9046031230964475e-05 1.4642324584901527e-19
3.907583736167513e-05 1.660091035001906e-19
3.910564349238579e-05 1.4021713070310887e-19
3.913544962309645e-05 1.3408168091274988e-19
3.916525575380711e-05 1.6040880886192733e-19
3.919506188451777e-05 1.5788859806708355e-19
3.922486801522843e-05 1.4956489728456314e-19
3.925467414593909e-05 1.4521021971700194e-19
3.9284480276649754e-05 1.490735463762956e-19
3.931428640736041e-05 1.7245671077081958e-19
3.934409253807107e-05 1.580283975507813e-19
3.937389866878173e-05 1.3928557172579882e-19
3.940370479949239e-05 1.646699045488679e-19
3.943351093020305e-05 1.6896933092619893e-19
3.946331706091371e-05 1.6017845044770021e-19
3.949312319162437e-05 1.5437135428927243e-19
3.952292932233503e-05 1.5213197650417648e-19
3.955273545304569e-05 1.7661013480802635e-19
3.9582541583756345e-05 1.6890090853710302e-19
3.961234771446701e-05 1.4537195940562145e-19
3.964215384517767e-05 1.643482588536714e-19
3.967195997588833e-05 1.7640788566985177e-19
3.970176610659899e-05 1.6879308401901615e-19
3.973157223730965e-05 1.6168108641099722e-19
3.9761378368020306e-05 1.570240953658076e-19
3.979118449873097e-05 1.76391170949872e-19
3.9820990629441625e-05 1.8084872243623613e-19
3.985079676015229e-05 1.5330857691582757e-19
3.988060289086294e-05 1.617693780958437e-19
3.9910409021573605e-05 1.8199900811801076e-19
3.994021515228426e-05 1.7281300686022033e-19
3.997002128299493e-05 1.6593534032671884e-19
3.999982741370559e-05 1.6060155111455176e-19
4.002963354441625e-05 1.7339603264845826e-19
4.005943967512691e-05 1.8868741638540426e-19
4.0089245805837566e-05 1.6195969454090174e-19
4.011905193654823e-05 1.575693523288289e-19
4.0148858067258884e-05 1.847325615938958e-19
4.017866419796955e-05 1.795819200720463e-19
4.020847032868021e-05 1.6727890493648859e-19
4.0238276459390865e-05 1.6434399193877698e-19
4.026808259010153e-05 1.6926095176894696e-19
4.029788872081218e-05 1.879957487962884e-19
4.0327694851522846e-05 1.7329209080348278e-19
4.035750098223351e-05 1.5397045459531365e-19
4.038730711294417e-05 1.791081529463887e-19
4.041711324365483e-05 1.8596389181760366e-19
4.044691937436549e-05 1.6992273960724592e-19
4.047672550507615e-05 1.6524362744086297e-19
4.050653163578681e-05 1.6793092093042712e-19
4.053633776649747e-05 1.8514268733742004e-19
4.0566143897208125e-05 1.7869395553845422e-19
4.059595002791879e-05 1.544977717384376e-19
4.062575615862944e-05 1.7230872432788564e-19
4.0655562289340106e-05 1.8716427257392585e-19
4.068536842005076e-05 1.6916340128883225e-19
4.0715174550761424e-05 1.633119837042679e-19
4.074498068147208e-05 1.6720354194577152e-19
4.077478681218275e-05 1.7918054182226544e-19
4.080459294289341e-05 1.8180832305445492e-19
4.083439907360407e-05 1.5638913615166582e-19
4.086420520431473e-05 1.622932181028687e-19
4.0894011335025385e-05 1.849576272081184e-19
4.092381746573605e-05 1.7103812543008625e-19
4.09536235964467e-05 1.6033424310569293e-19
4.0983429727157366e-05 1.6138931376773509e-19
4.101323585786802e-05 1.6949407219308988e-19
4.1043041988578684e-05 1.8043834209793376e-19
4.107284811928934e-05 1.5689828897848688e-19
4.110265425e-05 1.5000957895874725e-19
4.113246038071066e-05 1.7734051019089523e-19
4.116226651142132e-05 1.7078803795648096e-19
4.119207264213199e-05 1.5544440496306647e-19
4.1221878772842645e-05 1.5626362055738889e-19
4.125168490355331e-05 1.6188248586610365e-19
4.128149103426396e-05 1.749685135678329e-19
4.1311297164974626e-05 1.5679561274081295e-19
4.134110329568528e-05 1.4039134752270157e-19
4.1370909426395944e-05 1.6578417173789455e-19
4.1400715557106606e-05 1.6823176973555676e-19
4.143052168781726e-05 1.4955967083686047e-19
4.1460327818527924e-05 1.4763311092709334e-19
4.149013394923858e-05 1.513869135622995e-19
4.151994007994924e-05 1.6469473146109296e-19
4.15497462106599e-05 1.5827124491585801e-19
4.157955234137056e-05 1.323501481020187e-19
4.160935847208123e-05 1.503844952457664e-19
4.1639164602791886e-05 1.6560582326667708e-19
4.166897073350255e-05 1.4207294875142043e-19
4.1698776864213204e-05 1.3825092201914678e-19
4.1728582994923866e-05 1.4258741002936105e-19
4.175838912563452e-05 1.495967411736649e-19
4.1788195256345184e-05 1.5180546858153923e-19
4.181800138705584e-05 1.2653474102232523e-19
4.18478075177665e-05 1.3349652416129048e-19
4.187761364847716e-05 1.565709994486896e-19
4.190741977918782e-05 1.3871654072857458e-19
4.1937225909898476e-05 1.2686540396793175e-19
4.196703204060914e-05 1.3178767383595553e-19
4.199683817131981e-05 1.3788877366423536e-19
4.2026644302030464e-05 1.4433750249703097e-19
4.2056450432741126e-05 1.212398678369898e-19
4.208625656345178e-05 1.1663855722179107e-19
4.2116062694162444e-05 1.440843812486341e-19
4.21458688248731e-05 1.3241561743571506e-19
4.217567495558376e-05 1.1422369683528876e-19
4.220548108629442e-05 1.199579016027276e-19
4.223528721700508e-05 1.2545077146882786e-19
4.2265093347715736e-05 1.3274058885147222e-19
4.22948994784264e-05 1.1753335656867544e-19
4.2324705609137054e-05 1.0273515664945042e-19
4.235451173984772e-05 1.265535765137932e-19
4.238431787055838e-05 1.2789765978052067e-19
4.241412400126904e-05 1.0528371889280974e-19
4.2443930131979704e-05 1.0623170100556517e-19
4.247373626269036e-05 1.113534404494049e-19
4.250354239340102e-05 1.180069872938892e-19
4.253334852411168e-05 1.1037124427481558e-19
4.256315465482234e-05 9.10210314054986e-20
4.2592960785533e-05 1.0815956629232645e-19
4.262276691624366e-05 1.186663536401452e-19
4.265257304695432e-05 9.729153452501027e-20
4.268237917766498e-05 9.348034615195012e-20
4.271218530837564e-05 9.880732613354715e-20
4.2741991439086295e-05 1.0411425305990795e-19
4.277179756979696e-05 1.0257707414718636e-19
4.280160370050761e-05 8.140722329305086e-20
4.283140983121828e-05 8.736605655467185e-20
4.2861215961928945e-05 1.0774911600265733e-19
4.28910220926396e-05 9.052200773068801e-20
4.292082822335026e-05 7.600744958759311e-20
4.295063435406092e-05 8.509469504860955e-20
4.298044048477158e-05 9.060125939418762e-20
4.301024661548224e-05 9.234046830724986e-20
4.30400527461929e-05 7.451246213044141e-20
4.3069858876903555e-05 6.654240596683628e-20
4.309966500761422e-05 9.313800406852933e-20
4.312947113832487e-05 8.505944266348668e-20
4.3159277269035535e-05 6.169017521640171e-20
4.318908339974619e-05 7.087165263411964e-20
4.3218889530456854e-05 7.696843780436566e-20
4.324869566116752e-05 7.678889086074944e-20
4.327850179187818e-05 6.510981905560973e-20
4.330830792258884e-05 5.365801977114773e-20
4.33381140532995e-05 7.414036889267852e-20
4.336792018401016e-05 7.650746141107265e-20
4.3397726314720815e-05 5.2017666623812987e-20
4.342753244543148e-05 5.518328224259203e-20
4.345733857614213e-05 6.356819662152601e-20
4.3487144706852795e-05 6.453345292739167e-20
4.351695083756346e-05 5.918790830113808e-20
4.3546756968274114e-05 3.926118837070328e-20
4.3576563098984776e-05 5.439295071986599e-20
4.360636922969543e-05 6.805313670700215e-20
4.36361753604061e-05 4.178310709354014e-20
4.366598149111676e-05 3.995980034669502e-20
4.369578762182742e-05 5.041233345345518e-20
4.372559375253808e-05 5.151286452595917e-20
4.375539988324874e-05 5.0345662582339014e-20
4.37852060139594e-05 3.206468492458848e-20
4.3815012144670055e-05 3.6361966114716285e-20
4.384481827538072e-05 5.641885859275123e-20
4.3874624406091374e-05 3.924356870376435e-20
4.3904430536802036e-05 2.5898755248370642e-20
4.393423666751269e-05 3.730542932067907e-20
4.3964042798223354e-05 3.890125318800623e-20
4.399384892893401e-05 3.832064823977626e-20
4.402365505964467e-05 2.7197250402964965e-20
4.405346119035534e-05 2.0869871024077698e-20
4.4083267321066e-05 4.304340830729379e-20
4.411307345177666e-05 3.5602123505832975e-20
4.4142879582487315e-05 1.4690473740215685e-20
4.417268571319798e-05 2.6812053880253352e-20
4.4202491843908633e-05 3.1041779703299335e-20
4.4232297974619296e-05 2.838058027390377e-20
4.426210410532995e-05 2.156645867985172e-20
4.4291910236040614e-05 9.461367090609045e-21
4.432171636675127e-05 2.722429993072014e-20
4.435152249746193e-05 3.143977591731376e-20
4.438132862817259e-05 8.096121533530216e-21
4.441113475888325e-05 1.1311074885798066e-20
4.4440940889593906e-05 2.1848742287054738e-20
4.4470747020304575e-05 2.207200570049515e-20
4.450055315101524e-05 1.632675684303308e-20
4.4530359281725893e-05 1.8681502846147746e-21
4.4560165412436556e-05 1.4019113824711478e-20
4.458997154314721e-05 2.728569932280511e-20
4.4619777673857874e-05 4.1979245862018595e-21
4.464958380456853e-05 -1.6057692898580902e-24
4.467938993527919e-05 1.4635189944242352e-20
4.4709196065989855e-05 1.3421678873027674e-20
4.473900219670051e-05 9.255059723587107e-21
4.476880832741117e-05 -3.1894360818925778e-21
4.479861445812183e-05 6.211234720574423e-23
4.482842058883249e-05 2.097158285709612e-20
4.4858226719543147e-05 4.284326132382863e-21
4.4888032850253816e-05 -1.0752495788483124e-20
4.491783898096448e-05 6.933146703600471e-21
4.4947645111675134e-05 7.7986465266058e-21
4.4977451242385796e-05 3.3564007359966123e-21
4.500725737309645e-05 -5.279796243596717e-21
4.5037063503807115e-05 -1.1657926302895064e-20
4.506686963451777e-05 1.063682104102688e-20
4.509667576522843e-05 3.3133863736122718e-21
4.512648189593909e-05 -1.793749864332757e-20
4.515628802664975e-05 -4.138310193833858e-21
4.5186094157360407e-05 1.6119537899684395e-21
4.521590028807107e-05 -1.6837324983000987e-21
4.5245706418781725e-05 -7.524112052109705e-21
4.5275512549492394e-05 -1.779188993984189e-20
4.5305318680203056e-05 -1.3042888387324343e-21
4.533512481091371e-05 3.764970342019344e-21
4.5364930941624375e-05 -2.039741788464134e-20
4.539473707233503e-05 -1.5217926749789283e-20
4.542454320304569e-05 -2.7486863394013568e-21
4.545434933375635e-05 -8.244329885051707e-21
4.548415546446701e-05 -1.0214461322935662e-20
4.5513961595177667e-05 -2.185629993892793e-20
4.554376772588833e-05 -1.4101604369780496e-20
4.5573573856598985e-05 1.9409304455158657e-21
4.560337998730965e-05 -1.9516514766356134e-20
4.56331861180203e-05 -2.406536401944947e-20
4.5662992248730965e-05 -8.593476744367965e-21
4.5692798379441634e-05 -1.1203166853225286e-20
4.572260451015229e-05 -1.4177612586214628e-20
4.575241064086295e-05 -2.366753544797589e-20
4.578221677157361e-05 -2.294435757043204e-20
4.581202290228427e-05 -3.4459870024958894e-21
4.5841829032994926e-05 -1.696114704719154e-20
4.587163516370559e-05 -3.335213913620279e-20
4.590144129441625e-05 -1.503548138130903e-20
4.593124742512691e-05 -1.1921362761369256e-20
4.596105355583757e-05 -1.7674576573675408e-20
4.5990859686548225e-05 -2.181858465127619e-20
4.602066581725889e-05 -2.8671837538129747e-20
4.605047194796954e-05 -8.954175523878609e-21
4.6080278078680206e-05 -1.258208348763338e-20
4.6110084209390875e-05 -3.6337720010105675e-20
4.613989034010153e-05 -2.0609309839512272e-20
4.616969647081219e-05 -1.2862402269550319e-20
4.619950260152285e-05 -2.0685897079002038e-20
4.622930873223351e-05 -2.2393763174063856e-20
4.625911486294417e-05 -3.1368523794034894e-20
4.628892099365483e-05 -1.6923042728391512e-20
4.6318727124365485e-05 -8.945613891267534e-21
4.634853325507615e-05 -3.378773947871072e-20
4.63783393857868e-05 -2.766106454451803e-20
4.6408145516497466e-05 -1.3741675108515912e-20
4.643795164720812e-05 -2.073277858994357e-20
4.6467757777918784e-05 -2.2175589832495593e-20
4.649756390862944e-05 -3.2361200548802203e-20
4.652737003934011e-05 -2.3381449906076332e-20
4.655717617005077e-05 -8.377513038873947e-21
4.658698230076143e-05 -3.119539353142049e-20
4.661678843147209e-05 -3.361097948922845e-20
4.6646594562182745e-05 -1.489364091926908e-20
4.667640069289341e-05 -1.8387624530872675e-20
4.670620682360406e-05 -2.3252795345847575e-20
4.6736012954314726e-05 -2.8244050544442e-20
4.676581908502538e-05 -2.7087004133471634e-20
4.6795625215736044e-05 -1.170164352046955e-20
4.6825431346446706e-05 -2.1420170980021058e-20
4.685523747715736e-05 -3.6336123783209606e-20
4.6885043607868024e-05 -2.100862343174335e-20
4.691484973857869e-05 -1.5474953315640467e-20
