0.0 -6.964107642543096e-20
2.981684591520165e-08 -6.64225899305461e-20
5.96336918304033e-08 -4.604341823962957e-20
8.945053774560496e-08 -5.1438042943568873e-20
1.192673836608066e-07 -6.69665997777157e-20
1.4908422957600826e-07 -5.720883637040418e-20
1.7890107549120992e-07 -4.519585053382609e-20
2.0871792140641158e-07 -4.620580022604599e-20
2.385347673216132e-07 -5.711400088233939e-20
2.6835161323681487e-07 -5.906853956682795e-20
2.981684591520165e-07 -3.8225051404943946e-20
3.279853050672182e-07 -3.730480183289582e-20
3.5780215098241984e-07 -5.542307517160658e-20
3.876189968976215e-07 -4.9384118326541377e-20
4.1743584281282316e-07 -3.541428292926267e-20
4.472526887280248e-07 -3.298875687120584e-20
4.770695346432264e-07 -4.2724225639995304e-20
5.068863805584282e-07 -4.7726666000638915e-20
5.367032264736297e-07 -3.041949914959144e-20
5.665200723888314e-07 -2.3229576633986488e-20
5.96336918304033e-07 -3.957315195601078e-20
6.261537642192347e-07 -4.208626968597247e-20
6.559706101344364e-07 -2.5850841194960722e-20
6.85787456049638e-07 -2.0496434165728322e-20
7.156043019648397e-07 -2.943064572535458e-20
7.454211478800413e-07 -3.5875139397221613e-20
7.75237993795243e-07 -2.4163107695111177e-20
8.050548397104447e-07 -1.0317514038877077e-20
8.348716856256463e-07 -2.1945407569898214e-20
8.64688531540848e-07 -3.230488237626718e-20
8.945053774560496e-07 -1.8120330098130458e-20
9.243222233712512e-07 -6.643827644697596e-21
9.541390692864528e-07 -1.431399734999853e-20
9.839559152016547e-07 -2.6087697214484473e-20
1.0137727611168564e-06 -1.755060023210315e-20
1.043589607032058e-06 6.839039832786871e-22
1.0734064529472595e-06 -8.381426547869082e-21
1.1032232988624611e-06 -2.1447464522065012e-20
1.1330401447776628e-06 -7.702084566950131e-21
1.1628569906928644e-06 3.0107212072038696e-21
1.192673836608066e-06 -2.045886533646269e-21
1.222490682523268e-06 -9.225620749714139e-21
1.2523075284384694e-06 -7.80715303452521e-21
1.282124374353671e-06 8.36600551360606e-21
1.3119412202688727e-06 9.530116759283861e-21
1.3417580661840744e-06 -8.95201763133201e-21
1.371574912099276e-06 -2.7115451859010783e-21
1.4013917580144777e-06 1.5169241384377883e-20
1.4312086039296794e-06 1.2054141768745724e-20
1.461025449844881e-06 1.820892141311151e-21
1.4908422957600827e-06 -1.5748453301013163e-22
1.5206591416752843e-06 1.5268846390773e-20
1.550475987590486e-06 2.3888834244363452e-20
1.5802928335056876e-06 6.3267207865573336e-21
1.6101096794208893e-06 5.3197581609796116e-21
1.6399265253360908e-06 2.3020929950127825e-20
1.6697433712512926e-06 2.4561021495287668e-20
1.6995602171664943e-06 1.5661451831443858e-20
1.729377063081696e-06 1.0143401378873879e-20
1.7591939089968976e-06 2.144347527728297e-20
1.7890107549120993e-06 3.411029920567979e-20
1.8188276008273007e-06 1.9479917221919507e-20
1.8486444467425024e-06 1.1909340897814871e-20
1.8784612926577042e-06 2.98658641103421e-20
1.9082781385729057e-06 3.655556836389653e-20
1.9380949844881075e-06 2.866881991787466e-20
1.9679118304033094e-06 2.0949031110881285e-20
1.997728676318511e-06 2.6515953204946253e-20
2.0275455222337127e-06 4.3376337732192094e-20
2.057362368148914e-06 3.4769557123545746e-20
2.087179214064116e-06 1.918638945677804e-20
2.1169960599793175e-06 3.233486220984296e-20
2.146812905894519e-06 4.3537544077074244e-20
2.176629751809721e-06 3.77230165529232e-20
2.2064465977249222e-06 2.8099604852695067e-20
2.236263443640124e-06 3.038491047164799e-20
2.2660802895553256e-06 4.775275675180023e-20
2.295897135470527e-06 4.570352462180649e-20
2.325713981385729e-06 2.7916016728929297e-20
2.3555308273009303e-06 3.563580968329591e-20
2.385347673216132e-06 5.012725035547803e-20
2.415164519131334e-06 4.433254746919689e-20
2.444981365046536e-06 3.655660397685318e-20
2.4747982109617374e-06 3.551379869646704e-20
2.504615056876939e-06 4.8647935459467466e-20
2.5344319027921407e-06 5.525063184102133e-20
2.564248748707342e-06 3.463531927141296e-20
2.594065594622544e-06 3.572948699646456e-20
2.6238824405377455e-06 5.363519456070185e-20
2.6536992864529473e-06 5.040580103146205e-20
2.6835161323681488e-06 4.24316342834841e-20
2.7133329782833502e-06 3.912141011035218e-20
2.743149824198552e-06 4.9355866556248103e-20
2.7729666701137535e-06 6.002394739150217e-20
2.8027835160289554e-06 4.3383771353058116e-20
2.832600361944157e-06 3.568223649660403e-20
2.8624172078593587e-06 5.445424180064984e-20
2.8922340537745606e-06 5.747451362404134e-20
2.922050899689762e-06 4.614783250967256e-20
2.951867745604964e-06 4.1796806156052173e-20
2.9816845915201653e-06 4.869563414443642e-20
3.0115014374353672e-06 6.139387265423389e-20
3.0413182833505687e-06 5.219653736626932e-20
3.07113512926577e-06 3.8852265552418414e-20
3.100951975180972e-06 5.2936966825708204e-20
3.1307688210961734e-06 6.074802598610466e-20
3.1605856670113753e-06 5.152908990164261e-20
3.1904025129265767e-06 4.565866431576261e-20
3.2202193588417786e-06 4.6542418367262514e-20
3.25003620475698e-06 6.1234258975113e-20
3.2798530506721815e-06 5.965054805009758e-20
3.309669896587384e-06 3.977152725790026e-20
3.3394867425025852e-06 5.0985960454676995e-20
3.369303588417787e-06 6.481000952541099e-20
3.3991204343329886e-06 5.575747254355809e-20
3.4289372802481904e-06 4.945614108601618e-20
3.458754126163392e-06 4.7121393694764876e-20
3.4885709720785933e-06 6.013589283425858e-20
3.518387817993795e-06 6.642583954597512e-20
3.5482046639089966e-06 4.467713647325691e-20
3.5780215098241985e-06 4.571403596009877e-20
3.6078383557394e-06 6.597359146647721e-20
3.6376552016546014e-06 6.089607060142783e-20
3.6674720475698033e-06 4.963954947255043e-20
3.6972888934850047e-06 4.925169961723023e-20
3.727105739400207e-06 5.915044752340431e-20
3.7569225853154084e-06 6.884106625159817e-20
3.7867394312306103e-06 5.2952549428790747e-20
3.816556277145811e-06 4.475843123330074e-20
3.846373123061013e-06 6.410132476158125e-20
3.876189968976215e-06 6.604147679995028e-20
3.9060068148914165e-06 5.360172134928083e-20
3.935823660806619e-06 5.0830685594701364e-20
3.96564050672182e-06 5.616144989568222e-20
3.995457352637022e-06 6.849550473772861e-20
4.025274198552223e-06 6.050958775973814e-20
4.0550910444674254e-06 4.350899551319496e-20
4.084907890382626e-06 5.902901173382871e-20
4.114724736297828e-06 7.116479312020988e-20
4.14454158221303e-06 5.771101915469396e-20
4.174358428128232e-06 5.243708650548232e-20
4.204175274043433e-06 5.743871090621769e-20
4.233992119958635e-06 6.739017361514858e-20
4.263808965873836e-06 6.687753018920796e-20
4.293625811789038e-06 4.644442254052338e-20
4.323442657704239e-06 5.409181734878495e-20
4.353259503619442e-06 7.371434635722628e-20
4.383076349534644e-06 6.044237821848755e-20
4.4128931954498445e-06 5.2946572161813076e-20
4.442710041365047e-06 5.755212392929585e-20
4.472526887280248e-06 6.496494520445994e-20
4.50234373319545e-06 7.085021071677913e-20
4.532160579110651e-06 5.3753287093377596e-20
4.561977425025853e-06 5.2557004038557696e-20
4.591794270941054e-06 7.313215620349278e-20
4.621611116856256e-06 6.837004083927176e-20
4.651427962771458e-06 5.3856956025579907e-20
4.68124480868666e-06 5.544461515673965e-20
4.711061654601861e-06 6.547299142007106e-20
4.740878500517063e-06 7.296136554584053e-20
4.770695346432264e-06 5.903835260883168e-20
4.800512192347466e-06 4.964491330475407e-20
4.830329038262668e-06 7.117414772759117e-20
4.8601458841778696e-06 7.42376342821006e-20
4.889962730093072e-06 5.636772207651929e-20
4.9197795760082725e-06 5.628574098897455e-20
4.949596421923475e-06 6.436024450751999e-20
4.979413267838676e-06 7.290815821261882e-20
5.009230113753878e-06 6.688379425836873e-20
5.039046959669079e-06 4.9717712560470436e-20
5.068863805584281e-06 6.443314968673196e-20
5.098680651499483e-06 7.90568001172226e-20
5.128497497414684e-06 5.995823855606305e-20
5.158314343329886e-06 5.552847327165362e-20
5.188131189245088e-06 6.639053737531438e-20
5.217948035160289e-06 7.191035576579655e-20
5.247764881075491e-06 7.095362710386773e-20
5.277581726990693e-06 5.45345441315707e-20
5.307398572905895e-06 6.126577301472838e-20
5.337215418821096e-06 8.035519779381716e-20
5.3670322647362975e-06 6.735947193934527e-20
5.3968491106515e-06 5.74475829040657e-20
5.4266659565667004e-06 6.36374363011513e-20
5.456482802481903e-06 7.183295474230552e-20
5.486299648397104e-06 7.453384601663601e-20
5.5161164943123065e-06 5.830795886477529e-20
5.545933340227507e-06 5.66990689388685e-20
5.575750186142709e-06 7.895003148960885e-20
5.605567032057911e-06 7.397743901849524e-20
5.635383877973112e-06 5.638748802139304e-20
5.665200723888314e-06 6.354910541659058e-20
5.695017569803516e-06 7.265446609275351e-20
5.7248344157187174e-06 7.451453057088028e-20
5.754651261633919e-06 6.472217959097518e-20
5.784468107549121e-06 5.3988528588253553e-20
5.814284953464323e-06 7.431355433018151e-20
5.844101799379524e-06 8.043238913956456e-20
5.8739186452947255e-06 5.836050503190835e-20
5.903735491209928e-06 6.140239092556251e-20
5.933552337125128e-06 7.29623165378233e-20
5.963369183040331e-06 7.58487109255571e-20
5.993186028955532e-06 6.947308490242926e-20
6.0230028748707344e-06 5.59604709145818e-20
6.052819720785935e-06 7.033541772070592e-20
6.082636566701137e-06 8.289524456197852e-20
6.11245341261634e-06 6.306519607805927e-20
6.14227025853154e-06 5.757014450749959e-20
6.1720871044467425e-06 7.028600618625002e-20
6.201903950361944e-06 7.601918067282311e-20
6.231720796277146e-06 7.086718171425373e-20
6.261537642192347e-06 5.675411097928383e-20
6.291354488107549e-06 6.457021099667751e-20
6.321171334022751e-06 8.361495578115774e-20
6.350988179937952e-06 6.893029962293148e-20
6.3808050258531535e-06 5.482093189635885e-20
6.410621871768356e-06 7.028006943833642e-20
6.440438717683557e-06 7.646277622751725e-20
6.470255563598759e-06 7.089781958743137e-20
6.50007240951396e-06 6.20199777997827e-20
6.529889255429162e-06 5.86980997346423e-20
6.559706101344363e-06 7.90964468110755e-20
6.589522947259565e-06 7.539800161168268e-20
6.619339793174768e-06 5.431042453548031e-20
6.649156639089969e-06 6.57397600427488e-20
6.6789734850051705e-06 7.628746722595916e-20
6.708790330920372e-06 7.296628289102323e-20
6.738607176835574e-06 6.35242861884491e-20
6.768424022750775e-06 5.863021571816339e-20
6.798240868665977e-06 7.585911248649159e-20
6.8280577145811786e-06 7.870889881517913e-20
6.857874560496381e-06 5.794642685233956e-20
6.8876914064115814e-06 5.85427625706315e-20
6.917508252326784e-06 7.582255474287062e-20
6.947325098241985e-06 7.525615076392645e-20
6.977141944157187e-06 6.401594643122932e-20
7.006958790072389e-06 5.875072826574619e-20
7.03677563598759e-06 7.055829916230325e-20
7.066592481902792e-06 8.283907796315711e-20
7.096409327817993e-06 6.402204626848007e-20
7.1262261737331956e-06 5.6805730519738e-20
7.156043019648397e-06 7.58037048375664e-20
7.1858598655635985e-06 7.624316427263828e-20
7.2156767114788e-06 6.85308014473522e-20
7.245493557394002e-06 6.204822723292634e-20
7.275310403309203e-06 6.628447620922887e-20
7.305127249224405e-06 8.189882960058785e-20
7.3349440951396065e-06 7.075618007214332e-20
7.364760941054809e-06 5.825860022987947e-20
7.394577786970009e-06 7.281829215863598e-20
7.424394632885212e-06 8.01715970360168e-20
7.454211478800414e-06 7.294162233378878e-20
7.484028324715615e-06 6.381244899870368e-20
7.513845170630817e-06 6.707360789541362e-20
7.543662016546018e-06 8.443175415056711e-20
7.573478862461221e-06 7.850325123729033e-20
7.603295708376421e-06 6.0131053800845e-20
7.633112554291623e-06 7.014289307772708e-20
7.662929400206825e-06 8.363333692365644e-20
7.692746246122026e-06 7.644098156645782e-20
7.722563092037228e-06 6.766013445655621e-20
7.75237993795243e-06 6.940539840351601e-20
7.782196783867632e-06 8.290590338296554e-20
7.812013629782833e-06 8.458680058595418e-20
7.841830475698035e-06 6.572671383449067e-20
7.871647321613238e-06 7.067080827401766e-20
7.901464167528438e-06 8.809613972886231e-20
7.93128101344364e-06 8.146611235445327e-20
7.961097859358841e-06 7.193782159143451e-20
7.990914705274043e-06 7.145478181842071e-20
8.020731551189244e-06 8.20688139110031e-20
8.050548397104446e-06 8.965342900514803e-20
8.080365243019649e-06 7.269939058991029e-20
8.110182088934851e-06 6.852180377715029e-20
8.139998934850051e-06 8.83909166250226e-20
8.169815780765252e-06 8.865383915798183e-20
8.199632626680454e-06 7.674550798304572e-20
8.229449472595657e-06 7.393612647154212e-20
8.259266318510857e-06 8.181775652699926e-20
8.28908316442606e-06 9.339884622283147e-20
8.318900010341262e-06 8.090155461183054e-20
8.348716856256464e-06 6.966700280834701e-20
8.378533702171665e-06 8.60337772881954e-20
8.408350548086865e-06 9.131658698502822e-20
8.438167394002068e-06 8.021766960660398e-20
8.46798423991727e-06 7.519285603187419e-20
8.497801085832472e-06 8.203665235383944e-20
8.527617931747673e-06 9.320263585892046e-20
8.557434777662875e-06 8.64860999637343e-20
8.587251623578076e-06 7.420751417585922e-20
8.617068469493278e-06 8.32657176143983e-20
8.646885315408479e-06 9.406068941511258e-20
8.676702161323681e-06 8.619355086300347e-20
8.706519007238883e-06 7.737220728428837e-20
8.736335853154085e-06 8.066132913605531e-20
8.766152699069288e-06 9.014714248651503e-20
8.795969544984487e-06 9.092029470177293e-20
8.825786390899689e-06 7.68468273827973e-20
8.855603236814891e-06 7.937061693168133e-20
8.885420082730094e-06 9.486512856986266e-20
8.915236928645294e-06 8.778648376537441e-20
8.945053774560496e-06 7.812125693362565e-20
8.974870620475697e-06 8.019229783156993e-20
9.0046874663909e-06 8.92999688656808e-20
9.0345043123061e-06 9.420229745272781e-20
9.064321158221302e-06 7.797720374333349e-20
9.094138004136505e-06 7.506726012340458e-20
9.123954850051707e-06 9.100535987382937e-20
9.153771695966909e-06 8.9341476025228e-20
9.183588541882108e-06 7.980164881088872e-20
9.21340538779731e-06 7.819937979650826e-20
9.243222233712513e-06 8.566326825473444e-20
9.273039079627715e-06 9.216634307928439e-20
9.302855925542916e-06 8.225892266709401e-20
9.332672771458118e-06 7.433965803955886e-20
9.36248961737332e-06 8.709701888702029e-20
9.39230646328852e-06 9.201084785245939e-20
9.422123309203721e-06 7.876573923497356e-20
9.451940155118924e-06 7.63337535708204e-20
9.481757001034126e-06 8.326189593329858e-20
9.511573846949328e-06 8.777272211684302e-20
9.541390692864529e-06 8.251105126057376e-20
9.571207538779731e-06 7.162554160668781e-20
9.601024384694932e-06 8.105047339599371e-20
9.630841230610134e-06 8.982865682504402e-20
9.660658076525336e-06 7.917093791858621e-20
9.690474922440537e-06 7.403811367479759e-20
9.720291768355739e-06 7.772912952183845e-20
9.750108614270941e-06 8.599469350251491e-20
9.779925460186144e-06 8.377353019470428e-20
9.809742306101343e-06 7.013090773671235e-20
9.839559152016545e-06 7.481461052016527e-20
9.869375997931747e-06 8.459264965843914e-20
9.89919284384695e-06 7.79778054247185e-20
9.92900968976215e-06 7.093873452969706e-20
9.958826535677352e-06 7.372680756499864e-20
9.988643381592555e-06 8.012972570807663e-20
1.0018460227507755e-05 8.04642512222793e-20
1.0048277073422956e-05 7.115423713641235e-20
1.0078093919338158e-05 6.821531900862088e-20
1.010791076525336e-05 7.895093629569122e-20
1.0137727611168563e-05 7.802270642234324e-20
1.0167544457083765e-05 6.776249517076387e-20
1.0197361302998966e-05 6.854183592589658e-20
1.0227178148914166e-05 7.294340349918886e-20
1.0256994994829369e-05 7.656665966507431e-20
1.0286811840744571e-05 6.944428562205716e-20
1.0316628686659771e-05 6.20301878665881e-20
1.0346445532574974e-05 7.310822595864973e-20
1.0376262378490176e-05 7.558295228257694e-20
1.0406079224405378e-05 6.575251843231532e-20
1.0435896070320577e-05 6.416052138225088e-20
1.046571291623578e-05 6.728845504875669e-20
1.0495529762150982e-05 7.179768561845168e-20
1.0525346608066184e-05 6.677760030055685e-20
1.0555163453981386e-05 5.680103246043095e-20
1.0584980299896587e-05 6.509487355136277e-20
1.061479714581179e-05 7.167742236326221e-20
1.064461399172699e-05 6.133201560940516e-20
1.0674430837642192e-05 5.885925894511217e-20
1.0704247683557393e-05 6.320704030877554e-20
1.0734064529472595e-05 6.456013537165235e-20
1.0763881375387797e-05 6.478058443085129e-20
1.0793698221303e-05 5.588710049437501e-20
1.08235150672182e-05 5.717563740529521e-20
1.0853331913133401e-05 6.70104347953489e-20
1.0883148759048603e-05 5.815877962907045e-20
1.0912965604963805e-05 5.3884428894773045e-20
1.0942782450879008e-05 5.651931142093229e-20
1.0972599296794208e-05 5.757773322208237e-20
1.100241614270941e-05 6.265244591105961e-20
1.1032232988624613e-05 5.239891222390488e-20
1.1062049834539814e-05 4.9035457299126303e-20
1.1091866680455014e-05 6.096314964126073e-20
1.1121683526370216e-05 5.6793947403868e-20
1.1151500372285419e-05 5.0644539656244385e-20
1.1181317218200621e-05 5.212578228583424e-20
1.1211134064115822e-05 5.292200924489743e-20
1.1240950910031024e-05 5.660104192693971e-20
1.1270767755946224e-05 5.2579065871091974e-20
1.1300584601861427e-05 4.292332813190564e-20
1.1330401447776627e-05 5.045243634639181e-20
1.136021829369183e-05 5.642462260670262e-20
1.1390035139607032e-05 4.61062190574653e-20
1.1419851985522234e-05 4.5571283847315425e-20
1.1449668831437435e-05 4.768066631800203e-20
1.1479485677352635e-05 4.8849631136202566e-20
1.1509302523267838e-05 5.0980728475050525e-20
1.153911936918304e-05 4.0637745532598215e-20
1.1568936215098242e-05 4.292878621266341e-20
1.1598753061013443e-05 5.153712949545468e-20
1.1628569906928645e-05 4.342451753262806e-20
1.1658386752843846e-05 3.9744087653445176e-20
1.1688203598759048e-05 4.153564013244411e-20
1.1718020444674249e-05 4.405573880778438e-20
1.1747837290589451e-05 4.481904495542401e-20
1.1777654136504653e-05 3.655906583480895e-20
1.1807470982419856e-05 3.601523735836399e-20
1.1837287828335058e-05 4.528893934625119e-20
1.1867104674250257e-05 4.177357596865317e-20
1.1896921520165459e-05 3.356183070533633e-20
1.1926738366080661e-05 3.548155150597443e-20
1.1956555211995864e-05 3.8633749395504597e-20
1.1986372057911064e-05 4.135437586734447e-20
1.2016188903826267e-05 3.4227942720588885e-20
1.2046005749741469e-05 2.746372845823216e-20
1.207582259565667e-05 3.6288394795557485e-20
1.210563944157187e-05 3.7635250000117206e-20
1.2135456287487072e-05 2.9319196873889946e-20
1.2165273133402275e-05 2.826338428871865e-20
1.2195089979317477e-05 3.121000790859082e-20
1.222490682523268e-05 3.2535132489468215e-20
1.225472367114788e-05 2.991286946066921e-20
1.228454051706308e-05 2.2611833455856305e-20
1.2314357362978283e-05 2.597086293489985e-20
1.2344174208893485e-05 3.187386502037338e-20
1.2373991054808686e-05 2.3947885851214387e-20
1.2403807900723888e-05 1.949554070505554e-20
1.243362474663909e-05 2.0528560325948064e-20
1.2463441592554293e-05 2.3109863359384225e-20
1.2493258438469491e-05 2.4369922251902482e-20
1.2523075284384694e-05 1.5244369498100085e-20
1.2552892130299896e-05 1.436261787170582e-20
1.2582708976215098e-05 2.2534462756723554e-20
1.2612525822130299e-05 1.8474732686697034e-20
1.2642342668045501e-05 1.2345147882230036e-20
1.2672159513960703e-05 1.2825258855485174e-20
1.2701976359875904e-05 1.5799792305574807e-20
1.2731793205791106e-05 1.6994409933484567e-20
1.2761610051706307e-05 8.00213182809273e-21
1.279142689762151e-05 3.0754737880913084e-21
1.2821243743536712e-05 1.2477514523161633e-20
1.2851060589451914e-05 1.167980105497651e-20
1.2880877435367114e-05 2.3756492083113903e-21
1.2910694281282315e-05 3.96601678039343e-21
1.2940511127197517e-05 5.6708420668098824e-21
1.297032797311272e-05 8.3236216327866e-21
1.300014481902792e-05 3.9413080162578044e-21
1.3029961664943123e-05 -6.626291339772329e-21
1.3059778510858325e-05 2.9983030057018494e-21
1.3089595356773527e-05 6.3682629538992446e-21
1.3119412202688726e-05 -5.716067909728301e-21
1.3149229048603928e-05 -7.634682356051256e-21
1.317904589451913e-05 -4.065227892846746e-21
1.3208862740434333e-05 -9.696784134417176e-22
1.3238679586349535e-05 -5.067430014602982e-21
1.3268496432264736e-05 -1.3682345488270236e-20
1.3298313278179938e-05 -1.0336135221961693e-20
1.3328130124095139e-05 -2.149530159803952e-21
1.3357946970010341e-05 -8.99585065291886e-21
1.3387763815925542e-05 -1.7635667689854808e-20
1.3417580661840744e-05 -1.295843750096373e-20
1.3447397507755946e-05 -7.797137062668255e-21
1.3477214353671148e-05 -1.0241261050337541e-20
1.350703119958635e-05 -2.0941692021677715e-20
1.353684804550155e-05 -2.1909803819392858e-20
1.3566664891416752e-05 -1.0291729059017177e-20
1.3596481737331954e-05 -1.4610826181810234e-20
1.3626298583247157e-05 -2.566350313709869e-20
1.3656115429162357e-05 -2.3350072037454043e-20
1.368593227507756e-05 -1.740949762523562e-20
1.3715749120992762e-05 -1.6498810514973788e-20
1.3745565966907962e-05 -2.4625594222777326e-20
1.3775382812823163e-05 -2.996440988155281e-20
1.3805199658738365e-05 -2.0079249585278768e-20
1.3835016504653567e-05 -1.872927968499524e-20
1.386483335056877e-05 -3.1264459358393785e-20
1.389465019648397e-05 -3.223821263179168e-20
1.3924467042399173e-05 -2.5148545706841983e-20
1.3954283888314373e-05 -2.356282362524764e-20
1.3984100734229576e-05 -2.96143339333882e-20
1.4013917580144778e-05 -3.728672609837832e-20
1.4043734426059978e-05 -2.8725784287885483e-20
1.407355127197518e-05 -2.2472108116140267e-20
1.4103368117890383e-05 -3.436405603210958e-20
1.4133184963805584e-05 -3.7439254833960254e-20
1.4163001809720784e-05 -3.263306491483003e-20
1.4192818655635987e-05 -2.7317816957806053e-20
1.4222635501551189e-05 -3.10051738003455e-20
1.4252452347466391e-05 -4.5044566597199275e-20
1.4282269193381592e-05 -3.812191057614837e-20
1.4312086039296794e-05 -2.6398080980156927e-20
1.4341902885211995e-05 -3.650558092213017e-20
1.4371719731127197e-05 -4.5621477067410975e-20
1.4401536577042397e-05 -3.921204183971653e-20
1.44313534229576e-05 -3.0984367383856454e-20
1.4461170268872802e-05 -3.605557444903408e-20
1.4490987114788004e-05 -4.692522471483858e-20
1.4520803960703207e-05 -4.443616273240714e-20
1.4550620806618406e-05 -3.23531918988193e-20
1.4580437652533608e-05 -3.768151044565969e-20
1.461025449844881e-05 -5.092460241738603e-20
1.4640071344364012e-05 -4.4969776017289853e-20
1.4669888190279213e-05 -3.7567787154539826e-20
1.4699705036194415e-05 -3.9476780459932224e-20
1.4729521882109618e-05 -4.776437089752796e-20
1.4759338728024818e-05 -5.184593320720135e-20
1.4789155573940019e-05 -3.798936550575668e-20
1.4818972419855221e-05 -3.742140015206666e-20
1.4848789265770423e-05 -5.1235364598995757e-20
1.4878606111685626e-05 -4.8587518177869744e-20
1.4908422957600828e-05 -4.1886314811559886e-20
1.4938239803516029e-05 -4.120312212542456e-20
1.496805664943123e-05 -5.0363488693756266e-20
1.4997873495346432e-05 -5.560792617581525e-20
1.5027690341261634e-05 -4.319567701275452e-20
1.5057507187176834e-05 -4.075857045894583e-20
1.5087324033092037e-05 -5.221727636633927e-20
1.5117140879007239e-05 -5.513485701963213e-20
1.5146957724922441e-05 -4.658141604325342e-20
1.517677457083764e-05 -4.1767312500156993e-20
1.5206591416752842e-05 -5.0287354489521357e-20
1.5236408262668045e-05 -5.788725307913455e-20
1.5266225108583245e-05 -4.873553357967743e-20
1.529604195449845e-05 -4.0251544335809554e-20
1.532585880041365e-05 -5.160044088549445e-20
1.5355675646328854e-05 -5.984730887068304e-20
1.538549249224405e-05 -5.110664808141285e-20
1.5415309338159255e-05 -4.456220355275698e-20
1.5445126184074456e-05 -5.03668655587751e-20
1.547494302998966e-05 -6.06576914022852e-20
1.550475987590486e-05 -5.535881533233307e-20
1.553457672182006e-05 -4.2325166763580715e-20
1.5564393567735265e-05 -5.138657577415874e-20
1.5594210413650466e-05 -6.080312396098979e-20
1.5624027259565666e-05 -5.286853295383938e-20
1.5653844105480867e-05 -4.902810952680583e-20
1.568366095139607e-05 -5.0667232866373475e-20
1.571347779731127e-05 -5.93111532212964e-20
1.5743294643226475e-05 -6.152352761113926e-20
1.5773111489141676e-05 -4.623670373679582e-20
1.5802928335056876e-05 -4.8897432430561185e-20
1.5832745180972077e-05 -6.40846258174686e-20
1.586256202688728e-05 -5.770978570878324e-20
1.589237887280248e-05 -4.8694550939663465e-20
1.5922195718717682e-05 -5.2282926228206337e-20
1.5952012564632886e-05 -5.760998652319412e-20
1.5981829410548087e-05 -6.180797418809564e-20
1.6011646256463287e-05 -5.1614061737598495e-20
1.6041463102378488e-05 -4.688177396023886e-20
1.6071279948293692e-05 -6.365195061382225e-20
1.6101096794208893e-05 -6.298643582456807e-20
1.6130913640124093e-05 -5.1517246729699905e-20
1.6160730486039297e-05 -5.2804443446818457e-20
1.6190547331954498e-05 -5.87035538731569e-20
1.6220364177869702e-05 -6.47618099688244e-20
1.6250181023784902e-05 -5.6173522531691e-20
1.6279997869700103e-05 -4.561890364298961e-20
1.6309814715615304e-05 -6.108091799226158e-20
1.6339631561530504e-05 -6.75645248425018e-20
1.6369448407445708e-05 -5.2967663909012966e-20
1.639926525336091e-05 -5.269264136634055e-20
1.642908209927611e-05 -5.826726511547113e-20
1.6458898945191313e-05 -6.391356015118676e-20
1.6488715791106514e-05 -6.288485711599065e-20
1.6518532637021715e-05 -4.992474628769867e-20
1.654834948293692e-05 -5.812530113940155e-20
1.657816632885212e-05 -6.847073593969949e-20
1.6607983174767323e-05 -5.66777071978261e-20
1.6637800020682524e-05 -5.2748965219831456e-20
1.6667616866597724e-05 -5.833258761229893e-20
1.669743371251293e-05 -6.299341246060018e-20
1.6727250558428126e-05 -6.380512783039383e-20
1.675706740434333e-05 -5.288745581410314e-20
1.678688425025853e-05 -5.343970436790928e-20
1.681670109617373e-05 -6.82187314005511e-20
1.6846517942088935e-05 -6.155621467072999e-20
1.6876334788004135e-05 -5.2396930153880584e-20
1.6906151633919336e-05 -5.844307240033625e-20
1.693596847983454e-05 -6.280362854406956e-20
1.696578532574974e-05 -6.508124485476031e-20
1.6995602171664944e-05 -5.3894009366972197e-20
1.7025419017580145e-05 -4.9621623082623655e-20
1.7055235863495346e-05 -6.678998909363787e-20
1.708505270941055e-05 -6.439254508161565e-20
1.711486955532575e-05 -5.108763352808999e-20
1.714468640124095e-05 -5.638215284194414e-20
1.717450324715615e-05 -6.195673001125942e-20
1.7204320093071352e-05 -6.22680396869459e-20
1.7234136938986556e-05 -5.817997783540427e-20
1.7263953784901757e-05 -4.912262942814326e-20
1.7293770630816957e-05 -5.967860854839009e-20
1.732358747673216e-05 -6.77410473757078e-20
1.7353404322647362e-05 -5.076526666299305e-20
1.7383221168562566e-05 -4.9709770763776094e-20
1.7413038014477766e-05 -6.016656671945244e-20
1.7442854860392967e-05 -5.935107934800744e-20
1.747267170630817e-05 -5.547180067409256e-20
1.750248855222337e-05 -4.8071061811801943e-20
1.7532305398138576e-05 -5.332203839270002e-20
1.7562122244053773e-05 -6.298631558058656e-20
1.7591939089968973e-05 -5.1832345485985616e-20
1.7621755935884177e-05 -4.780217127053164e-20
1.7651572781799378e-05 -5.672496189302722e-20
1.768138962771458e-05 -5.474526946154022e-20
1.7711206473629783e-05 -5.3689256104723315e-20
1.7741023319544983e-05 -4.906234576997495e-20
1.7770840165460187e-05 -4.471141571749745e-20
1.7800657011375388e-05 -5.689052403377207e-20
1.783047385729059e-05 -5.2781588611966576e-20
1.7860290703205792e-05 -4.081401589684156e-20
1.7890107549120993e-05 -4.98426805181623e-20
1.7919924395036197e-05 -5.2526953914115045e-20
1.7949741240951394e-05 -4.9039436865538156e-20
1.7979558086866595e-05 -4.5732579484751424e-20
1.80093749327818e-05 -4.066812865095165e-20
1.8039191778697e-05 -5.066973984287168e-20
1.80690086246122e-05 -4.9794186696376145e-20
1.8098825470527404e-05 -3.626975063436961e-20
1.8128642316442605e-05 -4.233680250756936e-20
1.815845916235781e-05 -4.627662082258048e-20
1.818827600827301e-05 -4.1700883621897544e-20
1.821809285418821e-05 -4.1859142073053614e-20
1.8247909700103414e-05 -3.676837329862349e-20
1.8277726546018614e-05 -3.9783406240199927e-20
1.8307543391933818e-05 -4.724033018608711e-20
1.833736023784902e-05 -3.6349195576296146e-20
1.8367177083764216e-05 -3.307755095338797e-20
1.839699392967942e-05 -4.0992982482217845e-20
1.842681077559462e-05 -3.746882187238118e-20
1.845662762150982e-05 -3.684067452241338e-20
1.8486444467425025e-05 -3.3580557404362913e-20
1.8516261313340226e-05 -3.0934007329211334e-20
1.854607815925543e-05 -4.1589370711248226e-20
1.857589500517063e-05 -3.4811008566543673e-20
1.860571185108583e-05 -2.519628796438708e-20
1.8635528697001035e-05 -3.5040141824564287e-20
1.8665345542916236e-05 -3.535830272413639e-20
1.8695162388831436e-05 -3.097323971487061e-20
1.872497923474664e-05 -3.1492538643399564e-20
1.875479608066184e-05 -2.766346116988413e-20
1.878461292657704e-05 -3.1771718203280907e-20
1.8814429772492242e-05 -3.197220483059623e-20
1.8844246618407443e-05 -2.2419655184188733e-20
1.8874063464322647e-05 -2.711706752150079e-20
1.8903880310237847e-05 -3.168711761121654e-20
1.893369715615305e-05 -2.6653459785834767e-20
1.8963514002068252e-05 -2.4547299105509158e-20
1.8993330847983452e-05 -2.2053776428395074e-20
1.9023147693898656e-05 -2.5709631425653046e-20
1.9052964539813857e-05 -3.108899974657709e-20
1.9082781385729058e-05 -2.120300461508787e-20
1.911259823164426e-05 -1.9173693891176178e-20
1.9142415077559462e-05 -2.621743593147515e-20
1.9172231923474666e-05 -2.2655527596469484e-20
1.9202048769389863e-05 -2.1459412320061136e-20
1.9231865615305064e-05 -1.804257498224619e-20
1.9261682461220268e-05 -1.8262412697128253e-20
1.929149930713547e-05 -2.542683508340357e-20
1.9321316153050673e-05 -1.7374457014054066e-20
1.9351132998965873e-05 -1.4213654171948382e-20
1.9380949844881074e-05 -2.1632467538683274e-20
1.9410766690796278e-05 -1.8725400611460372e-20
1.9440583536711478e-05 -1.7665846687257315e-20
1.947040038262668e-05 -1.677396680272829e-20
1.9500217228541883e-05 -1.3760067025038994e-20
1.9530034074457083e-05 -2.019029258119245e-20
1.9559850920372287e-05 -1.8122762609089325e-20
1.9589667766287488e-05 -9.599360185922331e-21
1.9619484612202685e-05 -1.3001750923362832e-20
1.964930145811789e-05 -1.4546951126332237e-20
1.967911830403309e-05 -1.3443960688469639e-20
1.9708935149948294e-05 -1.2275891679301903e-20
1.9738751995863494e-05 -8.78512534501649e-21
1.9768568841778695e-05 -1.397118596919524e-20
1.97983856876939e-05 -1.5857317927346734e-20
1.98282025336091e-05 -8.280362966012265e-21
1.98580193795243e-05 -8.382731418533495e-21
1.9887836225439504e-05 -1.2107330980458065e-20
1.9917653071354705e-05 -1.0252746177429034e-20
1.994746991726991e-05 -8.51074885966357e-21
1.997728676318511e-05 -5.1184103668889696e-21
2.000710360910031e-05 -5.6732406024587034e-21
2.003692045501551e-05 -1.2166497149343764e-20
2.006673730093071e-05 -5.387839929084451e-21
2.0096554146845912e-05 4.133129435867298e-22
2.0126370992761116e-05 -7.502483797601727e-21
2.0156187838676316e-05 -7.987014331813384e-21
2.018600468459152e-05 -4.370628698548784e-21
2.021582153050672e-05 -1.5283035289439751e-21
2.024563837642192e-05 -3.0200225469896302e-22
2.0275455222337126e-05 -6.195979082932613e-21
2.0305272068252326e-05 -3.607166319398591e-21
2.033508891416753e-05 5.6588636069336895e-21
2.036490576008273e-05 7.739882928699475e-22
2.039472260599793e-05 -4.073151513066599e-21
2.0424539451913132e-05 5.954800756146613e-22
2.0454356297828333e-05 3.2704554435273202e-21
2.0484173143743533e-05 5.8682073871985076e-21
2.0513989989658737e-05 -1.2568365886583745e-22
2.0543806835573938e-05 -2.6703058074742517e-21
2.0573623681489142e-05 8.167372169723297e-21
2.0603440527404342e-05 7.108062131689338e-21
2.0633257373319543e-05 1.2006173853883693e-21
2.0663074219234747e-05 2.5810023856601104e-21
2.0692891065149947e-05 6.991571544907098e-21
2.072270791106515e-05 1.1588315721143934e-20
2.0752524756980352e-05 6.133770852320527e-21
2.0782341602895553e-05 2.0369872992912546e-21
2.0812158448810757e-05 1.0426701726754372e-20
2.0841975294725954e-05 1.3212916508250629e-20
2.0871792140641154e-05 6.977789323186954e-21
2.090160898655636e-05 5.719770045304299e-21
2.093142583247156e-05 9.611582653420423e-21
2.0961242678386763e-05 1.691757967892728e-20
2.0991059524301964e-05 1.4295430782974006e-20
2.1020876370217164e-05 4.738607470645032e-21
2.1050693216132368e-05 1.4293745641607144e-20
2.108051006204757e-05 2.1703452142861677e-20
2.1110326907962773e-05 1.3514645362593574e-20
2.1140143753877973e-05 1.0628606936959008e-20
2.1169960599793174e-05 1.4480635726884115e-20
2.1199777445708378e-05 2.206497716753451e-20
2.122959429162358e-05 2.0503158167017102e-20
2.1259411137538776e-05 1.0189941491371324e-20
2.128922798345398e-05 1.552634635745e-20
2.131904482936918e-05 2.6408700823173998e-20
2.1348861675284384e-05 2.257504982901708e-20
2.1378678521199585e-05 1.5196763229704357e-20
2.1408495367114786e-05 1.8414632974617422e-20
2.143831221302999e-05 2.5572140714151294e-20
2.146812905894519e-05 2.7279939341633026e-20
2.1497945904860394e-05 2.085534805512858e-20
2.1527762750775595e-05 1.917579833477885e-20
2.1557579596690795e-05 3.058833467804462e-20
2.1587396442606e-05 3.0603476235490094e-20
2.16172132885212e-05 2.1073881780841545e-20
2.16470301344364e-05 2.2799932870322412e-20
2.16768469803516e-05 2.942931174046672e-20
2.1706663826266802e-05 3.3516068016620455e-20
2.1736480672182006e-05 2.7936987332942586e-20
2.1766297518097206e-05 2.1625227655202206e-20
2.1796114364012407e-05 3.3001984510554473e-20
2.182593120992761e-05 3.9283220276722553e-20
2.185574805584281e-05 2.840744531948378e-20
2.1885564901758015e-05 2.62243353118505e-20
2.1915381747673216e-05 3.385913223324476e-20
2.1945198593588417e-05 3.9730936404852344e-20
2.197501543950362e-05 3.5536403280331237e-20
2.200483228541882e-05 2.6659843735708354e-20
2.2034649131334022e-05 3.5255036250818845e-20
2.2064465977249226e-05 4.3790728344965273e-20
2.2094282823164423e-05 3.549612275148958e-20
2.2124099669079627e-05 3.1633660365632565e-20
2.2153916514994828e-05 3.5547854087373137e-20
2.2183733360910028e-05 4.508074997241618e-20
2.2213550206825232e-05 4.466668885290228e-20
2.2243367052740433e-05 3.001494537339207e-20
2.2273183898655637e-05 3.623971059201817e-20
2.2303000744570837e-05 4.876123777887824e-20
2.2332817590486038e-05 4.1749898121096345e-20
2.2362634436401242e-05 3.483722735743915e-20
2.2392451282316443e-05 3.778267472841543e-20
2.2422268128231643e-05 4.626511916823122e-20
2.2452084974146847e-05 4.838599403914224e-20
2.2481901820062048e-05 3.589691920181813e-20
2.251171866597725e-05 3.48952675677261e-20
2.254153551189245e-05 5.151930689976066e-20
2.257135235780765e-05 4.9755622964733954e-20
2.2601169203722854e-05 3.793908703456552e-20
2.2630986049638054e-05 3.949990486936703e-20
2.2660802895553255e-05 4.5937570600050204e-20
2.269061974146846e-05 5.124233221656136e-20
2.272043658738366e-05 4.305594984523285e-20
2.2750253433298863e-05 3.458293891345889e-20
2.2780070279214064e-05 4.8627122997801026e-20
2.2809887125129265e-05 5.434902075118972e-20
2.283970397104447e-05 4.042994857566288e-20
2.286952081695967e-05 3.892369688748907e-20
2.289933766287487e-05 4.8679136899329567e-20
2.292915450879007e-05 5.297163884327064e-20
2.295897135470527e-05 4.6729657002728564e-20
2.2988788200620475e-05 3.703030029765776e-20
2.3018605046535676e-05 4.60893418874568e-20
2.3048421892450876e-05 5.67779799451327e-20
2.307823873836608e-05 4.414552572823186e-20
2.310805558428128e-05 3.7991192669282315e-20
2.3137872430196485e-05 4.7222877146986317e-20
2.3167689276111685e-05 5.15006623502103e-20
2.3197506122026886e-05 4.8814351521467473e-20
2.322732296794209e-05 3.969880912287501e-20
2.325713981385729e-05 4.31085402692375e-20
2.3286956659772494e-05 5.766067967945629e-20
2.331677350568769e-05 4.8816443360101075e-20
2.3346590351602892e-05 3.603068385925196e-20
2.3376407197518096e-05 4.6338626914556096e-20
2.3406224043433297e-05 5.416167703034091e-20
2.3436040889348497e-05 4.977409006465878e-20
2.34658577352637e-05 4.194902231326716e-20
2.3495674581178902e-05 4.042926225675539e-20
2.3525491427094106e-05 5.3849233928094734e-20
2.3555308273009307e-05 5.365899076248213e-20
2.3585125118924507e-05 3.7503455230505005e-20
2.361494196483971e-05 4.307217735015036e-20
2.3644758810754912e-05 5.489657222707455e-20
2.3674575656670116e-05 5.295274955438432e-20
2.3704392502585316e-05 4.4862193050329603e-20
2.3734209348500514e-05 3.846130765175991e-20
2.3764026194415718e-05 5.296176152032573e-20
2.3793843040330918e-05 5.935494464765525e-20
2.382365988624612e-05 3.8812443075248695e-20
2.3853476732161323e-05 3.92498800348351e-20
2.3883293578076523e-05 5.484656144717111e-20
2.3913110423991727e-05 5.462419314604523e-20
2.3942927269906928e-05 4.691047189738192e-20
2.397274411582213e-05 3.962686436798982e-20
2.4002560961737333e-05 4.9495801180646184e-20
2.4032377807652533e-05 6.021276546517715e-20
2.4062194653567737e-05 4.572188385004885e-20
2.4092011499482938e-05 3.909778530764279e-20
2.412182834539814e-05 5.223363049779341e-20
2.415164519131334e-05 5.75657190609901e-20
2.418146203722854e-05 4.866100302220941e-20
2.421127888314374e-05 4.1610145268275425e-20
2.4241095729058944e-05 4.650354337099088e-20
2.4270912574974145e-05 5.856333271509518e-20
2.430072942088935e-05 5.3783027177858486e-20
2.433054626680455e-05 3.9194248133753334e-20
2.436036311271975e-05 5.0030021433642894e-20
2.4390179958634954e-05 5.997552823483212e-20
2.4419996804550154e-05 5.284675072937698e-20
2.444981365046536e-05 4.46944730007064e-20
2.447963049638056e-05 4.4727944352833994e-20
2.450944734229576e-05 6.031901285014507e-20
2.4539264188210964e-05 5.705340025565124e-20
2.456908103412616e-05 4.009353384817534e-20
2.459889788004136e-05 4.827950294528497e-20
2.4628714725956565e-05 5.944734493464282e-20
2.4658531571871766e-05 5.510150342194519e-20
2.468834841778697e-05 4.697917912052953e-20
2.471816526370217e-05 4.496903991313387e-20
2.474798210961737e-05 5.643843443364768e-20
2.4777798955532575e-05 6.17366100913373e-20
2.4807615801447776e-05 4.566186065754911e-20
2.4837432647362976e-05 4.3822530789403604e-20
2.486724949327818e-05 5.870240523007553e-20
2.489706633919338e-05 5.85542687527845e-20
2.4926883185108585e-05 4.921270925767945e-20
2.4956700031023786e-05 4.456319221253298e-20
2.4986516876938983e-05 5.479840752238023e-20
2.5016333722854187e-05 6.333853924368146e-20
2.5046150568769387e-05 5.005209709987859e-20
2.507596741468459e-05 4.315207948640565e-20
2.5105784260599792e-05 5.734602802368132e-20
2.5135601106514993e-05 6.248893019706151e-20
2.5165417952430197e-05 5.078974387400052e-20
2.5195234798345397e-05 4.6197298267420484e-20
2.5225051644260598e-05 5.318036044602685e-20
2.5254868490175802e-05 6.123174514651097e-20
2.5284685336091002e-05 5.580593175150046e-20
2.5314502182006206e-05 4.3453938961559594e-20
2.5344319027921407e-05 5.1502658447857215e-20
2.5374135873836608e-05 6.322049919454961e-20
2.5403952719751808e-05 5.523650550880998e-20
2.543376956566701e-05 4.55324503852932e-20
2.5463586411582213e-05 5.0694396369383685e-20
2.5493403257497413e-05 6.337515353433865e-20
2.5523220103412614e-05 5.966103193510835e-20
2.5553036949327818e-05 4.35115165574989e-20
2.558285379524302e-05 4.9030973569225986e-20
2.561267064115822e-05 6.397096283309625e-20
2.5642487487073423e-05 5.68724326636689e-20
2.5672304332988624e-05 4.609148913791105e-20
2.5702121178903828e-05 4.9290875395566385e-20
2.5731938024819028e-05 5.785086295902684e-20
2.576175487073423e-05 5.981984997382432e-20
2.579157171664943e-05 4.7026074351066595e-20
2.582138856256463e-05 4.5018719634566604e-20
2.5851205408479834e-05 6.093129876529961e-20
2.5881022254395035e-05 5.942410968878797e-20
2.5910839100310235e-05 4.7266022024904834e-20
2.594065594622544e-05 4.6115904211267364e-20
2.597047279214064e-05 5.609271288173261e-20
2.600028963805584e-05 6.197760726587966e-20
2.6030106483971044e-05 4.78447392734826e-20
2.6059923329886245e-05 4.181484858279345e-20
2.608974017580145e-05 5.593223132650874e-20
2.611955702171665e-05 6.083313693555709e-20
2.614937386763185e-05 4.9084895996695343e-20
2.6179190713547054e-05 4.178259314976027e-20
2.620900755946225e-05 5.1981229600507206e-20
2.6238824405377452e-05 6.165842215982541e-20
2.6268641251292656e-05 5.1636903034286014e-20
2.6298458097207857e-05 3.996390186451744e-20
2.632827494312306e-05 5.0377395816596787e-20
2.635809178903826e-05 6.048426736545072e-20
2.6387908634953462e-05 4.962028228132223e-20
2.6417725480868666e-05 4.021624993526877e-20
2.6447542326783866e-05 4.5744876947323295e-20
2.647735917269907e-05 5.645652018402219e-20
2.650717601861427e-05 5.3387656506312217e-20
2.653699286452947e-05 3.842207109132155e-20
2.6566809710444676e-05 4.380911090401403e-20
2.6596626556359876e-05 5.886598496441579e-20
2.6626443402275073e-05 5.098790375798254e-20
2.6656260248190277e-05 3.928899921163262e-20
2.6686077094105478e-05 4.2328011645738743e-20
2.6715893940020682e-05 5.146133264402328e-20
2.6745710785935883e-05 5.342422105476125e-20
2.6775527631851083e-05 3.854198497582016e-20
2.6805344477766287e-05 3.693739889047517e-20
2.6835161323681488e-05 5.2103338118037984e-20
2.6864978169596692e-05 4.952070993239083e-20
2.6894795015511892e-05 3.9712571067065187e-20
2.6924611861427093e-05 3.644911222064498e-20
2.6954428707342297e-05 4.568214070534555e-20
2.6984245553257497e-05 5.3410480253174194e-20
2.70140623991727e-05 3.873946489681623e-20
2.70438792450879e-05 3.233783997172665e-20
2.70736960910031e-05 4.5888319437170856e-20
2.7103512936918303e-05 5.084436053922064e-20
2.7133329782833504e-05 3.763809586855221e-20
2.7163146628748704e-05 2.978153611936013e-20
2.719296347466391e-05 4.127653536733445e-20
2.722278032057911e-05 4.9254999015715237e-20
2.7252597166494313e-05 4.009072907352672e-20
2.7282414012409514e-05 2.844464777627152e-20
2.7312230858324714e-05 3.829868117276397e-20
2.7342047704239918e-05 4.996528102447417e-20
2.737186455015512e-05 3.8241696110327455e-20
2.740168139607032e-05 2.977857776373581e-20
2.7431498241985523e-05 3.521461114606403e-20
2.746131508790072e-05 4.6295357603978125e-20
2.7491131933815925e-05 4.3228337497284733e-20
2.7520948779731125e-05 2.4835897924966852e-20
2.7550765625646326e-05 3.1053375537093247e-20
2.758058247156153e-05 4.846532965318138e-20
2.761039931747673e-05 3.8828958083995105e-20
2.7640216163391934e-05 2.667812738630655e-20
2.7670033009307135e-05 3.219359262272034e-20
2.7699849855222336e-05 4.141686892060921e-20
2.772966670113754e-05 4.393944945269358e-20
2.775948354705274e-05 2.781061995643263e-20
2.778930039296794e-05 2.459011594418426e-20
2.7819117238883145e-05 4.539667771580741e-20
2.7848934084798345e-05 4.097254448369075e-20
2.7878750930713546e-05 2.686463839858302e-20
2.7908567776628747e-05 2.772797101990433e-20
2.7938384622543947e-05 3.5572710729884673e-20
2.796820146845915e-05 4.386628407033728e-20
2.7998018314374352e-05 3.017725804208139e-20
2.8027835160289556e-05 2.1467800435026603e-20
2.8057652006204756e-05 4.0576175637849695e-20
2.8087468852119957e-05 4.420679505751894e-20
2.811728569803516e-05 2.7872174624969285e-20
2.814710254395036e-05 2.4358004278964934e-20
2.8176919389865562e-05 3.475179000101334e-20
2.8206736235780766e-05 4.288466500778041e-20
2.8236553081695967e-05 3.22939827944131e-20
2.8266369927611167e-05 1.9516054989398118e-20
2.8296186773526368e-05 3.357136216182103e-20
2.832600361944157e-05 4.4498588909177917e-20
2.8355820465356772e-05 3.021962583009383e-20
2.8385637311271973e-05 2.230488378994972e-20
2.8415454157187177e-05 3.057680088964032e-20
2.8445271003102378e-05 4.140521242530233e-20
2.8475087849017578e-05 3.676286763829436e-20
2.8504904694932782e-05 2.0099178762035754e-20
2.8534721540847983e-05 2.7537489633402164e-20
2.8564538386763183e-05 4.336333004053945e-20
2.8594355232678387e-05 3.2415515750896633e-20
2.8624172078593588e-05 2.046707043639688e-20
2.8653988924508792e-05 2.6673049837679357e-20
2.868380577042399e-05 3.6726305152359627e-20
2.871362261633919e-05 3.622674083622313e-20
2.8743439462254394e-05 2.0893718011857213e-20
2.8773256308169594e-05 2.078432446092295e-20
