0.0 -5.927801711934756e-20
2.981273158756138e-08 -5.677924096871274e-20
5.962546317512276e-08 -3.401967549392194e-20
8.943819476268412e-08 -3.7083306835616254e-20
1.192509263502455e-07 -4.5675580257797944e-20
1.490636579378069e-07 -3.8486178147384333e-20
1.7887638952536824e-07 -2.9000823699705224e-20
2.0868912111292965e-07 -2.038717014983562e-20
2.38501852700491e-07 -2.824168786271998e-20
2.683145842880524e-07 -3.4435630140794914e-20
2.981273158756138e-07 -1.1255549101810188e-20
3.2794004746317516e-07 -5.673398154693228e-21
3.577527790507365e-07 -2.0470059696294077e-20
3.875655106382979e-07 -1.4360781138433885e-20
4.173782422258593e-07 -4.583279645890132e-21
4.4719097381342067e-07 3.65518319133017e-21
4.77003705400982e-07 1.9223115042596317e-21
5.068164369885434e-07 -9.359091450743209e-21
5.366291685761048e-07 7.547050366294336e-21
5.664419001636662e-07 2.2514829009051123e-20
5.962546317512276e-07 1.0171911714047492e-20
6.260673633387889e-07 8.412039644631314e-21
6.558800949263503e-07 1.9397486777551802e-20
6.856928265139117e-07 2.870822738026355e-20
7.15505558101473e-07 2.9839423418848336e-20
7.453182896890345e-07 1.8987679058505732e-20
7.751310212765958e-07 2.815133420670353e-20
8.049437528641573e-07 4.720519816503486e-20
8.347564844517186e-07 3.8341408170890265e-20
8.6456921603928e-07 3.243838532280774e-20
8.943819476268413e-07 4.253075544837605e-20
9.241946792144027e-07 5.274106100266538e-20
9.54007410801964e-07 5.924773963079541e-20
9.838201423895255e-07 4.782979070888076e-20
1.0136328739770869e-06 4.748156862594618e-20
1.0434456055646482e-06 7.094575191032306e-20
1.0732583371522096e-06 7.028319475565367e-20
1.1030710687397708e-06 5.781403962082784e-20
1.1328838003273324e-06 6.534783581924925e-20
1.1626965319148938e-06 7.628844740679681e-20
1.1925092635024551e-06 8.315096575118889e-20
1.2223219950900165e-06 7.691091211861606e-20
1.2521347266775779e-06 7.044810416987175e-20
1.2819474582651393e-06 9.117287786213558e-20
1.3117601898527006e-06 9.93868415245369e-20
1.341572921440262e-06 8.428073162460115e-20
1.3713856530278234e-06 8.835370581396143e-20
1.4011983846153846e-06 1.00702353267303e-19
1.431011116202946e-06 1.0692073512331546e-19
1.4608238477905075e-06 1.0373341252443873e-19
1.490636579378069e-06 9.434549598344627e-20
1.5204493109656303e-06 1.092779700585122e-19
1.5502620425531917e-06 1.257500081631927e-19
1.580074774140753e-06 1.1163953525848116e-19
1.6098875057283146e-06 1.0611675150880998e-19
1.6397002373158758e-06 1.2234557031988536e-19
1.6695129689034372e-06 1.3180155777201287e-19
1.6993257004909983e-06 1.2909032865977711e-19
1.72913843207856e-06 1.1967988301352925e-19
1.758951163666121e-06 1.2852713617364951e-19
1.7887638952536827e-06 1.468809061732134e-19
1.8185766268412439e-06 1.3832993730326875e-19
1.8483893584288055e-06 1.3078273847163443e-19
1.8782020900163666e-06 1.408385020193082e-19
1.908014821603928e-06 1.5183049163626309e-19
1.93782755319149e-06 1.539848083412995e-19
1.967640284779051e-06 1.4300555971371233e-19
1.9974530163666126e-06 1.4586018528566122e-19
2.0272657479541737e-06 1.6613351735382838e-19
2.0570784795417353e-06 1.6529921364477044e-19
2.0868912111292965e-06 1.513652968754125e-19
2.1167039427168576e-06 1.5999967754069566e-19
2.1465166743044192e-06 1.7309000587678748e-19
2.1763294058919804e-06 1.7531125904532023e-19
2.2061421374795416e-06 1.6836922507334496e-19
2.235954869067103e-06 1.630069169166632e-19
2.2657676006546647e-06 1.8267234713020506e-19
2.295580332242226e-06 1.8844126835721965e-19
2.3253930638297875e-06 1.7341434738591642e-19
2.3552057954173487e-06 1.7901111593599548e-19
2.3850185270049103e-06 1.8974900568069456e-19
2.4148312585924714e-06 1.9646074628258427e-19
2.444643990180033e-06 1.9213852368386282e-19
2.474456721767594e-06 1.811820094589841e-19
2.5042694533551558e-06 1.981655554281629e-19
2.534082184942717e-06 2.1161342676324077e-19
2.5638949165302785e-06 1.968154747327304e-19
2.59370764811784e-06 1.931025706081472e-19
2.6235203797054013e-06 2.072335314214502e-19
2.653333111292963e-06 2.1610634492158104e-19
2.683145842880524e-06 2.1163790890614708e-19
2.712958574468085e-06 2.0257135935714984e-19
2.742771306055647e-06 2.1067122608537035e-19
2.772584037643208e-06 2.279446950458027e-19
2.802396769230769e-06 2.2079992460402176e-19
2.8322095008183307e-06 2.092746430585802e-19
2.862022232405892e-06 2.2123270905593653e-19
2.8918349639934535e-06 2.3323637055135095e-19
2.921647695581015e-06 2.3068516712333596e-19
2.9514604271685762e-06 2.1997378043554226e-19
2.981273158756138e-06 2.223766012672341e-19
3.011085890343699e-06 2.4311791979962523e-19
3.0408986219312606e-06 2.3985427141226433e-19
3.0707113535188217e-06 2.226693701531502e-19
3.1005240851063833e-06 2.3356619150323345e-19
3.1303368166939445e-06 2.4803768081571297e-19
3.160149548281506e-06 2.478400853406464e-19
3.1899622798690677e-06 2.3866606485518365e-19
3.2197750114566293e-06 2.3499159235554787e-19
3.24958774304419e-06 2.53882941177698e-19
3.2794004746317516e-06 2.576218675876237e-19
3.3092132062193128e-06 2.4141168877662524e-19
3.3390259378068744e-06 2.438671718369762e-19
3.3688386693944355e-06 2.5583877645082636e-19
3.3986514009819967e-06 2.6117701693983717e-19
3.4284641325695583e-06 2.5301684288581947e-19
3.45827686415712e-06 2.440870545649774e-19
3.4880895957446806e-06 2.6025875861715776e-19
3.517902327332242e-06 2.717773249605401e-19
3.547715058919804e-06 2.535959533147558e-19
3.5775277905073654e-06 2.497290871909309e-19
3.607340522094927e-06 2.662807507883511e-19
3.6371532536824877e-06 2.6998036617694987e-19
3.6669659852700493e-06 2.6398412580968e-19
3.696778716857611e-06 2.537187407554564e-19
3.7265914484451725e-06 2.609227248683734e-19
3.7564041800327332e-06 2.804811799015343e-19
3.786216911620295e-06 2.6608514141212197e-19
3.816029643207856e-06 2.5377447549903384e-19
3.845842374795418e-06 2.7012294863897967e-19
3.87565510638298e-06 2.754232097678304e-19
3.90546783797054e-06 2.7251847418431764e-19
3.935280569558102e-06 2.621405651423805e-19
3.965093301145663e-06 2.6149397316560455e-19
3.994906032733225e-06 2.845845850173426e-19
4.0247187643207854e-06 2.76379048848031e-19
4.0545314959083474e-06 2.56016156786897e-19
4.084344227495909e-06 2.688557094786919e-19
4.114156959083471e-06 2.7978443407345086e-19
4.143969690671032e-06 2.759507438676599e-19
4.173782422258593e-06 2.669532551256273e-19
4.203595153846154e-06 2.6218748169348947e-19
4.233407885433715e-06 2.783064115521502e-19
4.263220617021277e-06 2.8326681694160245e-19
4.2930333486088385e-06 2.611354705310857e-19
4.3228460801964e-06 2.639589173599537e-19
4.352658811783961e-06 2.820940710260449e-19
4.382471543371523e-06 2.768415122285365e-19
4.412284274959083e-06 2.674884668407518e-19
4.442097006546645e-06 2.608511597119486e-19
4.471909738134206e-06 2.721528064244511e-19
4.501722469721768e-06 2.8601815149874306e-19
4.5315352013093295e-06 2.6279626287624444e-19
4.561347932896891e-06 2.569493166545373e-19
4.591160664484452e-06 2.7792100134731167e-19
4.620973396072014e-06 2.761612579593681e-19
4.650786127659575e-06 2.6768068898116875e-19
4.680598859247136e-06 2.5977388333479016e-19
4.710411590834697e-06 2.65521939628499e-19
4.740224322422259e-06 2.8261939246165846e-19
4.7700370540098205e-06 2.653070081535676e-19
4.799849785597382e-06 2.508628924652715e-19
4.829662517184943e-06 2.698183134418805e-19
4.859475248772504e-06 2.7331346219286706e-19
4.889287980360066e-06 2.6250848278528044e-19
4.919100711947627e-06 2.5597120161679757e-19
4.948913443535188e-06 2.568013520043332e-19
4.9787261751227495e-06 2.740183566547016e-19
5.0085389067103115e-06 2.658925103325209e-19
5.038351638297873e-06 2.429562070085178e-19
5.068164369885434e-06 2.6055976192854196e-19
5.097977101472995e-06 2.6952514309645843e-19
5.127789833060557e-06 2.5608312909501474e-19
5.157602564648118e-06 2.52972861176813e-19
5.18741529623568e-06 2.468355701518769e-19
5.2172280278232406e-06 2.599997820341695e-19
5.2470407594108026e-06 2.6551437933608077e-19
5.276853490998364e-06 2.385122035798994e-19
5.306666222585926e-06 2.4304139765408295e-19
5.336478954173486e-06 2.6106148597762476e-19
5.366291685761048e-06 2.518150452812733e-19
5.396104417348609e-06 2.4218635813835705e-19
5.42591714893617e-06 2.3884531828294397e-19
5.4557298805237324e-06 2.4720118956733786e-19
5.485542612111294e-06 2.5665063222828e-19
5.515355343698855e-06 2.3498806975966317e-19
5.545168075286416e-06 2.2762690932446992e-19
5.574980806873978e-06 2.493410180709253e-19
5.604793538461538e-06 2.4362294526722243e-19
5.6346062700491e-06 2.301054009546934e-19
5.6644190016366614e-06 2.2749964268973764e-19
5.6942317332242235e-06 2.3167235342263735e-19
5.724044464811784e-06 2.447358115312818e-19
5.753857196399346e-06 2.2858778061710853e-19
5.783669927986907e-06 2.1205373270319569e-19
5.813482659574469e-06 2.3266667787264104e-19
5.84329539116203e-06 2.356641616565705e-19
5.873108122749591e-06 2.18069703997521e-19
5.9029208543371525e-06 2.144321115215741e-19
5.9327335859247145e-06 2.1637359385894947e-19
5.962546317512276e-06 2.266249175919501e-19
5.992359049099837e-06 2.215487437353572e-19
6.022171780687398e-06 1.9765360293321872e-19
6.051984512274959e-06 2.112113534098031e-19
6.081797243862521e-06 2.261891815499618e-19
6.111609975450082e-06 2.0467537240872637e-19
6.1414227070376435e-06 1.9939886412652684e-19
6.171235438625205e-06 2.0331091306221933e-19
6.201048170212767e-06 2.0745959684790932e-19
6.230860901800328e-06 2.1081086226604617e-19
6.260673633387889e-06 1.859236674014034e-19
6.29048636497545e-06 1.8734007809609756e-19
6.320299096563012e-06 2.1004456775895882e-19
6.350111828150573e-06 1.9235477112563483e-19
6.379924559738135e-06 1.8042371286712704e-19
6.4097372913256965e-06 1.8591480744462654e-19
6.4395500229132585e-06 1.8674841201078868e-19
6.469362754500818e-06 1.944075809006346e-19
6.49917548608838e-06 1.758838363368715e-19
6.528988217675941e-06 1.6385766516510958e-19
6.558800949263503e-06 1.8971639091929717e-19
6.588613680851064e-06 1.8225021872277837e-19
6.6184264124386255e-06 1.6091572732866744e-19
6.6482391440261876e-06 1.6579716443487681e-19
6.678051875613749e-06 1.6814467540512313e-19
6.707864607201311e-06 1.729196046192841e-19
6.737677338788871e-06 1.624396580161349e-19
6.767490070376432e-06 1.4475100072271983e-19
6.797302801963993e-06 1.627094195905631e-19
6.827115533551555e-06 1.6756496604577214e-19
6.8569282651391166e-06 1.4499502562539872e-19
6.886740996726679e-06 1.4293556263555585e-19
6.91655372831424e-06 1.5021989243314647e-19
6.946366459901802e-06 1.5266101188596968e-19
6.976179191489361e-06 1.449666968867429e-19
7.005991923076923e-06 1.2648837831282595e-19
7.035804654664484e-06 1.3486573101807168e-19
7.0656173862520464e-06 1.49361962437871e-19
7.095430117839608e-06 1.277424560911807e-19
7.12524284942717e-06 1.1968155660423694e-19
7.155055581014731e-06 1.284349582091114e-19
7.184868312602292e-06 1.2823227748372738e-19
7.214681044189854e-06 1.284686326718746e-19
7.244493775777414e-06 1.0791259080162401e-19
7.2743065073649754e-06 1.0900165559810095e-19
7.3041192389525375e-06 1.2995238092743625e-19
7.333931970540099e-06 1.1071596678203865e-19
7.36374470212766e-06 9.717791419969885e-20
7.393557433715222e-06 1.0379724320030637e-19
7.423370165302783e-06 1.049460390521826e-19
7.453182896890345e-06 1.0510176487201751e-19
7.482995628477906e-06 9.106741979714316e-20
7.5128083600654665e-06 8.308303313097775e-20
7.542621091653028e-06 9.978096284962854e-20
7.57243382324059e-06 9.557925412984148e-20
7.602246554828151e-06 7.46280498418076e-20
7.632059286415713e-06 7.909708754865e-20
7.661872018003274e-06 8.378221666243042e-20
7.691684749590835e-06 8.046580674904937e-20
7.721497481178398e-06 7.135137969654221e-20
7.75131021276596e-06 5.860911823916385e-20
7.781122944353519e-06 7.239836880029615e-20
7.81093567594108e-06 7.42169355355401e-20
7.840748407528643e-06 5.1761884266047065e-20
7.870561139116204e-06 5.1955335981768287e-20
7.900373870703765e-06 5.807160109879178e-20
7.930186602291326e-06 5.644477139077078e-20
7.959999333878887e-06 5.0396692799514446e-20
7.98981206546645e-06 3.574856700289556e-20
8.019624797054011e-06 4.3518065821874854e-20
8.049437528641571e-06 5.3388226663513915e-20
8.079250260229132e-06 3.176240358840177e-20
8.109062991816695e-06 2.5285941021363854e-20
8.138875723404256e-06 3.402282444927495e-20
8.168688454991817e-06 3.186316219510189e-20
8.198501186579378e-06 2.807920774271513e-20
8.228313918166941e-06 1.3918948710718832e-20
8.258126649754502e-06 1.3516841848486648e-20
8.287939381342064e-06 2.8748453996682207e-20
8.317752112929623e-06 1.4347756121463137e-20
8.347564844517186e-06 -3.9055087165779975e-22
8.377377576104747e-06 9.659857141894125e-21
8.407190307692308e-06 9.786640060244612e-21
8.43700303927987e-06 3.3969767594253904e-21
8.46681577086743e-06 -6.0110994325848995e-21
8.496628502454993e-06 -1.1973502319834514e-20
8.526441234042555e-06 1.735287087310658e-21
8.556253965630114e-06 -5.346409746853271e-21
8.586066697217677e-06 -2.3784988200383837e-20
8.615879428805238e-06 -1.5933642726799987e-20
8.6456921603928e-06 -1.3258668056322561e-20
8.67550489198036e-06 -1.815715395177982e-20
8.705317623567922e-06 -2.5616188569453215e-20
8.735130355155484e-06 -3.588199564228848e-20
8.764943086743046e-06 -2.3513067829841e-20
8.794755818330607e-06 -2.331764398870143e-20
8.824568549918166e-06 -4.471869909156561e-20
8.854381281505729e-06 -4.205615172654762e-20
8.88419401309329e-06 -3.5170814354843056e-20
8.914006744680851e-06 -4.09520874253003e-20
8.943819476268413e-06 -4.639590086045282e-20
8.973632207855975e-06 -5.577513135991991e-20
9.003444939443537e-06 -5.048056472091037e-20
9.033257671031098e-06 -4.3422652706688874e-20
9.063070402618659e-06 -6.120819032174172e-20
9.09288313420622e-06 -6.478407812758985e-20
9.122695865793781e-06 -5.61012111340267e-20
9.152508597381342e-06 -6.213362114678714e-20
9.182321328968904e-06 -6.612091383438892e-20
9.212134060556465e-06 -7.463093310047181e-20
9.241946792144028e-06 -7.516641561694943e-20
9.271759523731589e-06 -6.398033573631286e-20
9.30157225531915e-06 -7.75435412152309e-20
9.331384986906711e-06 -8.832212867522445e-20
9.361197718494272e-06 -7.912506242970152e-20
9.391010450081834e-06 -8.05647198234347e-20
9.420823181669395e-06 -8.463455378328089e-20
9.450635913256956e-06 -9.04596405212531e-20
9.480448644844519e-06 -9.661234273083144e-20
9.51026137643208e-06 -8.745761437548719e-20
9.540074108019641e-06 -9.216854520362673e-20
9.569886839607202e-06 -1.0817594006969969e-19
9.599699571194763e-06 -1.008511182765746e-19
9.629512302782325e-06 -9.80364017847051e-20
9.659325034369886e-06 -1.0763003528768439e-19
9.689137765957447e-06 -1.10255839594567e-19
9.718950497545008e-06 -1.1597614543704909e-19
9.748763229132571e-06 -1.097115816679241e-19
9.778575960720132e-06 -1.0753233350614812e-19
9.808388692307693e-06 -1.2632564538267328e-19
9.838201423895254e-06 -1.226462986169229e-19
9.868014155482817e-06 -1.1565200836516046e-19
9.897826887070377e-06 -1.2582608911368042e-19
9.927639618657938e-06 -1.2659689213661994e-19
9.957452350245499e-06 -1.3313318854352789e-19
9.987265081833062e-06 -1.3422319029243736e-19
1.0017077813420623e-05 -1.248846448201397e-19
1.0046890545008184e-05 -1.4034501902422325e-19
1.0076703276595745e-05 -1.4729918909757532e-19
1.0106516008183308e-05 -1.3536213195181527e-19
1.0136328739770868e-05 -1.4179539374480097e-19
1.0166141471358429e-05 -1.465534822593322e-19
1.019595420294599e-05 -1.4968588275658756e-19
1.0225766934533553e-05 -1.538813199340007e-19
1.0255579666121114e-05 -1.4437238595105301e-19
1.0285392397708675e-05 -1.5441669186382986e-19
1.0315205129296236e-05 -1.663080952083045e-19
1.0345017860883798e-05 -1.5596472392519362e-19
1.037483059247136e-05 -1.5923225777788442e-19
1.040464332405892e-05 -1.6614377306904593e-19
1.0434456055646481e-05 -1.6745903683823463e-19
1.0464268787234042e-05 -1.7218909485023254e-19
1.0494081518821605e-05 -1.6600831927840867e-19
1.0523894250409166e-05 -1.6929135257195654e-19
1.0553706981996727e-05 -1.820525704214214e-19
1.0583519713584289e-05 -1.7525869522051888e-19
1.0613332445171851e-05 -1.7473383640402456e-19
1.0643145176759413e-05 -1.8329845358146473e-19
1.0672957908346972e-05 -1.8296113107688222e-19
1.0702770639934533e-05 -1.8925937728116014e-19
1.0732583371522096e-05 -1.8680519827014079e-19
1.0762396103109657e-05 -1.8325426424098495e-19
1.0792208834697218e-05 -1.9893645293734988e-19
1.082202156628478e-05 -1.9623644644728903e-19
1.085183429787234e-05 -1.9005001549470462e-19
1.0881647029459904e-05 -1.9999879428566387e-19
1.0911459761047465e-05 -1.984802737076016e-19
1.0941272492635024e-05 -2.0330368805399297e-19
1.0971085224222587e-05 -2.0461611643567053e-19
1.1000897955810148e-05 -1.98301276579778e-19
1.103071068739771e-05 -2.1267385850401545e-19
1.106052341898527e-05 -2.1344610466948233e-19
1.1090336150572832e-05 -2.059983958744381e-19
1.1120148882160395e-05 -2.147634985538195e-19
1.1149961613747956e-05 -2.1494949441282358e-19
1.1179774345335517e-05 -2.1873125167996943e-19
1.1209587076923077e-05 -2.22930693349933e-19
1.123939980851064e-05 -2.1355583277087938e-19
1.12692125400982e-05 -2.205683837554931e-19
1.1299025271685762e-05 -2.3066602638940996e-19
1.1328838003273323e-05 -2.226907502992883e-19
1.1358650734860886e-05 -2.252743049479245e-19
1.1388463466448447e-05 -2.3121413323868593e-19
1.1418276198036008e-05 -2.2965418015305797e-19
1.1448088929623568e-05 -2.3604393948035284e-19
1.147790166121113e-05 -2.326257374330187e-19
1.1507714392798692e-05 -2.319538370506495e-19
1.1537527124386253e-05 -2.45947097124158e-19
1.1567339855973814e-05 -2.393076665162538e-19
1.1597152587561375e-05 -2.3613981494735107e-19
1.1626965319148938e-05 -2.4578172221347853e-19
1.1656778050736499e-05 -2.426988796197849e-19
1.168659078232406e-05 -2.4859868726864857e-19
1.171640351391162e-05 -2.48424542787297e-19
1.1746216245499183e-05 -2.4184889951959e-19
1.1776028977086744e-05 -2.560130860087197e-19
1.1805841708674305e-05 -2.561720903945031e-19
1.1835654440261866e-05 -2.483907239631077e-19
1.1865467171849429e-05 -2.585295751021847e-19
1.189527990343699e-05 -2.572977212047019e-19
1.1925092635024551e-05 -2.5767292775573805e-19
1.1954905366612112e-05 -2.647291322284341e-19
1.1984718098199674e-05 -2.5552796583628556e-19
1.2014530829787235e-05 -2.623498140608984e-19
1.2044343561374796e-05 -2.7124424036541076e-19
1.2074156292962357e-05 -2.6043260208450026e-19
1.2103969024549918e-05 -2.663394275937088e-19
1.2133781756137481e-05 -2.6952561362486817e-19
1.2163594487725042e-05 -2.670616619752461e-19
1.2193407219312603e-05 -2.758802170194675e-19
1.2223219950900165e-05 -2.6850693103223526e-19
1.2253032682487726e-05 -2.7037785993108543e-19
1.2282845414075287e-05 -2.819090216743109e-19
1.2312658145662848e-05 -2.7248102995361877e-19
1.234247087725041e-05 -2.7404701732064625e-19
1.2372283608837972e-05 -2.7957470426326383e-19
1.2402096340425533e-05 -2.766864354922948e-19
1.2431909072013095e-05 -2.8363436674041206e-19
1.2461721803600656e-05 -2.8031582596068294e-19
1.2491534535188219e-05 -2.7650119368993824e-19
1.2521347266775778e-05 -2.883457488925924e-19
1.255115999836334e-05 -2.846757233336929e-19
1.25809727299509e-05 -2.799227488832347e-19
1.2610785461538463e-05 -2.8981763174293496e-19
1.2640598193126024e-05 -2.8708432433888343e-19
1.2670410924713586e-05 -2.8747495145311017e-19
1.2700223656301147e-05 -2.900001110757342e-19
1.2730036387888708e-05 -2.8419714437721022e-19
1.275984911947627e-05 -2.9319005517793916e-19
1.278966185106383e-05 -2.945484475896413e-19
1.2819474582651393e-05 -2.8565534502905094e-19
1.2849287314238953e-05 -2.9217835760529597e-19
1.2879100045826517e-05 -2.9462667354178823e-19
1.2908912777414077e-05 -2.934732317826739e-19
1.2938725509001636e-05 -2.972072876385298e-19
1.2968538240589199e-05 -2.91303544064353e-19
1.299835097217676e-05 -2.958283060928111e-19
1.3028163703764323e-05 -3.0302574398513935e-19
1.3057976435351882e-05 -2.923448742135911e-19
1.3087789166939445e-05 -2.9607587978233147e-19
1.3117601898527006e-05 -3.00238946403441e-19
1.314741463011457e-05 -2.9546769307196967e-19
1.3177227361702129e-05 -3.018753448491769e-19
1.3207040093289688e-05 -2.9669725310839057e-19
1.3236852824877251e-05 -2.968750006005089e-19
1.3266665556464812e-05 -3.0695792843457963e-19
1.3296478288052375e-05 -2.981938835327043e-19
1.3326291019639935e-05 -2.989041014805378e-19
1.3356103751227497e-05 -3.046765900222685e-19
1.3385916482815059e-05 -2.9952310310528754e-19
1.3415729214402621e-05 -3.0380903863414136e-19
1.3445541945990181e-05 -3.0215544174430255e-19
1.3475354677577742e-05 -2.9793845785971268e-19
1.3505167409165305e-05 -3.057700274380556e-19
1.3534980140752864e-05 -3.039922760548587e-19
1.3564792872340427e-05 -2.993968489285185e-19
1.3594605603927987e-05 -3.0534788906985473e-19
1.362441833551555e-05 -3.0411581687532256e-19
1.365423106710311e-05 -3.0316801430538183e-19
1.3684043798690674e-05 -3.069366914399652e-19
1.3713856530278233e-05 -2.9979572376525375e-19
1.3743669261865794e-05 -3.053587691039315e-19
1.3773481993453357e-05 -3.1060305573054725e-19
1.3803294725040917e-05 -2.984513272180789e-19
1.383310745662848e-05 -3.051947070064556e-19
1.386292018821604e-05 -3.0716040661941283e-19
1.3892732919803604e-05 -3.020024907047014e-19
1.3922545651391163e-05 -3.0874314707333975e-19
1.3952358382978722e-05 -3.020301127238945e-19
1.3982171114566285e-05 -3.0359876801248134e-19
1.4011983846153846e-05 -3.1110809677823616e-19
1.404179657774141e-05 -3.019181566418411e-19
1.4071609309328969e-05 -3.0287439478781683e-19
1.4101422040916532e-05 -3.08324756616402e-19
1.4131234772504093e-05 -3.043608252508037e-19
1.4161047504091656e-05 -3.0599955771340573e-19
1.4190860235679215e-05 -3.043668209904311e-19
1.4220672967266776e-05 -3.0122674583616187e-19
1.425048569885434e-05 -3.081398492007686e-19
1.4280298430441899e-05 -3.031086853014557e-19
1.4310111162029462e-05 -2.998010473914636e-19
1.4339923893617021e-05 -3.0897076270080346e-19
1.4369736625204584e-05 -3.0238073315086546e-19
1.4399549356792145e-05 -3.022591624763976e-19
1.4429362088379708e-05 -3.0581298511843605e-19
1.4459174819967267e-05 -2.983353629348542e-19
1.4488987551554829e-05 -3.0616356993228786e-19
1.4518800283142391e-05 -3.038903321493324e-19
1.4548613014729951e-05 -2.9570614361973835e-19
1.4578425746317514e-05 -3.0468871508954454e-19
1.4608238477905075e-05 -2.996546632733053e-19
1.4638051209492638e-05 -2.9763495254741714e-19
1.4667863941080197e-05 -3.027008625623251e-19
1.469767667266776e-05 -2.9442808358034447e-19
1.472748940425532e-05 -2.992942086394005e-19
1.475730213584288e-05 -3.026730114519507e-19
1.4787114867430444e-05 -2.932001333388846e-19
1.4816927599018003e-05 -2.9815348686339585e-19
1.4846740330605566e-05 -2.9755119663625796e-19
1.4876553062193127e-05 -2.90804547753478e-19
1.490636579378069e-05 -2.971128006970884e-19
1.493617852536825e-05 -2.9188400522611084e-19
1.4965991256955812e-05 -2.8939396315147624e-19
1.4995803988543373e-05 -2.9684700354146008e-19
1.5025616720130933e-05 -2.8708041991622216e-19
1.5055429451718496e-05 -2.8848259231298193e-19
1.5085242183306055e-05 -2.929701732793236e-19
1.5115054914893618e-05 -2.832275045453377e-19
1.514486764648118e-05 -2.8905066870898505e-19
1.5174680378068742e-05 -2.87496854502296e-19
1.5204493109656302e-05 -2.80899356595341e-19
1.5234305841243864e-05 -2.8864221996294586e-19
1.5264118572831426e-05 -2.817894340928311e-19
1.5293931304418987e-05 -2.777531418291809e-19
1.5323744036006548e-05 -2.8505679945303495e-19
1.535355676759411e-05 -2.7522464814007414e-19
1.538336949918167e-05 -2.7548624222028983e-19
1.541318223076923e-05 -2.8169840360533156e-19
1.5442994962356796e-05 -2.7035092100235245e-19
1.5472807693944354e-05 -2.746130168002284e-19
1.550262042553192e-05 -2.7540327350774533e-19
1.5532433157119476e-05 -2.658874408739778e-19
1.5562245888707037e-05 -2.7390651318071537e-19
1.5592058620294602e-05 -2.6767163361133026e-19
1.562187135188216e-05 -2.613211437607849e-19
1.5651684083469724e-05 -2.7046257188023434e-19
1.5681496815057285e-05 -2.6087663680051717e-19
1.5711309546644847e-05 -2.5934558528645957e-19
1.5741122278232408e-05 -2.645642344830208e-19
1.577093500981997e-05 -2.5448965372465563e-19
1.580074774140753e-05 -2.5877106436538997e-19
1.583056047299509e-05 -2.576783045729034e-19
1.5860373204582652e-05 -2.484780432467251e-19
1.5890185936170214e-05 -2.566143884703697e-19
1.5919998667757775e-05 -2.514594995996045e-19
1.5949811399345336e-05 -2.4579218267848136e-19
1.59796241309329e-05 -2.5235032402563617e-19
1.6009436862520458e-05 -2.42162564230969e-19
1.6039249594108023e-05 -2.412363875176184e-19
1.6069062325695584e-05 -2.4583519913524815e-19
1.6098875057283142e-05 -2.336344486524787e-19
1.6128687788870706e-05 -2.388468240704029e-19
1.6158500520458264e-05 -2.417719742404069e-19
1.618831325204583e-05 -2.2851925426781176e-19
1.621812598363339e-05 -2.3429479417324725e-19
1.624793871522095e-05 -2.3265783893551347e-19
1.6277751446808512e-05 -2.258363507691468e-19
1.6307564178396073e-05 -2.321406666250195e-19
1.6337376909983634e-05 -2.214573182743159e-19
1.6367189641571196e-05 -2.1965844833412284e-19
1.6397002373158757e-05 -2.2791457151390048e-19
1.6426815104746318e-05 -2.1336445565430529e-19
1.6456627836333882e-05 -2.130578676953094e-19
1.648644056792144e-05 -2.178615663102482e-19
1.6516253299509005e-05 -2.0770306899360003e-19
1.6546066031096563e-05 -2.1282365286756456e-19
1.6575878762684127e-05 -2.0811217588210797e-19
1.660569149427169e-05 -2.0059071252241173e-19
1.6635504225859246e-05 -2.1048753009993696e-19
1.666531695744681e-05 -1.9985708458018752e-19
1.6695129689034372e-05 -1.9402454527168674e-19
1.6724942420621933e-05 -2.0099052642273886e-19
1.6754755152209494e-05 -1.905606376347612e-19
1.6784567883797055e-05 -1.912170399539005e-19
1.6814380615384616e-05 -1.9149424866856293e-19
1.6844193346972178e-05 -1.7996650239953053e-19
1.687400607855974e-05 -1.8736687993702353e-19
1.69038188101473e-05 -1.8615195562044532e-19
1.693363154173486e-05 -1.7353073563255796e-19
1.6963444273322422e-05 -1.800482589001834e-19
1.6993257004909987e-05 -1.7578006368663308e-19
1.7023069736497545e-05 -1.6884534010481127e-19
1.705288246808511e-05 -1.7402445278412713e-19
1.708269519967267e-05 -1.6108416137020935e-19
1.7112507931260228e-05 -1.6256101234711456e-19
1.7142320662847793e-05 -1.6944781734670647e-19
1.7172133394435354e-05 -1.5190313277932818e-19
1.7201946126022915e-05 -1.5550390947368404e-19
1.7231758857610476e-05 -1.5715181332407432e-19
1.7261571589198037e-05 -1.4611788103766854e-19
1.72913843207856e-05 -1.5149033239756265e-19
1.732119705237316e-05 -1.4302276711701474e-19
1.735100978396072e-05 -1.3935080238680417e-19
1.7380822515548282e-05 -1.4975989889538607e-19
1.7410635247135843e-05 -1.3548407298687308e-19
1.7440447978723404e-05 -1.285805608249014e-19
1.747026071031097e-05 -1.3702594802819592e-19
1.7500073441898527e-05 -1.2767944542731387e-19
1.752988617348609e-05 -1.267467616093949e-19
1.7559698905073652e-05 -1.2496215522715382e-19
1.7589511636661214e-05 -1.143665424371361e-19
1.7619324368248775e-05 -1.2406637639779265e-19
1.7649137099836333e-05 -1.1665157758100996e-19
1.7678949831423897e-05 -1.0351346774279892e-19
1.7708762563011458e-05 -1.153279104961424e-19
1.773857529459902e-05 -1.0831643691617791e-19
1.776838802618658e-05 -1.0197241179077618e-19
1.7798200757774142e-05 -1.0499944170189915e-19
1.7828013489361703e-05 -9.26321275090901e-20
1.7857826220949267e-05 -9.851625019221167e-20
1.7887638952536825e-05 -9.803202723686051e-20
1.7917451684124386e-05 -7.979758339887365e-20
1.794726441571195e-05 -8.883405081771016e-20
1.797707714729951e-05 -8.891681380652938e-20
1.8006889878887073e-05 -7.624973027692654e-20
1.803670261047463e-05 -8.178363395177291e-20
1.8066515342062196e-05 -7.342527367073994e-20
1.8096328073649757e-05 -6.997869221889735e-20
1.8126140805237318e-05 -7.832853460153364e-20
1.815595353682488e-05 -6.343906848372942e-20
1.818576626841244e-05 -5.912416177812019e-20
1.8215579e-05 -6.649647379635459e-20
1.8245391731587563e-05 -5.674076921573796e-20
1.8275204463175124e-05 -5.470002207668306e-20
1.8305017194762685e-05 -5.149759207130975e-20
1.833482992635025e-05 -4.445334458552917e-20
1.8364642657937807e-05 -5.41122867713956e-20
1.8394455389525372e-05 -4.268821130023247e-20
1.842426812111293e-05 -3.129811821264971e-20
1.845408085270049e-05 -4.434294531816233e-20
1.8483893584288055e-05 -3.5363577043022076e-20
1.8513706315875613e-05 -2.998920203779218e-20
1.8543519047463178e-05 -3.1311025680581925e-20
1.857333177905074e-05 -1.9485106753299467e-20
1.86031445106383e-05 -2.7739028031486644e-20
1.863295724222586e-05 -2.3073340236686894e-20
1.8662769973813422e-05 -5.3100961197870455e-21
1.8692582705400984e-05 -1.7441360967021904e-20
1.8722395436988545e-05 -1.5361950581571548e-20
1.8752208168576106e-05 -2.5028881505551618e-21
1.8782020900163667e-05 -6.3818846130763026e-21
1.8811833631751228e-05 1.0377548305849808e-21
1.884164636333879e-05 -9.02390714493328e-22
1.8871459094926354e-05 -2.063160821621114e-21
1.890127182651391e-05 1.668070325134094e-20
1.8931084558101476e-05 1.1139904094693507e-20
1.8960897289689037e-05 6.990388111791229e-21
1.8990710021276595e-05 2.1186832945156066e-20
1.902052275286416e-05 2.063771982261538e-20
1.9050335484451718e-05 2.5106878411471694e-20
1.9080148216039282e-05 2.7833499521246647e-20
1.9109960947626843e-05 2.2120779976072054e-20
1.9139773679214404e-05 3.645418938657738e-20
1.9169586410801966e-05 4.061546167969571e-20
1.9199399142389527e-05 3.0368158209781483e-20
1.9229211873977088e-05 4.221595721102618e-20
1.925902460556465e-05 4.8341504228600935e-20
1.928883733715221e-05 4.709755712064398e-20
1.931865006873977e-05 5.422862863861298e-20
1.9348462800327336e-05 4.8511437470770984e-20
1.9378275531914894e-05 5.780083601387116e-20
1.9408088263502458e-05 7.082334522351203e-20
1.9437900995090016e-05 5.718687760681202e-20
1.946771372667758e-05 6.266507472709881e-20
1.9497526458265142e-05 7.363284866123636e-20
1.95273391898527e-05 7.163319217117762e-20
1.9557151921440264e-05 7.90336914404447e-20
1.9586964653027825e-05 7.342759882052406e-20
1.9616777384615386e-05 7.853281186087863e-20
1.9646590116202948e-05 9.477611186023006e-20
1.967640284779051e-05 8.404330679299411e-20
1.970621557937807e-05 8.565724676132069e-20
1.9736028310965635e-05 9.832997509249357e-20
1.9765841042553192e-05 9.616753852636586e-20
1.9795653774140753e-05 1.0131789256566937e-19
1.9825466505728315e-05 1.0116266978127123e-19
1.9855279237315876e-05 9.854147550896683e-20
1.988509196890344e-05 1.1622924709563452e-19
1.9914904700490998e-05 1.1488854491736939e-19
1.9944717432078563e-05 1.0287467842455527e-19
1.9974530163666124e-05 1.1801257604704373e-19
2.000434289525368e-05 1.2393482721193023e-19
2.0034155626841246e-05 1.2206420764356443e-19
2.0063968358428807e-05 1.2453245938894762e-19
2.009378109001637e-05 1.2151240519374623e-19
2.012359382160393e-05 1.352252882889553e-19
2.015340655319149e-05 1.3994821538144328e-19
2.0183219284779052e-05 1.2757902187466813e-19
2.0213032016366617e-05 1.379680832915394e-19
2.0242844747954174e-05 1.474589126277073e-19
2.0272657479541736e-05 1.4326790003308375e-19
2.0302470211129297e-05 1.462927111081632e-19
2.0332282942716858e-05 1.4511610222000146e-19
2.0362095674304422e-05 1.5271758436201204e-19
2.039190840589198e-05 1.6318997352063622e-19
2.0421721137479545e-05 1.510212944166626e-19
2.0451533869067106e-05 1.548831434316117e-19
2.0481346600654667e-05 1.6966660647827986e-19
2.0511159332242228e-05 1.662578194729869e-19
2.0540972063829786e-05 1.673198939303884e-19
2.057078479541735e-05 1.6662329628650833e-19
2.0600597527004912e-05 1.7000548482941867e-19
2.0630410258592473e-05 1.835356975876864e-19
2.0660222990180034e-05 1.7452239418738307e-19
2.0690035721767595e-05 1.7166580680254576e-19
2.0719848453355156e-05 1.8833240380095191e-19
2.074966118494272e-05 1.86294762100168e-19
2.077947391653028e-05 1.849408547530917e-19
2.080928664811784e-05 1.87236645558548e-19
2.0839099379705404e-05 1.8763570823083008e-19
2.0868912111292962e-05 2.0306301893267346e-19
2.0898724842880527e-05 1.9901179738758416e-19
2.0928537574468085e-05 1.890932052483844e-19
2.095835030605565e-05 2.0508782734788858e-19
2.098816303764321e-05 2.0692473856106366e-19
2.101797576923077e-05 2.0228538154224072e-19
2.1047788500818333e-05 2.070447165914518e-19
2.1077601232405894e-05 2.0453451251344055e-19
2.1107413963993455e-05 2.15942257072718e-19
2.1137226695581016e-05 2.2089088038668526e-19
2.1167039427168577e-05 2.0659729286041665e-19
2.119685215875614e-05 2.177693024963366e-19
2.1226664890343703e-05 2.276158541395906e-19
2.125647762193126e-05 2.21304666206988e-19
2.1286290353518825e-05 2.2475153496316204e-19
2.1316103085106383e-05 2.2210570370256496e-19
2.1345915816693944e-05 2.297932311345533e-19
2.137572854828151e-05 2.395916691681231e-19
2.1405541279869067e-05 2.258185787714257e-19
2.143535401145663e-05 2.2862586899346907e-19
2.1465166743044192e-05 2.426269324397993e-19
2.1494979474631753e-05 2.39689332185466e-19
2.1524792206219315e-05 2.3950401184800837e-19
2.1554604937806876e-05 2.3878757467378025e-19
2.1584417669394437e-05 2.4179587510966445e-19
2.1614230400981998e-05 2.5517023441704316e-19
2.164404313256956e-05 2.4589631823157377e-19
2.167385586415712e-05 2.395772813016914e-19
2.170366859574468e-05 2.566243607899197e-19
2.1733481327332243e-05 2.565480004677077e-19
2.1763294058919807e-05 2.5146132706574556e-19
2.1793106790507365e-05 2.5272048974319085e-19
2.182291952209493e-05 2.5386072687176224e-19
2.185273225368249e-05 2.6633470722550834e-19
2.188254498527005e-05 2.6288211558440186e-19
2.1912357716857613e-05 2.5074992536667705e-19
2.1942170448445174e-05 2.6770395581891935e-19
2.1971983180032736e-05 2.722053487523351e-19
2.2001795911620297e-05 2.6290827769856656e-19
2.2031608643207858e-05 2.6726802162106265e-19
2.206142137479542e-05 2.6452686596785063e-19
2.209123410638298e-05 2.752115280504647e-19
2.212104683797054e-05 2.781351796263884e-19
2.2150859569558103e-05 2.6136601173254225e-19
2.2180672301145664e-05 2.7313140478420456e-19
2.2210485032733225e-05 2.835069399794003e-19
2.224029776432079e-05 2.748550951900288e-19
2.2270110495908347e-05 2.7585351787314323e-19
2.2299923227495912e-05 2.7626478027434173e-19
2.2329735959083473e-05 2.796906958190995e-19
2.2359548690671034e-05 2.886121187795948e-19
2.2389361422258595e-05 2.7778027020740557e-19
2.2419174153846153e-05 2.7655042616762195e-19
2.2448986885433718e-05 2.9254308433160133e-19
2.247879961702128e-05 2.8667139769308024e-19
2.250861234860884e-05 2.8362473711397313e-19
2.25384250801964e-05 2.840595189404933e-19
2.2568237811783962e-05 2.8412242772447073e-19
2.2598050543371523e-05 2.988928907175182e-19
2.2627863274959088e-05 2.890767191542248e-19
2.2657676006546646e-05 2.799680430970584e-19
2.2687488738134207e-05 2.9889463486159416e-19
2.271730146972177e-05 2.974961857600996e-19
2.274711420130933e-05 2.8963504105648656e-19
2.2776926932896894e-05 2.916263455245746e-19
2.280673966448445e-05 2.9047548110487377e-19
2.2836552396072016e-05 3.022425185206452e-19
2.2866365127659577e-05 3.0039393731017893e-19
2.2896177859247135e-05 2.8481561488635902e-19
2.29259905908347e-05 2.993975609327724e-19
2.295580332242226e-05 3.074720028267499e-19
2.2985616054009822e-05 2.9527250287347127e-19
2.3015428785597383e-05 2.979403084029254e-19
2.3045241517184944e-05 2.972461189417629e-19
2.3075054248772505e-05 3.035161687503405e-19
2.310486698036007e-05 3.1106225456053505e-19
2.3134679711947628e-05 2.918128003545885e-19
2.316449244353519e-05 2.9716121646699056e-19
2.319430517512275e-05 3.133098667991923e-19
2.322411790671031e-05 3.0005517978560047e-19
2.3253930638297876e-05 2.990535367677151e-19
2.3283743369885434e-05 3.018952854203556e-19
2.3313556101472998e-05 3.032307704735216e-19
2.334336883306056e-05 3.1427844121774175e-19
2.337318156464812e-05 2.994212784298918e-19
2.3402994296235682e-05 2.94639583916847e-19
2.343280702782324e-05 3.152339979001154e-19
2.3462619759410804e-05 3.079077566640228e-19
2.3492432490998365e-05 2.99830216444999e-19
2.3522245222585926e-05 3.047492530677554e-19
2.3552057954173488e-05 3.0357588065997925e-19
2.358187068576105e-05 3.1318776430209743e-19
2.361168341734861e-05 3.0628512494619713e-19
2.3641496148936174e-05 2.924994431730528e-19
2.3671308880523732e-05 3.100378753338059e-19
2.3701121612111293e-05 3.13143839564037e-19
2.3730934343698858e-05 3.0046748317391307e-19
2.3760747075286416e-05 3.03148295100989e-19
2.379055980687398e-05 3.043519066308931e-19
2.3820372538461538e-05 3.0927637052784034e-19
2.3850185270049103e-05 3.089823670449614e-19
2.3879998001636664e-05 2.928426675630357e-19
2.3909810733224225e-05 3.0173439099201695e-19
2.3939623464811786e-05 3.1638944983912767e-19
2.3969436196399347e-05 3.000148404258546e-19
2.399924892798691e-05 2.95400175895663e-19
2.402906165957447e-05 3.011640889947312e-19
2.405887439116203e-05 3.039130332166877e-19
2.4088687122749592e-05 3.0932200591584233e-19
2.4118499854337156e-05 2.9209398916076493e-19
2.4148312585924714e-05 2.9273234556236045e-19
2.417812531751228e-05 3.123446876545629e-19
2.4207938049099837e-05 2.991202899016456e-19
2.4237750780687398e-05 2.9057698382041616e-19
2.4267563512274962e-05 2.9514865269051795e-19
2.429737624386252e-05 2.965574555574257e-19
2.4327188975450085e-05 3.030962530525694e-19
2.4357001707037646e-05 2.890459309828872e-19
2.4386814438625207e-05 2.821357949336091e-19
2.4416627170212768e-05 3.0324029904038775e-19
2.444643990180033e-05 2.970482423454479e-19
2.447625263338789e-05 2.8089921101544106e-19
2.450606536497545e-05 2.880564556628726e-19
2.4535878096563013e-05 2.9059637619270887e-19
2.4565690828150574e-05 2.9425456737801764e-19
2.459550355973814e-05 2.8877774968316366e-19
2.4625316291325696e-05 2.738250759847426e-19
2.465512902291326e-05 2.880751482758198e-19
2.468494175450082e-05 2.9171836680861087e-19
2.4714754486088383e-05 2.736833299390256e-19
2.4744567217675944e-05 2.7623086668403963e-19
2.4774379949263502e-05 2.797759055702033e-19
2.4804192680851067e-05 2.828977134972514e-19
2.4834005412438628e-05 2.8109106925943187e-19
2.486381814402619e-05 2.6372914840897693e-19
2.489363087561375e-05 2.7343704167153756e-19
2.492344360720131e-05 2.8575961605333104e-19
2.4953256338788873e-05 2.6842705322297884e-19
2.4983069070376437e-05 2.6318737220752515e-19
2.5012881801963995e-05 2.6793601019901286e-19
2.5042694533551556e-05 2.7165988563339593e-19
2.5072507265139117e-05 2.723255260520532e-19
2.510231999672668e-05 2.55553802773344e-19
2.5132132728314243e-05 2.5639116262965423e-19
2.51619454599018e-05 2.725297815105565e-19
2.5191758191489365e-05 2.6222422108764505e-19
2.5221570923076926e-05 2.5039055827784403e-19
2.5251383654664488e-05 2.539310210459014e-19
2.528119638625205e-05 2.5961736749031886e-19
2.5311009117839607e-05 2.618099298476154e-19
2.534082184942717e-05 2.4608557912011863e-19
2.5370634581014732e-05 2.40421704589997e-19
2.5400447312602293e-05 2.5772967555508193e-19
2.5430260044189855e-05 2.522706609880537e-19
2.5460072775777416e-05 2.359613043727777e-19
2.5489885507364977e-05 2.3983676787483116e-19
2.551969823895254e-05 2.4539732830122393e-19
2.55495109705401e-05 2.4667978373486164e-19
2.557932370212766e-05 2.368749660201301e-19
2.560913643371522e-05 2.2399753742521547e-19
2.5638949165302786e-05 2.399100714732914e-19
2.5668761896890347e-05 2.4449910963258635e-19
2.5698574628477905e-05 2.2182177646489903e-19
2.5728387360065466e-05 2.223411082634863e-19
2.5758200091653034e-05 2.309893652559769e-19
2.5788012823240592e-05 2.3066838126047047e-19
2.5817825554828153e-05 2.235706905108646e-19
2.5847638286415714e-05 2.090870234091488e-19
2.5877451018003272e-05 2.192229982086658e-19
2.590726374959084e-05 2.308557781374365e-19
2.5937076481178398e-05 2.1091735011178002e-19
2.596688921276596e-05 2.0193982982262154e-19
2.599670194435352e-05 2.1283413440111022e-19
2.6026514675941085e-05 2.149305988028991e-19
2.6056327407528646e-05 2.1041986172393074e-19
2.6086140139116204e-05 1.9622220730672319e-19
2.6115952870703765e-05 1.9603453100533345e-19
2.6145765602291326e-05 2.1254058340741634e-19
2.617557833387889e-05 1.977959567310526e-19
2.620539106546645e-05 1.8335238205462781e-19
2.6235203797054013e-05 1.9220865649518098e-19
2.626501652864157e-05 1.9468242473643633e-19
2.629482926022914e-05 1.9395308116126176e-19
2.6324641991816696e-05 1.8014280587915745e-19
2.6354454723404258e-05 1.735585229741046e-19
2.638426745499182e-05 1.9245321537930246e-19
2.6414080186579376e-05 1.8605304683548954e-19
2.6443892918166944e-05 1.6473357455069334e-19
2.6473705649754502e-05 1.6996314590375013e-19
2.6503518381342063e-05 1.7687325744909844e-19
2.6533331112929625e-05 1.7421564916647564e-19
2.656314384451719e-05 1.6362840656209417e-19
2.659295657610475e-05 1.5260892203901656e-19
2.662276930769231e-05 1.6779893660484948e-19
2.665258203927987e-05 1.7025730246985889e-19
2.668239477086743e-05 1.4630191852453721e-19
2.6712207502454995e-05 1.4814232309430853e-19
2.6742020234042556e-05 1.5715479634606613e-19
2.6771832965630117e-05 1.5340787608516713e-19
2.6801645697217675e-05 1.4686350532990702e-19
2.6831458428805243e-05 1.339845133569046e-19
2.68612711603928e-05 1.4138991543829537e-19
2.6891083891980362e-05 1.5106577791161054e-19
2.6920896623567923e-05 1.3098297535922383e-19
2.6950709355155484e-05 1.2264261785386168e-19
2.698052208674305e-05 1.3388335610927684e-19
2.701033481833061e-05 1.343304105545291e-19
2.7040147549918168e-05 1.2667897916820482e-19
2.706996028150573e-05 1.1356927471607133e-19
2.7099773013093293e-05 1.1486295235005899e-19
2.7129585744680855e-05 1.3056013834535878e-19
2.7159398476268416e-05 1.149376632131003e-19
2.7189211207855974e-05 9.857400298027588e-20
2.7219023939443535e-05 1.1113724728776767e-19
2.72488366710311e-05 1.1240621496589334e-19
2.727864940261866e-05 1.0513510674525016e-19
2.730846213420622e-05 9.525535930534026e-20
2.7338274865793783e-05 8.979738611241666e-20
2.7368087597381347e-05 1.0579526872777711e-19
2.739790032896891e-05 9.777497285018552e-20
2.7427713060556466e-05 7.510424664361344e-20
2.7457525792144027e-05 8.636378049874168e-20
2.748733852373159e-05 9.265710332057864e-20
2.7517151255319153e-05 8.327021025502632e-20
2.7546963986906714e-05 7.594684402177013e-20
2.7576776718494272e-05 6.62815295961683e-20
2.7606589450081833e-05 7.791472150531312e-20
2.7636402181669394e-05 7.999948572497573e-20
2.766621491325696e-05 5.405265399836893e-20
2.769602764484452e-05 5.764182677062339e-20
2.772584037643208e-05 6.929888891883365e-20
2.775565310801964e-05 6.006695717303736e-20
2.7785465839607207e-05 5.417709005516714e-20
2.7815278571194765e-05 4.464354532456319e-20
2.7845091302782326e-05 4.9474449746768205e-20
2.7874904034369887e-05 5.985903122695918e-20
2.7904716765957445e-05 3.589305024523171e-20
2.7934529497545013e-05 2.509732958538105e-20
2.796434222913257e-05 4.081632470132697e-20
2.7994154960720132e-05 3.687275194591458e-20
2.8023967692307693e-05 2.8890868865393063e-20
2.8053780423895258e-05 2.1105406388212192e-20
2.808359315548282e-05 1.9652326050313174e-20
2.811340588707038e-05 3.332814636081562e-20
2.8143218618657938e-05 1.8446255487345357e-20
2.81730313502455e-05 -1.535852981668642e-22
2.8202844081833063e-05 1.553764842723682e-20
2.8232656813420625e-05 1.627547077370249e-20
2.8262469545008186e-05 2.387193836816014e-21
2.8292282276595743e-05 -2.8776922990397085e-21
2.832209500818331e-05 -6.892778082549662e-21
2.835190773977087e-05 4.702260658842405e-21
2.838172047135843e-05 -7.601782206854077e-22
2.841153320294599e-05 -2.5183914769505827e-20
2.8441345934533553e-05 -1.4630466498758966e-20
2.8471158666121117e-05 -6.988931604268814e-21
2.850097139770868e-05 -2.1722392714437178e-20
2.8530784129296236e-05 -2.648735492693321e-20
2.8560596860883797e-05 -3.1193869377555664e-20
2.8590409592471362e-05 -2.3749921562746946e-20
2.8620222324058923e-05 -2.075723501412249e-20
2.8650035055646484e-05 -4.63794170472992e-20
2.8679847787234042e-05 -4.586260345823056e-20
2.8709660518821603e-05 -3.0366412286397e-20
2.8739473250409168e-05 -4.476401622246107e-20
2.876928598199673e-05 -5.2516880437479714e-20
2.879909871358429e-05 -5.527961164959618e-20
2.882891144517185e-05 -5.571633852037163e-20
2.8858724176759416e-05 -4.430810019520274e-20
2.8888536908346977e-05 -6.461298188818967e-20
2.8918349639934535e-05 -7.635313910589469e-20
2.8948162371522096e-05 -5.661320213906289e-20
2.8977975103109657e-05 -6.384189827076622e-20
2.900778783469722e-05 -7.663638359590536e-20
2.9037600566284783e-05 -7.86894736110496e-20
2.906741329787234e-05 -7.958906873784793e-20
2.9097226029459902e-05 -7.229167385342241e-20
2.9127038761047466e-05 -8.444727160838371e-20
2.9156851492635027e-05 -9.909867823593637e-20
2.918666422422259e-05 -8.628092862480558e-20
2.921647695581015e-05 -8.535837263053436e-20
2.9246289687397708e-05 -9.938923776522299e-20
2.9276102418985276e-05 -1.0227313170103667e-19
2.9305915150572833e-05 -1.0474666198480757e-19
2.9335727882160394e-05 -9.718235707166044e-20
2.9365540613747956e-05 -9.888911525454726e-20
2.939535334533552e-05 -1.2361113181280139e-19
2.942516607692308e-05 -1.13806019827541e-19
2.945497880851064e-05 -1.0278393399108557e-19
2.94847915400982e-05 -1.2234489998460835e-19
2.951460427168576e-05 -1.2492614526094683e-19
2.9544417003273326e-05 -1.2830269331614606e-19
2.9574229734860887e-05 -1.2409839213234958e-19
2.960404246644845e-05 -1.188124475926585e-19
2.9633855198036006e-05 -1.4310460059074644e-19
2.9663667929623574e-05 -1.399865352113124e-19
2.9693480661211132e-05 -1.2449446971101244e-19
2.9723293392798693e-05 -1.3879663884864845e-19
2.9753106124386254e-05 -1.4825873809371855e-19
2.9782918855973812e-05 -1.4800724292351083e-19
2.981273158756138e-05 -1.448510536667452e-19
2.9842544319148938e-05 -1.425695366518676e-19
2.98723570507365e-05 -1.5874523043352222e-19
2.990216978232406e-05 -1.6531485305807188e-19
2.9931982513911625e-05 -1.4823559284697918e-19
2.9961795245499186e-05 -1.5547100076586182e-19
2.9991607977086747e-05 -1.7114603471603941e-19
3.0021420708674305e-05 -1.6742432056985242e-19
3.0051233440261866e-05 -1.67948667194056e-19
3.008104617184943e-05 -1.6514390714371617e-19
3.011085890343699e-05 -1.7260563252784087e-19
3.0140671635024553e-05 -1.8860278785532649e-19
3.017048436661211e-05 -1.7615065429333365e-19
3.020029709819968e-05 -1.7186526344050345e-19
3.0230109829787236e-05 -1.8953598841807502e-19
3.0259922561374797e-05 -1.9101330475213556e-19
3.028973529296236e-05 -1.8966359334155369e-19
3.0319548024549916e-05 -1.8757294153051378e-19
3.0349360756137484e-05 -1.8811694482582793e-19
3.0379173487725045e-05 -2.0612139108608675e-19
3.0408986219312603e-05 -2.011176180063038e-19
3.0438798950900164e-05 -1.896940352888249e-19
3.046861168248773e-05 -2.064225078480408e-19
3.049842441407529e-05 -2.1046547191784226e-19
3.052823714566285e-05 -2.0755958968977432e-19
3.055804987725041e-05 -2.095222362515764e-19
3.0587862608837974e-05 -2.0726096714308045e-19
3.061767534042554e-05 -2.2205216079268645e-19
3.0647488072013096e-05 -2.2461430693538195e-19
3.0677300803600654e-05 -2.0945405258000369e-19
3.070711353518822e-05 -2.2051889775835456e-19
3.073692626677578e-05 -2.3008803686627605e-19
3.076673899836334e-05 -2.266598097010519e-19
3.0796551729950905e-05 -2.2759128701726883e-19
3.082636446153846e-05 -2.2220068352600126e-19
3.085617719312602e-05 -2.351296691856345e-19
3.088598992471359e-05 -2.453601436773745e-19
3.091580265630115e-05 -2.282739131128836e-19
3.094561538788871e-05 -2.3373285633954973e-19
3.097542811947627e-05 -2.471701574783274e-19
3.100524085106384e-05 -2.4483747992105836e-19
3.1035053582651395e-05 -2.4547588195900383e-19
3.106486631423895e-05 -2.409343143704564e-19
3.109467904582652e-05 -2.4719770619181585e-19
3.1124491777414075e-05 -2.59952750831485e-19
3.115430450900164e-05 -2.4947810785382554e-19
3.1184117240589204e-05 -2.4454647560350743e-19
3.121392997217676e-05 -2.579623077613726e-19
3.124374270376432e-05 -2.621966147398915e-19
3.127355543535189e-05 -2.5954597967352417e-19
3.130336816693945e-05 -2.5711070040586975e-19
3.1333180898527006e-05 -2.6004430160704144e-19
3.136299363011457e-05 -2.7307219476949024e-19
3.139280636170213e-05 -2.6834819923711635e-19
3.142261909328969e-05 -2.578990046313203e-19
3.145243182487725e-05 -2.7054651354809334e-19
3.1482244556464815e-05 -2.7519956453830484e-19
3.151205728805237e-05 -2.7199447944816714e-19
3.154187001963994e-05 -2.7185900242963343e-19
3.15716827512275e-05 -2.69401894140404e-19
3.160149548281506e-05 -2.822142806946235e-19
3.163130821440262e-05 -2.830580260588124e-19
3.166112094599018e-05 -2.696434738080302e-19
3.169093367757775e-05 -2.794096103867981e-19
3.1720746409165305e-05 -2.8794114365108405e-19
3.175055914075287e-05 -2.8428464791976893e-19
3.178037187234043e-05 -2.833219046985835e-19
3.181018460392799e-05 -2.804908577134139e-19
3.183999733551555e-05 -2.8810967444238745e-19
3.1869810067103114e-05 -2.94872660651151e-19
3.189962279869067e-05 -2.826375244520936e-19
3.192943553027823e-05 -2.852665908851505e-19
3.19592482618658e-05 -2.9741871783240913e-19
3.198906099345336e-05 -2.9306992671457285e-19
3.2018873725040916e-05 -2.938461375208603e-19
3.204868645662848e-05 -2.923797287712917e-19
3.2078499188216046e-05 -2.9299803696624785e-19
3.21083119198036e-05 -3.0641945183465643e-19
3.213812465139117e-05 -2.969070161525104e-19
3.2167937382978726e-05 -2.903201821439774e-19
3.2197750114566283e-05 -3.0425213933495076e-19
3.222756284615385e-05 -3.0299540765169424e-19
3.225737557774141e-05 -3.0116197283665513e-19
3.228718830932897e-05 -2.9994405943712755e-19
3.231700104091653e-05 -2.977652810585908e-19
3.23468137725041e-05 -3.1089729568675675e-19
3.237662650409166e-05 -3.0791330518355446e-19
3.2406439235679215e-05 -2.9616107825972864e-19
3.243625196726678e-05 -3.077557162606434e-19
3.246606469885434e-05 -3.1207966023427096e-19
3.24958774304419e-05 -3.06919180589603e-19
3.2525690162029466e-05 -3.074218750254967e-19
3.2555502893617024e-05 -3.0311077759856416e-19
3.258531562520458e-05 -3.1222699231719007e-19
3.2615128356792147e-05 -3.1644956734849467e-19
3.264494108837971e-05 -3.016904418503842e-19
3.267475381996727e-05 -3.075376243175318e-19
3.270456655155483e-05 -3.1663045692405243e-19
3.273437928314239e-05 -3.1165383435051633e-19
3.2764192014729956e-05 -3.1170483120457467e-19
3.2794004746317514e-05 -3.0705021074630505e-19
3.282381747790508e-05 -3.1165680175668267e-19
3.2853630209492636e-05 -3.225576636214646e-19
3.28834429410802e-05 -3.085342077618127e-19
3.2913255672667765e-05 -3.061562265654539e-19
3.294306840425532e-05 -3.1966678570686214e-19
3.297288113584288e-05 -3.1395986827705486e-19
3.3002693867430445e-05 -3.111974327612333e-19
3.303250659901801e-05 -3.108959249695733e-19
3.306231933060557e-05 -3.0984518131285493e-19
3.3092132062193125e-05 -3.2009187602792443e-19
3.312194479378069e-05 -3.1322683397046034e-19
3.3151757525368254e-05 -3.0407118992346755e-19
3.318157025695581e-05 -3.1716696633585816e-19
3.321138298854338e-05 -3.1725751237136174e-19
3.3241195720130934e-05 -3.116158643900263e-19
3.327100845171849e-05 -3.1253584769026624e-19
3.3300821183306064e-05 -3.064722813162714e-19
3.333063391489362e-05 -3.168433626941513e-19
3.336044664648118e-05 -3.164016744509102e-19
3.3390259378068744e-05 -2.996670755842472e-19
3.342007210965631e-05 -3.1303098578928114e-19
3.3449884841243866e-05 -3.176183923430466e-19
3.3479697572831424e-05 -3.0836908033293254e-19
3.350951030441899e-05 -3.108940090480116e-19
3.3539323036006546e-05 -3.038593661636201e-19
3.356913576759411e-05 -3.116555715454754e-19
3.3598948499181675e-05 -3.174124400004787e-19
3.362876123076923e-05 -2.987309799412518e-19
3.365857396235679e-05 -3.0455353362070816e-19
3.3688386693944355e-05 -3.138450119656455e-19
3.371819942553192e-05 -3.0499956374204834e-19
3.374801215711948e-05 -3.044499318851286e-19
3.377782488870704e-05 -2.999361928128961e-19
3.38076376202946e-05 -3.0219394545980225e-19
3.3837450351882165e-05 -3.1264453366805223e-19
3.386726308346972e-05 -2.991731132286146e-19
3.389707581505729e-05 -2.9364405956098264e-19
3.3926888546644845e-05 -3.07097363083287e-19
3.395670127823241e-05 -3.031105798364852e-19
3.3986514009819974e-05 -2.9804112342094465e-19
3.401632674140753e-05 -2.9701630342998033e-19
3.404613947299509e-05 -2.943354744226557e-19
3.4075952204582654e-05 -3.0427492124677097e-19
3.410576493617022e-05 -2.9685090267122174e-19
3.4135577667757776e-05 -2.8303704364368885e-19
3.416539039934534e-05 -2.9860366386043764e-19
3.41952031309329e-05 -2.9871391050168044e-19
3.4225015862520456e-05 -2.872371509113005e-19
3.425482859410802e-05 -2.919113570656829e-19
3.4284641325695585e-05 -2.8637472110857676e-19
3.431445405728314e-05 -2.9260794300610796e-19
3.434426678887071e-05 -2.946870247129732e-19
3.437407952045827e-05 -2.7649853115055454e-19
3.440389225204583e-05 -2.8638596429771825e-19
3.443370498363339e-05 -2.915812796909146e-19
3.446351771522095e-05 -2.799804542156667e-19
3.449333044680851e-05 -2.8056060615246966e-19
3.4523143178396075e-05 -2.7654866433587393e-19
3.455295590998364e-05 -2.809760841345986e-19
3.45827686415712e-05 -2.8579682292113227e-19
3.4612581373158755e-05 -2.702465504017378e-19
3.464239410474632e-05 -2.6981128780934394e-19
3.4672206836333884e-05 -2.8183609197363654e-19
3.470201956792144e-05 -2.736781812152469e-19
3.4731832299509006e-05 -2.6799847331514087e-19
3.4761645031096564e-05 -2.684565643100449e-19
3.479145776268413e-05 -2.6623057918511283e-19
3.4821270494271686e-05 -2.7461088837782106e-19
3.485108322585925e-05 -2.631732119702918e-19
3.488089595744681e-05 -2.5240039009737847e-19
3.491070868903437e-05 -2.690656799588688e-19
3.494052142062194e-05 -2.6333162883122624e-19
3.4970334152209496e-05 -2.541610533990056e-19
3.500014688379705e-05 -2.57005398344198e-19
3.502995961538462e-05 -2.502190433430156e-19
3.505977234697218e-05 -2.5950420592287926e-19
3.508958507855974e-05 -2.556936239516694e-19
3.5119397810147305e-05 -2.369765193695255e-19
3.514921054173486e-05 -2.5155490175979726e-19
3.517902327332243e-05 -2.540686728796557e-19
3.5208836004909985e-05 -2.3777856624700313e-19
3.523864873649755e-05 -2.4020508363111337e-19
3.526846146808511e-05 -2.3812954755303577e-19
3.5298274199672665e-05 -2.3930873547570493e-19
3.5328086931260236e-05 -2.420559425023721e-19
3.5357899662847794e-05 -2.2590087354975655e-19
3.538771239443535e-05 -2.3043884193142057e-19
3.5417525126022916e-05 -2.4075079169843043e-19
3.544733785761048e-05 -2.249451596107983e-19
3.547715058919804e-05 -2.228918754824798e-19
3.55069633207856e-05 -2.2419174391648233e-19
3.553677605237316e-05 -2.2047018564401696e-19
3.556658878396072e-05 -2.2687594479668043e-19
3.5596401515548283e-05 -2.1221628974195351e-19
3.562621424713585e-05 -2.0679852556644435e-19
3.5656026978723406e-05 -2.226021867924599e-19
3.5685839710310964e-05 -2.1114702266859515e-19
3.5715652441898535e-05 -2.0203521687726102e-19
3.574546517348609e-05 -2.0745532445691415e-19
3.577527790507365e-05 -2.0348010352381233e-19
3.5805090636661215e-05 -2.0576785773972643e-19
3.583490336824877e-05 -1.9909285741809856e-19
3.586471609983634e-05 -1.8728743970518786e-19
3.58945288314239e-05 -1.9935408022055098e-19
3.592434156301146e-05 -1.9760442661675471e-19
3.595415429459902e-05 -1.8368631249908142e-19
3.598396702618658e-05 -1.867455328247705e-19
3.6013779757774147e-05 -1.83318498374911e-19
3.6043592489361704e-05 -1.8560667358260989e-19
3.607340522094926e-05 -1.844881841493934e-19
3.610321795253683e-05 -1.6773777476006423e-19
3.613303068412439e-05 -1.7799314662139443e-19
3.616284341571195e-05 -1.820100426951954e-19
3.6192656147299514e-05 -1.6508590708807406e-19
3.622246887888707e-05 -1.6709751542915018e-19
3.6252281610474636e-05 -1.6580947282777158e-19
3.62820943420622e-05 -1.636633384316428e-19
3.631190707364976e-05 -1.6665456726953133e-19
3.6341719805237316e-05 -1.5104775527785881e-19
3.637153253682488e-05 -1.5086871768012672e-19
