0.0 1.2307611231190802e-19
2.982672332942556e-08 1.3866218669392528e-19
5.965344665885112e-08 1.6097778456331392e-19
8.948016998827668e-08 1.3799300489122068e-19
1.1930689331770224e-07 1.2366818236607074e-19
1.491336166471278e-07 1.4225801189385833e-19
1.7896033997655336e-07 1.5110738119463729e-19
2.087870633059789e-07 1.4594689434170716e-19
2.386137866354045e-07 1.2769974743673198e-19
2.6844050996483006e-07 1.29089081286342e-19
2.982672332942556e-07 1.5815334918574136e-19
3.2809395662368113e-07 1.4530429545830606e-19
3.579206799531067e-07 1.2184354938187147e-19
3.877474032825323e-07 1.3811634825908618e-19
4.175741266119578e-07 1.508917527127462e-19
4.4740084994138337e-07 1.46945901465877e-19
4.77227573270809e-07 1.318172795721875e-19
5.070542966002345e-07 1.2579828682794071e-19
5.368810199296601e-07 1.5235701427063827e-19
5.667077432590856e-07 1.533357571708124e-19
5.965344665885112e-07 1.2274398588796904e-19
6.263611899179368e-07 1.306778489885642e-19
6.561879132473623e-07 1.4924721096351074e-19
6.860146365767878e-07 1.4656818084051213e-19
7.158413599062134e-07 1.353905662375053e-19
7.456680832356389e-07 1.221640215092084e-19
7.754948065650646e-07 1.4344415353220548e-19
8.053215298944901e-07 1.5763480499791496e-19
8.351482532239156e-07 1.2821750726960797e-19
8.649749765533413e-07 1.2668936325809432e-19
8.948016998827667e-07 1.4673482933085307e-19
9.246284232121923e-07 1.4685433824359636e-19
9.54455146541618e-07 1.366315907775653e-19
9.842818698710434e-07 1.2244593103641808e-19
1.014108593200469e-06 1.356374671865072e-19
1.0439353165298946e-06 1.563181104465321e-19
1.0737620398593203e-06 1.332444627627109e-19
1.1035887631887457e-06 1.1838356239666554e-19
1.1334154865181712e-06 1.4166244443776581e-19
1.1632422098475967e-06 1.49714697145829e-19
1.1930689331770224e-06 1.3682147470866278e-19
1.2228956565064479e-06 1.2470633089877642e-19
1.2527223798358736e-06 1.297797406999164e-19
1.282549103165299e-06 1.5297491015196242e-19
1.3123758264947245e-06 1.4006810655020092e-19
1.34220254982415e-06 1.1438809057707342e-19
1.3720292731535757e-06 1.3658119371818222e-19
1.4018559964830014e-06 1.4883439793671777e-19
1.4316827198124269e-06 1.3473391856371275e-19
1.4615094431418523e-06 1.2606871162079218e-19
1.4913361664712778e-06 1.2345101906973762e-19
1.5211628898007033e-06 1.4592632291037359e-19
1.5509896131301292e-06 1.4590644805322752e-19
1.5808163364595547e-06 1.1491449708560751e-19
1.6106430597889802e-06 1.2709987554038924e-19
1.6404697831184057e-06 1.4689664233671905e-19
1.6702965064478311e-06 1.3662232793351662e-19
1.700123229777257e-06 1.2568166301148663e-19
1.7299499531066825e-06 1.1935612635141037e-19
1.759776676436108e-06 1.3686288953797517e-19
1.7896033997655335e-06 1.4753031177657766e-19
1.819430123094959e-06 1.1804822939996905e-19
1.8492568464243847e-06 1.1641847685605844e-19
1.8790835697538103e-06 1.4149782880931484e-19
1.908910293083236e-06 1.3777869103236244e-19
1.938737016412661e-06 1.2425551265045483e-19
1.9685637397420868e-06 1.1774242813374112e-19
1.9983904630715125e-06 1.2764939228964236e-19
2.028217186400938e-06 1.4389973194306468e-19
2.0580439097303634e-06 1.2117658656030926e-19
2.087870633059789e-06 1.0646704320785386e-19
2.1176973563892144e-06 1.336560085025122e-19
2.1475240797186405e-06 1.350252410725195e-19
2.1773508030480658e-06 1.1904105580063642e-19
2.2071775263774915e-06 1.1416257724436353e-19
2.2370042497069167e-06 1.1844658058994022e-19
2.2668309730363424e-06 1.372006749895338e-19
2.2966576963657677e-06 1.2492527755292796e-19
2.3264844196951934e-06 1.0099338964347369e-19
2.3563111430246195e-06 1.207552673582203e-19
2.3861378663540448e-06 1.3252336617855683e-19
2.4159645896834705e-06 1.1569106367426264e-19
2.4457913130128957e-06 1.0803737817252467e-19
2.4756180363423214e-06 1.098088222873691e-19
2.505444759671747e-06 1.2473256923792842e-19
2.5352714830011724e-06 1.2406272731324457e-19
2.565098206330598e-06 9.55676425903222e-20
2.5949249296600234e-06 1.0719717890877081e-19
2.624751652989449e-06 1.2812587344368598e-19
2.6545783763188747e-06 1.1150461758298075e-19
2.6844050996483e-06 1.0273131652107562e-19
2.714231822977726e-06 1.0133431986390027e-19
2.7440585463071514e-06 1.134880263730131e-19
2.773885269636577e-06 1.208243579520218e-19
2.8037119929660028e-06 9.269801751173458e-20
2.833538716295428e-06 9.265168785578096e-20
2.8633654396248537e-06 1.1883764232571888e-19
2.893192162954279e-06 1.0978101792554437e-19
2.9230188862837047e-06 9.217143089409705e-20
2.9528456096131304e-06 9.439212242575191e-20
2.9826723329425557e-06 1.0187186943337093e-19
3.0124990562719814e-06 1.1178613224479594e-19
3.0423257796014066e-06 9.576234729041456e-20
3.0721525029308327e-06 7.944265212916928e-20
3.1019792262602584e-06 1.0533892876225113e-19
3.1318059495896837e-06 1.0614584884403945e-19
3.1616326729191094e-06 8.498126390312023e-20
3.1914593962485347e-06 8.55854351979627e-20
3.2212861195779604e-06 8.990939643092314e-20
3.251112842907386e-06 1.0217970478338074e-19
3.2809395662368113e-06 9.148606033602138e-20
3.310766289566237e-06 6.889245589410522e-20
3.3405930128956623e-06 9.086789811452804e-20
3.370419736225088e-06 1.0183001577813824e-19
3.400246459554514e-06 7.983548236978714e-20
3.4300731828839393e-06 7.694131529325973e-20
3.459899906213365e-06 8.098634790775122e-20
3.4897266295427903e-06 8.856882331971813e-20
3.519553352872216e-06 8.853325821277093e-20
3.5493800762016417e-06 6.377099598722698e-20
3.579206799531067e-06 7.184363541606503e-20
3.6090335228604927e-06 9.293020821973985e-20
3.638860246189918e-06 7.54915652404191e-20
3.6686869695193436e-06 6.507645292331423e-20
3.6985136928487693e-06 6.993971554949399e-20
3.7283404161781946e-06 7.733249421382251e-20
3.7581671395076207e-06 8.179823291674243e-20
3.7879938628370455e-06 6.037294738097215e-20
3.817820586166472e-06 5.830498550059266e-20
3.847647309495897e-06 8.07441966578431e-20
3.877474032825322e-06 7.021470432122874e-20
3.907300756154748e-06 5.501508948224436e-20
3.9371274794841736e-06 5.820881178903427e-20
3.9669542028136e-06 6.315291253995981e-20
3.996780926143025e-06 7.071237968570173e-20
4.02660764947245e-06 5.566181728216068e-20
4.056434372801876e-06 4.303481018926199e-20
4.086261096131302e-06 6.705942116920563e-20
4.116087819460727e-06 6.72493841058305e-20
4.145914542790153e-06 4.493861333019019e-20
4.175741266119578e-06 4.701109416699635e-20
4.2055679894490035e-06 5.2835292008511215e-20
4.235394712778429e-06 5.775660547570989e-20
4.265221436107855e-06 5.110348660358051e-20
4.295048159437281e-06 3.187919815512016e-20
4.324874882766706e-06 4.721266826018869e-20
4.3547016060961316e-06 5.990975996295117e-20
4.384528329425557e-06 3.612901598069472e-20
4.414355052754983e-06 3.283520972611477e-20
4.444181776084408e-06 4.3055878806715507e-20
4.4740084994138335e-06 4.468124412669003e-20
4.50383522274326e-06 4.255340832631471e-20
4.533661946072685e-06 2.543756403481107e-20
4.56348866940211e-06 3.040739304975287e-20
4.593315392731535e-06 4.783122726302287e-20
4.6231421160609615e-06 3.2017727030369337e-20
4.652968839390387e-06 2.130832663533548e-20
4.682795562719813e-06 2.8294157367617906e-20
4.712622286049239e-06 3.1332897288838103e-20
4.7424490093786634e-06 3.3242814071477154e-20
4.7722757327080896e-06 1.842050549581332e-20
4.802102456037515e-06 1.2797060536771555e-20
4.831929179366941e-06 3.5575497933823456e-20
4.861755902696366e-06 2.6887212599455334e-20
4.8915826260257915e-06 7.653749561343213e-21
4.921409349355217e-06 1.839767963638548e-20
4.951236072684643e-06 1.9221232425941686e-20
4.981062796014068e-06 1.996091876220069e-20
5.010889519343494e-06 1.3545463960579115e-20
5.040716242672919e-06 -1.81118131136911e-21
5.070542966002345e-06 1.7670765168947297e-20
5.100369689331771e-06 2.0220633805362433e-20
5.130196412661196e-06 -2.7017068172549687e-21
5.160023135990622e-06 2.1156326454972233e-21
5.189849859320047e-06 7.688604443447427e-21
5.219676582649473e-06 9.514904836687658e-21
5.249503305978898e-06 5.5989839538919985e-21
5.279330029308324e-06 -1.1754412931286694e-20
5.3091567526377495e-06 -6.299706438530894e-22
5.338983475967175e-06 1.0830710753186825e-20
5.3688101992966e-06 -9.4406248410139e-21
5.398636922626026e-06 -1.4532871871659437e-20
5.428463645955452e-06 -5.100553335329241e-21
5.4582903692848775e-06 -3.675334837101834e-21
5.488117092614303e-06 -6.5469153095663195e-21
5.517943815943728e-06 -2.0956300661756865e-20
5.547770539273154e-06 -1.8572584612924686e-20
5.5775972626025794e-06 -7.539850596505776e-22
5.6074239859320056e-06 -1.5989071476220273e-20
5.63725070926143e-06 -2.807899396812839e-20
5.667077432590856e-06 -1.542719134320198e-20
5.696904155920281e-06 -1.5483096321419002e-20
5.7267308792497075e-06 -1.86254138218305e-20
5.756557602579134e-06 -2.819904342553806e-20
5.786384325908558e-06 -3.4316945650972755e-20
5.816211049237984e-06 -1.700339760919355e-20
5.846037772567409e-06 -2.3449286713833807e-20
5.8758644958968355e-06 -4.1661032790491815e-20
5.905691219226261e-06 -3.102770602315802e-20
5.935517942555686e-06 -2.7369264923602195e-20
5.965344665885111e-06 -3.1911845939987454e-20
5.9951713892145374e-06 -3.682840080394712e-20
6.024998112543963e-06 -4.643632746385358e-20
6.054824835873389e-06 -3.360927018028622e-20
6.084651559202813e-06 -3.1950322597431226e-20
6.114478282532239e-06 -5.2543663163364076e-20
6.1443050058616655e-06 -4.803754441177249e-20
6.174131729191091e-06 -4.2732339697479944e-20
6.203958452520517e-06 -4.579988066095574e-20
6.233785175849941e-06 -4.700697722755899e-20
6.263611899179367e-06 -6.069200402334117e-20
6.293438622508793e-06 -5.3490788522059215e-20
6.323265345838219e-06 -4.234457120088731e-20
6.353092069167644e-06 -6.087659595051485e-20
6.382918792497069e-06 -6.456056100581209e-20
6.412745515826495e-06 -5.457570569775492e-20
6.442572239155921e-06 -5.757517320149435e-20
6.472398962485347e-06 -5.98425329323123e-20
6.502225685814772e-06 -7.081406982456723e-20
6.532052409144197e-06 -7.243126293151807e-20
6.561879132473623e-06 -5.462842206253354e-20
6.591705855803049e-06 -6.966994922103748e-20
6.621532579132474e-06 -8.306511428842662e-20
6.6513593024619e-06 -6.792207451717645e-20
6.6811860257913245e-06 -7.168483176160561e-20
6.711012749120751e-06 -7.553933213829601e-20
6.740839472450176e-06 -8.008742762062016e-20
6.770666195779602e-06 -8.704954914527933e-20
6.800492919109028e-06 -7.232137860894514e-20
6.830319642438453e-06 -7.772650249824925e-20
6.860146365767879e-06 -9.564696594959718e-20
6.889973089097304e-06 -8.70597132891989e-20
6.91979981242673e-06 -8.195831005281626e-20
6.949626535756155e-06 -8.841006070199364e-20
6.979453259085581e-06 -9.358259257689561e-20
7.009279982415006e-06 -1.0015484785722457e-19
7.039106705744432e-06 -9.056156469551928e-20
7.068933429073857e-06 -8.567432390246394e-20
7.098760152403283e-06 -1.0520809010844243e-19
7.128586875732708e-06 -1.0236977583556516e-19
7.158413599062134e-06 -9.35945015804796e-20
7.18824032239156e-06 -1.0262239582640144e-19
7.218067045720985e-06 -1.0127669695379806e-19
7.247893769050411e-06 -1.1025841912233666e-19
7.277720492379836e-06 -1.1003391408674354e-19
7.307547215709262e-06 -9.603737526476913e-20
7.337373939038687e-06 -1.1349340322960052e-19
7.367200662368113e-06 -1.187180106667917e-19
7.397027385697539e-06 -1.057698535600818e-19
7.426854109026964e-06 -1.1144793651688153e-19
7.456680832356389e-06 -1.1429874720043966e-19
7.486507555685815e-06 -1.193038505843326e-19
7.516334279015241e-06 -1.2188648585374108e-19
7.546161002344667e-06 -1.0968312190129559e-19
7.575987725674091e-06 -1.196452538713002e-19
7.605814449003517e-06 -1.3110675710096357e-19
7.635641172332943e-06 -1.2006890503857295e-19
7.665467895662369e-06 -1.2135561829003136e-19
7.695294618991794e-06 -1.247566936377662e-19
7.725121342321219e-06 -1.2817223488505346e-19
7.754948065650644e-06 -1.3398544582918354e-19
7.784774788980071e-06 -1.2267733022635594e-19
7.814601512309497e-06 -1.248605580673693e-19
7.844428235638922e-06 -1.410724563016777e-19
7.874254958968347e-06 -1.3390106542900027e-19
7.904081682297772e-06 -1.2804391176004554e-19
7.9339084056272e-06 -1.352860561524401e-19
7.963735128956625e-06 -1.3584048259188615e-19
7.99356185228605e-06 -1.4399902273604995e-19
8.023388575615475e-06 -1.4023177084421962e-19
8.0532152989449e-06 -1.308738190642068e-19
8.083042022274326e-06 -1.4811675176332754e-19
8.112868745603753e-06 -1.4763104360267058e-19
8.142695468933178e-06 -1.3781288176841272e-19
8.172522192262603e-06 -1.4579397368646605e-19
8.202348915592028e-06 -1.4501217432169067e-19
8.232175638921454e-06 -1.5113800771011282e-19
8.26200236225088e-06 -1.515228699703001e-19
8.291829085580306e-06 -1.390351879063791e-19
8.321655808909731e-06 -1.5481783354718747e-19
8.351482532239157e-06 -1.6102455158231736e-19
8.381309255568582e-06 -1.4739540987800044e-19
8.411135978898007e-06 -1.53823908705811e-19
8.440962702227434e-06 -1.5560591292893633e-19
8.470789425556858e-06 -1.5881824316111184e-19
8.500616148886285e-06 -1.6266357556833522e-19
8.53044287221571e-06 -1.4928918526158973e-19
8.560269595545135e-06 -1.57319701051503e-19
8.590096318874562e-06 -1.6853792318977675e-19
8.619923042203986e-06 -1.592732994755065e-19
8.649749765533413e-06 -1.6086500147161303e-19
8.679576488862838e-06 -1.6398539735190603e-19
8.709403212192263e-06 -1.65358803040173e-19
8.739229935521688e-06 -1.7197995042689422e-19
8.769056658851114e-06 -1.6347417240328825e-19
8.798883382180539e-06 -1.6165160835291633e-19
8.828710105509966e-06 -1.7629113182329143e-19
8.858536828839391e-06 -1.7013355677125467e-19
8.888363552168816e-06 -1.6437628593929796e-19
8.918190275498242e-06 -1.7151943084149028e-19
8.948016998827667e-06 -1.7108554259588632e-19
8.977843722157092e-06 -1.7842971865350073e-19
9.00767044548652e-06 -1.7299323590421521e-19
9.037497168815944e-06 -1.6508823319963818e-19
9.06732389214537e-06 -1.8227148531061647e-19
9.097150615474795e-06 -1.8063679991806132e-19
9.12697733880422e-06 -1.7146216407801925e-19
9.156804062133647e-06 -1.7802390854939549e-19
9.18663078546307e-06 -1.7822785155291485e-19
9.216457508792498e-06 -1.8133759595122316e-19
9.246284232121923e-06 -1.8203036081843888e-19
9.27611095545135e-06 -1.7233745562161077e-19
9.305937678780774e-06 -1.7959425888776365e-19
9.335764402110199e-06 -1.887134878459891e-19
9.365591125439626e-06 -1.7915760432934003e-19
9.395417848769051e-06 -1.7969934454972912e-19
9.425244572098478e-06 -1.8368083381200496e-19
9.455071295427902e-06 -1.848382182983203e-19
9.484898018757327e-06 -1.8924453834233197e-19
9.514724742086754e-06 -1.7981877564932304e-19
9.544551465416179e-06 -1.8174949664802045e-19
9.574378188745606e-06 -1.9323048079739326e-19
9.60420491207503e-06 -1.852666517044384e-19
9.634031635404455e-06 -1.8197215127236604e-19
9.663858358733882e-06 -1.8517961231894557e-19
9.693685082063305e-06 -1.8734035608675477e-19
9.723511805392732e-06 -1.9392352308996322e-19
9.753338528722158e-06 -1.8382296644844153e-19
9.783165252051583e-06 -1.810080348563945e-19
9.81299197538101e-06 -1.9700478030769553e-19
9.842818698710434e-06 -1.9044652558420538e-19
9.87264542203986e-06 -1.8432218513029158e-19
9.902472145369286e-06 -1.908548033721487e-19
9.932298868698711e-06 -1.868735552290058e-19
9.962125592028136e-06 -1.9263728241630474e-19
9.991952315357562e-06 -1.9176975698677148e-19
1.0021779038686989e-05 -1.810518702812142e-19
1.0051605762016414e-05 -1.938685827099742e-19
1.0081432485345837e-05 -1.951905491629616e-19
1.0111259208675264e-05 -1.8523014914468558e-19
1.014108593200469e-05 -1.9113367224786475e-19
1.0170912655334117e-05 -1.9008965266459435e-19
1.0200739378663542e-05 -1.931828061904594e-19
1.0230566101992965e-05 -1.9535333904216725e-19
1.0260392825322392e-05 -1.8306649264184075e-19
1.0290219548651818e-05 -1.9105098498708532e-19
1.0320046271981245e-05 -1.9859780669169817e-19
1.0349872995310668e-05 -1.8746833646343786e-19
1.0379699718640093e-05 -1.9068101091330105e-19
1.040952644196952e-05 -1.9126844668383584e-19
1.0439353165298946e-05 -1.9007381398772138e-19
1.0469179888628373e-05 -1.9598199113626284e-19
1.0499006611957796e-05 -1.848690442143101e-19
1.0528833335287221e-05 -1.8563836490672626e-19
1.0558660058616648e-05 -1.9832478175488518e-19
1.0588486781946074e-05 -1.9053539690741884e-19
1.0618313505275499e-05 -1.8497708414573338e-19
1.0648140228604924e-05 -1.8934820386164217e-19
1.067796695193435e-05 -1.9145950368412156e-19
1.0707793675263776e-05 -1.9479001988171032e-19
1.07376203985932e-05 -1.8636681224665526e-19
1.0767447121922627e-05 -1.8034233885971797e-19
1.0797273845252052e-05 -1.9527252837048529e-19
1.0827100568581478e-05 -1.913920576923017e-19
1.0856927291910905e-05 -1.8190386278929948e-19
1.0886754015240328e-05 -1.8870924736370831e-19
1.0916580738569755e-05 -1.8584132366769142e-19
1.094640746189918e-05 -1.9082157253345295e-19
1.0976234185228606e-05 -1.8904699360934964e-19
1.100606090855803e-05 -1.7580160267866387e-19
1.1035887631887456e-05 -1.8945425972430648e-19
1.1065714355216883e-05 -1.9220331069513844e-19
1.1095541078546308e-05 -1.767540770492162e-19
1.1125367801875732e-05 -1.814763977861673e-19
1.1155194525205159e-05 -1.8350883771857147e-19
1.1185021248534584e-05 -1.8269983726725166e-19
1.1214847971864011e-05 -1.862269981819858e-19
1.1244674695193436e-05 -1.7417138900188832e-19
1.127450141852286e-05 -1.7753252741683545e-19
1.1304328141852287e-05 -1.8883018257630841e-19
1.1334154865181712e-05 -1.7665240483591095e-19
1.1363981588511139e-05 -1.7481507478604278e-19
1.1393808311840563e-05 -1.778225039521895e-19
1.1423635035169988e-05 -1.7612477781748038e-19
1.1453461758499415e-05 -1.8060333712559036e-19
1.148328848182884e-05 -1.7072029931376324e-19
1.1513115205158267e-05 -1.6859926641315797e-19
1.154294192848769e-05 -1.8168339295897264e-19
1.1572768651817116e-05 -1.7216874524234657e-19
1.1602595375146543e-05 -1.6537334495778405e-19
1.1632422098475968e-05 -1.7394900835636544e-19
1.1662248821805394e-05 -1.6918185520572194e-19
1.1692075545134819e-05 -1.7115220087449323e-19
1.1721902268464244e-05 -1.6971806742702397e-19
1.1751728991793671e-05 -1.5842293989712528e-19
1.1781555715123095e-05 -1.7139570404553278e-19
1.1811382438452522e-05 -1.7043623509713813e-19
1.1841209161781947e-05 -1.5428861104624682e-19
1.1871035885111372e-05 -1.627895085391241e-19
1.1900862608440799e-05 -1.6284709076483385e-19
1.1930689331770223e-05 -1.608684695180118e-19
1.196051605509965e-05 -1.6328398153291625e-19
1.1990342778429075e-05 -1.5036338248091687e-19
1.20201695017585e-05 -1.586120078389373e-19
1.2049996225087925e-05 -1.6603960371298737e-19
1.207982294841735e-05 -1.4941820755644332e-19
1.2109649671746778e-05 -1.51340262865563e-19
1.2139476395076203e-05 -1.5504746138865963e-19
1.2169303118405626e-05 -1.527147704947734e-19
1.2199129841735053e-05 -1.5459698316284594e-19
1.2228956565064479e-05 -1.4193773999996328e-19
1.2258783288393906e-05 -1.4575674988668392e-19
1.2288610011723331e-05 -1.5637361902334075e-19
1.2318436735052755e-05 -1.4153654837128013e-19
1.2348263458382181e-05 -1.4141980802959567e-19
1.2378090181711607e-05 -1.4705522185234443e-19
1.2407916905041034e-05 -1.4288292086234621e-19
1.2437743628370457e-05 -1.468281502523549e-19
1.2467570351699883e-05 -1.3668821416392664e-19
1.249739707502931e-05 -1.3161713120049708e-19
1.2527223798358735e-05 -1.4627840928941712e-19
1.2557050521688162e-05 -1.3780716540894142e-19
1.2586877245017585e-05 -1.2650107967904348e-19
1.261670396834701e-05 -1.345883332419636e-19
1.2646530691676438e-05 -1.3339264773957892e-19
1.2676357415005863e-05 -1.321905619384707e-19
1.2706184138335288e-05 -1.3055569523757976e-19
1.2736010861664713e-05 -1.2099823769198674e-19
1.2765837584994139e-05 -1.3124984871471356e-19
1.2795664308323566e-05 -1.3344943085959947e-19
1.282549103165299e-05 -1.1671686373612895e-19
1.2855317754982416e-05 -1.2278164051686827e-19
1.2885144478311841e-05 -1.2488898158040987e-19
1.2914971201641267e-05 -1.1954728755154836e-19
1.2944797924970694e-05 -1.2097713516923007e-19
1.2974624648300117e-05 -1.1039623842306298e-19
1.3004451371629544e-05 -1.1661771269589287e-19
1.303427809495897e-05 -1.2437011801552787e-19
1.3064104818288395e-05 -1.0621732585637588e-19
1.309393154161782e-05 -1.0736117588843423e-19
1.3123758264947245e-05 -1.154500323897025e-19
1.3153584988276672e-05 -1.0825246192750728e-19
1.3183411711606097e-05 -1.1031345592994426e-19
1.3213238434935521e-05 -1.0272481863324939e-19
1.3243065158264948e-05 -1.0002783123157629e-19
1.3272891881594373e-05 -1.1200627149240637e-19
1.33027186049238e-05 -9.796576481068143e-20
1.3332545328253226e-05 -9.271878105942597e-20
1.3362372051582649e-05 -1.023581423299246e-19
1.3392198774912076e-05 -9.4199892340023e-20
1.3422025498241501e-05 -9.531854419846469e-20
1.3451852221570928e-05 -9.20459331535845e-20
1.3481678944900352e-05 -8.500995725942958e-20
1.3511505668229777e-05 -9.757880613399323e-20
1.3541332391559204e-05 -9.009447484549404e-20
1.357115911488863e-05 -7.749494131135436e-20
1.3600985838218056e-05 -8.778254087909524e-20
1.363081256154748e-05 -8.470416524954109e-20
1.3660639284876905e-05 -8.09832608968191e-20
1.3690466008206332e-05 -8.098872840426413e-20
1.3720292731535757e-05 -7.031167103758311e-20
1.3750119454865183e-05 -7.958544103325424e-20
1.3779946178194608e-05 -8.040684948197374e-20
1.3809772901524033e-05 -6.285797630214868e-20
1.383959962485346e-05 -7.058466816239361e-20
1.3869426348182884e-05 -7.162205366693555e-20
1.389925307151231e-05 -6.51752972026687e-20
1.3929079794841736e-05 -6.902504275642728e-20
1.3958906518171161e-05 -5.7419270832916e-20
1.3988733241500588e-05 -6.084651524156542e-20
1.4018559964830012e-05 -6.935787513698293e-20
1.4048386688159439e-05 -5.237283247999022e-20
1.4078213411488864e-05 -5.2429973735420944e-20
1.4108040134818288e-05 -5.954402294505e-20
1.4137866858147715e-05 -5.2211733989896195e-20
1.416769358147714e-05 -5.2965189810563704e-20
1.4197520304806567e-05 -4.6810003721977773e-20
1.4227347028135992e-05 -4.4197543375114454e-20
1.4257173751465416e-05 -5.45713677422416e-20
1.4287000474794843e-05 -4.1873461781639246e-20
1.4316827198124268e-05 -3.5191621583909865e-20
1.4346653921453695e-05 -4.6595473209874387e-20
1.437648064478312e-05 -3.8703436983928394e-20
1.4406307368112544e-05 -3.6073275098840477e-20
1.443613409144197e-05 -3.6541331214055534e-20
1.4465960814771396e-05 -2.68264146588221e-20
1.4495787538100823e-05 -3.628517561810547e-20
1.4525614261430246e-05 -3.452608219391447e-20
1.4555440984759672e-05 -2.0082061149548984e-20
1.4585267708089099e-05 -2.8356842358803104e-20
1.4615094431418524e-05 -2.6506376178595857e-20
1.4644921154747951e-05 -2.0562725153042115e-20
1.4674747878077374e-05 -2.324618598191663e-20
1.47045746014068e-05 -1.436608014130204e-20
1.4734401324736227e-05 -1.9661079199739385e-20
1.476422804806565e-05 -2.14758878268167e-20
1.4794054771395077e-05 -4.905001512278602e-21
1.4823881494724502e-05 -1.2579261325630577e-20
1.4853708218053928e-05 -1.8801875918088016e-20
1.4883534941383355e-05 -8.155899133644272e-21
1.4913361664712778e-05 -1.0814685193435439e-20
1.4943188388042205e-05 -3.4729904276851005e-21
1.497301511137163e-05 -1.006033863996804e-21
1.5002841834701056e-05 -1.1781509035015258e-20
1.5032668558030483e-05 3.3637122846826694e-21
1.5062495281359906e-05 4.910377976575566e-21
1.5092322004689333e-05 -5.516539980533172e-21
1.5122148728018759e-05 7.108194159768105e-21
1.5151975451348182e-05 5.096200272103146e-21
1.5181802174677609e-05 6.309830658000101e-21
1.5211628898007034e-05 1.4140118091484795e-20
1.5241455621336461e-05 4.2811314830200194e-21
1.5271282344665887e-05 1.40611210874896e-20
1.5301109067995312e-05 2.076624996471927e-20
1.5330935791324737e-05 8.87509592724508e-21
1.5360762514654162e-05 1.771933183455333e-20
1.5390589237983588e-05 2.1594742293252317e-20
1.5420415961313013e-05 1.7586228762698043e-20
1.5450242684642438e-05 2.721970605957569e-20
1.5480069407971867e-05 2.1227107382631106e-20
1.550989613130129e-05 2.1415238956312568e-20
1.5539722854630717e-05 3.535631324459794e-20
1.5569549577960143e-05 2.6410526242259003e-20
1.5599376301289568e-05 2.8075187691648486e-20
1.5629203024618993e-05 3.730368963246616e-20
1.565902974794842e-05 3.0389669495376605e-20
1.5688856471277844e-05 3.8036492424925914e-20
1.571868319460727e-05 3.779665137088165e-20
1.5748509917936694e-05 3.280846600289774e-20
1.577833664126612e-05 4.821390982478348e-20
1.5808163364595545e-05 4.245685732585508e-20
1.5837990087924973e-05 3.7770021428708545e-20
1.58678168112544e-05 5.1815807441208295e-20
1.589764353458382e-05 4.533349462605509e-20
1.592747025791325e-05 4.82787732885057e-20
1.5957296981242675e-05 5.68178577146967e-20
1.59871237045721e-05 4.653858294639424e-20
1.6016950427901525e-05 5.54430682257237e-20
1.604677715123095e-05 6.13349669323646e-20
1.6076603874560376e-05 5.082187039396072e-20
1.61064305978898e-05 6.00743580271689e-20
1.613625732121923e-05 6.200418522845742e-20
1.616608404454865e-05 5.782728316695294e-20
1.6195910767878077e-05 6.868234248562173e-20
1.6225737491207505e-05 6.342130243502222e-20
1.625556421453693e-05 6.378823939069986e-20
1.6285390937866356e-05 7.584148656170997e-20
1.631521766119578e-05 6.676303621954975e-20
1.6345044384525206e-05 6.958889252636185e-20
1.6374871107854632e-05 7.715052840055102e-20
1.6404697831184057e-05 7.00807051656699e-20
1.6434524554513482e-05 7.734493650336734e-20
1.6464351277842908e-05 7.68972995328669e-20
1.6494178001172333e-05 7.348456912028663e-20
1.652400472450176e-05 8.479523026415362e-20
1.6553831447831183e-05 7.974131491749883e-20
1.6583658171160612e-05 8.12823590822575e-20
1.6613484894490037e-05 9.062457024578821e-20
1.6643311617819463e-05 8.092508592756014e-20
1.6673138341148888e-05 8.761668823577464e-20
1.6702965064478313e-05 9.407049314424267e-20
1.673279178780774e-05 8.463461616077922e-20
1.6762618511137164e-05 9.447049597183149e-20
1.679244523446659e-05 9.492858017288689e-20
1.6822271957796014e-05 8.951685191811375e-20
1.685209868112544e-05 1.0013509857932368e-19
1.6881925404454868e-05 9.440547961279488e-20
1.6911752127784293e-05 9.557862750741796e-20
1.6941578851113715e-05 1.066764783743884e-19
1.6971405574443144e-05 9.784506724617292e-20
1.700123229777257e-05 1.0203607310899258e-19
1.7031059021101994e-05 1.0951657504293763e-19
1.706088574443142e-05 1.0145320832392556e-19
1.7090712467760845e-05 1.0942480046550872e-19
1.712053919109027e-05 1.1043295193600493e-19
1.7150365914419695e-05 1.0315270925527099e-19
1.7180192637749124e-05 1.1787653850745748e-19
1.7210019361078546e-05 1.1449063694020552e-19
1.723984608440797e-05 1.0693993961831838e-19
1.72696728077374e-05 1.2076160135038445e-19
1.7299499531066825e-05 1.1599350328304355e-19
1.732932625439625e-05 1.162489937045703e-19
1.7359152977725676e-05 1.2449880837768706e-19
1.73889797010551e-05 1.1630001231383584e-19
1.7418806424384526e-05 1.2502690237014086e-19
1.744863314771395e-05 1.294172647138055e-19
1.7478459871043377e-05 1.1856334836972478e-19
1.7508286594372802e-05 1.2845849394549442e-19
1.7538113317702227e-05 1.2968297962883009e-19
1.7567940041031656e-05 1.258290977746853e-19
1.7597766764361078e-05 1.347100888151698e-19
1.7627593487690507e-05 1.2702997771468022e-19
1.7657420211019932e-05 1.3124005847418067e-19
1.7687246934349354e-05 1.4245156795364087e-19
1.7717073657678782e-05 1.3135113129900717e-19
1.7746900381008208e-05 1.3688402343179649e-19
1.7776727104337633e-05 1.4279537877502255e-19
1.7806553827667058e-05 1.366689133725453e-19
1.7836380550996483e-05 1.4451863248148324e-19
1.786620727432591e-05 1.4225671523199214e-19
1.7896033997655334e-05 1.411060623217514e-19
1.7925860720984763e-05 1.5153775595072728e-19
1.7955687444314184e-05 1.4362687174908953e-19
1.798551416764361e-05 1.4264277531085e-19
1.801534089097304e-05 1.5521907878663687e-19
1.8045167614302464e-05 1.4980592788231416e-19
1.807499433763189e-05 1.5157855468617589e-19
1.8104821060961314e-05 1.54823559505335e-19
1.813464778429074e-05 1.4800323306171462e-19
1.8164474507620165e-05 1.6218034357347572e-19
1.819430123094959e-05 1.6119776195718546e-19
1.822412795427902e-05 1.499201442536659e-19
1.825395467760844e-05 1.633850052111234e-19
1.8283781400937866e-05 1.6241247471530052e-19
1.8313608124267294e-05 1.59610191314336e-19
1.8343434847596716e-05 1.6377920125180027e-19
1.837326157092614e-05 1.587409179515498e-19
1.840308829425557e-05 1.6889215864980229e-19
1.8432915017584996e-05 1.7169701606185537e-19
1.846274174091442e-05 1.602770019967892e-19
1.8492568464243846e-05 1.6712712547318829e-19
1.852239518757327e-05 1.739939243114443e-19
1.85522219109027e-05 1.700888301907901e-19
1.8582048634232125e-05 1.7133167457439636e-19
1.8611875357561547e-05 1.694745665819022e-19
1.8641702080890972e-05 1.7421087423485427e-19
1.8671528804220398e-05 1.8214216613890315e-19
1.8701355527549826e-05 1.700514287027771e-19
1.873118225087925e-05 1.7262751080330477e-19
1.8761008974208677e-05 1.8407156504574855e-19
1.8790835697538102e-05 1.7824435181387009e-19
1.8820662420867527e-05 1.8037637321992987e-19
1.8850489144196956e-05 1.7924530649097705e-19
1.888031586752638e-05 1.792710405464387e-19
1.8910142590855803e-05 1.9106600757672047e-19
1.893996931418523e-05 1.8232948952144184e-19
1.8969796037514654e-05 1.78075330083468e-19
1.8999622760844082e-05 1.9228330264749234e-19
1.9029449484173508e-05 1.8776222807721283e-19
1.9059276207502933e-05 1.8427402544216245e-19
1.9089102930832358e-05 1.8821905952819818e-19
1.911892965416178e-05 1.8633739560746328e-19
1.9148756377491212e-05 1.9682747651225956e-19
1.9178583100820634e-05 1.9442098400463203e-19
1.920840982415006e-05 1.849169920004313e-19
1.9238236547479485e-05 1.9712151454146306e-19
1.926806327080891e-05 1.9844606832783822e-19
1.929788999413834e-05 1.945379786217872e-19
1.9327716717467764e-05 1.9584218280430612e-19
1.935754344079719e-05 1.9184774858748078e-19
1.938737016412661e-05 2.0207107506382524e-19
1.9417196887456036e-05 2.0576445996326603e-19
1.9447023610785465e-05 1.9208300547347462e-19
1.947685033411489e-05 1.9878659116780753e-19
1.9506677057444315e-05 2.1014023681725257e-19
1.953650378077374e-05 2.0334019966642738e-19
1.9566330504103166e-05 2.0176374820539008e-19
1.9596157227432595e-05 2.028560280945622e-19
1.962598395076202e-05 2.0781842831309602e-19
1.9655810674091442e-05 2.1518553972578903e-19
1.9685637397420867e-05 2.0197183756227255e-19
1.9715464120750292e-05 2.0341880830151726e-19
1.974529084407972e-05 2.1812493105915474e-19
1.9775117567409146e-05 2.0867352444481315e-19
1.980494429073857e-05 2.088709794834688e-19
1.9834771014067997e-05 2.1175837522829408e-19
1.9864597737397422e-05 2.1013074420691393e-19
1.989442446072685e-05 2.224997308414155e-19
1.9924251184056273e-05 2.129382704135916e-19
1.9954077907385698e-05 2.0767101757820978e-19
1.9983904630715123e-05 2.257267137358041e-19
2.001373135404455e-05 2.2116461234019265e-19
2.0043558077373977e-05 2.1416776296884045e-19
2.0073384800703402e-05 2.1730780772842226e-19
2.0103211524032828e-05 2.173724301548093e-19
2.0133038247362253e-05 2.2742293287448463e-19
2.0162864970691675e-05 2.2341920025979955e-19
2.0192691694021103e-05 2.1141316473464052e-19
2.022251841735053e-05 2.2653483758882694e-19
2.0252345140679954e-05 2.3108742331404645e-19
2.028217186400938e-05 2.2000053110204796e-19
2.0311998587338804e-05 2.234144309861587e-19
2.0341825310668233e-05 2.2477991076805777e-19
2.037165203399766e-05 2.3132716733968215e-19
2.0401478757327084e-05 2.3343476570967697e-19
2.0431305480656506e-05 2.1784472795465995e-19
2.046113220398593e-05 2.268496278012137e-19
2.049095892731536e-05 2.385806939972991e-19
2.0520785650644785e-05 2.25733374274095e-19
2.055061237397421e-05 2.260851741857192e-19
2.0580439097303635e-05 2.2903157007275933e-19
2.061026582063306e-05 2.3264994974197263e-19
2.064009254396249e-05 2.393234274975079e-19
2.0669919267291914e-05 2.244104729959651e-19
2.0699745990621336e-05 2.2632167310587106e-19
2.072957271395076e-05 2.4405035689149707e-19
2.0759399437280187e-05 2.346967976015173e-19
2.0789226160609616e-05 2.27131376799886e-19
2.081905288393904e-05 2.32876283139614e-19
2.0848879607268466e-05 2.3656415173245e-19
2.087870633059789e-05 2.4284856102817434e-19
2.0908533053927317e-05 2.315649140513412e-19
2.0938359777256745e-05 2.2521600418197964e-19
2.0968186500586167e-05 2.4481966064010735e-19
2.0998013223915592e-05 2.4146967934398553e-19
2.1027839947245018e-05 2.3030522154704697e-19
2.1057666670574443e-05 2.3602518941452407e-19
2.108749339390387e-05 2.3785601412942067e-19
2.1117320117233297e-05 2.4498398917399693e-19
2.1147146840562722e-05 2.4037175290293736e-19
2.1176973563892147e-05 2.267178947494426e-19
2.120680028722157e-05 2.418764798203917e-19
2.1236627010550998e-05 2.488136208646599e-19
2.1266453733880423e-05 2.328322860493885e-19
2.129628045720985e-05 2.353853115232694e-19
2.1326107180539274e-05 2.4124806727792188e-19
2.13559339038687e-05 2.44646488665187e-19
2.1385760627198128e-05 2.455466955068571e-19
2.1415587350527553e-05 2.3070152914899597e-19
2.1445414073856978e-05 2.389744575428757e-19
2.14752407971864e-05 2.5238467695844317e-19
2.1505067520515825e-05 2.373138624480823e-19
2.1534894243845254e-05 2.3536980380395947e-19
2.156472096717468e-05 2.449077504606557e-19
2.1594547690504105e-05 2.4301921388958374e-19
2.162437441383353e-05 2.4344009615873484e-19
2.1654201137162955e-05 2.3620886852505554e-19
2.1684027860492384e-05 2.349568091312085e-19
2.171385458382181e-05 2.5209488158027e-19
2.174368130715123e-05 2.4337230528456806e-19
2.1773508030480656e-05 2.3344589675805405e-19
2.180333475381008e-05 2.438149855215578e-19
2.183316147713951e-05 2.445320199321396e-19
2.1862988200468935e-05 2.47691692313492e-19
2.189281492379836e-05 2.382601650355074e-19
2.1922641647127786e-05 2.3185445669642447e-19
2.195246837045721e-05 2.504554364694063e-19
2.198229509378664e-05 2.462968445443547e-19
2.201212181711606e-05 2.3302801187501083e-19
2.2041948540445487e-05 2.388797413105569e-19
2.2071775263774912e-05 2.427451609472477e-19
2.2101601987104337e-05 2.46083515745016e-19
2.2131428710433766e-05 2.4162254850600683e-19
2.216125543376319e-05 2.30503284495976e-19
2.2191082157092617e-05 2.4500941251395804e-19
2.2220908880422042e-05 2.5109310214646364e-19
2.2250735603751464e-05 2.320043346165918e-19
2.2280562327080892e-05 2.352401501160801e-19
2.2310389050410318e-05 2.436855144510454e-19
2.2340215773739743e-05 2.4090884123894276e-19
2.2370042497069168e-05 2.397734888549126e-19
2.2399869220398594e-05 2.291707292231863e-19
2.2429695943728022e-05 2.3427924361477484e-19
2.2459522667057447e-05 2.495020465609355e-19
2.2489349390386873e-05 2.3376067856083544e-19
2.2519176113716295e-05 2.275043669683357e-19
2.254900283704572e-05 2.406310425734622e-19
2.257882956037515e-05 2.386101639895436e-19
2.2608656283704574e-05 2.352552996920906e-19
2.2638483007034e-05 2.2727382020211106e-19
2.2668309730363424e-05 2.2922809987845657e-19
2.269813645369285e-05 2.439375610634425e-19
2.2727963177022278e-05 2.305056806434836e-19
2.2757789900351704e-05 2.2155092705855296e-19
2.2787616623681125e-05 2.349865966647444e-19
2.281744334701055e-05 2.333749604717928e-19
2.2847270070339976e-05 2.302632212739366e-19
2.2877096793669405e-05 2.262144673094186e-19
2.290692351699883e-05 2.2007526886538917e-19
2.2936750240328255e-05 2.356521451641164e-19
2.296657696365768e-05 2.3216080750146455e-19
2.2996403686987106e-05 2.1441210373015762e-19
2.3026230410316534e-05 2.2612090629075725e-19
2.3056057133645956e-05 2.2936473338993923e-19
2.308588385697538e-05 2.2350415481847683e-19
2.3115710580304807e-05 2.210897993092895e-19
2.3145537303634232e-05 2.1286921682355965e-19
2.317536402696366e-05 2.2464349144279136e-19
2.3205190750293086e-05 2.2740314095881096e-19
2.323501747362251e-05 2.0955234072552935e-19
2.3264844196951937e-05 2.156163784979701e-19
2.329467092028136e-05 2.227666964141163e-19
2.3324497643610787e-05 2.1591347412926805e-19
2.3354324366940212e-05 2.1442817039057056e-19
2.3384151090269638e-05 2.0876391868779718e-19
2.3413977813599063e-05 2.1241963768304982e-19
2.3443804536928488e-05 2.2029535579989583e-19
2.3473631260257917e-05 2.0547232743817028e-19
2.3503457983587342e-05 2.022312172612633e-19
2.3533284706916767e-05 2.1311560119413075e-19
2.356311143024619e-05 2.09301675467269e-19
2.3592938153575614e-05 2.0605996828358847e-19
2.3622764876905043e-05 2.0085816804243054e-19
2.365259160023447e-05 1.996584126224725e-19
2.3682418323563894e-05 2.1121884557481513e-19
2.371224504689332e-05 2.0198088825449347e-19
2.3742071770222744e-05 1.9046612258399608e-19
2.3771898493552173e-05 2.0184787676394317e-19
2.3801725216881598e-05 2.0106003126324794e-19
2.383155194021102e-05 1.9434867054692036e-19
2.3861378663540445e-05 1.9286536828812457e-19
2.389120538686987e-05 1.8824690345012848e-19
2.39210321101993e-05 1.962316043518901e-19
2.3950858833528724e-05 1.9540655107452228e-19
2.398068555685815e-05 1.8036995083020072e-19
2.4010512280187575e-05 1.87242536805944e-19
2.4040339003517e-05 1.941100020197704e-19
2.407016572684643e-05 1.8423382612608422e-19
2.409999245017585e-05 1.8013756944942526e-19
2.4129819173505276e-05 1.7766336422691878e-19
2.41596458968347e-05 1.8171892977694043e-19
2.4189472620164127e-05 1.8395449839657878e-19
2.4219299343493555e-05 1.6865292777197207e-19
2.424912606682298e-05 1.7142919142916345e-19
2.4278952790152406e-05 1.812943700131084e-19
2.430877951348183e-05 1.7025990048598649e-19
2.4338606236811253e-05 1.6824983102818468e-19
2.436843296014068e-05 1.6563025975633072e-19
2.4398259683470107e-05 1.637580865692052e-19
2.4428086406799532e-05 1.7245114865688952e-19
2.4457913130128957e-05 1.575558895683604e-19
2.4487739853458383e-05 1.5302412676486398e-19
2.451756657678781e-05 1.6541416099994996e-19
2.4547393300117237e-05 1.5586154764698496e-19
2.4577220023446662e-05 1.5217338968777637e-19
2.4607046746776084e-05 1.5035761412226516e-19
2.463687347010551e-05 1.4555410793705423e-19
2.4666700193434938e-05 1.5448065648986948e-19
2.4696526916764363e-05 1.470670729004453e-19
2.4726353640093788e-05 1.3480429365513573e-19
2.4756180363423214e-05 1.4514107267837943e-19
2.478600708675264e-05 1.44697423675781e-19
2.4815833810082067e-05 1.3418974980971595e-19
2.4845660533411493e-05 1.3311329835769385e-19
2.4875487256740915e-05 1.2922190159786333e-19
2.490531398007034e-05 1.3395076326722163e-19
2.4935140703399765e-05 1.3243789506721282e-19
2.4964967426729194e-05 1.1640398423807251e-19
2.499479415005862e-05 1.22077934875473e-19
2.5024620873388044e-05 1.2732073635447865e-19
2.505444759671747e-05 1.1575578736328397e-19
2.5084274320046895e-05 1.1486072201641992e-19
2.5114101043376324e-05 1.1195499869009288e-19
2.5143927766705745e-05 1.1120864455083871e-19
2.517375449003517e-05 1.159214956125189e-19
2.5203581213364596e-05 9.988912249596077e-20
2.523340793669402e-05 9.898232108118241e-20
2.526323466002345e-05 1.0995095629999793e-19
2.5293061383352875e-05 9.622510718087613e-20
2.53228881066823e-05 9.264126430589306e-20
2.5352714830011726e-05 9.322313936320813e-20
2.5382541553341148e-05 8.878922804107853e-20
