0.0 1.357924031343604e-19
2.979686432160804e-08 1.4297201272632467e-19
5.959372864321608e-08 1.3872007501026423e-19
8.939059296482411e-08 1.32474485007059e-19
1.1918745728643216e-07 1.390235154844103e-19
1.489843216080402e-07 1.5065819893436562e-19
1.7878118592964823e-07 1.4345322491566573e-19
2.0857805025125628e-07 1.3699385281909406e-19
2.383749145728643e-07 1.4588281324175821e-19
2.6817177889447234e-07 1.529732387869863e-19
2.979686432160804e-07 1.511595727917136e-19
3.277655075376884e-07 1.438014989171101e-19
3.5756237185929645e-07 1.4779590183450012e-19
3.873592361809045e-07 1.5955765302526445e-19
4.1715610050251257e-07 1.566324551256786e-19
4.469529648241206e-07 1.477196801863288e-19
4.767498291457286e-07 1.5243011948815635e-19
5.065466934673367e-07 1.6216186972299203e-19
5.363435577889447e-07 1.6080132905780209e-19
5.661404221105527e-07 1.5405779181690564e-19
5.959372864321608e-07 1.5508966256308898e-19
6.257341507537688e-07 1.6550830097667917e-19
6.555310150753768e-07 1.680137174145234e-19
6.853278793969849e-07 1.5790393510698153e-19
7.151247437185929e-07 1.5872418235004747e-19
7.44921608040201e-07 1.6968063421490718e-19
7.74718472361809e-07 1.7046630481802193e-19
8.04515336683417e-07 1.6201941963873248e-19
8.343122010050251e-07 1.605685720213866e-19
8.641090653266331e-07 1.71683964207905e-19
8.939059296482412e-07 1.7593675276638053e-19
9.237027939698492e-07 1.6653384636708087e-19
9.534996582914572e-07 1.6275802117921601e-19
9.832965226130651e-07 1.7352860059452503e-19
1.0130933869346734e-06 1.7918911181818034e-19
1.0428902512562814e-06 1.706104100119857e-19
1.0726871155778894e-06 1.6739065628056767e-19
1.1024839798994974e-06 1.7460692785923933e-19
1.1322808442211054e-06 1.8224704443065195e-19
1.1620777085427134e-06 1.7561569337903161e-19
1.1918745728643216e-06 1.672243113663717e-19
1.2216714371859296e-06 1.777399684528525e-19
1.2514683015075376e-06 1.8382216277951665e-19
1.2812651658291456e-06 1.765871757208147e-19
1.3110620301507536e-06 1.7206100846961253e-19
1.3408588944723618e-06 1.7735760107765373e-19
1.3706557587939698e-06 1.8671579841549183e-19
1.4004526231155778e-06 1.8145184474163272e-19
1.4302494874371858e-06 1.724683578069808e-19
1.4600463517587938e-06 1.8083040243327082e-19
1.489843216080402e-06 1.8754886290374546e-19
1.51964008040201e-06 1.825422000272521e-19
1.549436944723618e-06 1.7577041485633271e-19
1.579233809045226e-06 1.7726448494049169e-19
1.609030673366834e-06 1.891210662774334e-19
1.6388275376884423e-06 1.87045820766358e-19
1.6686244020100503e-06 1.7472099943447547e-19
1.6984212663316583e-06 1.7899367745278437e-19
1.7282181306532663e-06 1.892561820129122e-19
1.7580149949748743e-06 1.8729077925962019e-19
1.7878118592964825e-06 1.7849566892279798e-19
1.8176087236180905e-06 1.7906691117839618e-19
1.8474055879396985e-06 1.8774872865403323e-19
1.8772024522613065e-06 1.8906913420737403e-19
1.9069993165829145e-06 1.796694034309585e-19
1.9367961809045227e-06 1.7655654627131453e-19
1.9665930452261303e-06 1.8742115215292465e-19
1.9963899095477387e-06 1.8834503955594369e-19
2.0261867738693467e-06 1.776149352747349e-19
2.0559836381909547e-06 1.7745951824214945e-19
2.0857805025125627e-06 1.8524984429996103e-19
2.1155773668341707e-06 1.8770969304271704e-19
2.1453742311557787e-06 1.8097947936350487e-19
2.175171095477387e-06 1.751243700100873e-19
2.2049679597989947e-06 1.8390806090391943e-19
2.234764824120603e-06 1.885059656270172e-19
2.2645616884422107e-06 1.782875516592151e-19
2.294358552763819e-06 1.747584577755337e-19
2.3241554170854267e-06 1.799710245382244e-19
2.353952281407035e-06 1.8640272408473372e-19
2.383749145728643e-06 1.793188151992419e-19
2.413546010050251e-06 1.701344956725253e-19
2.443342874371859e-06 1.8002584598489723e-19
2.473139738693467e-06 1.8350114384796614e-19
2.502936603015075e-06 1.765554373252008e-19
2.5327334673366836e-06 1.721245111354719e-19
2.562530331658291e-06 1.745503005614299e-19
2.5923271959798996e-06 1.8260476805014758e-19
2.622124060301507e-06 1.7722988981176812e-19
2.6519209246231156e-06 1.6661816778024193e-19
2.6817177889447236e-06 1.7151059930878282e-19
2.7115146532663316e-06 1.789598569724203e-19
2.7413115175879396e-06 1.7335262995282315e-19
2.7711083819095476e-06 1.6572979300189126e-19
2.8009052462311556e-06 1.67739983708048e-19
2.830702110552764e-06 1.7435068210020465e-19
2.8604989748743716e-06 1.7316027022507964e-19
2.89029583919598e-06 1.6336846927485052e-19
2.9200927035175876e-06 1.6321357689343778e-19
2.949889567839196e-06 1.7251958284723103e-19
2.979686432160804e-06 1.7021702772879831e-19
3.009483296482412e-06 1.6023741659236225e-19
3.03928016080402e-06 1.606043393097586e-19
3.069077025125628e-06 1.6582308695570433e-19
3.098873889447236e-06 1.6504084167523535e-19
3.1286707537688445e-06 1.59013033104653e-19
3.158467618090452e-06 1.5495302258032202e-19
3.1882644824120605e-06 1.6304126727235104e-19
3.218061346733668e-06 1.6363847783055594e-19
3.2478582110552765e-06 1.5174426313227714e-19
3.2776550753768845e-06 1.5408295361091793e-19
3.3074519396984925e-06 1.5829324607965686e-19
3.3372488040201005e-06 1.5797767330901498e-19
3.3670456683417085e-06 1.5409480859696295e-19
3.3968425326633165e-06 1.4408523435713159e-19
3.426639396984925e-06 1.513114017333433e-19
3.4564362613065325e-06 1.5758731567528067e-19
3.486233125628141e-06 1.464010818424465e-19
3.5160299899497485e-06 1.4238906810834804e-19
3.545826854271357e-06 1.4788531818189956e-19
3.575623718592965e-06 1.4991235964279876e-19
3.605420582914573e-06 1.4515000260973662e-19
3.635217447236181e-06 1.3840158648174031e-19
3.665014311557789e-06 1.403245416034776e-19
3.694811175879397e-06 1.4892635948461976e-19
3.7246080402010054e-06 1.410120504735792e-19
3.754404904522613e-06 1.3117700596619748e-19
3.7842017688442214e-06 1.3719122452131036e-19
3.813998633165829e-06 1.3933542055882207e-19
3.8437954974874366e-06 1.3644697269458202e-19
3.873592361809045e-06 1.302830881398227e-19
3.903389226130653e-06 1.2759606337069499e-19
3.9331860904522606e-06 1.3555780515135347e-19
3.962982954773869e-06 1.334439472739993e-19
3.992779819095477e-06 1.2223814212542286e-19
4.0225766834170854e-06 1.242163620161373e-19
4.0523735477386934e-06 1.301252348295178e-19
4.0821704120603014e-06 1.2619896325684535e-19
4.1119672763819094e-06 1.2011932260429446e-19
4.1417641407035174e-06 1.1590765369935227e-19
4.1715610050251254e-06 1.2053478021238302e-19
4.201357869346734e-06 1.2314452438200287e-19
4.2311547336683414e-06 1.1094099374156928e-19
4.2609515979899494e-06 1.0970649365656865e-19
4.2907484623115574e-06 1.173399833316239e-19
4.320545326633166e-06 1.1377447120668883e-19
4.350342190954774e-06 1.0815249260585921e-19
4.3801390552763815e-06 1.0476850549355255e-19
4.4099359195979895e-06 1.0695446141189346e-19
4.439732783919598e-06 1.1065465443749754e-19
4.469529648241206e-06 1.0169807736192405e-19
4.499326512562814e-06 9.685799329210175e-20
4.5291233768844215e-06 1.0245827819474344e-19
4.55892024120603e-06 9.99808695088116e-20
4.588717105527638e-06 9.581498394660252e-20
4.618513969849246e-06 9.18683225345116e-20
4.6483108341708535e-06 8.99568442725856e-20
4.678107698492462e-06 9.713999354830006e-20
4.70790456281407e-06 9.210778765036382e-20
4.737701427135678e-06 8.302530583106629e-20
4.767498291457286e-06 8.800091101519574e-20
4.797295155778895e-06 8.758630884851172e-20
4.827092020100502e-06 8.337656757920946e-20
4.85688888442211e-06 7.945886534018561e-20
4.886685748743718e-06 7.426640534600095e-20
4.916482613065327e-06 8.110492793612595e-20
4.946279477386934e-06 8.07768243864937e-20
4.976076341708542e-06 6.810245007339743e-20
5.00587320603015e-06 7.015486504560236e-20
5.035670070351759e-06 7.438647033114251e-20
5.065466934673367e-06 7.050193539036229e-20
5.095263798994974e-06 6.643073808274056e-20
5.125060663316582e-06 6.081718636834054e-20
5.154857527638191e-06 6.397983869849929e-20
5.184654391959799e-06 6.785051896922796e-20
5.214451256281407e-06 5.631917947341108e-20
5.244248120603014e-06 5.28068292661565e-20
5.274044984924623e-06 6.005315971711629e-20
5.303841849246231e-06 5.687688760480019e-20
5.333638713567839e-06 5.208945029485967e-20
5.363435577889447e-06 4.751751468368194e-20
5.393232442211055e-06 4.7052934523319284e-20
5.423029306532663e-06 5.250917351418253e-20
5.452826170854271e-06 4.459661470824463e-20
5.482623035175879e-06 3.8171960592039555e-20
5.512419899497488e-06 4.323107054251326e-20
5.542216763819095e-06 4.280865056013601e-20
5.572013628140703e-06 3.8014765599360666e-20
5.601810492462311e-06 3.150986836726117e-20
5.63160735678392e-06 3.1997482499836326e-20
5.661404221105528e-06 3.695009156715029e-20
5.691201085427135e-06 3.0892554377001914e-20
5.720997949748743e-06 2.3235899849109974e-20
5.750794814070351e-06 2.5241948252459755e-20
5.78059167839196e-06 2.7827894028762815e-20
5.810388542713568e-06 2.386119869345535e-20
5.840185407035175e-06 1.939110967729566e-20
5.869982271356783e-06 1.5087265758033543e-20
5.899779135678392e-06 1.8407027266607923e-20
5.929576e-06 2.0702770929956788e-20
5.959372864321608e-06 7.130170166520041e-21
5.989169728643215e-06 6.84550598739858e-21
6.018966592964824e-06 1.27449716459176e-20
6.048763457286432e-06 7.989224167454333e-21
6.07856032160804e-06 4.779045287600754e-21
6.108357185929648e-06 -2.320136505076768e-21
6.138154050251256e-06 7.993676364603871e-22
6.167950914572864e-06 5.321632622323636e-21
6.197747778894472e-06 -5.632469349515707e-21
6.22754464321608e-06 -1.0160623157487812e-20
6.257341507537689e-06 -4.994940868794579e-21
6.287138371859296e-06 -5.2939391319047385e-21
6.316935236180904e-06 -1.1774454985081994e-20
6.346732100502512e-06 -1.7054551006801433e-20
6.376528964824121e-06 -1.7590362387907626e-20
6.406325829145729e-06 -1.3079498345652159e-20
6.436122693467336e-06 -1.774932305035798e-20
6.465919557788944e-06 -2.8267937422393815e-20
6.495716422110553e-06 -2.3283487289625826e-20
6.525513286432161e-06 -1.992178173561008e-20
6.555310150753769e-06 -2.7424757770979074e-20
6.585107015075376e-06 -3.182053118169457e-20
6.614903879396985e-06 -3.371034725948503e-20
6.644700743718593e-06 -2.9110936498802636e-20
6.674497608040201e-06 -3.118084249059432e-20
6.704294472361809e-06 -4.359905041509506e-20
6.734091336683417e-06 -4.1791260451516025e-20
6.763888201005025e-06 -3.728923874799385e-20
6.793685065326633e-06 -4.230323431782248e-20
6.823481929648241e-06 -4.695134561514307e-20
6.85327879396985e-06 -5.0393916680942356e-20
6.883075658291457e-06 -4.758256919724369e-20
6.912872522613065e-06 -4.5352861807021694e-20
6.942669386934673e-06 -5.632862374472408e-20
6.972466251256282e-06 -6.073181557277023e-20
7.00226311557789e-06 -5.076927333498306e-20
7.032059979899497e-06 -5.509850206569092e-20
7.061856844221105e-06 -6.453904175303255e-20
7.091653708542714e-06 -6.452588285017562e-20
7.121450572864322e-06 -6.443667978257069e-20
7.15124743718593e-06 -6.086121328266118e-20
7.181044301507537e-06 -6.97865053033259e-20
7.210841165829146e-06 -7.718433123041823e-20
7.240638030150754e-06 -6.717316054953999e-20
7.270434894472362e-06 -6.996899123180914e-20
7.30023175879397e-06 -7.748932635027151e-20
7.330028623115578e-06 -7.997433301777897e-20
7.359825487437186e-06 -8.198920871629046e-20
7.389622351758794e-06 -7.545625340340286e-20
7.419419216080402e-06 -7.937090711698435e-20
7.449216080402011e-06 -9.19885889814851e-20
7.479012944723618e-06 -8.682601086072169e-20
7.508809809045226e-06 -8.230150382450021e-20
7.538606673366834e-06 -9.13114241312022e-20
7.568403537688443e-06 -9.568486347248269e-20
7.598200402010051e-06 -9.630611125003847e-20
7.627997266331658e-06 -9.116245231322667e-20
7.657794130653267e-06 -9.086616904508453e-20
7.687590994974873e-06 -1.0601905972059332e-19
7.717387859296483e-06 -1.0385292643241501e-19
7.74718472361809e-06 -9.439739085202054e-20
7.776981587939699e-06 -1.0268488973369167e-19
7.806778452261307e-06 -1.090070715681749e-19
7.836575316582915e-06 -1.1139188651269937e-19
7.866372180904521e-06 -1.0870191802757512e-19
7.89616904522613e-06 -1.034169582637804e-19
7.925965909547739e-06 -1.154838174904214e-19
7.955762773869347e-06 -1.2232436565153536e-19
7.985559638190955e-06 -1.100955218181008e-19
8.015356502512563e-06 -1.1198446968839847e-19
8.045153366834171e-06 -1.2338408191974268e-19
8.074950231155779e-06 -1.2504439942602111e-19
8.104747095477387e-06 -1.216443604250845e-19
8.134543959798995e-06 -1.1791523027073122e-19
8.164340824120603e-06 -1.274009069584205e-19
8.194137688442211e-06 -1.3616601496672263e-19
8.223934552763819e-06 -1.2679927241280808e-19
8.253731417085429e-06 -1.2567609541282938e-19
8.283528281407035e-06 -1.361102313286131e-19
8.313325145728643e-06 -1.380938026474819e-19
8.343122010050251e-06 -1.3640731656022333e-19
8.372918874371859e-06 -1.3279794898136468e-19
8.402715738693469e-06 -1.364615729957167e-19
8.432512603015075e-06 -1.4941942444116385e-19
8.462309467336683e-06 -1.426127215607909e-19
8.492106331658293e-06 -1.36260677748215e-19
8.521903195979899e-06 -1.4791055989058103e-19
8.551700060301509e-06 -1.5136293317194116e-19
8.581496924623115e-06 -1.514856442660482e-19
8.611293788944723e-06 -1.4694734024270936e-19
8.641090653266333e-06 -1.4707883136590973e-19
8.670887517587939e-06 -1.625568830301174e-19
8.700684381909549e-06 -1.5939522662310001e-19
8.730481246231157e-06 -1.4749856389725446e-19
8.760278110552763e-06 -1.5722580773933572e-19
8.790074974874373e-06 -1.653893374785284e-19
8.819871839195979e-06 -1.6286842730758013e-19
8.849668703517589e-06 -1.6074352211859492e-19
8.879465567839197e-06 -1.5811167084289875e-19
8.909262432160803e-06 -1.6987143112810352e-19
8.939059296482413e-06 -1.7545713402350938e-19
8.96885616080402e-06 -1.6148554062947407e-19
8.998653025125629e-06 -1.6581159508744632e-19
9.028449889447237e-06 -1.7684017806353164e-19
9.058246753768843e-06 -1.7640094269614007e-19
9.088043618090453e-06 -1.72474792190956e-19
9.11784048241206e-06 -1.6816533594976717e-19
9.147637346733669e-06 -1.781204399217249e-19
9.177434211055277e-06 -1.8655802162880093e-19
9.207231075376885e-06 -1.753763611183217e-19
9.237027939698493e-06 -1.7319735144149775e-19
9.2668248040201e-06 -1.860455098765998e-19
9.296621668341707e-06 -1.8799284626677717e-19
9.326418532663317e-06 -1.8313263037260994e-19
9.356215396984925e-06 -1.8107748633462699e-19
9.386012261306533e-06 -1.8467540655938556e-19
9.41580912562814e-06 -1.9619042906457484e-19
9.44560598994975e-06 -1.8933116875714815e-19
9.475402854271357e-06 -1.7923023655225588e-19
9.505199718592965e-06 -1.9377986557241498e-19
9.534996582914573e-06 -1.9792224485417757e-19
9.56479344723618e-06 -1.9185816287367895e-19
9.59459031155779e-06 -1.8954209989950988e-19
9.624387175879397e-06 -1.8970429742832098e-19
9.654184040201005e-06 -2.0432290516491709e-19
9.683980904522613e-06 -2.0146348750392786e-19
9.71377776884422e-06 -1.875094554531716e-19
9.74357463316583e-06 -1.9769759691858777e-19
9.773371497487437e-06 -2.0633101799284296e-19
9.803168361809045e-06 -2.0211569465444582e-19
9.832965226130654e-06 -1.9591321253823968e-19
9.86276209045226e-06 -1.9587626265306374e-19
9.892558954773869e-06 -2.069323449874223e-19
9.922355819095477e-06 -2.0998597041209505e-19
9.952152683417085e-06 -1.973144900236903e-19
9.981949547738694e-06 -1.9831462548734956e-19
1.00117464120603e-05 -2.1293732151078548e-19
1.0041543276381909e-05 -2.0949152072174494e-19
1.0071340140703518e-05 -2.0222506631931494e-19
1.0101137005025125e-05 -2.0258178776911869e-19
1.0130933869346734e-05 -2.0906935053996415e-19
1.016073073366834e-05 -2.1810932807547954e-19
1.0190527597989949e-05 -2.0406824328670942e-19
1.0220324462311558e-05 -1.9947000114583213e-19
1.0250121326633165e-05 -2.170913659758701e-19
1.0279918190954774e-05 -2.1499792442444037e-19
1.0309715055276382e-05 -2.070977218198801e-19
1.0339511919597989e-05 -2.0610684300342333e-19
1.0369308783919598e-05 -2.0985504332137186e-19
1.0399105648241205e-05 -2.2109910587828e-19
1.0428902512562814e-05 -2.129361193354335e-19
1.0458699376884422e-05 -2.0171198409726863e-19
1.0488496241206029e-05 -2.1681820040017479e-19
1.0518293105527638e-05 -2.2187019114221357e-19
1.0548089969849246e-05 -2.106726641945815e-19
1.0577886834170854e-05 -2.0795959969300663e-19
1.0607683698492462e-05 -2.1102985641501233e-19
1.0637480562814069e-05 -2.2057056782042223e-19
1.0667277427135678e-05 -2.1792600019271884e-19
1.0697074291457286e-05 -2.0324110018975186e-19
1.0726871155778894e-05 -2.115319031004315e-19
1.0756668020100502e-05 -2.2397372908770857e-19
1.078646488442211e-05 -2.1449032123786152e-19
1.0816261748743718e-05 -2.0689149690282167e-19
1.0846058613065326e-05 -2.1255852843372755e-19
1.0875855477386934e-05 -2.1950404897303026e-19
1.0905652341708542e-05 -2.1913939204522586e-19
1.093544920603015e-05 -2.057299768453099e-19
1.0965246070351758e-05 -2.070386869598529e-19
1.0995042934673366e-05 -2.2352152252812232e-19
1.1024839798994976e-05 -2.1482166918330533e-19
1.1054636663316582e-05 -2.0491450278768714e-19
1.108443352763819e-05 -2.0990656823488527e-19
1.1114230391959799e-05 -2.1497503780428179e-19
1.1144027256281407e-05 -2.1885021443258033e-19
1.1173824120603016e-05 -2.0658766883970785e-19
1.1203620984924623e-05 -2.0118072384574414e-19
1.123341784924623e-05 -2.183434376831677e-19
1.126321471356784e-05 -2.177817822707611e-19
1.1293011577889447e-05 -2.0177304764563294e-19
1.1322808442211056e-05 -2.0225727487763763e-19
1.1352605306532663e-05 -2.098555173007523e-19
1.138240217085427e-05 -2.1332465938352707e-19
1.141219903517588e-05 -2.065593381674182e-19
1.1441995899497487e-05 -1.9614746999810812e-19
1.1471792763819096e-05 -2.079763875052333e-19
1.1501589628140703e-05 -2.1589378362634125e-19
1.153138649246231e-05 -1.9992860044564148e-19
1.156118335678392e-05 -1.9659849387216685e-19
1.1590980221105527e-05 -2.0454743059080286e-19
1.1620777085427136e-05 -2.07307724713432e-19
1.1650573949748744e-05 -2.0285762014017023e-19
1.168037081407035e-05 -1.9093786642100995e-19
1.171016767839196e-05 -1.9750420313648288e-19
1.1739964542713567e-05 -2.0832448203844395e-19
1.1769761407035176e-05 -1.9621332395619151e-19
1.1799558271356784e-05 -1.8731494478186356e-19
1.182935513567839e-05 -1.9278409880724562e-19
1.1859152e-05 -2.0099610744526868e-19
1.1888948864321608e-05 -1.995902190628185e-19
1.1918745728643216e-05 -1.836383982125305e-19
1.1948542592964824e-05 -1.8428050119188834e-19
1.197833945728643e-05 -2.0072994179733455e-19
1.200813632160804e-05 -1.927968743546124e-19
1.2037933185929648e-05 -1.7820731167929732e-19
1.2067730050251256e-05 -1.8277724696846571e-19
1.2097526914572864e-05 -1.908378756414384e-19
1.2127323778894472e-05 -1.9004824106864066e-19
1.215712064321608e-05 -1.7628140252550805e-19
1.2186917507537688e-05 -1.7334808164814366e-19
1.2216714371859296e-05 -1.8938879977142148e-19
1.2246511236180904e-05 -1.8672535073226643e-19
1.2276308100502512e-05 -1.710077819134278e-19
1.230610496482412e-05 -1.7146882597046089e-19
1.2335901829145728e-05 -1.7937271332092809e-19
1.2365698693467338e-05 -1.7991627180709398e-19
1.2395495557788944e-05 -1.7008707846248934e-19
1.2425292422110552e-05 -1.6093702678433738e-19
1.245508928643216e-05 -1.7175040007861602e-19
1.2484886150753768e-05 -1.7867456273908529e-19
1.2514683015075378e-05 -1.6105301145291487e-19
1.2544479879396984e-05 -1.5767264968947697e-19
1.2574276743718592e-05 -1.6678206890280605e-19
1.2604073608040202e-05 -1.681558361770397e-19
1.2633870472361808e-05 -1.6286693779026343e-19
1.2663667336683418e-05 -1.4924519938939851e-19
1.2693464201005024e-05 -1.5620443595588108e-19
1.2723261065326632e-05 -1.6735755552973924e-19
1.2753057929648242e-05 -1.519661616274979e-19
1.2782854793969848e-05 -1.431593261088541e-19
1.2812651658291458e-05 -1.5084003948509676e-19
1.2842448522613066e-05 -1.553767048242351e-19
1.2872245386934672e-05 -1.5074683753351517e-19
1.2902042251256282e-05 -1.3777163825294115e-19
1.2931839115577888e-05 -1.3804059445390855e-19
1.2961635979899498e-05 -1.5230430634799759e-19
1.2991432844221106e-05 -1.431632680592093e-19
1.3021229708542712e-05 -1.281392668530729e-19
1.3051026572864322e-05 -1.3522609799506664e-19
1.308082343718593e-05 -1.4013146562059026e-19
1.3110620301507538e-05 -1.3629247019209507e-19
1.3140417165829146e-05 -1.2551634905259788e-19
1.3170214030150752e-05 -1.1973943391259996e-19
1.3200010894472362e-05 -1.3387405006671437e-19
1.322980775879397e-05 -1.3140974812654954e-19
1.3259604623115578e-05 -1.1306686188302255e-19
1.3289401487437186e-05 -1.1613519602879622e-19
1.3319198351758794e-05 -1.232523901032319e-19
1.3348995216080402e-05 -1.2157142949543586e-19
1.337879208040201e-05 -1.120381178123726e-19
1.3408588944723618e-05 -1.0209159456059188e-19
1.3438385809045226e-05 -1.1295980034578437e-19
1.3468182673366834e-05 -1.1604933057543264e-19
1.3497979537688442e-05 -9.987862491418882e-20
1.352777640201005e-05 -9.518872084445805e-20
1.3557573266331658e-05 -1.0121304042259711e-19
1.3587370130653266e-05 -1.0543074793835445e-19
1.3617166994974874e-05 -9.501111471650136e-20
1.3646963859296482e-05 -8.24093681922127e-20
1.367676072361809e-05 -9.23900056407525e-20
1.37065575879397e-05 -9.948543421127757e-20
1.3736354452261306e-05 -8.394978818166863e-20
1.3766151316582914e-05 -7.563414741699761e-20
1.3795948180904522e-05 -8.342594004631921e-20
1.382574504522613e-05 -8.49052404159347e-20
1.385554190954774e-05 -7.807275046325006e-20
1.3885338773869346e-05 -6.6536993768343e-20
1.3915135638190954e-05 -6.667777066184594e-20
1.3944932502512564e-05 -8.02520823786444e-20
1.397472936683417e-05 -6.913877148681135e-20
1.400452623115578e-05 -5.3280652170308214e-20
1.4034323095477386e-05 -6.110669878889448e-20
1.4064119959798994e-05 -6.583040226484803e-20
1.4093916824120604e-05 -6.041411651233275e-20
1.412371368844221e-05 -4.893132192891771e-20
1.415351055276382e-05 -4.4659782650389523e-20
1.4183307417085428e-05 -5.751540114143848e-20
1.4213104281407034e-05 -5.443995390230343e-20
1.4242901145728644e-05 -3.6453860000947454e-20
1.427269801005025e-05 -3.6692541196750056e-20
1.430249487437186e-05 -4.476316234053878e-20
1.4332291738693468e-05 -4.341538546390642e-20
1.4362088603015074e-05 -3.099290725432091e-20
1.4391885467336684e-05 -2.2350232126827934e-20
1.4421682331658292e-05 -3.4808550743629994e-20
1.44514791959799e-05 -3.76200251740323e-20
1.4481276060301508e-05 -1.8702340780190577e-20
1.4511072924623114e-05 -1.5163854602373163e-20
1.4540869788944724e-05 -2.3437382850335567e-20
1.4570666653266332e-05 -2.4187558230120227e-20
1.460046351758794e-05 -1.4392660869117184e-20
1.4630260381909548e-05 -1.4798897519594126e-21
1.4660057246231156e-05 -9.87167725222077e-21
1.4689854110552764e-05 -1.9060792475934284e-20
1.4719650974874372e-05 -2.0264282316166662e-21
1.474944783919598e-05 7.407741287360342e-21
1.4779244703517588e-05 -1.9321986583092076e-21
1.4809041567839196e-05 -4.723673322381563e-21
1.4838838432160804e-05 2.4140956774063734e-21
1.4868635296482412e-05 1.4845874367351246e-20
1.4898432160804022e-05 1.3969072450240976e-20
1.4928229025125628e-05 8.696308935816428e-22
1.4958025889447236e-05 1.2139486186542496e-20
1.4987822753768844e-05 2.868081180545065e-20
1.5017619618090452e-05 1.9133228998498173e-20
1.5047416482412062e-05 1.327844343533677e-20
1.5077213346733668e-05 2.2334634859867876e-20
1.5107010211055276e-05 3.270881500978491e-20
1.5136807075376886e-05 3.55372737962448e-20
1.5166603939698492e-05 2.2538765724924306e-20
1.5196400804020102e-05 2.6740314774439807e-20
1.5226197668341708e-05 4.690112819885346e-20
1.5255994532663316e-05 4.098775375536802e-20
1.5285791396984926e-05 3.255411957830171e-20
1.5315588261306534e-05 3.895102646428369e-20
1.534538512562814e-05 4.8958412852301424e-20
1.5375181989949746e-05 5.672605410117794e-20
1.5404978854271358e-05 4.549444134933097e-20
1.5434775718592966e-05 4.081726796778168e-20
1.5464572582914574e-05 6.303982328649882e-20
1.549436944723618e-05 6.5615510916978e-20
1.552416631155779e-05 5.0559220232780416e-20
1.5553963175879398e-05 5.551882503909749e-20
1.5583760040201006e-05 6.457076326851756e-20
1.5613556904522614e-05 7.309323722212121e-20
1.564335376884422e-05 6.776790220918079e-20
1.567315063316583e-05 5.661247167994698e-20
1.5702947497487438e-05 7.576397631760533e-20
1.5732744361809042e-05 8.509461938786855e-20
1.5762541226130654e-05 7.265421099896554e-20
1.579233809045226e-05 7.216408141920235e-20
1.582213495477387e-05 8.070988454323665e-20
1.5851931819095478e-05 9.066070876706578e-20
1.5881728683417086e-05 8.808078174361918e-20
1.5911525547738694e-05 7.507064352253401e-20
1.59413224120603e-05 8.438277766032651e-20
1.597111927638191e-05 1.0259873925987091e-19
1.6000916140703518e-05 9.34917097178018e-20
1.6030713005025126e-05 8.553733676149202e-20
1.6060509869346734e-05 9.45695085205995e-20
1.6090306733668342e-05 1.04618639664482e-19
1.612010359798995e-05 1.0698703241543156e-19
1.6149900462311558e-05 9.295512462082208e-20
1.6179697326633166e-05 9.788547314233549e-20
1.6209494190954774e-05 1.190977993146748e-19
1.6239291055276382e-05 1.10920874552436e-19
1.626908791959799e-05 9.822158619160157e-20
1.6298884783919598e-05 1.079121531487282e-19
1.6328681648241206e-05 1.1881228965867455e-19
1.6358478512562817e-05 1.2027986517499942e-19
1.6388275376884422e-05 1.1091736012979236e-19
1.641807224120603e-05 1.0698856309659799e-19
1.6447869105527638e-05 1.2709127520946828e-19
1.6477665969849246e-05 1.3152701649958606e-19
1.6507462834170857e-05 1.1343494958604327e-19
1.6537259698492462e-05 1.1927489577466227e-19
1.656705656281407e-05 1.319781552345482e-19
1.6596853427135678e-05 1.3324186274179276e-19
1.6626650291457286e-05 1.2852800447936254e-19
1.6656447155778897e-05 1.1911662584718356e-19
1.6686244020100502e-05 1.3421302907096894e-19
1.671604088442211e-05 1.460626629759295e-19
1.6745837748743718e-05 1.288824277653424e-19
1.6775634613065326e-05 1.2754381803894858e-19
1.6805431477386937e-05 1.4097817475000184e-19
1.6835228341708545e-05 1.4643132235761677e-19
1.686502520603015e-05 1.4223138830243585e-19
1.6894822070351758e-05 1.3239395893118539e-19
1.6924618934673366e-05 1.4036004483660101e-19
1.6954415798994977e-05 1.5685295213310172e-19
1.6984212663316585e-05 1.4757983001956166e-19
1.701400952763819e-05 1.3647781352191016e-19
1.7043806391959798e-05 1.4847407627487643e-19
1.7073603256281406e-05 1.5783767480452245e-19
1.7103400120603017e-05 1.5452419441130355e-19
1.7133196984924625e-05 1.440394609442521e-19
1.716299384924623e-05 1.4557310945703482e-19
1.7192790713567838e-05 1.6598410396043213e-19
1.7222587577889446e-05 1.617799355067628e-19
1.7252384442211057e-05 1.4503733214782117e-19
1.7282181306532665e-05 1.560297355236332e-19
1.731197817085427e-05 1.6678622844917956e-19
1.7341775035175878e-05 1.655046324936954e-19
1.7371571899497486e-05 1.566837003584998e-19
1.7401368763819097e-05 1.5167157862617937e-19
1.7431165628140705e-05 1.7140686892901278e-19
1.7460962492462313e-05 1.7375089445438285e-19
1.7490759356783918e-05 1.5478961746611628e-19
1.7520556221105526e-05 1.6008879389142302e-19
1.7550353085427137e-05 1.7218854707504684e-19
1.7580149949748745e-05 1.7442123361129477e-19
1.7609946814070353e-05 1.6749746060085077e-19
1.7639743678391958e-05 1.5854998064669564e-19
1.7669540542713566e-05 1.735795894564687e-19
1.7699337407035177e-05 1.8389091366422501e-19
1.7729134271356785e-05 1.6600935246190962e-19
1.7758931135678393e-05 1.6378066131316792e-19
1.7788727999999998e-05 1.777992054507753e-19
1.7818524864321606e-05 1.799875447506966e-19
1.7848321728643217e-05 1.7406736847228178e-19
1.7878118592964825e-05 1.662993321345593e-19
1.7907915457286433e-05 1.749182231807615e-19
1.793771232160804e-05 1.8897029286532452e-19
1.7967509185929646e-05 1.7651083943895567e-19
1.7997306050251257e-05 1.6649870042374954e-19
1.8027102914572865e-05 1.796056464695588e-19
1.8056899778894473e-05 1.8684923412317207e-19
1.808669664321608e-05 1.809614978997204e-19
1.8116493507537686e-05 1.706759612504255e-19
1.8146290371859297e-05 1.7333510408898646e-19
1.8176087236180905e-05 1.904146892653526e-19
1.8205884100502513e-05 1.834633817693026e-19
1.823568096482412e-05 1.6786976567808618e-19
1.8265477829145726e-05 1.7846952567828007e-19
1.8295274693467337e-05 1.882326213612828e-19
1.8325071557788945e-05 1.8440698757510607e-19
1.8354868422110553e-05 1.7578260619556916e-19
1.838466528643216e-05 1.7226193401612563e-19
1.841446215075377e-05 1.8812682243922148e-19
1.8444259015075377e-05 1.8997709184761642e-19
1.8474055879396985e-05 1.7149308147972996e-19
1.8503852743718593e-05 1.7356498699484697e-19
1.85336496080402e-05 1.845833986045274e-19
1.856344647236181e-05 1.8470457433450464e-19
1.8593243336683414e-05 1.7653605706224933e-19
1.8623040201005025e-05 1.6995083370864243e-19
1.8652837065326633e-05 1.8303329423956175e-19
1.868263392964824e-05 1.9129805472606698e-19
1.871243079396985e-05 1.7225033861290537e-19
1.8742227658291454e-05 1.6772635341430548e-19
1.8772024522613065e-05 1.8446930847746282e-19
1.8801821386934673e-05 1.8606700687823543e-19
1.883161825125628e-05 1.7556418784820624e-19
1.886141511557789e-05 1.6673706190437235e-19
1.88912119798995e-05 1.737974049947916e-19
1.8921008844221105e-05 1.8733482469371812e-19
1.8950805708542713e-05 1.7363099989143024e-19
1.898060257286432e-05 1.6184868935657696e-19
1.901039943718593e-05 1.7640464864225092e-19
1.904019630150754e-05 1.8237901320977313e-19
1.9069993165829145e-05 1.7416036918686294e-19
1.9099790030150753e-05 1.6323641036864938e-19
1.912958689447236e-05 1.6697542451453306e-19
1.915938375879397e-05 1.8398297845591908e-19
1.918918062311558e-05 1.735313779491057e-19
1.9218977487437185e-05 1.561566144368861e-19
1.9248774351758793e-05 1.66795676556326e-19
1.92785712160804e-05 1.7681171794135077e-19
1.930836808040201e-05 1.69465464000167e-19
1.933816494472362e-05 1.593743291608268e-19
1.9367961809045225e-05 1.588920949855782e-19
1.9397758673366833e-05 1.7237853391643504e-19
1.942755553768844e-05 1.7273122671829698e-19
1.945735240201005e-05 1.5229498093930342e-19
1.948714926633166e-05 1.5598370766569696e-19
1.951694613065327e-05 1.698142699397525e-19
1.9546742994974873e-05 1.636610714742805e-19
1.957653985929648e-05 1.5516415025225192e-19
1.960633672361809e-05 1.491969996209796e-19
1.9636133587939697e-05 1.6027509503660262e-19
1.966593045226131e-05 1.6864923443954425e-19
1.9695727316582913e-05 1.4630094404794812e-19
1.972552418090452e-05 1.4379663247378692e-19
1.975532104522613e-05 1.6046966580874063e-19
1.9785117909547737e-05 1.5629789955506613e-19
1.981491477386935e-05 1.4968628874071054e-19
1.9844711638190953e-05 1.4286905051385446e-19
1.987450850251256e-05 1.4574787540217652e-19
1.990430536683417e-05 1.6020141911928112e-19
1.9934102231155777e-05 1.4458753102174057e-19
1.996389909547739e-05 1.3028260972961398e-19
1.9993695959798997e-05 1.4817558277133222e-19
2.00234928241206e-05 1.5149917698739685e-19
2.005328968844221e-05 1.3906662526798715e-19
2.0083086552763817e-05 1.3310528736007805e-19
2.011288341708543e-05 1.346360725481789e-19
2.0142680281407037e-05 1.4716413237832745e-19
2.017247714572864e-05 1.4233486727883325e-19
2.020227401005025e-05 1.2172173518734375e-19
2.0232070874371857e-05 1.323174160875956e-19
2.026186773869347e-05 1.442619860791883e-19
2.0291664603015077e-05 1.3053242288669202e-19
2.032146146733668e-05 1.2450657706831815e-19
2.035125833165829e-05 1.215372118834796e-19
2.0381055195979897e-05 1.309473336442477e-19
2.041085206030151e-05 1.369268349182341e-19
2.0440648924623117e-05 1.1206434570978343e-19
2.0470445788944725e-05 1.1354884827897259e-19
2.050024265326633e-05 1.3253115123437282e-19
2.0530039517587937e-05 1.2289716955990187e-19
2.055983638190955e-05 1.1253493905850287e-19
2.0589633246231157e-05 1.1120987367770855e-19
2.0619430110552765e-05 1.1758976981043716e-19
2.064922697487437e-05 1.2512572101873288e-19
2.0679023839195977e-05 1.0681794392846824e-19
2.070882070351759e-05 9.782617470136037e-20
2.0738617567839197e-05 1.1626944747484556e-19
2.0768414432160805e-05 1.1330945878218527e-19
2.079821129648241e-05 1.0105975645813868e-19
2.0828008160804017e-05 9.810250185201858e-20
2.085780502512563e-05 1.0018564309504073e-19
2.0887601889447237e-05 1.1324567911419238e-19
2.0917398753768845e-05 1.0103071022767056e-19
2.0947195618090453e-05 8.27788802511326e-20
2.0976992482412058e-05 1.0003350288019145e-19
2.100678934673367e-05 1.046573147447397e-19
2.1036586211055277e-05 9.045885008080497e-20
2.1066383075376885e-05 8.593352156984036e-20
2.1096179939698493e-05 8.420544646664626e-20
2.1125976804020098e-05 9.737506527474988e-20
2.115577366834171e-05 9.443539980680434e-20
2.1185570532663317e-05 6.90828297164385e-20
2.1215367396984925e-05 8.018416022392852e-20
2.1245164261306533e-05 9.43264037998265e-20
2.1274961125628138e-05 7.963776397521582e-20
2.130475798994975e-05 7.290651550282902e-20
2.1334554854271357e-05 7.289760953210031e-20
2.1364351718592965e-05 7.975379160840173e-20
2.1394148582914573e-05 8.464690117329187e-20
2.1423945447236178e-05 6.207693645214707e-20
2.145374231155779e-05 5.95101701078135e-20
2.1483539175879397e-05 8.179884162148562e-20
2.1513336040201005e-05 7.091288830394376e-20
2.1543132904522613e-05 5.745117064908284e-20
2.157292976884422e-05 5.903975654156989e-20
2.160272663316583e-05 6.33259383732377e-20
2.1632523497487437e-05 7.324044633805505e-20
2.1662320361809045e-05 5.419894903607438e-20
2.1692117226130653e-05 4.2665876243863645e-20
2.172191409045226e-05 6.567842704622565e-20
2.175171095477387e-05 6.26189053382399e-20
2.1781507819095477e-05 4.617268640534481e-20
2.1811304683417085e-05 4.384916203127561e-20
2.1841101547738693e-05 4.704079149009836e-20
2.18708984120603e-05 5.929902875535811e-20
2.190069527638191e-05 4.6875458836151236e-20
2.1930492140703517e-05 2.6720483977793483e-20
2.1960289005025125e-05 4.591433529758631e-20
2.1990085869346733e-05 5.2242298561250467e-20
2.201988273366834e-05 3.416056342814872e-20
2.2049679597989952e-05 3.117020069803081e-20
2.2079476462311557e-05 3.3299235930048035e-20
2.2109273326633165e-05 4.22772596827413e-20
2.2139070190954773e-05 3.854135485042147e-20
2.216886705527638e-05 1.5387961692791742e-20
2.2198663919597992e-05 2.4194218105074742e-20
2.2228460783919597e-05 4.014371372674395e-20
2.2258257648241205e-05 2.483795726880459e-20
2.2288054512562813e-05 1.4281237084994905e-20
2.231785137688442e-05 1.8059875934490026e-20
2.2347648241206032e-05 2.550198346275131e-20
2.2377445105527637e-05 2.8093243055660855e-20
2.2407241969849245e-05 7.426988767411871e-21
2.2437038834170853e-05 2.085987177881855e-21
2.246683569849246e-05 2.508531101558586e-20
2.2496632562814072e-05 1.696864470851715e-20
2.252642942713568e-05 -1.228138953208915e-21
2.2556226291457285e-05 2.4429051920715937e-21
2.2586023155778893e-05 7.251451421470074e-21
2.26158200201005e-05 1.3549432187282655e-20
2.2645616884422112e-05 -1.3809639489525205e-21
2.267541374874372e-05 -1.5959025019847058e-20
2.2705210613065325e-05 6.640225513888699e-21
2.2735007477386933e-05 7.892133569838599e-21
2.276480434170854e-05 -1.4387629593265274e-20
2.2794601206030152e-05 -1.3609714848503902e-20
2.282439807035176e-05 -7.479983157011586e-21
2.2854194934673365e-05 -1.3969203344363871e-21
2.2883991798994973e-05 -1.0110887735059733e-20
2.291378866331658e-05 -3.135546556488739e-20
2.2943585527638192e-05 -1.3862037738753477e-20
2.29733823919598e-05 -1.2876990038994216e-21
2.3003179256281405e-05 -2.606966831712852e-20
2.3032976120603013e-05 -3.143175896370017e-20
2.306277298492462e-05 -2.1922941695839603e-20
2.3092569849246232e-05 -1.4790622520334316e-20
2.312236671356784e-05 -1.9362693919635265e-20
2.315216357788945e-05 -4.3017647646148245e-20
2.3181960442211053e-05 -3.3395666684214374e-20
2.321175730653266e-05 -1.2908462678567525e-20
2.3241554170854272e-05 -3.268126819776366e-20
2.327135103517588e-05 -4.649982873192313e-20
2.330114789949749e-05 -3.8681272507354706e-20
2.3330944763819093e-05 -2.909012015803643e-20
2.33607416281407e-05 -2.995395197607642e-20
2.3390538492462312e-05 -5.09209160238272e-20
2.342033535678392e-05 -5.173688418195218e-20
2.345013222110553e-05 -3.009158296414284e-20
2.3479929085427133e-05 -3.8369813400233735e-20
2.350972594974874e-05 -5.752326158392773e-20
2.3539522814070353e-05 -5.280575820163104e-20
2.356931967839196e-05 -4.1709925074660626e-20
2.359911654271357e-05 -4.037715128311087e-20
2.3628913407035177e-05 -5.846699180005503e-20
2.365871027135678e-05 -6.863768468378987e-20
2.3688507135678393e-05 -4.570659929687165e-20
2.3718304e-05 -4.337348189737885e-20
2.374810086432161e-05 -6.825723328182985e-20
2.3777897728643217e-05 -6.719802514053996e-20
2.380769459296482e-05 -5.598976095905607e-20
2.3837491457286433e-05 -5.21707531763285e-20
2.386728832160804e-05 -6.23046183769562e-20
2.389708518592965e-05 -8.040628200125603e-20
2.3926882050251257e-05 -6.197820519429139e-20
2.395667891457286e-05 -4.9161524544841964e-20
2.3986475778894473e-05 -7.497318802022042e-20
2.401627264321608e-05 -8.15004771290707e-20
2.404606950753769e-05 -6.903452596947668e-20
2.4075866371859297e-05 -6.204193466427414e-20
2.4105663236180905e-05 -6.852425597390861e-20
2.4135460100502513e-05 -9.016199304637312e-20
2.416525696482412e-05 -7.929660999319098e-20
2.419505382914573e-05 -5.669620848631391e-20
2.4224850693467337e-05 -7.761763609527884e-20
2.4254647557788945e-05 -9.324892033659363e-20
2.4284444422110553e-05 -8.114557814925383e-20
2.431424128643216e-05 -7.230273371275176e-20
2.434403815075377e-05 -7.582032179190394e-20
2.4373835015075377e-05 -9.630694147832239e-20
2.4403631879396985e-05 -9.59785933700069e-20
2.4433428743718593e-05 -6.951006468718935e-20
2.44632256080402e-05 -8.118395115410557e-20
2.449302247236181e-05 -1.060181874694378e-19
2.4522819336683417e-05 -9.385705813139359e-20
2.4552616201005025e-05 -7.964633580258569e-20
2.4582413065326636e-05 -8.370981348313815e-20
2.461220992964824e-05 -1.008177670378055e-19
2.464200679396985e-05 -1.0759855406302637e-19
2.4671803658291457e-05 -8.397092986324813e-20
2.4701600522613065e-05 -8.229238963720743e-20
2.4731397386934676e-05 -1.1074491986886585e-19
2.476119425125628e-05 -1.0953867618470668e-19
2.479099111557789e-05 -9.152944694929881e-20
2.4820787979899497e-05 -9.144260933299479e-20
2.4850584844221105e-05 -1.0595250857424891e-19
2.4880381708542716e-05 -1.1837212004710316e-19
2.491017857286432e-05 -9.93073079352707e-20
2.493997543718593e-05 -8.617942707418361e-20
2.4969772301507537e-05 -1.1499315306178002e-19
2.4999569165829145e-05 -1.2211439772535743e-19
2.5029366030150756e-05 -1.0110886443087455e-19
2.505916289447236e-05 -9.850393613262708e-20
2.508895975879397e-05 -1.097155147941297e-19
2.5118756623115577e-05 -1.2601185717358502e-19
2.5148553487437185e-05 -1.1641195506295418e-19
2.5178350351758796e-05 -9.353763887980168e-20
2.5208147216080404e-05 -1.1511951182964408e-19
2.523794408040201e-05 -1.3312785528443103e-19
2.5267740944723617e-05 -1.1438801039510955e-19
2.5297537809045225e-05 -1.0588802627202802e-19
2.5327334673366836e-05 -1.1358609465561645e-19
2.5357131537688444e-05 -1.3037666384907245e-19
2.538692840201005e-05 -1.281064212469942e-19
2.5416725266331657e-05 -1.0282863757439155e-19
2.5446522130653265e-05 -1.162978151288755e-19
2.5476318994974876e-05 -1.4022659478379873e-19
2.5506115859296484e-05 -1.255549763687018e-19
2.553591272361809e-05 -1.128198808447052e-19
2.5565709587939697e-05 -1.1961798705713724e-19
2.5595506452261305e-05 -1.3547083306651738e-19
2.5625303316582916e-05 -1.3953547543714888e-19
2.5655100180904524e-05 -1.1482994758588857e-19
2.5684897045226132e-05 -1.1402221663010586e-19
2.5714693909547737e-05 -1.4420326903474398e-19
2.5744490773869345e-05 -1.3833226741804115e-19
2.5774287638190956e-05 -1.1864419531130782e-19
2.5804084502512564e-05 -1.244257206215596e-19
2.5833881366834172e-05 -1.370973129887496e-19
2.5863678231155777e-05 -1.473901108655038e-19
2.5893475095477385e-05 -1.2903122423544486e-19
2.5923271959798996e-05 -1.151619468035178e-19
2.5953068824120604e-05 -1.470154570030668e-19
2.5982865688442212e-05 -1.511067826823214e-19
2.6012662552763817e-05 -1.2615141336201956e-19
2.6042459417085425e-05 -1.2769182053567415e-19
2.6072256281407036e-05 -1.4152023297813403e-19
2.6102053145728644e-05 -1.5298258069629393e-19
2.6131850010050252e-05 -1.3900885041814822e-19
2.616164687437186e-05 -1.1967443681005862e-19
2.6191443738693465e-05 -1.442357056060532e-19
2.6221240603015076e-05 -1.6025761862386058e-19
2.6251037467336684e-05 -1.3727008835141392e-19
2.6280834331658292e-05 -1.2995580130537057e-19
2.63106311959799e-05 -1.4390132938534292e-19
2.6340428060301505e-05 -1.5618650738799965e-19
2.6370224924623116e-05 -1.5012407151396574e-19
2.6400021788944724e-05 -1.2834033100259421e-19
2.6429818653266332e-05 -1.4018196482617066e-19
2.645961551758794e-05 -1.6585754470057833e-19
2.6489412381909545e-05 -1.478391684033855e-19
2.6519209246231156e-05 -1.3127018609000829e-19
2.6549006110552764e-05 -1.4702891616640351e-19
2.6578802974874372e-05 -1.5983532395780815e-19
2.660859983919598e-05 -1.5770830020651445e-19
2.6638396703517588e-05 -1.3758883160813127e-19
2.6668193567839196e-05 -1.372421449063411e-19
2.6697990432160804e-05 -1.6719578503094946e-19
2.6727787296482412e-05 -1.5960399236279573e-19
2.675758416080402e-05 -1.3624379848207952e-19
2.6787381025125628e-05 -1.446839731948778e-19
2.6817177889447236e-05 -1.5954940277349688e-19
2.6846974753768844e-05 -1.6352887403274738e-19
2.6876771618090452e-05 -1.455241292918163e-19
2.690656848241206e-05 -1.3589617359315894e-19
2.6936365346733668e-05 -1.649269834049954e-19
2.6966162211055276e-05 -1.6950293111336194e-19
2.6995959075376884e-05 -1.3996111230657188e-19
2.7025755939698492e-05 -1.4382745254064896e-19
2.70555528040201e-05 -1.6373617063951946e-19
2.7085349668341708e-05 -1.6506820496376978e-19
2.7115146532663316e-05 -1.5312674021989932e-19
2.7144943396984924e-05 -1.383906278740466e-19
2.7174740261306532e-05 -1.5743526503888133e-19
2.720453712562814e-05 -1.7473131048756222e-19
2.7234333989949748e-05 -1.4778552573988446e-19
2.726413085427136e-05 -1.4103568752539612e-19
2.7293927718592964e-05 -1.6128571196446501e-19
2.7323724582914572e-05 -1.680484769146756e-19
2.735352144723618e-05 -1.587249361846317e-19
2.7383318311557788e-05 -1.4056085468864705e-19
2.74131151758794e-05 -1.5300268228888678e-19
2.7442912040201004e-05 -1.753903180289287e-19
2.7472708904522612e-05 -1.5445978755611415e-19
2.750250576884422e-05 -1.384466221703835e-19
2.7532302633165828e-05 -1.5703987077304077e-19
2.756209949748744e-05 -1.680602627747912e-19
2.7591896361809044e-05 -1.5933525643108905e-19
2.7621693226130652e-05 -1.4243603590438747e-19
2.765149009045226e-05 -1.4576378114193505e-19
2.7681286954773868e-05 -1.7195152491997636e-19
2.771108381909548e-05 -1.6358673013438662e-19
2.7740880683417088e-05 -1.3781925805178897e-19
2.7770677547738692e-05 -1.4969818874942036e-19
2.78004744120603e-05 -1.6744336471465354e-19
2.7830271276381908e-05 -1.609513937962943e-19
2.786006814070352e-05 -1.4483209574006825e-19
2.7889865005025128e-05 -1.4125827582914016e-19
2.7919661869346732e-05 -1.6313535370751007e-19
2.794945873366834e-05 -1.673057797981744e-19
2.7979255597989948e-05 -1.3875813734833819e-19
2.800905246231156e-05 -1.4222428505797078e-19
2.8038849326633168e-05 -1.630012906406789e-19
2.8068646190954772e-05 -1.6012318155136168e-19
2.809844305527638e-05 -1.4834272038104754e-19
2.8128239919597988e-05 -1.374035873993379e-19
2.81580367839196e-05 -1.5513015133210463e-19
2.8187833648241208e-05 -1.6811886726911159e-19
2.8217630512562816e-05 -1.4176895677848709e-19
2.824742737688442e-05 -1.3549765900841842e-19
2.8277224241206028e-05 -1.5573447921764762e-19
2.830702110552764e-05 -1.612839310924866e-19
2.8336817969849248e-05 -1.4682495808966802e-19
2.8366614834170856e-05 -1.3369112806518887e-19
2.839641169849246e-05 -1.4761240527690177e-19
2.842620856281407e-05 -1.6530424035588762e-19
2.845600542713568e-05 -1.4781895792077064e-19
2.8485802291457288e-05 -1.313639095939514e-19
2.8515599155778896e-05 -1.4843706891396504e-19
2.85453960201005e-05 -1.5939494708692331e-19
2.857519288442211e-05 -1.4840280370765334e-19
2.860498974874372e-05 -1.3440780202603576e-19
2.8634786613065328e-05 -1.3816085621089464e-19
2.8664583477386936e-05 -1.592730970833397e-19
2.869438034170854e-05 -1.5087691075799693e-19
2.872417720603015e-05 -1.2752140817488632e-19
2.875397407035176e-05 -1.4020028675697295e-19
2.8783770934673368e-05 -1.5628404351511945e-19
2.8813567798994976e-05 -1.488725717162115e-19
2.8843364663316584e-05 -1.3282200838070895e-19
2.887316152763819e-05 -1.321799127640298e-19
2.89029583919598e-05 -1.5438495299029502e-19
2.8932755256281408e-05 -1.5281241262752079e-19
2.8962552120603016e-05 -1.2598042644838366e-19
2.8992348984924624e-05 -1.2993843058634155e-19
2.902214584924623e-05 -1.5094136737367117e-19
2.905194271356784e-05 -1.4619593872084516e-19
2.9081739577889448e-05 -1.3035386994134247e-19
2.9111536442211056e-05 -1.2665214446857096e-19
2.9141333306532664e-05 -1.4306304649930925e-19
2.917113017085427e-05 -1.5282815421032448e-19
2.920092703517588e-05 -1.2839292640718965e-19
2.9230723899497488e-05 -1.2260724506078448e-19
2.9260520763819096e-05 -1.438398399085216e-19
2.9290317628140704e-05 -1.4333859479946763e-19
2.9320114492462312e-05 -1.3166559623890299e-19
2.934991135678392e-05 -1.2102339917650953e-19
2.9379708221105528e-05 -1.3063072104385363e-19
2.9409505085427136e-05 -1.4980366527000708e-19
2.9439301949748744e-05 -1.2885948398109724e-19
2.9469098814070352e-05 -1.138704524618931e-19
2.949889567839196e-05 -1.3386897322810073e-19
2.9528692542713568e-05 -1.3970313987783567e-19
2.9558489407035176e-05 -1.293398251158696e-19
2.9588286271356784e-05 -1.1745106724605694e-19
