0.0 -6.526964451500826e-20
2.979959799554566e-08 -6.29867286140641e-20
5.959919599109132e-08 -5.1595190349881925e-20
8.939879398663697e-08 -5.974077125441347e-20
1.1919839198218263e-07 -7.154728508124295e-20
1.4899798997772829e-07 -5.0936119026936666e-20
1.7879758797327394e-07 -4.906521982266646e-20
2.0859718596881962e-07 -5.903065771466863e-20
2.3839678396436527e-07 -5.488737443134818e-20
2.681963819599109e-07 -5.428411394242923e-20
2.9799597995545657e-07 -4.368081987741639e-20
3.277955779510023e-07 -4.545639622929274e-20
3.575951759465479e-07 -6.093421702725273e-20
3.8739477394209353e-07 -4.591550075403861e-20
4.1719437193763923e-07 -3.660978707021792e-20
4.469939699331849e-07 -4.806074914592499e-20
4.7679356792873054e-07 -4.581967436143461e-20
5.065931659242761e-07 -4.360974673942672e-20
5.363927639198218e-07 -3.5768946071044694e-20
5.661923619153675e-07 -2.947329498404463e-20
5.959919599109131e-07 -4.587436596622628e-20
6.257915579064589e-07 -3.930545484779052e-20
6.555911559020046e-07 -2.1027189458157662e-20
6.853907538975502e-07 -3.225308773950112e-20
7.151903518930958e-07 -3.611913698811817e-20
7.449899498886415e-07 -3.08610745135524e-20
7.747895478841871e-07 -2.735147053335036e-20
8.045891458797328e-07 -1.7031979572503202e-20
8.343887438752785e-07 -2.7701767358679005e-20
8.641883418708241e-07 -3.145547228678786e-20
8.939879398663698e-07 -1.0253116690698378e-20
9.237875378619155e-07 -1.4106173507412263e-20
9.535871358574611e-07 -2.3415228755251375e-20
9.833867338530067e-07 -1.540814765293758e-20
1.0131863318485523e-06 -1.2595318101762742e-20
1.042985929844098e-06 -6.125278037574229e-21
1.0727855278396437e-06 -8.950710341034826e-21
1.1025851258351893e-06 -1.78641332676501e-20
1.132384723830735e-06 -1.0677727699767098e-21
1.1621843218262807e-06 3.684412911685893e-21
1.1919839198218263e-06 -8.87684585775486e-21
1.221783517817372e-06 -2.9617223078088633e-21
1.2515831158129177e-06 2.7337769996142457e-21
1.2813827138084633e-06 8.274522705266518e-21
1.3111823118040091e-06 8.49430986148964e-21
1.3409819097995545e-06 -1.9819336474007857e-21
1.3707815077951003e-06 1.1037683983747756e-20
1.400581105790646e-06 2.233360793090807e-20
1.4303807037861915e-06 9.736431831581725e-21
1.4601803017817373e-06 9.89837383111888e-21
1.489979899777283e-06 1.837573387735725e-20
1.5197794977728285e-06 2.1524117963932502e-20
1.5495790957683741e-06 2.5364400759894537e-20
1.57937869376392e-06 1.5947446335136235e-20
1.6091782917594655e-06 1.926340121755118e-20
1.6389778897550111e-06 3.8481990397134856e-20
1.668777487750557e-06 2.9634697726278026e-20
1.6985770857461025e-06 2.4834306240946482e-20
1.7283766837416481e-06 3.434731809140015e-20
1.758176281737194e-06 3.599528291775373e-20
1.7879758797327395e-06 4.308510148319335e-20
1.8177754777282851e-06 3.447925225647372e-20
1.847575075723831e-06 3.058517389645194e-20
1.8773746737193763e-06 5.1793791701980955e-20
1.9071742717149222e-06 4.8984299794838075e-20
1.9369738697104677e-06 3.80961314356012e-20
1.9667734677060133e-06 4.7900551908571345e-20
1.996573065701559e-06 5.3142243739622593e-20
2.0263726636971045e-06 5.56418278305055e-20
2.0561722616926506e-06 5.491867207986233e-20
2.085971859688196e-06 4.741753130527535e-20
2.1157714576837418e-06 6.1093060424032e-20
2.1455710556792874e-06 6.959564819073448e-20
2.175370653674833e-06 5.4157833026691396e-20
2.2051702516703786e-06 5.86768303548176e-20
2.2349698496659246e-06 6.907432997426418e-20
2.26476944766147e-06 6.989256310850641e-20
2.2945690456570158e-06 7.09971255108985e-20
2.3243686436525614e-06 6.336011408882381e-20
2.354168241648107e-06 7.264446171199503e-20
2.3839678396436526e-06 8.638920729689391e-20
2.4137674376391986e-06 7.289773584617987e-20
2.443567035634744e-06 7.069410546693987e-20
2.4733666336302894e-06 8.387213932220757e-20
2.5031662316258354e-06 8.516775602104266e-20
2.532965829621381e-06 8.451460979935484e-20
2.5627654276169266e-06 8.036513796718188e-20
2.5925650256124726e-06 8.330079940308829e-20
2.6223646236080182e-06 9.857562499632663e-20
2.6521642216035634e-06 9.045483881498935e-20
2.681963819599109e-06 8.289389671994244e-20
2.711763417594655e-06 9.669531359901406e-20
2.7415630155902006e-06 9.98070865375932e-20
2.7713626135857466e-06 1.0073820015348542e-19
2.801162211581292e-06 9.701250526726699e-20
2.8309618095768374e-06 9.431851732954726e-20
2.860761407572383e-06 1.1119834599353982e-19
2.890561005567929e-06 1.1000119246926207e-19
2.9203606035634746e-06 9.61782770588826e-20
2.95016020155902e-06 1.066788803755402e-19
2.979959799554566e-06 1.146029390561599e-19
3.0097593975501114e-06 1.1158418322443782e-19
3.039558995545657e-06 1.1220338812184812e-19
3.069358593541203e-06 1.0737722833400949e-19
3.0991581915367482e-06 1.1905198484671109e-19
3.128957789532294e-06 1.2773579508497441e-19
3.15875738752784e-06 1.1162671513367778e-19
3.1885569855233855e-06 1.1754175248174221e-19
3.218356583518931e-06 1.2783680464768555e-19
3.248156181514477e-06 1.247218740938224e-19
3.2779557795100222e-06 1.2572809782948212e-19
3.307755377505568e-06 1.201871672203339e-19
3.337554975501114e-06 1.275793049356133e-19
3.3673545734966595e-06 1.3955095389695317e-19
3.397154171492205e-06 1.268988924906775e-19
3.4269537694877507e-06 1.262682457255521e-19
3.4567533674832963e-06 1.3869488868801842e-19
3.486552965478842e-06 1.3787321424184441e-19
3.516352563474388e-06 1.3952854007492103e-19
3.5461521614699335e-06 1.338762257494819e-19
3.575951759465479e-06 1.3503681451363257e-19
3.6057513574610247e-06 1.5141906440734386e-19
3.6355509554565703e-06 1.424190360232681e-19
3.665350553452116e-06 1.3358389428213443e-19
3.695150151447662e-06 1.459997175153076e-19
3.7249497494432075e-06 1.4972488048828908e-19
3.7547493474387527e-06 1.485497419871954e-19
3.7845489454342987e-06 1.4594791413434944e-19
3.8143485434298443e-06 1.4391092970382272e-19
3.84414814142539e-06 1.5802331575102507e-19
3.8739477394209355e-06 1.5832346707158086e-19
3.903747337416481e-06 1.4363904220977885e-19
3.933546935412027e-06 1.5483022533251247e-19
3.963346533407573e-06 1.6176594452751354e-19
3.993146131403118e-06 1.5734926583602496e-19
4.022945729398664e-06 1.5828883654636263e-19
4.052745327394209e-06 1.5117693177451518e-19
4.082544925389755e-06 1.6329235088601421e-19
4.112344523385301e-06 1.7098961425616235e-19
4.142144121380846e-06 1.5378521438681478e-19
4.171943719376392e-06 1.602696230034873e-19
4.201743317371938e-06 1.7257281256293957e-19
4.2315429153674835e-06 1.6824990522667927e-19
4.261342513363029e-06 1.6639671342278723e-19
4.291142111358575e-06 1.646811578458769e-19
4.320941709354121e-06 1.6976181127292647e-19
4.350741307349666e-06 1.791404136904418e-19
4.380540905345212e-06 1.6850527186696053e-19
4.410340503340757e-06 1.641544462141264e-19
4.440140101336303e-06 1.7758391418786159e-19
4.469939699331849e-06 1.7741489865494293e-19
4.499739297327394e-06 1.7535563495299429e-19
4.52953889532294e-06 1.7212796911818104e-19
4.559338493318486e-06 1.7380552792050803e-19
4.5891380913140316e-06 1.8911724770512293e-19
4.618937689309577e-06 1.807627425073066e-19
4.648737287305123e-06 1.7024600162829897e-19
4.678536885300668e-06 1.8438494452794528e-19
4.708336483296214e-06 1.8654163364180797e-19
4.73813608129176e-06 1.8294333131207104e-19
4.767935679287305e-06 1.8318364198129987e-19
4.797735277282851e-06 1.7807864866721055e-19
4.827534875278397e-06 1.9055215421749323e-19
4.857334473273942e-06 1.9241094911586027e-19
4.887134071269488e-06 1.7629468360239564e-19
4.9169336692650344e-06 1.8761329014593708e-19
4.946733267260579e-06 1.946196750305725e-19
4.976532865256125e-06 1.8935226409658243e-19
5.006332463251671e-06 1.89429476896713e-19
5.036132061247216e-06 1.8357492477618022e-19
5.065931659242762e-06 1.952838113891532e-19
5.095731257238308e-06 2.0024407969021052e-19
5.125530855233853e-06 1.8299390169522351e-19
5.155330453229399e-06 1.8833835404000283e-19
5.185130051224945e-06 1.9868040389103935e-19
5.21492964922049e-06 1.9377945556206978e-19
5.2447292472160364e-06 1.9192347856158196e-19
5.274528845211581e-06 1.89683139207183e-19
5.304328443207127e-06 1.9433711023258515e-19
5.334128041202673e-06 2.0394713171074204e-19
5.363927639198218e-06 1.9206205944882094e-19
5.393727237193764e-06 1.858925064901662e-19
5.42352683518931e-06 2.0078731724405277e-19
5.453326433184856e-06 1.9891011740282336e-19
5.483126031180401e-06 1.930672765612688e-19
5.512925629175947e-06 1.9213471096776432e-19
5.542725227171493e-06 1.9201839704400406e-19
5.572524825167038e-06 2.0356275751636086e-19
5.602324423162584e-06 1.956999604885658e-19
5.632124021158129e-06 1.8384295420844076e-19
5.661923619153675e-06 1.9801006780950473e-19
5.691723217149221e-06 2.0024276534463183e-19
5.721522815144766e-06 1.9260314498076824e-19
5.751322413140312e-06 1.9286267634994471e-19
5.781122011135858e-06 1.903721792597898e-19
5.810921609131404e-06 1.9751194809678677e-19
5.840721207126949e-06 1.972544014344058e-19
5.870520805122495e-06 1.8341314876881676e-19
5.90032040311804e-06 1.9160993432843694e-19
5.930120001113586e-06 1.9843876171164788e-19
5.959919599109132e-06 1.8808569584105915e-19
5.989719197104677e-06 1.8676433480081512e-19
6.019518795100223e-06 1.8721724366398725e-19
6.049318393095769e-06 1.914717971595633e-19
6.079117991091314e-06 1.9491713160675215e-19
6.10891758908686e-06 1.8127404598965875e-19
6.138717187082406e-06 1.8184446065321735e-19
6.168516785077951e-06 1.9310180953051894e-19
6.1983163830734965e-06 1.8471123627198986e-19
6.2281159810690425e-06 1.8074736544806493e-19
6.257915579064588e-06 1.8114229392311268e-19
6.287715177060134e-06 1.801181145766165e-19
6.31751477505568e-06 1.877255124415274e-19
6.347314373051225e-06 1.7758854412185123e-19
6.377113971046771e-06 1.700778450530164e-19
6.406913569042317e-06 1.8512704381111723e-19
6.436713167037862e-06 1.8043016701616578e-19
6.466512765033408e-06 1.7043004333432575e-19
6.496312363028954e-06 1.7382302725164292e-19
6.5261119610244985e-06 1.710382819596342e-19
6.5559115590200445e-06 1.7667478104109857e-19
6.5857111570155905e-06 1.7296946404266482e-19
6.615510755011136e-06 1.579144517544377e-19
6.645310353006682e-06 1.7003370129815576e-19
6.675109951002228e-06 1.7346406854398369e-19
6.704909548997773e-06 1.5990097285817533e-19
6.734709146993319e-06 1.613033115578942e-19
6.764508744988865e-06 1.611543172988833e-19
6.79430834298441e-06 1.6438274576328294e-19
6.824107940979956e-06 1.6342674595978582e-19
6.853907538975501e-06 1.494904298215906e-19
6.8837071369710465e-06 1.552317059772433e-19
6.9135067349665925e-06 1.619069508314825e-19
6.9433063329621386e-06 1.502706906261081e-19
6.973105930957684e-06 1.4722522798707783e-19
7.00290552895323e-06 1.4794348210415334e-19
7.032705126948776e-06 1.4912151281739438e-19
7.062504724944321e-06 1.516114349720025e-19
7.092304322939867e-06 1.375862916344821e-19
7.122103920935413e-06 1.374685462481453e-19
7.151903518930958e-06 1.5019214542425325e-19
7.181703116926503e-06 1.3913127069700321e-19
7.211502714922049e-06 1.3382346841169525e-19
7.2413023129175945e-06 1.3586531217181554e-19
7.2711019109131406e-06 1.314378249331185e-19
7.300901508908687e-06 1.3558901068139065e-19
7.330701106904232e-06 1.2847957366198424e-19
7.360500704899778e-06 1.204044182342578e-19
7.390300302895324e-06 1.3062303387962637e-19
7.420099900890869e-06 1.268191501228075e-19
7.449899498886415e-06 1.1580226319969486e-19
7.47969909688196e-06 1.1832904919836028e-19
7.509498694877505e-06 1.1653668873596777e-19
7.539298292873051e-06 1.188988256721122e-19
7.569097890868597e-06 1.1702573047135346e-19
7.598897488864143e-06 1.0329935737714045e-19
7.628697086859689e-06 1.1002041065323293e-19
7.658496684855234e-06 1.1302776629974093e-19
7.68829628285078e-06 1.0104405944582879e-19
7.718095880846326e-06 9.998186685890298e-20
7.747895478841871e-06 9.891490537724566e-20
7.777695076837418e-06 1.0020288839577934e-19
7.807494674832961e-06 9.833936894934468e-20
7.837294272828508e-06 8.591887763785969e-20
7.867093870824053e-06 9.022884699073884e-20
7.896893468819599e-06 9.654213426796701e-20
7.926693066815145e-06 8.440577707222545e-20
7.95649266481069e-06 8.146412467717752e-20
7.986292262806236e-06 8.261293766616602e-20
8.016091860801783e-06 7.897672331126943e-20
8.045891458797328e-06 8.193224121743779e-20
8.075691056792873e-06 7.003957093373078e-20
8.105490654788418e-06 6.454793318689437e-20
8.135290252783965e-06 7.800303597918507e-20
8.16508985077951e-06 6.636351266435738e-20
8.194889448775055e-06 5.784736200022662e-20
8.224689046770602e-06 6.452369233383886e-20
8.254488644766147e-06 5.886346639301809e-20
8.284288242761693e-06 6.04914292129661e-20
8.31408784075724e-06 5.34378895073486e-20
8.343887438752785e-06 4.314427445067188e-20
8.37368703674833e-06 5.466967450152205e-20
8.403486634743877e-06 4.914737420967699e-20
8.43328623273942e-06 3.7025796616286644e-20
8.463085830734967e-06 4.086519207705651e-20
8.492885428730512e-06 3.6968718201005035e-20
8.522685026726057e-06 3.6978611182870843e-20
8.552484624721604e-06 3.3743861006000485e-20
8.58228422271715e-06 2.2326416677182395e-20
8.612083820712695e-06 3.003470973263686e-20
8.641883418708242e-06 3.128003359076539e-20
8.671683016703787e-06 1.7740233305460902e-20
8.701482614699332e-06 1.7118633765352118e-20
8.731282212694877e-06 1.5887850611363886e-20
8.761081810690424e-06 1.3313862176711961e-20
8.790881408685969e-06 1.462123769781872e-20
8.820681006681514e-06 2.10472867812071e-21
8.850480604677061e-06 1.5271309635395652e-22
8.880280202672606e-06 8.502132858415149e-21
8.910079800668151e-06 -4.461100359245208e-21
8.939879398663698e-06 -8.87360356745689e-21
8.969678996659244e-06 -5.298556071430826e-21
8.999478594654789e-06 -1.094176713598676e-20
9.029278192650336e-06 -9.289424671517203e-21
9.05907779064588e-06 -1.9040279721025474e-20
9.088877388641426e-06 -2.4508600915277757e-20
9.118676986636973e-06 -1.4779003248711732e-20
9.148476584632518e-06 -2.5573339821187533e-20
9.178276182628063e-06 -3.3182876958527815e-20
9.20807578062361e-06 -3.03943907575255e-20
9.237875378619153e-06 -3.766455871477046e-20
9.267674976614699e-06 -3.459829915960528e-20
9.297474574610246e-06 -3.9053810299204164e-20
9.32727417260579e-06 -5.3482373122116114e-20
9.357073770601336e-06 -4.285898571235166e-20
9.386873368596883e-06 -4.4509939995801904e-20
9.416672966592428e-06 -6.043356244123183e-20
9.446472564587973e-06 -5.57479211122812e-20
9.47627216258352e-06 -6.020083447003059e-20
9.506071760579065e-06 -6.374760149798566e-20
9.53587135857461e-06 -6.373139293519275e-20
9.565670956570157e-06 -7.843962236695645e-20
9.595470554565702e-06 -7.313663210711819e-20
9.625270152561248e-06 -7.072288176094223e-20
9.655069750556794e-06 -8.71286979413991e-20
9.68486934855234e-06 -8.436817542527723e-20
9.714668946547885e-06 -8.59787856386804e-20
9.744468544543432e-06 -9.35077035587621e-20
9.774268142538977e-06 -8.89738649875777e-20
9.804067740534522e-06 -1.01260698119707e-19
9.833867338530069e-06 -1.0484930019417558e-19
9.863666936525612e-06 -9.530410586723517e-20
9.893466534521158e-06 -1.1059325910576946e-19
9.923266132516703e-06 -1.1571991732775878e-19
9.95306573051225e-06 -1.1168210875611955e-19
9.982865328507795e-06 -1.1967798740178265e-19
1.0012664926503342e-05 -1.1835542440782822e-19
1.0042464524498887e-05 -1.261057122884175e-19
1.0072264122494432e-05 -1.3415990985682597e-19
1.0102063720489979e-05 -1.2544227297828914e-19
1.0131863318485524e-05 -1.3263092561699232e-19
1.016166291648107e-05 -1.4363702851145668e-19
1.0191462514476616e-05 -1.4044172114965244e-19
1.0221262112472161e-05 -1.451525172190802e-19
1.0251061710467706e-05 -1.469135955747085e-19
1.0280861308463253e-05 -1.488943742434477e-19
1.0310660906458798e-05 -1.6316811394943598e-19
1.0340460504454344e-05 -1.5576281221331045e-19
1.037026010244989e-05 -1.5376523971460107e-19
1.0400059700445436e-05 -1.7259601437976726e-19
1.042985929844098e-05 -1.6834494697076984e-19
1.0459658896436528e-05 -1.6947462057734083e-19
1.0489458494432073e-05 -1.7496698424339913e-19
1.0519258092427616e-05 -1.7166005004355217e-19
1.0549057690423162e-05 -1.8711061658709062e-19
1.0578857288418708e-05 -1.86228469326977e-19
1.0608656886414254e-05 -1.7615376635898638e-19
1.0638456484409799e-05 -1.9396673496185782e-19
1.0668256082405346e-05 -1.986678126608136e-19
1.069805568040089e-05 -1.916018779658199e-19
1.0727855278396436e-05 -1.99960348554028e-19
1.0757654876391983e-05 -1.9922078451640808e-19
1.0787454474387528e-05 -2.069549390367125e-19
1.0817254072383075e-05 -2.1406551504341534e-19
1.084705367037862e-05 -1.9977641974435602e-19
1.0876853268374165e-05 -2.1277596199374304e-19
1.0906652866369712e-05 -2.243512485210813e-19
1.0936452464365257e-05 -2.1523777700409657e-19
1.0966252062360802e-05 -2.215753403647074e-19
1.099605166035635e-05 -2.224863308247794e-19
1.1025851258351895e-05 -2.2801891444438503e-19
1.105565085634744e-05 -2.3701351947808415e-19
1.1085450454342987e-05 -2.2592232218340707e-19
1.1115250052338532e-05 -2.319741657306562e-19
1.1145049650334075e-05 -2.4591228713375074e-19
1.117484924832962e-05 -2.3898092037947176e-19
1.1204648846325167e-05 -2.410727420966581e-19
1.1234448444320712e-05 -2.440607437563495e-19
1.1264248042316258e-05 -2.4397056367687164e-19
1.1294047640311804e-05 -2.574501847460733e-19
1.132384723830735e-05 -2.5153200334701284e-19
1.1353646836302895e-05 -2.464515652471853e-19
1.1383446434298442e-05 -2.6434996648447813e-19
1.1413246032293987e-05 -2.6204908047881763e-19
1.1443045630289532e-05 -2.582455009590968e-19
1.1472845228285079e-05 -2.6584655549466802e-19
1.1502644826280624e-05 -2.6428173729409566e-19
1.153244442427617e-05 -2.7367786076506145e-19
1.1562244022271716e-05 -2.747554960957195e-19
1.1592043620267261e-05 -2.6352107657304316e-19
1.1621843218262808e-05 -2.7760309910190505e-19
1.1651642816258353e-05 -2.8414735802158514e-19
1.1681442414253899e-05 -2.7488210673676556e-19
1.1711242012249445e-05 -2.8130216893132535e-19
1.174104161024499e-05 -2.8279293435195366e-19
1.1770841208240534e-05 -2.8893371844820747e-19
1.180064080623608e-05 -2.9647172570171795e-19
1.1830440404231626e-05 -2.814096895967626e-19
1.1860240002227171e-05 -2.893486867066328e-19
1.1890039600222716e-05 -3.04426889065438e-19
1.1919839198218263e-05 -2.925363411139398e-19
1.1949638796213809e-05 -2.950828090434009e-19
1.1979438394209354e-05 -3.0043964670969947e-19
1.20092379922049e-05 -3.002718066805961e-19
1.2039037590200446e-05 -3.101998286954669e-19
1.2068837188195991e-05 -3.013822385256822e-19
1.2098636786191538e-05 -3.0005079665491894e-19
1.2128436384187083e-05 -3.202426236654673e-19
1.2158235982182628e-05 -3.116821438839565e-19
1.2188035580178175e-05 -3.0508851125769247e-19
1.221783517817372e-05 -3.163652517857521e-19
1.2247634776169265e-05 -3.1359275065321596e-19
1.2277434374164812e-05 -3.227420947358228e-19
1.2307233972160357e-05 -3.1938624104084727e-19
1.2337033570155903e-05 -3.0889242665195315e-19
1.236683316815145e-05 -3.300532938432603e-19
1.2396632766146993e-05 -3.2778487783019254e-19
1.2426432364142538e-05 -3.1716912494855883e-19
1.2456231962138085e-05 -3.2637209958635115e-19
1.248603156013363e-05 -3.261123134275074e-19
1.2515831158129175e-05 -3.3314680460391324e-19
1.2545630756124722e-05 -3.332235710601969e-19
1.2575430354120267e-05 -3.2187098991497074e-19
1.2605229952115813e-05 -3.343322807522481e-19
1.263502955011136e-05 -3.4134130968464207e-19
1.2664829148106905e-05 -3.284517189931108e-19
1.269462874610245e-05 -3.325439526760384e-19
1.2724428344097997e-05 -3.379540111153808e-19
1.2754227942093542e-05 -3.3857756971108423e-19
1.2784027540089087e-05 -3.434825130639755e-19
1.2813827138084634e-05 -3.326732635748815e-19
1.2843626736080179e-05 -3.381733899877138e-19
1.2873426334075724e-05 -3.518303178089357e-19
1.2903225932071271e-05 -3.39077080526239e-19
1.2933025530066816e-05 -3.3884993873476084e-19
1.2962825128062361e-05 -3.4609563405963445e-19
1.2992624726057908e-05 -3.4483436286621924e-19
1.3022424324053453e-05 -3.505699919771006e-19
1.3052223922048997e-05 -3.4127631953188086e-19
1.3082023520044544e-05 -3.3860245980587115e-19
1.3111823118040089e-05 -3.574033264263157e-19
1.3141622716035634e-05 -3.480715263042288e-19
1.3171422314031181e-05 -3.3823161854268515e-19
1.3201221912026726e-05 -3.514568001553515e-19
1.3231021510022271e-05 -3.5010865632517413e-19
1.3260821108017818e-05 -3.521767906269428e-19
1.3290620706013363e-05 -3.4904814338618024e-19
1.3320420304008909e-05 -3.3959355334246044e-19
1.3350219902004455e-05 -3.5885512349180313e-19
1.33800195e-05 -3.552672217943677e-19
1.3409819097995546e-05 -3.388694207682851e-19
1.3439618695991093e-05 -3.512101643308031e-19
1.3469418293986638e-05 -3.521095003784581e-19
1.3499217891982183e-05 -3.510629370123952e-19
1.352901748997773e-05 -3.500506650123138e-19
1.3558817087973275e-05 -3.4021034217622696e-19
1.358861668596882e-05 -3.5232827200047854e-19
1.3618416283964367e-05 -3.5913720159593993e-19
1.3648215881959912e-05 -3.4291061519666046e-19
1.3678015479955456e-05 -3.440782139983121e-19
1.3707815077951003e-05 -3.533747337718137e-19
1.3737614675946548e-05 -3.4962489698082035e-19
1.3767414273942093e-05 -3.4839823147954337e-19
1.379721387193764e-05 -3.40926756851879e-19
1.3827013469933185e-05 -3.429751207928598e-19
1.385681306792873e-05 -3.5640532195232034e-19
1.3886612665924277e-05 -3.412347321244195e-19
1.3916412263919822e-05 -3.3606902718756595e-19
1.3946211861915367e-05 -3.487340497108748e-19
1.3976011459910914e-05 -3.43995746647766e-19
1.400581105790646e-05 -3.436921534245063e-19
1.4035610655902005e-05 -3.3766520882838496e-19
1.4065410253897552e-05 -3.340010810510187e-19
1.4095209851893097e-05 -3.473434349318048e-19
1.4125009449888642e-05 -3.378282359530536e-19
1.4154809047884189e-05 -3.274107989042941e-19
1.4184608645879734e-05 -3.385653579835156e-19
1.4214408243875279e-05 -3.3749437517383895e-19
1.4244207841870826e-05 -3.307332007610058e-19
1.4274007439866371e-05 -3.2822526989770744e-19
1.4303807037861916e-05 -3.2402398498602803e-19
1.4333606635857462e-05 -3.335375611778721e-19
1.4363406233853007e-05 -3.3234746287459854e-19
1.4393205831848552e-05 -3.1484687426917713e-19
1.4423005429844099e-05 -3.2212003617111337e-19
1.4452805027839644e-05 -3.2717289622400633e-19
1.4482604625835189e-05 -3.173069122555535e-19
1.4512404223830736e-05 -3.1543089715093007e-19
1.4542203821826281e-05 -3.0970773917774604e-19
1.4572003419821826e-05 -3.1476385397235296e-19
1.4601803017817373e-05 -3.1916350119068785e-19
1.4631602615812918e-05 -2.996635237862802e-19
1.4661402213808464e-05 -3.0201521744116786e-19
1.469120181180401e-05 -3.1419931874403877e-19
1.4721001409799556e-05 -3.0209723891933796e-19
1.47508010077951e-05 -2.971682873124504e-19
1.4780600605790648e-05 -2.947489502733844e-19
1.4810400203786193e-05 -2.934154138302301e-19
1.4840199801781738e-05 -3.001684409666921e-19
1.4869999399777285e-05 -2.8641392153093925e-19
1.489979899777283e-05 -2.7789139601973765e-19
1.4929598595768375e-05 -2.9009170518104696e-19
1.495939819376392e-05 -2.8398106740300746e-19
1.4989197791759466e-05 -2.7485717953598947e-19
1.501899738975501e-05 -2.747545193253799e-19
1.5048796987750558e-05 -2.7113797426470953e-19
1.5078596585746103e-05 -2.7709504395191943e-19
1.5108396183741648e-05 -2.682159271325799e-19
1.5138195781737195e-05 -2.531553686490556e-19
1.516799537973274e-05 -2.66288308112655e-19
1.5197794977728285e-05 -2.6437377006677044e-19
1.5227594575723832e-05 -2.5013531624837257e-19
1.5257394173719377e-05 -2.503895142606643e-19
1.5287193771714922e-05 -2.4409806190966366e-19
1.5316993369710468e-05 -2.480405401139876e-19
1.5346792967706013e-05 -2.4763391242967146e-19
1.537659256570156e-05 -2.289461468161164e-19
1.5406392163697106e-05 -2.369329291267088e-19
1.543619176169265e-05 -2.399803118498292e-19
1.5465991359688197e-05 -2.223192166436545e-19
1.5495790957683742e-05 -2.2440915548597675e-19
1.552559055567929e-05 -2.211629672883253e-19
1.5555390153674836e-05 -2.188600351959303e-19
1.5585189751670378e-05 -2.2222407669795518e-19
1.5614989349665923e-05 -2.0343317683122646e-19
1.564478894766147e-05 -2.0351552018848137e-19
1.5674588545657016e-05 -2.1295254015313674e-19
1.570438814365256e-05 -1.9758805251238862e-19
1.5734187741648107e-05 -1.9329751365228435e-19
1.5763987339643652e-05 -1.9427484344918224e-19
1.5793786937639197e-05 -1.9028574474417542e-19
1.5823586535634746e-05 -1.919611332661229e-19
1.585338613363029e-05 -1.8044316142464868e-19
1.5883185731625836e-05 -1.7247836987647612e-19
1.591298532962138e-05 -1.825368839994535e-19
1.5942784927616926e-05 -1.7525959186742744e-19
1.597258452561247e-05 -1.6108763802146822e-19
1.600238412360802e-05 -1.624244002193031e-19
1.6032183721603565e-05 -1.5986181498665137e-19
1.606198331959911e-05 -1.6039640189154218e-19
1.6091782917594656e-05 -1.5266085954054295e-19
1.61215825155902e-05 -1.3902198106663015e-19
1.6151382113585746e-05 -1.4911038895553346e-19
1.6181181711581295e-05 -1.4598943017300446e-19
1.6210981309576836e-05 -1.3144900982833635e-19
1.624078090757238e-05 -1.327778933265701e-19
1.627058050556793e-05 -1.2919957193890377e-19
1.6300380103563475e-05 -1.2758499046125295e-19
1.633017970155902e-05 -1.2352795504796422e-19
1.6359979299554566e-05 -1.0990851298710395e-19
1.638977889755011e-05 -1.1293160770217136e-19
1.6419578495545656e-05 -1.1612714436466122e-19
1.6449378093541205e-05 -1.0131425151872123e-19
1.647917769153675e-05 -9.679641373023017e-20
1.6508977289532295e-05 -9.905707030336497e-20
1.653877688752784e-05 -9.39911026545923e-20
1.6568576485523385e-05 -9.135803920285533e-20
1.659837608351893e-05 -8.057399969313852e-20
1.662817568151448e-05 -7.684484717349885e-20
1.6657975279510024e-05 -8.505477930116686e-20
1.668777487750557e-05 -7.054830453298935e-20
1.6717574475501115e-05 -6.160169236333488e-20
1.674737407349666e-05 -6.545617509407159e-20
1.6777173671492205e-05 -5.783279447123178e-20
1.6806973269487753e-05 -5.833957385449509e-20
1.68367728674833e-05 -4.867439093950211e-20
1.686657246547884e-05 -3.978710418361465e-20
1.689637206347439e-05 -5.006011309271608e-20
1.6926171661469934e-05 -3.7918734957777743e-20
1.695597125946548e-05 -2.6939677782592242e-20
1.6985770857461024e-05 -3.117942903359201e-20
1.701557045545657e-05 -2.5139733826884276e-20
1.7045370053452115e-05 -2.3525499731331176e-20
1.7075169651447663e-05 -1.601338742966652e-20
1.710496924944321e-05 -4.704020779664608e-21
1.7134768847438754e-05 -1.0606924681372324e-20
1.71645684454343e-05 -6.913833524028176e-21
1.7194368043429844e-05 7.734720786130224e-21
1.722416764142539e-05 7.402978688433054e-21
1.7253967239420938e-05 7.917971434515767e-21
1.7283766837416483e-05 1.4056892741646057e-20
1.7313566435412028e-05 1.7889755015313233e-20
1.7343366033407573e-05 2.974830350238825e-20
1.737316563140312e-05 2.892849894157737e-20
1.7402965229398664e-05 2.4891467347317984e-20
1.7432764827394212e-05 4.107526145377125e-20
1.7462564425389754e-05 4.454913115106105e-20
1.7492364023385303e-05 4.450394896297411e-20
1.7522163621380848e-05 5.1843801243060447e-20
1.7551963219376393e-05 5.322197439094434e-20
1.7581762817371938e-05 6.423876960383255e-20
1.7611562415367487e-05 6.609849313855566e-20
1.764136201336303e-05 6.173898290449496e-20
1.7671161611358577e-05 7.595077549614386e-20
1.7700961209354122e-05 8.201606956844972e-20
1.7730760807349667e-05 7.984722162021095e-20
1.7760560405345213e-05 8.507239624498342e-20
1.779036000334076e-05 8.926381063690017e-20
1.7820159601336303e-05 9.791892088861952e-20
1.7849959199331848e-05 1.042049333866389e-19
1.7879758797327397e-05 9.940629737343873e-20
1.790955839532294e-05 1.0705108867768159e-19
1.7939357993318487e-05 1.1886988544025124e-19
1.7969157591314032e-05 1.1558332415741482e-19
1.7998957189309577e-05 1.205208588109113e-19
1.8028756787305123e-05 1.2614171606280245e-19
1.805855638530067e-05 1.2865614736987564e-19
1.8088355983296213e-05 1.3958944913813022e-19
1.811815558129176e-05 1.355444015507285e-19
1.8147955179287307e-05 1.3926900076540952e-19
1.8177754777282852e-05 1.5447368462237003e-19
1.8207554375278397e-05 1.5047724838234586e-19
1.8237353973273946e-05 1.5490741337950777e-19
1.8267153571269487e-05 1.62087538687083e-19
1.8296953169265036e-05 1.6257489013601405e-19
1.832675276726058e-05 1.7347169695500655e-19
1.8356552365256126e-05 1.722487638568496e-19
1.838635196325167e-05 1.7212180703653438e-19
1.841615156124722e-05 1.8540957215907032e-19
1.8445951159242762e-05 1.8537186614931287e-19
1.8475750757238307e-05 1.874696532764729e-19
1.8505550355233856e-05 1.9502808645487305e-19
1.8535349953229397e-05 1.9508297682071173e-19
1.8565149551224946e-05 2.0458487937787955e-19
1.859494914922049e-05 2.0834012430801678e-19
1.8624748747216036e-05 2.0421661729751297e-19
1.865454834521158e-05 2.1569908712500408e-19
1.868434794320713e-05 2.1930994141965187e-19
1.8714147541202672e-05 2.1748560239678214e-19
1.874394713919822e-05 2.265238860142349e-19
1.8773746737193766e-05 2.2675980552573615e-19
1.880354633518931e-05 2.3148187121877043e-19
1.8833345933184856e-05 2.4007948326207567e-19
1.8863145531180404e-05 2.346008173028552e-19
1.8892945129175946e-05 2.4191541576189834e-19
1.8922744727171495e-05 2.5212330178737293e-19
1.895254432516704e-05 2.4881177705288674e-19
1.8982343923162585e-05 2.5426325730594153e-19
1.901214352115813e-05 2.5681967577221535e-19
1.904194311915368e-05 2.595954232140367e-19
1.907174271714922e-05 2.698795901405896e-19
1.9101542315144766e-05 2.6493724821158805e-19
1.9131341913140314e-05 2.6737210239482113e-19
1.9161141511135856e-05 2.7911981927952115e-19
1.9190941109131405e-05 2.7461526780991254e-19
1.922074070712695e-05 2.787572149533886e-19
1.9250540305122495e-05 2.8555345960506533e-19
1.928033990311804e-05 2.8342318136684385e-19
1.931013950111359e-05 2.9312493850127804e-19
1.933993909910913e-05 2.943221692353648e-19
1.936973869710468e-05 2.91456911770843e-19
1.9399538295100224e-05 3.028967867103322e-19
1.942933789309577e-05 3.0167238198832786e-19
1.9459137491091315e-05 3.0152800071094775e-19
1.9488937089086863e-05 3.086878102513113e-19
1.9518736687082405e-05 3.042589072283193e-19
1.9548536285077954e-05 3.133402209028684e-19
1.95783358830735e-05 3.191450049144863e-19
1.9608135481069044e-05 3.1160574665060414e-19
1.963793507906459e-05 3.2108199737675486e-19
1.9667734677060138e-05 3.254859828906132e-19
1.969753427505568e-05 3.2140032512484266e-19
1.9727333873051225e-05 3.272286597170196e-19
1.9757133471046773e-05 3.277730818957174e-19
1.9786933069042315e-05 3.299350432467052e-19
1.9816732667037864e-05 3.371845398055692e-19
1.9846532265033405e-05 3.313078000177498e-19
1.9876331863028954e-05 3.334406149788479e-19
1.99061314610245e-05 3.4216388575239794e-19
1.9935931059020048e-05 3.3831001885829853e-19
1.996573065701559e-05 3.4273934410356147e-19
1.9995530255011138e-05 3.43751666288573e-19
2.0025329853006683e-05 3.4122962260856696e-19
2.005512945100223e-05 3.538487357904749e-19
2.0084929048997774e-05 3.4929979247514305e-19
2.0114728646993322e-05 3.433953245186509e-19
2.0144528244988864e-05 3.576222139563988e-19
2.0174327842984412e-05 3.5502612351673075e-19
2.0204127440979958e-05 3.5242759172705317e-19
2.0233927038975503e-05 3.574027427399412e-19
2.0263726636971048e-05 3.530252641000204e-19
2.0293526234966597e-05 3.627550271289756e-19
2.032332583296214e-05 3.636151421003049e-19
2.0353125430957684e-05 3.5246875053350426e-19
2.0382925028953232e-05 3.649101886870394e-19
2.0412724626948774e-05 3.681144711252907e-19
2.0442524224944322e-05 3.6077325837452883e-19
2.0472323822939864e-05 3.6621129045101384e-19
2.0502123420935413e-05 3.638257985038503e-19
2.0531923018930958e-05 3.6839293712432366e-19
2.0561722616926507e-05 3.7396173400437656e-19
2.059152221492205e-05 3.6210638786384447e-19
2.0621321812917597e-05 3.6760485322357873e-19
2.065112141091314e-05 3.7628663470950056e-19
2.0680921008908687e-05 3.6905068190876395e-19
2.0710720606904232e-05 3.72646866416636e-19
2.074052020489978e-05 3.7251930085981707e-19
2.0770319802895323e-05 3.709600371174214e-19
2.080011940089087e-05 3.805527591254234e-19
2.0829918998886417e-05 3.7256557714991276e-19
2.085971859688196e-05 3.698120959736747e-19
2.0889518194877507e-05 3.827307605575934e-19
2.0919317792873055e-05 3.756845129516623e-19
2.0949117390868597e-05 3.7389797741051385e-19
2.0978916988864146e-05 3.7788524037244622e-19
2.100871658685969e-05 3.7220727584313247e-19
2.1038516184855233e-05 3.825721727598618e-19
2.106831578285078e-05 3.784716505291755e-19
2.1098115380846323e-05 3.685116115600568e-19
2.112791497884187e-05 3.8304636680060093e-19
2.1157714576837417e-05 3.811533548378599e-19
2.1187514174832965e-05 3.7524251753984945e-19
2.1217313772828507e-05 3.789760012595153e-19
2.1247113370824056e-05 3.7435664913213254e-19
2.1276912968819598e-05 3.816289447467152e-19
2.1306712566815146e-05 3.821769554813242e-19
2.133651216481069e-05 3.679749252849025e-19
2.136631176280624e-05 3.7822979617644316e-19
2.139611136080178e-05 3.8410513777993117e-19
2.142591095879733e-05 3.72626550561991e-19
2.1455710556792872e-05 3.762483732708563e-19
2.148551015478842e-05 3.7525155400711506e-19
2.1515309752783966e-05 3.7595919399754144e-19
2.1545109350779514e-05 3.8274453212239356e-19
2.1574908948775056e-05 3.684598515918193e-19
2.1604708546770605e-05 3.6936213333263902e-19
2.163450814476615e-05 3.835267977109672e-19
2.166430774276169e-05 3.7107937465095274e-19
2.169410734075724e-05 3.682510178944807e-19
2.1723906938752782e-05 3.721122440869501e-19
2.175370653674833e-05 3.673679479661409e-19
2.1783506134743876e-05 3.760282333804719e-19
2.1813305732739424e-05 3.665706788482631e-19
2.1843105330734966e-05 3.596071619275119e-19
2.1872904928730515e-05 3.7540249610674896e-19
2.1902704526726056e-05 3.676729383114121e-19
2.1932504124721605e-05 3.5980338678059747e-19
2.196230372271715e-05 3.636194735273242e-19
2.19921033207127e-05 3.607735918154284e-19
2.202190291870824e-05 3.6581109221503243e-19
2.205170251670379e-05 3.6018250772936877e-19
2.208150211469933e-05 3.488252769314998e-19
2.211130171269488e-05 3.610213335806005e-19
2.2141101310690425e-05 3.6128134409442697e-19
2.2170900908685973e-05 3.4743340891028125e-19
2.2200700506681515e-05 3.519459734985081e-19
2.2230500104677063e-05 3.5219709160064905e-19
2.2260299702672605e-05 3.5126314491733155e-19
2.229009930066815e-05 3.522587530764273e-19
2.23198988986637e-05 3.3754288300745626e-19
2.234969849665924e-05 3.428341993530055e-19
2.237949809465479e-05 3.5214893390964507e-19
2.2409297692650335e-05 3.344737964859529e-19
2.2439097290645883e-05 3.347133616609158e-19
2.2468896888641425e-05 3.3758730156982773e-19
2.2498696486636973e-05 3.324544756764996e-19
2.2528496084632515e-05 3.388611917893611e-19
2.2558295682628064e-05 3.2368462107802596e-19
2.258809528062361e-05 3.2147279051040334e-19
2.2617894878619158e-05 3.37428733906892e-19
2.26476944766147e-05 3.219676505384345e-19
2.2677494074610248e-05 3.1497877889168435e-19
2.270729367260579e-05 3.2088954739882997e-19
2.2737093270601338e-05 3.1671206823922347e-19
2.2766892868596883e-05 3.1963568490309357e-19
2.2796692466592432e-05 3.088060374692584e-19
2.2826492064587974e-05 2.993350899200782e-19
2.2856291662583522e-05 3.1519573918810135e-19
2.2886091260579064e-05 3.082100956325461e-19
2.291589085857461e-05 2.9151340562489014e-19
2.2945690456570158e-05 2.9913218469293476e-19
2.29754900545657e-05 2.9928445832719825e-19
2.3005289652561248e-05 2.9682401177875298e-19
2.3035089250556793e-05 2.913807842941344e-19
2.306488884855234e-05 2.7819390192449075e-19
2.3094688446547884e-05 2.9009689731861584e-19
2.3124488044543432e-05 2.908207927318681e-19
2.3154287642538974e-05 2.7077721087091995e-19
2.3184087240534523e-05 2.745795522636484e-19
2.3213886838530068e-05 2.7638527885977543e-19
2.3243686436525616e-05 2.7192812465826647e-19
2.3273486034521158e-05 2.7010690527574716e-19
2.3303285632516707e-05 2.5623137817554934e-19
2.333308523051225e-05 2.622241700944045e-19
2.3362884828507797e-05 2.706819131701123e-19
2.3392684426503342e-05 2.492802704720167e-19
2.342248402449889e-05 2.476063980264015e-19
2.3452283622494433e-05 2.5592089652385534e-19
2.348208322048998e-05 2.468516227773345e-19
2.3511882818485523e-05 2.46093954414914e-19
2.3541682416481068e-05 2.3593469723195753e-19
2.3571482014476617e-05 2.3225397069620367e-19
2.360128161247216e-05 2.4574701043730986e-19
2.3631081210467707e-05 2.295089129051327e-19
2.3660880808463252e-05 2.176523393878465e-19
2.3690680406458797e-05 2.283601105074302e-19
2.3720480004454343e-05 2.247663296691849e-19
2.375027960244989e-05 2.1978686552066625e-19
2.3780079200445433e-05 2.11404287899176e-19
2.380987879844098e-05 2.0470230810767976e-19
2.3839678396436527e-05 2.1617201424122327e-19
2.3869477994432072e-05 2.0868977517431375e-19
2.3899277592427617e-05 1.9062950226792622e-19
2.3929077190423166e-05 1.9835047606667358e-19
2.3958876788418707e-05 1.9825886119535628e-19
2.3988676386414256e-05 1.8958668619810924e-19
2.40184759844098e-05 1.8818757238055532e-19
2.404827558240535e-05 1.7680371752557592e-19
2.407807518040089e-05 1.83073202245578e-19
2.410787477839644e-05 1.869833710033952e-19
2.4137674376391982e-05 1.6384983418607724e-19
2.4167473974387527e-05 1.6631469598153893e-19
2.4197273572383076e-05 1.7267069832463953e-19
2.4227073170378617e-05 1.617625295928722e-19
2.4256872768374166e-05 1.6063958462640858e-19
2.428667236636971e-05 1.483356589650056e-19
2.4316471964365256e-05 1.499163331582543e-19
2.43462715623608e-05 1.61106386181258e-19
2.437607116035635e-05 1.3723034701112264e-19
2.4405870758351892e-05 1.3359196618822657e-19
2.443567035634744e-05 1.4543671405145157e-19
2.4465469954342986e-05 1.351998473214328e-19
2.449526955233853e-05 1.3125244005057081e-19
2.4525069150334076e-05 1.221706412253527e-19
2.4554868748329624e-05 1.208256154892126e-19
2.4584668346325166e-05 1.3069833972977904e-19
2.4614467944320715e-05 1.1307824579448456e-19
2.464426754231626e-05 1.0086445766723102e-19
2.4674067140311805e-05 1.145807949605853e-19
2.470386673830735e-05 1.1070809945981092e-19
2.47336663363029e-05 9.809284861985802e-20
2.476346593429844e-05 9.721509373938066e-20
2.4793265532293986e-05 9.170869685754298e-20
2.4823065130289534e-05 9.783072821471785e-20
2.4852864728285076e-05 9.409855590968346e-20
2.4882664326280625e-05 7.126868255200969e-20
2.491246392427617e-05 8.175563416378483e-20
2.4942263522271715e-05 8.66517727728163e-20
2.497206312026726e-05 6.929072546037707e-20
2.500186271826281e-05 6.782710354531867e-20
2.503166231625835e-05 6.144839331783476e-20
2.50614619142539e-05 6.596950495562094e-20
2.5091261512249444e-05 6.940762517572597e-20
2.512106111024499e-05 4.5202598253577206e-20
2.5150860708240535e-05 4.757040012228094e-20
2.5180660306236083e-05 5.944714966851723e-20
2.5210459904231625e-05 4.531370956185462e-20
2.5240259502227174e-05 3.956534133284337e-20
2.527005910022272e-05 3.539071366331559e-20
2.5299858698218264e-05 3.461679151457644e-20
2.532965829621381e-05 4.04431694806298e-20
2.5359457894209358e-05 2.183172163412589e-20
2.53892574922049e-05 1.4371920804193573e-20
2.5419057090200448e-05 2.78808498042009e-20
2.5448856688195993e-05 2.0424012307422876e-20
2.5478656286191535e-05 9.070557617265743e-21
2.5508455884187084e-05 5.517393215982083e-21
2.553825548218263e-05 5.402023601861164e-21
2.5568055080178174e-05 1.096276429508871e-20
2.559785467817372e-05 -1.9032899567049165e-21
2.5627654276169268e-05 -1.5628725773438476e-20
2.565745387416481e-05 -2.169579376546589e-21
2.5687253472160358e-05 -3.990281895774344e-21
2.5717053070155903e-05 -2.1762741646894666e-20
2.574685266815145e-05 -2.2946772704118033e-20
2.5776652266146994e-05 -2.4741632271354658e-20
2.5806451864142542e-05 -2.1705458215445293e-20
2.5836251462138084e-05 -2.629640534781986e-20
2.5866051060133632e-05 -4.778249313916325e-20
2.5895850658129178e-05 -3.810840339410643e-20
2.5925650256124723e-05 -2.9686346100120303e-20
2.5955449854120268e-05 -4.861492802001842e-20
2.5985249452115817e-05 -5.289000360582141e-20
2.601504905011136e-05 -5.416057486765573e-20
2.6044848648106907e-05 -5.3008395018843194e-20
2.6074648246102452e-05 -5.442854166953934e-20
2.6104447844097994e-05 -7.500229279196856e-20
2.6134247442093542e-05 -7.237682880400858e-20
2.6164047040089088e-05 -6.032623401700342e-20
2.6193846638084633e-05 -7.669395631953177e-20
2.6223646236080178e-05 -8.565147865793506e-20
2.6253445834075727e-05 -8.432701478715179e-20
2.628324543207127e-05 -8.470014473968826e-20
2.6313045030066817e-05 -8.215729257991633e-20
2.6342844628062362e-05 -9.881123761309005e-20
2.6372644226057907e-05 -1.0742700896558107e-19
2.6402443824053452e-05 -9.188605447486199e-20
2.6432243422049e-05 -1.0177139958007207e-19
2.6462043020044543e-05 -1.1648414129984906e-19
2.649184261804009e-05 -1.1439039075847902e-19
2.6521642216035637e-05 -1.1771473965751662e-19
2.655144181403118e-05 -1.141647905112297e-19
2.6581241412026727e-05 -1.24108279377612e-19
2.6611041010022275e-05 -1.3881400172532972e-19
2.6640840608017817e-05 -1.2643627835649738e-19
2.6670640206013366e-05 -1.2678622887976354e-19
2.670043980400891e-05 -1.4287048460049432e-19
