0.0 1.461275515479344e-19
2.980572399150743e-08 1.4899250075579812e-19
5.961144798301486e-08 1.4064233486983745e-19
8.94171719745223e-08 1.38912819758218e-19
1.1922289596602972e-07 1.518301890913162e-19
1.4902861995753715e-07 1.545230065246701e-19
1.788343439490446e-07 1.4482581231930042e-19
2.0864006794055203e-07 1.4362618042219407e-19
2.3844579193205944e-07 1.5325795882142423e-19
2.6825151592356685e-07 1.588803393607557e-19
2.980572399150743e-07 1.51888576633931e-19
3.2786296390658177e-07 1.4531348434032486e-19
3.576686878980892e-07 1.5667369374263567e-19
3.874744118895966e-07 1.6452396949776447e-19
4.1728013588110406e-07 1.5462629835995294e-19
4.470858598726115e-07 1.5121061483900236e-19
4.768915838641189e-07 1.594616252641459e-19
5.066973078556263e-07 1.665165665896875e-19
5.365030318471337e-07 1.610993123846047e-19
5.663087558386413e-07 1.5247188434790918e-19
5.961144798301486e-07 1.5996974576265488e-19
6.259202038216561e-07 1.7085953326266081e-19
6.557259278131635e-07 1.6411718601240496e-19
6.855316518046709e-07 1.546900830469088e-19
7.153373757961784e-07 1.6310788103099707e-19
7.451430997876857e-07 1.7277774595706924e-19
7.749488237791932e-07 1.6770865818737637e-19
8.047545477707006e-07 1.5967790902985479e-19
8.345602717622081e-07 1.6343258616233212e-19
8.643659957537155e-07 1.755107255278364e-19
8.94171719745223e-07 1.7343168786837986e-19
9.239774437367304e-07 1.6167199391907591e-19
9.537831677282377e-07 1.6579282328530077e-19
9.835888917197451e-07 1.7610092206741456e-19
1.0133946157112527e-06 1.7497590719961445e-19
1.04320033970276e-06 1.6590943196957717e-19
1.0730060636942674e-06 1.6530590816204585e-19
1.102811787685775e-06 1.7872849722531635e-19
1.1326175116772825e-06 1.7980071222382298e-19
1.1624232356687897e-06 1.6810914486677612e-19
1.1922289596602972e-06 1.6939996378655424e-19
1.2220346836518048e-06 1.787593148277533e-19
1.2518404076433122e-06 1.8231537265665993e-19
1.2816461316348195e-06 1.7241750870383377e-19
1.311451855626327e-06 1.668388209648216e-19
1.3412575796178344e-06 1.8110940656566413e-19
1.3710633036093418e-06 1.8454692887147993e-19
1.4008690276008492e-06 1.7199713362535142e-19
1.4306747515923567e-06 1.7114947886851631e-19
1.4604804755838643e-06 1.8030288455048871e-19
1.4902861995753714e-06 1.858253701944162e-19
1.520091923566879e-06 1.7928032139523826e-19
1.5498976475583864e-06 1.7058518536859853e-19
1.579703371549894e-06 1.8002296310469627e-19
1.6095090955414013e-06 1.8975512733346914e-19
1.6393148195329087e-06 1.8013665934951808e-19
1.6691205435244162e-06 1.7251100925134905e-19
1.6989262675159236e-06 1.801352439948029e-19
1.728731991507431e-06 1.8763458109275054e-19
1.7585377154989385e-06 1.8403103354213304e-19
1.788343439490446e-06 1.7441316534075632e-19
1.8181491634819532e-06 1.7780124210100922e-19
1.8479548874734608e-06 1.925814402355198e-19
1.8777606114649681e-06 1.8578375037556204e-19
1.9075663354564755e-06 1.7285045140800984e-19
1.9373720594479833e-06 1.8269768411316311e-19
1.9671777834394902e-06 1.9050724774277016e-19
1.996983507430998e-06 1.8766161178736764e-19
2.0267892314225054e-06 1.786541457603614e-19
2.0565949554140127e-06 1.755847030188191e-19
2.08640067940552e-06 1.918649466606879e-19
2.116206403397028e-06 1.9143414213860133e-19
2.1460121273885348e-06 1.7539003091988328e-19
2.1758178513800426e-06 1.8121527914526648e-19
2.20562357537155e-06 1.9142822972902376e-19
2.2354292993630573e-06 1.906988249139751e-19
2.265235023354565e-06 1.8218664855109134e-19
2.2950407473460724e-06 1.765743608294114e-19
2.3248464713375793e-06 1.929586450850526e-19
2.354652195329087e-06 1.9650694908568757e-19
2.3844579193205945e-06 1.7802695906061536e-19
2.414263643312102e-06 1.8017531386334865e-19
2.4440693673036096e-06 1.9138508906920302e-19
2.4738750912951166e-06 1.9188690205067305e-19
2.5036808152866243e-06 1.8532573045259736e-19
2.5334865392781317e-06 1.7735850153436174e-19
2.563292263269639e-06 1.8897133468240295e-19
2.593097987261147e-06 1.9942888983006991e-19
2.622903711252654e-06 1.8315935535209882e-19
2.652709435244161e-06 1.8005313780939627e-19
2.682515159235669e-06 1.9319395218110787e-19
2.7123208832271763e-06 1.9421817999708854e-19
2.7421266072186836e-06 1.8863966400376579e-19
2.7719323312101914e-06 1.801935153346885e-19
2.8017380552016983e-06 1.8705239645091445e-19
2.831543779193206e-06 2.0036441081652276e-19
2.8613495031847135e-06 1.8785138625075893e-19
2.891155227176221e-06 1.785660932398568e-19
2.9209609511677286e-06 1.9049470898379233e-19
2.9507666751592355e-06 1.9672890320658638e-19
2.980572399150743e-06 1.9170235162707436e-19
3.0103781231422507e-06 1.8398751357469728e-19
3.040183847133758e-06 1.8586877352860116e-19
3.0699895711252654e-06 1.991473379283947e-19
3.0997952951167727e-06 1.9500069186684005e-19
3.12960101910828e-06 1.7907973248720253e-19
3.159406743099788e-06 1.8693182509130773e-19
3.1892124670912952e-06 1.9848750916236775e-19
3.2190181910828026e-06 1.9214897636306582e-19
3.2488239150743104e-06 1.854763130919508e-19
3.2786296390658173e-06 1.8421105070368741e-19
3.3084353630573247e-06 1.9456252579241533e-19
3.3382410870488324e-06 2.0013080559842776e-19
3.36804681104034e-06 1.8281145067290476e-19
3.397852535031847e-06 1.8318062675639728e-19
3.4276582590233545e-06 1.992464199131998e-19
3.457463983014862e-06 1.9511191121318234e-19
3.4872697070063696e-06 1.8504270801155184e-19
3.517075430997877e-06 1.826683392800677e-19
3.5468811549893844e-06 1.9280060044411273e-19
3.576686878980892e-06 1.988922358554617e-19
3.606492602972399e-06 1.837378747726893e-19
3.6362983269639064e-06 1.7982293550206451e-19
3.6661040509554142e-06 1.9527815571667633e-19
3.6959097749469216e-06 1.9597947621535457e-19
3.7257154989384294e-06 1.837450598340026e-19
3.7555212229299363e-06 1.8228524513193484e-19
3.7853269469214436e-06 1.9043334694159618e-19
3.815132670912951e-06 1.9732288186813707e-19
3.844938394904459e-06 1.863211189541413e-19
3.8747441188959666e-06 1.747292496514411e-19
3.9045498428874735e-06 1.8921040494092158e-19
3.9343555668789804e-06 1.954980887739869e-19
3.964161290870488e-06 1.8266228461327024e-19
3.993967014861996e-06 1.773586343024053e-19
4.023772738853504e-06 1.8491721783957384e-19
4.053578462845011e-06 1.9275482094319934e-19
4.083384186836518e-06 1.8565882769038902e-19
4.113189910828025e-06 1.740778613895579e-19
4.142995634819533e-06 1.8136629295387406e-19
4.17280135881104e-06 1.9206500485979676e-19
4.202607082802548e-06 1.8244441782880643e-19
4.232412806794056e-06 1.7296502111790842e-19
4.262218530785563e-06 1.7764379702882204e-19
4.2920242547770696e-06 1.8625925381956292e-19
4.321829978768577e-06 1.8332643676654082e-19
4.351635702760085e-06 1.6919267203689836e-19
4.381441426751593e-06 1.715633110614937e-19
4.4112471507431e-06 1.8585131621967601e-19
4.441052874734608e-06 1.808456228857318e-19
4.4708585987261145e-06 1.675089912456035e-19
4.5006643227176215e-06 1.7037980363753413e-19
4.53047004670913e-06 1.79120840218287e-19
4.560275770700637e-06 1.7885617918553183e-19
4.590081494692145e-06 1.6786956247813934e-19
4.619887218683652e-06 1.6330067866756164e-19
4.649692942675159e-06 1.765458032474559e-19
4.679498666666667e-06 1.7726702816792986e-19
4.709304390658174e-06 1.6211288599127221e-19
4.739110114649682e-06 1.6123800130088454e-19
4.768915838641189e-06 1.70658869390247e-19
4.798721562632696e-06 1.73228570718968e-19
4.828527286624204e-06 1.6382559980235023e-19
4.8583330106157115e-06 1.5641640524886724e-19
4.888138734607219e-06 1.663644278663994e-19
4.917944458598726e-06 1.7256068644356705e-19
4.947750182590233e-06 1.5949732743750594e-19
4.977555906581741e-06 1.528415011908373e-19
5.007361630573249e-06 1.6138246154832548e-19
5.0371673545647564e-06 1.6609554403260643e-19
5.066973078556263e-06 1.5780734086263499e-19
5.09677880254777e-06 1.470141859261757e-19
5.126584526539278e-06 1.5614002910241652e-19
5.156390250530785e-06 1.6571399863340165e-19
5.186195974522294e-06 1.5290864281344276e-19
5.216001698513801e-06 1.451086514285832e-19
5.245807422505308e-06 1.5206054502279065e-19
5.275613146496815e-06 1.5908117682802303e-19
5.305418870488322e-06 1.5298624963030782e-19
5.335224594479831e-06 1.402513596014552e-19
5.365030318471338e-06 1.4480304000147842e-19
5.3948360424628456e-06 1.5620128852043928e-19
5.4246417664543525e-06 1.4890690355919965e-19
5.4544474904458594e-06 1.3508596288352788e-19
5.484253214437367e-06 1.4077509099716963e-19
5.514058938428875e-06 1.507970759966453e-19
5.543864662420383e-06 1.4619421498554386e-19
5.57367038641189e-06 1.3502673767031457e-19
5.603476110403397e-06 1.33863494059021e-19
5.6332818343949044e-06 1.4682661647110493e-19
5.663087558386412e-06 1.434541064621117e-19
5.69289328237792e-06 1.2942436728662166e-19
5.722699006369427e-06 1.3092332162753845e-19
5.752504730360934e-06 1.3761796462046809e-19
5.782310454352442e-06 1.3867904078826388e-19
5.8121161783439486e-06 1.2770774902037763e-19
5.841921902335457e-06 1.219285029602956e-19
5.871727626326964e-06 1.323902655495508e-19
5.901533350318471e-06 1.3480691465314172e-19
5.931339074309979e-06 1.227289502838726e-19
5.961144798301486e-06 1.187982995711648e-19
5.990950522292994e-06 1.279809211528059e-19
6.020756246284501e-06 1.294233153670837e-19
6.050561970276008e-06 1.1943921835465666e-19
6.080367694267516e-06 1.1229773007794455e-19
6.110173418259023e-06 1.1952574109669614e-19
6.139979142250531e-06 1.2604709537838893e-19
6.1697848662420385e-06 1.1448579918737373e-19
6.1995905902335455e-06 1.0618262698265314e-19
6.229396314225053e-06 1.1358820946692521e-19
6.25920203821656e-06 1.1977248257364978e-19
6.289007762208068e-06 1.117512644499373e-19
6.318813486199576e-06 1.0118484362825484e-19
6.3486192101910835e-06 1.0711046313557461e-19
6.3784249341825905e-06 1.1543832567911196e-19
6.408230658174097e-06 1.068549240891972e-19
6.438036382165605e-06 9.589905402830967e-20
6.467842106157112e-06 9.968541209063979e-20
6.497647830148621e-06 1.0641736781692035e-19
6.527453554140128e-06 1.0147665245920442e-19
6.557259278131635e-06 9.037107566965835e-20
6.587065002123142e-06 9.102656792974068e-20
6.616870726114649e-06 1.0145526381712252e-19
6.646676450106158e-06 9.580334686065154e-20
6.676482174097665e-06 8.538924002881226e-20
6.706287898089172e-06 8.727602575712915e-20
6.73609362208068e-06 9.211181939029014e-20
6.7658993460721865e-06 9.096160945141446e-20
6.795705070063694e-06 7.923732727631085e-20
6.825510794055202e-06 7.785134708388822e-20
6.855316518046709e-06 8.778388622174471e-20
6.885122242038217e-06 8.383869103018918e-20
6.914927966029724e-06 7.316508354933449e-20
6.9447336900212315e-06 7.208306785765229e-20
6.974539414012739e-06 7.798971194809141e-20
7.004345138004246e-06 7.787761418714737e-20
7.034150861995754e-06 6.813962011012533e-20
7.063956585987261e-06 6.273006540990363e-20
7.093762309978769e-06 7.142527327511783e-20
7.123568033970276e-06 7.357422716338611e-20
7.153373757961784e-06 6.011409682259001e-20
7.183179481953291e-06 5.63283450660058e-20
7.212985205944798e-06 6.244878520524457e-20
7.242790929936306e-06 6.292603594358841e-20
7.272596653927813e-06 5.600293227432408e-20
7.3024023779193215e-06 4.739637541376884e-20
7.3322081019108284e-06 5.246745770939892e-20
7.362013825902335e-06 5.906190809632827e-20
7.391819549893843e-06 4.760009215917219e-20
7.42162527388535e-06 4.117108961965398e-20
7.451430997876859e-06 4.7638151950651694e-20
7.481236721868366e-06 4.771723614262891e-20
7.5110424458598726e-06 4.203440733572704e-20
7.54084816985138e-06 3.3980959950196575e-20
7.570653893842887e-06 3.321772778290922e-20
7.600459617834395e-06 4.2075010717668383e-20
7.630265341825902e-06 3.421570851138145e-20
7.66007106581741e-06 2.2919820817688253e-20
7.689876789808918e-06 2.9088870865926145e-20
7.719682513800425e-06 3.092633655681012e-20
7.749488237791933e-06 2.605823154897652e-20
7.77929396178344e-06 1.911515259432873e-20
7.809099685774947e-06 1.4863061200522512e-20
7.838905409766455e-06 2.36450243489216e-20
7.868711133757961e-06 2.1308721086085963e-20
7.89851685774947e-06 5.883131464994983e-21
7.928322581740976e-06 8.423232717582657e-21
7.958128305732484e-06 1.363297288098267e-20
7.987934029723992e-06 9.183586364517534e-21
8.017739753715498e-06 1.6672010675883778e-21
8.047545477707008e-06 -5.2688902548780974e-21
8.077351201698514e-06 3.1215789940633598e-21
8.107156925690021e-06 3.0060135967861497e-21
8.13696264968153e-06 -1.016112910882205e-20
8.166768373673035e-06 -1.0516322283697264e-20
8.196574097664545e-06 -6.815697701588741e-21
8.22637982165605e-06 -8.376276151954054e-21
8.256185545647559e-06 -1.5840869851018157e-20
8.285991269639066e-06 -2.2101513233736543e-20
8.315796993630574e-06 -1.8756731320075695e-20
8.34560271762208e-06 -1.5741484562038345e-20
8.375408441613588e-06 -2.5778600845873866e-20
8.405214165605096e-06 -3.265012537365295e-20
8.435019889596602e-06 -2.71480025219159e-20
8.464825613588111e-06 -2.864914147845182e-20
8.494631337579617e-06 -3.393807744016552e-20
8.524437061571125e-06 -3.7966391776477564e-20
8.554242785562633e-06 -4.054989355529472e-20
8.584048509554139e-06 -3.59899838137145e-20
8.613854233545649e-06 -4.0404161638095355e-20
8.643659957537155e-06 -5.067264378736053e-20
8.673465681528662e-06 -4.9083021936754154e-20
8.70327140552017e-06 -4.657663815739732e-20
8.733077129511678e-06 -5.1395578030549514e-20
8.762882853503186e-06 -5.712590945562384e-20
8.792688577494692e-06 -6.04127003988072e-20
8.8224943014862e-06 -5.663861768221504e-20
8.852300025477706e-06 -5.627715501141152e-20
8.882105749469215e-06 -6.845140738694763e-20
8.911911473460723e-06 -6.816022066220532e-20
8.941717197452229e-06 -6.225124686476972e-20
8.971522921443737e-06 -6.92086035599881e-20
9.001328645435243e-06 -7.379504146328348e-20
9.031134369426752e-06 -7.7261351085434e-20
9.06094009341826e-06 -7.560488677018714e-20
9.090745817409766e-06 -7.423635815960883e-20
9.120551541401274e-06 -8.612577592979607e-20
9.15035726539278e-06 -8.780573361106185e-20
9.18016298938429e-06 -8.191974766092418e-20
9.209968713375797e-06 -8.578449478867604e-20
9.239774437367304e-06 -8.967090300331067e-20
9.269580161358811e-06 -9.416279098252644e-20
9.299385885350317e-06 -9.323997349612516e-20
9.329191609341827e-06 -8.923398653909238e-20
9.358997333333335e-06 -9.900313420356144e-20
9.38880305732484e-06 -1.0486236956515025e-19
9.418608781316348e-06 -9.998813693973631e-20
9.448414505307855e-06 -1.017566447397987e-19
9.478220229299364e-06 -1.0702641163976306e-19
9.508025953290872e-06 -1.113054192937544e-19
9.537831677282378e-06 -1.1065310987414347e-19
9.567637401273886e-06 -1.0636784357148868e-19
9.597443125265392e-06 -1.1379898382259597e-19
9.627248849256901e-06 -1.1999910050171166e-19
9.657054573248407e-06 -1.150869272781593e-19
9.686860297239915e-06 -1.1585593258715155e-19
9.716666021231423e-06 -1.1978850064421575e-19
9.746471745222929e-06 -1.2504505998154783e-19
9.776277469214438e-06 -1.290360579619845e-19
9.806083193205945e-06 -1.2292246250758626e-19
9.835888917197452e-06 -1.261678216487738e-19
9.86569464118896e-06 -1.3479529228564538e-19
9.895500365180466e-06 -1.3250833414423442e-19
9.925306089171976e-06 -1.3278042455830958e-19
9.955111813163482e-06 -1.351438418539151e-19
9.98491753715499e-06 -1.380857822237953e-19
1.0014723261146497e-05 -1.4229603982922066e-19
1.0044528985138003e-05 -1.3942510410712667e-19
1.0074334709129513e-05 -1.3942819375879324e-19
1.0104140433121019e-05 -1.4751946744347598e-19
1.0133946157112527e-05 -1.4939615533873618e-19
1.0163751881104033e-05 -1.470904023404538e-19
1.019355760509554e-05 -1.4943727566214937e-19
1.022336332908705e-05 -1.5292741388540334e-19
1.0253169053078556e-05 -1.564616152114873e-19
1.0282974777070064e-05 -1.5536580431415215e-19
1.031278050106157e-05 -1.524449144698623e-19
1.0342586225053078e-05 -1.5893438272990614e-19
1.0372391949044587e-05 -1.638166487045555e-19
1.0402197673036093e-05 -1.6033652577785978e-19
1.0432003397027601e-05 -1.6135204889446798e-19
1.0461809121019107e-05 -1.665448089320356e-19
1.0491614845010617e-05 -1.6897160172031844e-19
1.0521420569002125e-05 -1.7063463640859296e-19
1.055122629299363e-05 -1.6827214225762692e-19
1.0581032016985138e-05 -1.7044717611015672e-19
1.0610837740976644e-05 -1.7744816847028735e-19
1.0640643464968154e-05 -1.7400643458921704e-19
1.0670449188959662e-05 -1.7402984684865162e-19
1.0700254912951168e-05 -1.786821575462397e-19
1.0730060636942676e-05 -1.8008881063077358e-19
1.0759866360934182e-05 -1.8215107651808837e-19
1.0789672084925691e-05 -1.7989336336679388e-19
1.0819477808917199e-05 -1.8163781122142075e-19
1.0849283532908705e-05 -1.8840764235506217e-19
1.0879089256900213e-05 -1.8947021729836823e-19
1.0908894980891719e-05 -1.877087929536936e-19
1.0938700704883228e-05 -1.8877642117600196e-19
1.0968506428874734e-05 -1.9284790767358055e-19
1.0998312152866242e-05 -1.9444249470599077e-19
1.102811787685775e-05 -1.9341680268004704e-19
1.1057923600849256e-05 -1.9313820318778068e-19
1.1087729324840766e-05 -1.962901113899739e-19
1.1117535048832272e-05 -1.9956040904173296e-19
1.114734077282378e-05 -1.9750823050208203e-19
1.1177146496815287e-05 -1.9837584107059796e-19
1.1206952220806793e-05 -2.0168096375405806e-19
1.1236757944798303e-05 -2.03699734922021e-19
1.1266563668789809e-05 -2.062665128832659e-19
1.1296369392781317e-05 -2.0392147868918819e-19
1.1326175116772824e-05 -2.0505269840751835e-19
1.135598084076433e-05 -2.1073191875429583e-19
1.138578656475584e-05 -2.0929120585570885e-19
1.1415592288747346e-05 -2.0795044279564747e-19
1.1445398012738854e-05 -2.1029958736507968e-19
1.147520373673036e-05 -2.122867901302717e-19
1.1505009460721868e-05 -2.1318154826122935e-19
1.1534815184713377e-05 -2.112673215361221e-19
1.1564620908704883e-05 -2.124523473730206e-19
1.1594426632696391e-05 -2.180433987196194e-19
1.1624232356687897e-05 -2.1762055897230987e-19
1.1654038080679405e-05 -2.1554908542021776e-19
1.1683843804670914e-05 -2.1800386505794176e-19
1.171364952866242e-05 -2.1918283216632473e-19
1.1743455252653928e-05 -2.2228799001620657e-19
1.1773260976645434e-05 -2.203840704822317e-19
1.1803066700636942e-05 -2.1589584385474656e-19
1.1832872424628452e-05 -2.243987517804483e-19
1.1862678148619958e-05 -2.2515061250971217e-19
1.1892483872611465e-05 -2.211366562566891e-19
1.1922289596602972e-05 -2.2423866329663483e-19
1.195209532059448e-05 -2.2368131426080715e-19
1.1981901044585989e-05 -2.2894771113423455e-19
1.2011706768577495e-05 -2.2677130391616304e-19
1.2041512492569003e-05 -2.2210991138437813e-19
1.2071318216560509e-05 -2.2889015516105257e-19
1.2101123940552017e-05 -2.3005474176978025e-19
1.2130929664543526e-05 -2.283877829746574e-19
1.2160735388535032e-05 -2.2746878146352233e-19
1.219054111252654e-05 -2.2834704264169e-19
1.2220346836518046e-05 -2.315719616059639e-19
1.2250152560509554e-05 -2.303718279658758e-19
1.2279958284501062e-05 -2.262068566410918e-19
1.230976400849257e-05 -2.2909764762819374e-19
1.2339569732484077e-05 -2.336579854994273e-19
1.2369375456475583e-05 -2.313930457411055e-19
1.2399181180467091e-05 -2.3093945665722975e-19
1.2428986904458599e-05 -2.300071681901689e-19
1.2458792628450107e-05 -2.3193068710095217e-19
1.2488598352441614e-05 -2.3494207483514235e-19
1.251840407643312e-05 -2.2926146845943393e-19
1.254820980042463e-05 -2.27880701674341e-19
1.2578015524416136e-05 -2.3404833347494117e-19
1.2607821248407644e-05 -2.330441236442455e-19
1.2637626972399152e-05 -2.292450315120136e-19
1.2667432696390658e-05 -2.3121917153519434e-19
1.2697238420382167e-05 -2.311389793619012e-19
1.2727044144373673e-05 -2.331827452812402e-19
1.2756849868365181e-05 -2.311338815647331e-19
1.2786655592356687e-05 -2.2687949101924087e-19
1.2816461316348195e-05 -2.329103863481939e-19
1.2846267040339704e-05 -2.329702810362044e-19
1.287607276433121e-05 -2.2795081030661067e-19
1.2905878488322718e-05 -2.2804606515824363e-19
1.2935684212314224e-05 -2.2874853779167656e-19
1.2965489936305732e-05 -2.2960057952756286e-19
1.2995295660297241e-05 -2.2906242725946296e-19
1.3025101384288748e-05 -2.250637340515515e-19
1.3054907108280255e-05 -2.2702085283737753e-19
1.3084712832271761e-05 -2.3018577668050625e-19
1.311451855626327e-05 -2.2519360466019348e-19
1.3144324280254779e-05 -2.242746010030025e-19
1.3174130004246285e-05 -2.2508497167066018e-19
1.3203935728237793e-05 -2.2578502152615677e-19
1.3233741452229299e-05 -2.257388598323866e-19
1.3263547176220806e-05 -2.183940377815661e-19
1.3293352900212316e-05 -2.2060088532915914e-19
1.3323158624203822e-05 -2.2502201372960117e-19
1.335296434819533e-05 -2.2050044761585847e-19
1.3382770072186836e-05 -2.1829716437168073e-19
1.3412575796178344e-05 -2.1680190639962543e-19
1.3442381520169853e-05 -2.193490076204748e-19
1.347218724416136e-05 -2.198617983211729e-19
1.3501992968152867e-05 -2.140762123123692e-19
1.3531798692144373e-05 -2.1434385624434336e-19
1.356160441613588e-05 -2.1819155873291353e-19
1.3591410140127389e-05 -2.1580795584673268e-19
1.3621215864118896e-05 -2.105005949132063e-19
1.3651021588110404e-05 -2.0887876169517148e-19
1.368082731210191e-05 -2.1076877030713525e-19
1.3710633036093418e-05 -2.131565899651152e-19
1.3740438760084926e-05 -2.074502511164513e-19
1.3770244484076434e-05 -2.0323349204274676e-19
1.3800050208067941e-05 -2.1090184200935806e-19
1.3829855932059447e-05 -2.098244470442969e-19
1.3859661656050955e-05 -2.0314453154862146e-19
1.3889467380042463e-05 -2.038350697915269e-19
1.391927310403397e-05 -2.0257970097124087e-19
1.3949078828025479e-05 -2.0435277530735132e-19
1.3978884552016985e-05 -2.0272573583794473e-19
1.4008690276008492e-05 -1.9496160422364239e-19
1.4038496e-05 -1.9913248545975168e-19
1.4068301723991508e-05 -2.0345444407889565e-19
1.4098107447983016e-05 -1.9664507799475234e-19
1.4127913171974522e-05 -1.9299261080062193e-19
1.415771889596603e-05 -1.9474960234249913e-19
1.4187524619957537e-05 -1.96913597889233e-19
1.4217330343949045e-05 -1.9613001759228618e-19
1.4247136067940551e-05 -1.8849027695483493e-19
1.4276941791932059e-05 -1.8901847534958795e-19
1.4306747515923569e-05 -1.9550311579799077e-19
1.4336553239915075e-05 -1.8841173652850752e-19
1.4366358963906582e-05 -1.854486514431348e-19
1.4396164687898089e-05 -1.8656015002796848e-19
1.4425970411889596e-05 -1.844805935337855e-19
1.4455776135881106e-05 -1.8775210643142986e-19
1.4485581859872612e-05 -1.8062818145330527e-19
1.451538758386412e-05 -1.7799389541388683e-19
1.4545193307855626e-05 -1.8545123200436972e-19
1.4574999031847134e-05 -1.8046407063835834e-19
1.4604804755838643e-05 -1.7676387304178977e-19
1.4634610479830149e-05 -1.7739353950614894e-19
1.4664416203821657e-05 -1.7705594267531195e-19
1.4694221927813163e-05 -1.787808044833826e-19
1.472402765180467e-05 -1.714341525432717e-19
1.475383337579618e-05 -1.6787685305223535e-19
1.4783639099787686e-05 -1.7555946176888834e-19
1.4813444823779194e-05 -1.725129148129725e-19
1.48432505477707e-05 -1.6608166463723106e-19
1.4873056271762208e-05 -1.6532150246963431e-19
1.4902861995753717e-05 -1.6454634188365378e-19
1.4932667719745223e-05 -1.6808262100092403e-19
1.4962473443736731e-05 -1.6523551432746504e-19
1.4992279167728237e-05 -1.5725050519214113e-19
1.5022084891719745e-05 -1.617812455711764e-19
1.5051890615711253e-05 -1.641774252381838e-19
1.508169633970276e-05 -1.5569971811207142e-19
1.5111502063694268e-05 -1.5414371323957985e-19
1.5141307787685775e-05 -1.5595451201924188e-19
1.5171113511677282e-05 -1.5497727858194508e-19
1.520091923566879e-05 -1.530483603410188e-19
1.5230724959660298e-05 -1.4642421542698015e-19
1.5260530683651804e-05 -1.4723433174883592e-19
1.5290336407643313e-05 -1.5070188604502627e-19
1.532014213163482e-05 -1.451335903907276e-19
1.534994785562633e-05 -1.426233885121418e-19
1.5379753579617835e-05 -1.4139514625871485e-19
1.540955930360934e-05 -1.4099064622174643e-19
1.543936502760085e-05 -1.4206976460731337e-19
1.5469170751592357e-05 -1.3462822649124217e-19
1.5498976475583866e-05 -1.3232785226080879e-19
1.5528782199575372e-05 -1.3866097905164158e-19
1.555858792356688e-05 -1.3184631676558996e-19
1.5588393647558388e-05 -1.2608444541047106e-19
1.5618199371549894e-05 -1.2935017598151157e-19
1.5648005095541403e-05 -1.262743810014001e-19
1.567781081953291e-05 -1.2703741323401723e-19
1.5707616543524416e-05 -1.2330684629065164e-19
1.5737422267515922e-05 -1.1711340253178081e-19
1.576722799150743e-05 -1.2293318160151444e-19
1.579703371549894e-05 -1.2059701330794555e-19
1.5826839439490447e-05 -1.1295040963258324e-19
1.5856645163481953e-05 -1.1242169838745144e-19
1.588645088747346e-05 -1.1290517720193037e-19
1.591625661146497e-05 -1.1178681786547617e-19
1.5946062335456478e-05 -1.0662302751913219e-19
1.5975868059447984e-05 -1.0332542158225441e-19
1.600567378343949e-05 -1.0656786418710077e-19
1.6035479507430996e-05 -1.0624644168798879e-19
1.6065285231422506e-05 -9.877461146193533e-20
1.6095090955414015e-05 -9.724019901414013e-20
1.612489667940552e-05 -9.914067255137676e-20
1.6154702403397027e-05 -9.582313065072265e-20
1.6184508127388533e-05 -9.475280825428489e-20
1.6214313851380043e-05 -8.873727701621716e-20
1.6244119575371552e-05 -8.721693809178512e-20
1.627392529936306e-05 -9.142308706065073e-20
1.6303731023354564e-05 -8.235854179059919e-20
1.633353674734607e-05 -8.13147412642131e-20
1.636334247133758e-05 -8.375843809352176e-20
1.639314819532909e-05 -7.791494948472044e-20
1.6422953919320596e-05 -7.91342912837551e-20
1.64527596433121e-05 -7.50527744658974e-20
1.6482565367303608e-05 -7.054210549599155e-20
1.6512371091295117e-05 -7.53323429645233e-20
1.6542176815286623e-05 -7.054193847602493e-20
1.6571982539278133e-05 -6.373039873260696e-20
1.660178826326964e-05 -6.679496119277004e-20
1.663159398726115e-05 -6.306812755326617e-20
1.6661399711252654e-05 -6.047346321181882e-20
1.669120543524416e-05 -6.074898895471632e-20
1.6721011159235667e-05 -5.418875019912154e-20
1.6750816883227176e-05 -5.726590586580794e-20
1.6780622607218686e-05 -5.715262886029743e-20
1.681042833121019e-05 -4.917149249136484e-20
1.6840234055201698e-05 -4.999745209088201e-20
1.6870039779193204e-05 -4.914442898511169e-20
1.6899845503184713e-05 -4.5688411605354256e-20
1.6929651227176223e-05 -4.507345119448647e-20
1.695945695116773e-05 -3.9443827099098106e-20
1.6989262675159235e-05 -3.8462882283937014e-20
1.701906839915074e-05 -4.1078488550401494e-20
1.704887412314225e-05 -3.2969367220365746e-20
1.707867984713376e-05 -3.224551142521593e-20
1.7108485571125266e-05 -3.486250216331559e-20
1.7138291295116772e-05 -2.9457324449892374e-20
1.7168097019108278e-05 -2.803736663466499e-20
1.7197902743099788e-05 -2.4907363788906305e-20
1.7227708467091297e-05 -2.4205352243674082e-20
1.7257514191082803e-05 -2.5681407024294673e-20
1.728731991507431e-05 -1.889098863965985e-20
1.731712563906582e-05 -1.512154032513868e-20
1.7346931363057325e-05 -1.8750832479457445e-20
1.7376737087048834e-05 -1.5828610525378988e-20
1.740654281104034e-05 -1.251867566697355e-20
1.7436348535031847e-05 -1.1254525434658824e-20
1.7466154259023356e-05 -4.705337542154927e-21
1.7495959983014862e-05 -9.266865893898823e-21
1.752576570700637e-05 -8.023113658131694e-21
1.7555571430997878e-05 2.672073276111337e-22
1.7585377154989384e-05 -5.1480191099719075e-21
1.7615182878980893e-05 5.23899522323877e-22
1.76449886029724e-05 4.91118321326092e-21
1.767479432696391e-05 1.3528280446175762e-21
1.770460005095541e-05 8.129111652489243e-21
1.773440577494692e-05 6.852899189794949e-21
1.776421149893843e-05 6.303152716931829e-21
1.7794017222929937e-05 1.495768228127408e-20
1.7823822946921446e-05 1.2686619522363359e-20
1.785362867091295e-05 1.2595244791528327e-20
1.7883434394904458e-05 1.8573621569775007e-20
1.7913240118895968e-05 1.52066858004594e-20
1.7943045842887474e-05 1.9343068587522175e-20
1.7972851566878983e-05 2.254536012888189e-20
1.8002657290870486e-05 1.9256823016042498e-20
1.8032463014861995e-05 2.6881933614944813e-20
1.8062268738853505e-05 2.6391469223386118e-20
1.809207446284501e-05 2.675988727263079e-20
1.812188018683652e-05 3.2855908569138895e-20
1.8151685910828023e-05 2.8330761123209007e-20
1.8181491634819533e-05 3.209610370249508e-20
1.8211297358811042e-05 3.6792351245483375e-20
1.8241103082802548e-05 3.322081392643489e-20
1.8270908806794058e-05 3.6027655223248254e-20
1.830071453078556e-05 3.972656356046324e-20
1.833052025477707e-05 3.9071479444415144e-20
1.836032597876858e-05 4.1854724731585776e-20
1.8390131702760085e-05 4.384123687395881e-20
1.8419937426751595e-05 4.3485262105289944e-20
1.8449743150743098e-05 5.0193375816736715e-20
1.8479548874734607e-05 4.935220801713581e-20
1.8509354598726116e-05 4.6970799405031985e-20
1.8539160322717623e-05 5.431557757791817e-20
1.8568966046709132e-05 5.194555616017903e-20
1.8598771770700635e-05 5.577020965363715e-20
1.8628577494692144e-05 5.938936001411876e-20
1.8658383218683654e-05 5.35518628969374e-20
1.868818894267516e-05 6.109597558730353e-20
1.871799466666667e-05 6.189792195842523e-20
1.8747800390658172e-05 6.074948272006713e-20
1.877760611464968e-05 6.734839123166568e-20
1.880741183864119e-05 6.521381822428688e-20
1.8837217562632697e-05 6.761369757017413e-20
1.8867023286624206e-05 7.276895435623514e-20
1.889682901061571e-05 6.924434467508919e-20
1.892663473460722e-05 7.258923965894038e-20
1.8956440458598728e-05 7.842044928385199e-20
1.8986246182590234e-05 7.342545873310002e-20
1.9016051906581744e-05 7.803769529370803e-20
1.9045857630573246e-05 8.227853605117639e-20
1.9075663354564756e-05 7.825034338608659e-20
1.9105469078556265e-05 8.671571074756173e-20
1.913527480254777e-05 8.501318295408017e-20
1.916508052653928e-05 8.366652838396864e-20
1.9194886250530784e-05 9.36964763597751e-20
1.9224691974522293e-05 8.916286670510616e-20
1.9254497698513803e-05 9.132237323891726e-20
1.928430342250531e-05 9.612880227113221e-20
1.9314109146496815e-05 9.386701033762384e-20
1.934391487048832e-05 1.0061293017927864e-19
1.937372059447983e-05 9.775112286644749e-20
1.940352631847134e-05 9.585704006011308e-20
1.9433332042462846e-05 1.0735742448602349e-19
1.9463137766454352e-05 1.0463868561296168e-19
1.9492943490445858e-05 1.019031023757727e-19
1.9522749214437367e-05 1.116552391742807e-19
1.9552554938428877e-05 1.102368147662153e-19
1.9582360662420383e-05 1.118021649867361e-19
1.961216638641189e-05 1.167260858022872e-19
1.9641972110403395e-05 1.1024548851861277e-19
1.9671777834394905e-05 1.1889173249801861e-19
1.9701583558386414e-05 1.2481515746200632e-19
1.973138928237792e-05 1.159492448978302e-19
1.9761195006369426e-05 1.2256981626852262e-19
1.9791000730360932e-05 1.2578946973892574e-19
1.9820806454352442e-05 1.2486333736535346e-19
1.985061217834395e-05 1.306896526943938e-19
1.9880417902335457e-05 1.2637837351319898e-19
1.9910223626326964e-05 1.304152287048672e-19
1.994002935031847e-05 1.3886994237172608e-19
1.996983507430998e-05 1.326891207372839e-19
1.999964079830149e-05 1.338886767420005e-19
2.0029446522292995e-05 1.4004793243229235e-19
2.00592522462845e-05 1.398306286761989e-19
2.0089057970276007e-05 1.4250422696850812e-19
2.0118863694267516e-05 1.4194049598464668e-19
2.0148669418259026e-05 1.410782104609629e-19
2.0178475142250532e-05 1.4952472917176836e-19
2.0208280866242038e-05 1.491168641120957e-19
2.0238086590233544e-05 1.4498215705762292e-19
2.0267892314225054e-05 1.5307442857567986e-19
2.0297698038216563e-05 1.5490493080654715e-19
2.0327503762208066e-05 1.5434435969689796e-19
2.0357309486199575e-05 1.5671117314345248e-19
2.038711521019108e-05 1.5385713403519413e-19
2.041692093418259e-05 1.6150261027061553e-19
2.04467266581741e-05 1.6551392660210503e-19
2.0476532382165603e-05 1.5649219608495327e-19
2.0506338106157112e-05 1.6130643975179052e-19
2.053614383014862e-05 1.6777385869556474e-19
2.0565949554140128e-05 1.6673450352545336e-19
2.0595755278131637e-05 1.6767644351701178e-19
2.062556100212314e-05 1.661029627136438e-19
2.065536672611465e-05 1.7204750986371198e-19
2.0685172450106156e-05 1.7754922093446843e-19
2.0714978174097665e-05 1.7136296813311964e-19
2.0744783898089175e-05 1.7253964498741265e-19
2.0774589622080677e-05 1.7911284808244464e-19
2.0804395346072187e-05 1.7978621209369145e-19
2.0834201070063693e-05 1.7904098646856854e-19
2.0864006794055202e-05 1.7560038430122692e-19
2.0893812518046712e-05 1.7996704445878998e-19
2.0923618242038215e-05 1.9043418592496557e-19
2.0953423966029724e-05 1.818191787143341e-19
2.0983229690021233e-05 1.789277366907797e-19
2.101303541401274e-05 1.914717019475246e-19
2.104284113800425e-05 1.8989253288932856e-19
2.1072646861995752e-05 1.8971814672843817e-19
2.110245258598726e-05 1.9011225794752006e-19
2.113225830997877e-05 1.890750858087985e-19
2.1162064033970277e-05 1.9890792368927557e-19
2.1191869757961786e-05 1.9510679920793184e-19
2.122167548195329e-05 1.890844369760961e-19
2.12514812059448e-05 1.978822275812728e-19
2.1281286929936308e-05 2.008480994238666e-19
2.1311092653927814e-05 1.9952271280188722e-19
2.1340898377919323e-05 1.9823418412455235e-19
2.1370704101910826e-05 1.986424410419555e-19
2.1400509825902336e-05 2.0842477549950102e-19
2.1430315549893845e-05 2.0836038577353893e-19
2.146012127388535e-05 2.0080040609495346e-19
2.148992699787686e-05 2.0666373811296112e-19
2.1519732721868363e-05 2.1078277919340981e-19
2.1549538445859873e-05 2.1032162810219646e-19
2.1579344169851382e-05 2.0874638715611374e-19
2.160914989384289e-05 2.069629191717412e-19
2.1638955617834398e-05 2.1648539838239053e-19
2.16687613418259e-05 2.185247777526417e-19
2.169856706581741e-05 2.1024108321101325e-19
2.172837278980892e-05 2.1254059338059385e-19
2.1758178513800426e-05 2.2129775484412256e-19
2.1787984237791935e-05 2.231218679019525e-19
2.1817789961783438e-05 2.1803148875679567e-19
2.1847595685774947e-05 2.1751154403496464e-19
2.1877401409766457e-05 2.238026439757575e-19
2.1907207133757963e-05 2.283993510908809e-19
2.193701285774947e-05 2.228275333773325e-19
2.1966818581740975e-05 2.194594782803739e-19
2.1996624305732484e-05 2.275450275256226e-19
2.2026430029723994e-05 2.3071387432760987e-19
2.20562357537155e-05 2.286122777847706e-19
2.2086041477707006e-05 2.2546939092658394e-19
2.2115847201698512e-05 2.289554737788352e-19
2.214565292569002e-05 2.402438458598824e-19
2.217545864968153e-05 2.3330435276643863e-19
2.2205264373673037e-05 2.249740298297209e-19
2.2235070097664543e-05 2.370293993303847e-19
2.226487582165605e-05 2.4045116068282547e-19
2.229468154564756e-05 2.357848695037332e-19
2.232448726963907e-05 2.3473362705050202e-19
2.2354292993630574e-05 2.343456005647937e-19
2.238409871762208e-05 2.448846911168881e-19
2.2413904441613587e-05 2.4337323145564134e-19
2.2443710165605096e-05 2.33293221936075e-19
2.2473515889596606e-05 2.4252989661635985e-19
2.250332161358811e-05 2.4791200043098235e-19
2.2533127337579618e-05 2.4614054357419176e-19
2.2562933061571124e-05 2.4305200537177387e-19
2.2592738785562633e-05 2.407977428308121e-19
2.2622544509554143e-05 2.5142411376814295e-19
2.265235023354565e-05 2.533547133681388e-19
2.2682155957537155e-05 2.409745793925187e-19
2.271196168152866e-05 2.445462379446344e-19
2.274176740552017e-05 2.5484318782541e-19
2.277157312951168e-05 2.515952246300697e-19
2.2801378853503186e-05 2.5047510191217003e-19
2.2831184577494692e-05 2.485526595748532e-19
2.2860990301486198e-05 2.528562871129987e-19
2.2890796025477708e-05 2.633938835681946e-19
2.2920601749469217e-05 2.503090514464036e-19
2.295040747346072e-05 2.4794020458893694e-19
2.298021319745223e-05 2.6355409687642497e-19
2.3010018921443735e-05 2.597495681657678e-19
2.3039824645435245e-05 2.5418596095949346e-19
2.3069630369426754e-05 2.5286709724802953e-19
2.3099436093418257e-05 2.581797150001329e-19
2.3129241817409767e-05 2.6895497898293404e-19
2.3159047541401273e-05 2.577551447255175e-19
2.3188853265392782e-05 2.516259173129955e-19
2.321865898938429e-05 2.669104924767362e-19
2.3248464713375794e-05 2.6693034235666265e-19
2.3278270437367304e-05 2.607194188736607e-19
2.330807616135881e-05 2.5979073405698157e-19
2.333788188535032e-05 2.60503297065076e-19
2.336768760934183e-05 2.7233178538782926e-19
2.339749333333333e-05 2.6830440505850776e-19
2.342729905732484e-05 2.5434233076144005e-19
2.3457104781316347e-05 2.6497121774370837e-19
2.3486910505307857e-05 2.7388337525235703e-19
2.3516716229299366e-05 2.6649336720720163e-19
2.354652195329087e-05 2.623287569771685e-19
2.3576327677282378e-05 2.634028378213925e-19
2.3606133401273884e-05 2.7437859887027813e-19
2.3635939125265394e-05 2.750312963476217e-19
2.3665744849256903e-05 2.5856496632756727e-19
2.3695550573248406e-05 2.6629961398592223e-19
2.3725356297239915e-05 2.78012837243707e-19
2.375516202123142e-05 2.68833803924716e-19
2.378496774522293e-05 2.650289632255767e-19
2.381477346921444e-05 2.660150564286522e-19
2.3844579193205943e-05 2.7142609319608876e-19
2.3874384917197453e-05 2.768729109387604e-19
2.390419064118896e-05 2.6407637600260377e-19
2.3933996365180468e-05 2.615199508573324e-19
2.3963802089171978e-05 2.7842980963618674e-19
2.399360781316348e-05 2.746852411530733e-19
2.402341353715499e-05 2.636745644968592e-19
2.4053219261146496e-05 2.6656781951804236e-19
2.4083024985138005e-05 2.704351117242565e-19
2.4112830709129515e-05 2.759242228319186e-19
2.4142636433121018e-05 2.668863513446113e-19
2.4172442157112527e-05 2.571671937928932e-19
2.4202247881104033e-05 2.731112528895516e-19
2.4232053605095543e-05 2.7457846055726887e-19
2.4261859329087052e-05 2.6139066504032993e-19
2.4291665053078555e-05 2.6484921894074976e-19
2.4321470777070064e-05 2.6695330246860777e-19
2.435127650106157e-05 2.7112913362543247e-19
2.438108222505308e-05 2.7016846541879086e-19
2.441088794904459e-05 2.5466462255802205e-19
2.4440693673036092e-05 2.650053796058786e-19
2.44704993970276e-05 2.7421732442941714e-19
2.4500305121019107e-05 2.592819670406653e-19
2.4530110845010617e-05 2.577624909161117e-19
2.4559916569002123e-05 2.603481705022928e-19
2.458972229299363e-05 2.6531595160582375e-19
2.461952801698514e-05 2.667559017998541e-19
2.4649333740976645e-05 2.507275538345496e-19
2.4679139464968154e-05 2.5546326327976574e-19
2.470894518895966e-05 2.6937540080105684e-19
2.4738750912951166e-05 2.5765370803479847e-19
2.4768556636942676e-05 2.509580409220937e-19
2.4798362360934182e-05 2.559145783230983e-19
2.482816808492569e-05 2.575530423448362e-19
2.4857973808917197e-05 2.5919491578848363e-19
2.4887779532908704e-05 2.4701747232271214e-19
2.4917585256900213e-05 2.440978899344207e-19
2.4947390980891723e-05 2.6074953682654135e-19
2.497719670488323e-05 2.5154051864970866e-19
2.5007002428874735e-05 2.4107827900194293e-19
2.503680815286624e-05 2.4745157279312675e-19
2.506661387685775e-05 2.4837747758364317e-19
2.509641960084926e-05 2.527739877395654e-19
2.5126225324840766e-05 2.4295583342322364e-19
2.5156031048832272e-05 2.325287514658949e-19
2.5185836772823778e-05 2.496389411434209e-19
2.5215642496815287e-05 2.5007298085064396e-19
2.5245448220806797e-05 2.3208704767204755e-19
2.5275253944798303e-05 2.3526854444973563e-19
2.530505966878981e-05 2.3991903922157717e-19
2.5334865392781315e-05 2.391472745314444e-19
2.5364671116772825e-05 2.360587270481015e-19
2.5394476840764334e-05 2.234769635890245e-19
2.542428256475584e-05 2.337152794150621e-19
2.5454088288747346e-05 2.4288466302166285e-19
2.5483894012738852e-05 2.2266373983651934e-19
2.5513699736730362e-05 2.2404521695308126e-19
2.554350546072187e-05 2.3212503114520997e-19
2.5573311184713374e-05 2.272785075298835e-19
2.5603116908704884e-05 2.2853949408109353e-19
2.563292263269639e-05 2.1433339762721451e-19
2.56627283566879e-05 2.164386085948157e-19
2.569253408067941e-05 2.319229460584365e-19
2.572233980467091e-05 2.1623487626868663e-19
2.575214552866242e-05 2.10241998163865e-19
2.5781951252653927e-05 2.1787102760200894e-19
2.5811756976645436e-05 2.1791813226988506e-19
2.5841562700636946e-05 2.1789381035656597e-19
2.587136842462845e-05 2.0461468438573243e-19
2.5901174148619958e-05 2.018507574112801e-19
2.5930979872611464e-05 2.1789973216893914e-19
2.5960785596602973e-05 2.091462504043991e-19
2.5990591320594483e-05 1.948118329823957e-19
2.6020397044585986e-05 2.0142940437560598e-19
2.6050202768577495e-05 2.028142112938195e-19
2.6080008492569e-05 2.0231317732154738e-19
2.610981421656051e-05 1.9661632589891313e-19
2.613961994055202e-05 1.8527552613265985e-19
2.6169425664543523e-05 1.9896148952978824e-19
2.6199231388535032e-05 2.0072633227960644e-19
2.622903711252654e-05 1.8028937113677067e-19
2.6258842836518048e-05 1.8483755544110627e-19
2.6288648560509557e-05 1.9064647149631744e-19
2.631845428450106e-05 1.859035449775218e-19
2.634826000849257e-05 1.8113768095332025e-19
2.6378065732484076e-05 1.6891810148055164e-19
2.6407871456475585e-05 1.7842513313525742e-19
2.6437677180467095e-05 1.8601340934198506e-19
2.6467482904458597e-05 1.644138278629897e-19
2.6497288628450107e-05 1.6449037225751777e-19
2.6527094352441613e-05 1.7438883705330926e-19
2.6556900076433122e-05 1.6878858957823542e-19
2.6586705800424632e-05 1.6638491734794102e-19
2.6616511524416134e-05 1.5580380274695025e-19
2.6646317248407644e-05 1.5666324079485958e-19
2.667612297239915e-05 1.6945246944211255e-19
2.670592869639066e-05 1.5296320214648524e-19
2.673573442038217e-05 1.4272859894006087e-19
2.6765540144373672e-05 1.5377816409039482e-19
2.679534586836518e-05 1.5061791136638207e-19
2.6825151592356687e-05 1.4576845380076545e-19
2.6854957316348197e-05 1.3815733948503277e-19
2.6884763040339706e-05 1.3432834549388704e-19
2.691456876433121e-05 1.495848915022297e-19
2.694437448832272e-05 1.3840312970383635e-19
2.6974180212314224e-05 1.2014546571566573e-19
2.7003985936305734e-05 1.3394482804272077e-19
2.7033791660297243e-05 1.3327238164846249e-19
2.7063597384288746e-05 1.2331546850851916e-19
2.7093403108280256e-05 1.2101816647438285e-19
2.712320883227176e-05 1.1249810474064757e-19
2.715301455626327e-05 1.2222903324723747e-19
2.7182820280254777e-05 1.2298302220356327e-19
2.7212626004246283e-05 1.0153788790857695e-19
2.7242431728237793e-05 1.0671771534175284e-19
2.72722374522293e-05 1.148886498521813e-19
2.730204317622081e-05 1.0608033464395759e-19
2.7331848900212314e-05 1.000397796652704e-19
2.736165462420382e-05 9.211820568516606e-20
2.739146034819533e-05 9.783227633696367e-20
2.7421266072186836e-05 1.0299804284707071e-19
2.7451071796178346e-05 8.165490965937782e-20
2.748087752016985e-05 7.939733977738779e-20
2.7510683244161358e-05 9.236025811663215e-20
2.7540488968152867e-05 8.29712493327679e-20
2.7570294692144373e-05 7.727941354729167e-20
2.7600100416135883e-05 7.187425981170642e-20
2.762990614012739e-05 6.97105397011977e-20
2.7659711864118895e-05 8.098277942260177e-20
2.7689517588110404e-05 6.585152948698523e-20
2.771932331210191e-05 5.396868056760029e-20
2.774912903609342e-05 6.713611259756788e-20
2.7778934760084926e-05 6.14607502362675e-20
2.7808740484076432e-05 5.327741726243486e-20
2.783854620806794e-05 4.9317403061933606e-20
2.7868351932059448e-05 4.328027427054103e-20
2.7898157656050957e-05 5.497254724449923e-20
2.7927963380042463e-05 4.68852079335305e-20
2.795776910403397e-05 2.7183331343786045e-20
2.798757482802548e-05 4.038835173644501e-20
2.8017380552016985e-05 4.0758473614362444e-20
