0.0 3.4574854063927254e-19
2.9821459910913145e-08 3.674299962457644e-19
5.964291982182629e-08 3.7653495040989713e-19
8.946437973273944e-08 3.5578238116317044e-19
1.1928583964365258e-07 3.634982205476458e-19
1.4910729955456572e-07 3.761419483603757e-19
1.7892875946547888e-07 3.785855123357996e-19
2.0875021937639202e-07 3.7796645025592893e-19
2.3857167928730516e-07 3.661145392659553e-19
2.683931391982183e-07 3.795911785675685e-19
2.9821459910913144e-07 3.968962478462359e-19
3.2803605902004463e-07 3.783066497358835e-19
3.5785751893095776e-07 3.7561811333687536e-19
3.876789788418709e-07 3.922775006401267e-19
4.1750043875278404e-07 3.945449609913927e-19
4.473218986636972e-07 3.9448181653734434e-19
4.771433585746103e-07 3.840145010056827e-19
5.069648184855235e-07 3.878657092558853e-19
5.367862783964366e-07 4.132216154572006e-19
5.666077383073497e-07 3.9980309368138924e-19
5.964291982182629e-07 3.852833393975939e-19
6.26250658129176e-07 4.043045440003354e-19
6.560721180400893e-07 4.0963378107360995e-19
6.858935779510024e-07 4.0750243413356773e-19
7.157150378619155e-07 3.9904779746260214e-19
7.455364977728286e-07 3.957062308843589e-19
7.753579576837418e-07 4.1911708408965744e-19
8.051794175946549e-07 4.1570245995390184e-19
8.350008775055681e-07 3.9510698890455193e-19
8.648223374164812e-07 4.0952098277917585e-19
8.946437973273944e-07 4.20515858837085e-19
9.244652572383075e-07 4.1618597377867017e-19
9.542867171492206e-07 4.119218619651448e-19
9.841081770601338e-07 4.05675944451492e-19
1.013929636971047e-06 4.238390160033299e-19
1.04375109688196e-06 4.2853456231280043e-19
1.0735725567928732e-06 4.039704340449277e-19
1.1033940167037863e-06 4.1242978943260093e-19
1.1332154766146995e-06 4.2791469408874607e-19
1.1630369365256126e-06 4.232204133953763e-19
1.1928583964365257e-06 4.1873888290008333e-19
1.222679856347439e-06 4.105674211552195e-19
1.252501316258352e-06 4.212759431545799e-19
1.2823227761692652e-06 4.363665781990647e-19
1.3121442360801785e-06 4.1638749616273913e-19
1.3419656959910914e-06 4.096729871817403e-19
1.3717871559020048e-06 4.3087483924443597e-19
1.4016086158129177e-06 4.301706614877657e-19
1.431430075723831e-06 4.208998039683553e-19
1.4612515356347442e-06 4.1570829394403656e-19
1.4910729955456571e-06 4.190063845453775e-19
1.5208944554565705e-06 4.363663089553421e-19
1.5507159153674836e-06 4.2358092020737737e-19
1.5805373752783968e-06 4.0900975612924813e-19
1.6103588351893099e-06 4.276736503895486e-19
1.6401802951002228e-06 4.318829759830961e-19
1.6700017550111362e-06 4.2343167639044557e-19
1.6998232149220493e-06 4.160475766805739e-19
1.7296446748329624e-06 4.1726567706884e-19
1.7594661347438756e-06 4.356930259581283e-19
1.7892875946547887e-06 4.2717963717740867e-19
1.8191090545657019e-06 4.067839006427625e-19
1.848930514476615e-06 4.2076518330330655e-19
1.8787519743875283e-06 4.3167232158521217e-19
1.9085734342984413e-06 4.2185994170563945e-19
1.938394894209354e-06 4.1388112034264316e-19
1.9682163541202675e-06 4.119534996922305e-19
1.9980378140311805e-06 4.2720543293464626e-19
2.027859273942094e-06 4.2962239370518645e-19
2.057680733853007e-06 4.0544308568586615e-19
2.08750219376392e-06 4.1070281822868867e-19
2.1173236536748335e-06 4.2735768104203174e-19
2.1471451135857464e-06 4.1898643694589813e-19
2.1769665734966593e-06 4.0970496898113302e-19
2.2067880334075727e-06 4.060538895570275e-19
2.236609493318486e-06 4.1685975926314022e-19
2.266430953229399e-06 4.2412801276939323e-19
2.2962524131403123e-06 4.0277395504452047e-19
2.326073873051225e-06 4.000988032304211e-19
2.3558953329621386e-06 4.187611742763003e-19
2.3857167928730515e-06 4.139511532586855e-19
2.415538252783965e-06 4.021855328480385e-19
2.445359712694878e-06 3.9827620109353923e-19
2.4751811726057907e-06 4.0440185148079894e-19
2.505002632516704e-06 4.156133597754948e-19
2.5348240924276174e-06 3.993863041009038e-19
2.5646455523385303e-06 3.859065196907159e-19
2.5944670122494437e-06 4.0422880987967883e-19
2.624288472160357e-06 4.0646558588408293e-19
2.65410993207127e-06 3.915216450027279e-19
2.683931391982183e-06 3.8801417867398883e-19
2.7137528518930962e-06 3.9136203636402505e-19
2.7435743118040096e-06 4.0211140715192265e-19
2.7733957717149225e-06 3.930107930735077e-19
2.8032172316258354e-06 3.730500139888711e-19
2.8330386915367488e-06 3.8845984770715972e-19
2.862860151447662e-06 3.965290283596498e-19
2.892681611358575e-06 3.808784357092622e-19
2.9225030712694884e-06 3.747341634676197e-19
2.9523245311804017e-06 3.7316657004369273e-19
2.9821459910913142e-06 3.8423633010113206e-19
3.0119674510022276e-06 3.829752879036586e-19
3.041788910913141e-06 3.60045473889979e-19
3.071610370824054e-06 3.676484043267646e-19
3.1014318307349672e-06 3.819067169304126e-19
3.13125329064588e-06 3.687743977424607e-19
3.1610747505567935e-06 3.596826732259242e-19
3.1908962104677064e-06 3.584869818241137e-19
3.2207176703786198e-06 3.6674238688170356e-19
3.250539130289533e-06 3.709145958451193e-19
3.2803605902004456e-06 3.45378777496553e-19
3.310182050111359e-06 3.447344796113269e-19
3.3400035100222723e-06 3.6518361825355185e-19
3.3698249699331853e-06 3.517925003104077e-19
3.3996464298440986e-06 3.41454581426736e-19
3.429467889755012e-06 3.4105258633872194e-19
3.459289349665925e-06 3.4466395721745446e-19
3.489110809576838e-06 3.529593337714032e-19
3.518932269487751e-06 3.335101812920299e-19
3.5487537293986645e-06 3.246757205616872e-19
3.5785751893095774e-06 3.420681174062233e-19
3.6083966492204904e-06 3.3787279068216284e-19
3.6382181091314037e-06 3.22599038616689e-19
3.6680395690423166e-06 3.200398515556624e-19
3.69786102895323e-06 3.2332243900954665e-19
3.7276824888641433e-06 3.28744145424251e-19
3.7575039487750567e-06 3.189310216776025e-19
3.787325408685969e-06 3.0305337884553353e-19
3.8171468685968825e-06 3.1612322732062666e-19
3.8469683285077955e-06 3.2097968282004495e-19
3.876789788418708e-06 3.0293438288293937e-19
3.906611248329622e-06 2.9987424247143526e-19
3.936432708240535e-06 3.012266155661657e-19
3.966254168151449e-06 3.058943734318431e-19
3.996075628062361e-06 3.0306484192312224e-19
4.025897087973275e-06 2.8165440571048686e-19
4.055718547884188e-06 2.87313009166267e-19
4.085540007795101e-06 3.0002024553145255e-19
4.115361467706014e-06 2.8208642505221412e-19
4.145182927616927e-06 2.7603634772401897e-19
4.17500438752784e-06 2.7812781042848755e-19
4.204825847438753e-06 2.7859521323261547e-19
4.234647307349667e-06 2.819695097681512e-19
4.26446876726058e-06 2.6038054060498654e-19
4.294290227171493e-06 2.5862909948597748e-19
4.324111687082406e-06 2.778128520004883e-19
4.353933146993319e-06 2.636982142912805e-19
4.383754606904232e-06 2.5008367688607806e-19
4.413576066815145e-06 2.5031786236817815e-19
4.443397526726058e-06 2.5204764351576284e-19
4.473218986636972e-06 2.558898661398592e-19
4.503040446547885e-06 2.402323261712851e-19
4.532861906458798e-06 2.305512169310533e-19
4.562683366369712e-06 2.453676514353017e-19
4.5925048262806246e-06 2.4123534839814135e-19
4.622326286191537e-06 2.241681683232506e-19
4.65214774610245e-06 2.23381571762626e-19
4.681969206013363e-06 2.254225650488986e-19
4.711790665924277e-06 2.2855196340112052e-19
4.74161212583519e-06 2.18258398135423e-19
4.771433585746103e-06 1.9895683480996003e-19
4.801255045657017e-06 2.1283249688423057e-19
4.83107650556793e-06 2.1763848151987257e-19
4.860897965478843e-06 1.9461450597924298e-19
4.890719425389756e-06 1.9472196807529325e-19
4.920540885300669e-06 1.9655359520455884e-19
4.950362345211581e-06 1.951305081528103e-19
4.980183805122495e-06 1.935738958704517e-19
5.010005265033408e-06 1.7321939761095543e-19
5.039826724944321e-06 1.7793581124435538e-19
5.069648184855235e-06 1.893446275404419e-19
5.099469644766148e-06 1.6958757764713224e-19
5.129291104677061e-06 1.6276394778329238e-19
5.159112564587974e-06 1.6672440641539751e-19
5.188934024498887e-06 1.6450630923615483e-19
5.218755484409801e-06 1.628914096375638e-19
5.248576944320714e-06 1.4628208468516452e-19
5.278398404231626e-06 1.4339591371810986e-19
5.30821986414254e-06 1.59515841511583e-19
5.338041324053453e-06 1.45255935703995e-19
5.367862783964366e-06 1.3035179879125374e-19
5.3976842438752795e-06 1.3574105336978711e-19
5.4275057037861924e-06 1.338767596690873e-19
5.457327163697105e-06 1.3292266802404437e-19
5.487148623608019e-06 1.2147550198804175e-19
5.516970083518932e-06 1.1123748798538295e-19
5.546791543429845e-06 1.2369569540202412e-19
5.576613003340759e-06 1.1841344791663655e-19
5.606434463251671e-06 1.0092246669804762e-19
5.636255923162584e-06 1.0231486887348113e-19
5.6660773830734975e-06 1.0512638749573117e-19
5.6958988429844105e-06 1.0252162059168008e-19
5.725720302895324e-06 9.273075334468594e-20
5.755541762806237e-06 8.074367786056572e-20
5.78536322271715e-06 9.059550699834818e-20
5.815184682628064e-06 9.211898346517169e-20
5.845006142538977e-06 7.136387711367957e-20
5.87482760244989e-06 7.085854176154232e-20
5.9046490623608035e-06 7.324508947198975e-20
5.9344705222717156e-06 6.939962936386546e-20
5.9642919821826285e-06 6.747045564685986e-20
5.994113442093542e-06 5.104268843840012e-20
6.023934902004455e-06 5.420265990697089e-20
6.053756361915368e-06 6.511080573759772e-20
6.083577821826282e-06 4.5322288074153004e-20
6.113399281737195e-06 3.814065576336905e-20
6.143220741648108e-06 4.4678945905744065e-20
6.1730422015590215e-06 3.953426518352817e-20
6.2028636614699345e-06 3.754517992230131e-20
6.2326851213808465e-06 2.5637156569661382e-20
6.26250658129176e-06 2.0370825588847866e-20
6.292328041202673e-06 3.4150459583957386e-20
6.322149501113587e-06 2.0025657901333743e-20
6.3519709610245e-06 4.639850303103122e-21
6.381792420935413e-06 1.5329023230298446e-20
6.411613880846327e-06 1.2015800200914294e-20
6.4414353407572396e-06 7.849234223340384e-21
6.4712568006681525e-06 1.9552217796079132e-21
6.501078260579066e-06 -1.1512533886783355e-20
6.530899720489979e-06 1.6956621002268023e-21
6.560721180400891e-06 -2.1283062841810852e-21
6.590542640311805e-06 -2.344980941476114e-20
6.620364100222718e-06 -1.6855481381750153e-20
6.650185560133631e-06 -1.772004373434158e-20
6.680007020044545e-06 -2.1291466573366925e-20
6.709828479955458e-06 -2.508215703187714e-20
6.7396499398663705e-06 -4.0791920565450376e-20
6.769471399777284e-06 -3.2179582222795986e-20
6.799292859688197e-06 -2.745882283296899e-20
6.829114319599111e-06 -4.8088932721508744e-20
6.858935779510024e-06 -4.888319410920133e-20
6.888757239420936e-06 -4.429047482686851e-20
6.91857869933185e-06 -5.035447442146523e-20
6.948400159242763e-06 -5.2397160029845105e-20
6.978221619153676e-06 -6.592117267609266e-20
7.008043079064589e-06 -6.650036831006127e-20
7.037864538975502e-06 -5.501626737662075e-20
7.067685998886415e-06 -7.187400784201532e-20
7.097507458797329e-06 -8.122607725484132e-20
7.127328918708242e-06 -7.299677699097122e-20
7.157150378619155e-06 -7.595426477333118e-20
7.186971838530069e-06 -8.032977685947309e-20
7.216793298440981e-06 -9.029169494300704e-20
7.246614758351894e-06 -9.619247313398435e-20
7.2764362182628074e-06 -8.47367636785941e-20
7.30625767817372e-06 -9.306953003633884e-20
7.336079138084633e-06 -1.0978452221743837e-19
7.365900597995547e-06 -1.0229637975205919e-19
7.39572205790646e-06 -1.044037188558607e-19
7.425543517817374e-06 -1.0975764034767337e-19
7.455364977728287e-06 -1.1362598948002537e-19
7.4851864376392e-06 -1.258002551306951e-19
7.515007897550113e-06 -1.1325921902265078e-19
7.5448293574610255e-06 -1.1606367540349088e-19
7.574650817371938e-06 -1.3697336268141665e-19
7.604472277282852e-06 -1.2916668683858781e-19
7.634293737193765e-06 -1.284810497707452e-19
7.664115197104678e-06 -1.3431818651419854e-19
7.693936657015591e-06 -1.3848581626503535e-19
7.723758116926504e-06 -1.5120708913234394e-19
7.753579576837417e-06 -1.4442009408546247e-19
7.783401036748331e-06 -1.3947061011964907e-19
7.813222496659244e-06 -1.5850987016202552e-19
7.843043956570157e-06 -1.6115289387169338e-19
7.87286541648107e-06 -1.527322783473008e-19
7.902686876391983e-06 -1.6013155846069743e-19
7.932508336302898e-06 -1.638472559199363e-19
7.96232979621381e-06 -1.716280663680873e-19
7.992151256124722e-06 -1.7557373750206812e-19
8.021972716035637e-06 -1.624781501612543e-19
8.05179417594655e-06 -1.7788314731242997e-19
8.081615635857462e-06 -1.9139760622297718e-19
8.111437095768375e-06 -1.7611770979198516e-19
8.141258555679288e-06 -1.8478857046038735e-19
8.171080015590201e-06 -1.9178230327209144e-19
8.200901475501116e-06 -1.9247248600773726e-19
8.230722935412029e-06 -2.0248840858477416e-19
8.260544395322942e-06 -1.8991454041849403e-19
8.290365855233855e-06 -1.9636080374967968e-19
8.320187315144767e-06 -2.15058149326303e-19
8.35000877505568e-06 -2.0378964142087974e-19
8.379830234966593e-06 -2.045425803147462e-19
8.409651694877506e-06 -2.1370892076557282e-19
8.43947315478842e-06 -2.166482768466026e-19
8.469294614699334e-06 -2.2685774912492223e-19
8.499116074610247e-06 -2.1916256924842086e-19
8.52893753452116e-06 -2.1625938863482493e-19
8.558758994432073e-06 -2.366662198924102e-19
8.588580454342986e-06 -2.331685989522477e-19
8.6184019142539e-06 -2.2558754822206307e-19
8.648223374164811e-06 -2.36107889461581e-19
8.678044834075724e-06 -2.3879628465271114e-19
8.707866293986637e-06 -2.4698899464287033e-19
8.737687753897552e-06 -2.4530076399951936e-19
8.767509213808465e-06 -2.358369018382029e-19
8.797330673719378e-06 -2.5604811353016454e-19
8.82715213363029e-06 -2.604828450700237e-19
8.856973593541204e-06 -2.481765025718138e-19
8.886795053452116e-06 -2.5861205967350517e-19
8.916616513363031e-06 -2.628226009089827e-19
8.946437973273944e-06 -2.663871987624564e-19
8.976259433184857e-06 -2.691602472728781e-19
9.00608089309577e-06 -2.590911914030447e-19
9.035902353006683e-06 -2.7227017562319255e-19
9.065723812917596e-06 -2.840263269834011e-19
9.09554527282851e-06 -2.706045678029851e-19
9.125366732739423e-06 -2.74611431645667e-19
9.155188192650336e-06 -2.840823821855912e-19
9.185009652561249e-06 -2.861503503041592e-19
9.214831112472162e-06 -2.9288179714730204e-19
9.244652572383073e-06 -2.8251689612176806e-19
9.27447403229399e-06 -2.8677255369057143e-19
9.3042954922049e-06 -3.0701474332735374e-19
9.334116952115814e-06 -2.943507919413566e-19
9.363938412026727e-06 -2.907386309068496e-19
9.39375987193764e-06 -3.0396707642732848e-19
9.423581331848554e-06 -3.0337779005911543e-19
9.453402791759467e-06 -3.099467075124355e-19
9.48322425167038e-06 -3.0640499526373905e-19
9.513045711581293e-06 -3.004996133936537e-19
9.542867171492206e-06 -3.209015836069708e-19
9.572688631403119e-06 -3.188079498454218e-19
9.602510091314033e-06 -3.0687124291368296e-19
9.632331551224946e-06 -3.210889062536432e-19
9.66215301113586e-06 -3.225310233782254e-19
9.691974471046772e-06 -3.250070567556915e-19
9.721795930957685e-06 -3.271219848510634e-19
9.751617390868598e-06 -3.1605399927011364e-19
9.781438850779513e-06 -3.3280247254271744e-19
9.811260310690426e-06 -3.3917791999626103e-19
9.841081770601339e-06 -3.2266576373388933e-19
9.870903230512252e-06 -3.31984806119255e-19
9.900724690423163e-06 -3.3978538302498586e-19
9.930546150334079e-06 -3.3966952448122234e-19
9.96036761024499e-06 -3.4308889379464845e-19
9.990189070155903e-06 -3.338239398028775e-19
1.0020010530066816e-05 -3.417017490369928e-19
1.0049831989977729e-05 -3.5558620967402533e-19
1.0079653449888642e-05 -3.4055184286773598e-19
1.0109474909799557e-05 -3.424467846933391e-19
1.013929636971047e-05 -3.5512295020787517e-19
1.0169117829621382e-05 -3.50702096031898e-19
1.0198939289532295e-05 -3.553489940803281e-19
1.0228760749443208e-05 -3.48509512200031e-19
1.0258582209354121e-05 -3.4917481128746557e-19
1.0288403669265036e-05 -3.692779020206658e-19
1.0318225129175949e-05 -3.577151572934719e-19
1.0348046589086862e-05 -3.5149856014059854e-19
1.0377868048997775e-05 -3.6614326019569136e-19
1.0407689508908688e-05 -3.651949903482873e-19
1.0437510968819602e-05 -3.6516749267366713e-19
1.0467332428730515e-05 -3.626885994425606e-19
1.0497153888641428e-05 -3.6085523914501046e-19
1.0526975348552341e-05 -3.7564658067717304e-19
1.0556796808463252e-05 -3.7314523616526614e-19
1.0586618268374165e-05 -3.604095137620069e-19
1.061643972828508e-05 -3.7205249727679164e-19
1.0646261188195993e-05 -3.7840503181362517e-19
1.0676082648106906e-05 -3.7553704359559162e-19
1.0705904108017819e-05 -3.7669274950703715e-19
1.0735725567928731e-05 -3.6985211331126324e-19
1.0765547027839644e-05 -3.8118868841529765e-19
1.0795368487750559e-05 -3.8843497277553087e-19
1.0825189947661472e-05 -3.7173690789006556e-19
1.0855011407572385e-05 -3.7804143916319566e-19
1.0884832867483298e-05 -3.8789781627313623e-19
1.091465432739421e-05 -3.848429921515691e-19
1.0944475787305125e-05 -3.8461130010716324e-19
1.0974297247216038e-05 -3.79058708034842e-19
1.1004118707126951e-05 -3.871836249094136e-19
1.1033940167037864e-05 -3.9833964162660246e-19
1.1063761626948777e-05 -3.851936965006483e-19
1.109358308685969e-05 -3.8354962673006967e-19
1.1123404546770605e-05 -3.967081465528433e-19
1.1153226006681518e-05 -3.9369832829944e-19
1.118304746659243e-05 -3.9210038888490067e-19
1.1212868926503342e-05 -3.9019896178792058e-19
1.1242690386414255e-05 -3.8963972136778045e-19
1.1272511846325168e-05 -4.022444724249297e-19
1.1302333306236082e-05 -3.961732708301972e-19
1.1332154766146995e-05 -3.8933938229182568e-19
1.1361976226057908e-05 -4.0068858152709297e-19
1.1391797685968821e-05 -4.0099475789516124e-19
1.1421619145879734e-05 -3.993236955024752e-19
1.1451440605790648e-05 -3.979844341130079e-19
1.1481262065701561e-05 -3.9546092542893877e-19
1.1511083525612474e-05 -4.0851650712051253e-19
1.1540904985523387e-05 -4.065918770433297e-19
1.15707264454343e-05 -3.920353026362346e-19
1.1600547905345213e-05 -4.029501861863769e-19
1.1630369365256128e-05 -4.0834420022594575e-19
1.166019082516704e-05 -4.024271374529585e-19
1.1690012285077954e-05 -4.0311923680851723e-19
1.1719833744988867e-05 -3.9963899753837968e-19
1.174965520489978e-05 -4.0794730041256927e-19
1.1779476664810692e-05 -4.1249120162056195e-19
1.1809298124721607e-05 -3.9875836681013853e-19
1.183911958463252e-05 -4.030442598051322e-19
1.1868941044543431e-05 -4.1288741257476956e-19
1.1898762504454344e-05 -4.0716114711768984e-19
1.1928583964365257e-05 -4.055409292821697e-19
1.195840542427617e-05 -4.028560269364008e-19
1.1988226884187085e-05 -4.0765564954419147e-19
1.2018048344097997e-05 -4.1629895221869305e-19
1.204786980400891e-05 -4.010642109521037e-19
1.2077691263919823e-05 -4.010457252715018e-19
1.2107512723830736e-05 -4.145969337881772e-19
1.2137334183741651e-05 -4.0792508374809377e-19
1.2167155643652564e-05 -4.0744400422648927e-19
1.2196977103563477e-05 -4.056445522462375e-19
1.222679856347439e-05 -4.0471223212628494e-19
1.2256620023385303e-05 -4.162862155172828e-19
1.2286441483296216e-05 -4.0529142479831687e-19
1.231626294320713e-05 -3.972214001007781e-19
1.2346084403118043e-05 -4.1082794328748015e-19
1.2375905863028956e-05 -4.0765227996921455e-19
1.2405727322939869e-05 -4.0338327096298574e-19
1.2435548782850782e-05 -4.05866030008981e-19
1.2465370242761693e-05 -4.010207784034848e-19
1.249519170267261e-05 -4.0881279456261597e-19
1.252501316258352e-05 -4.0868238042727533e-19
1.2554834622494434e-05 -3.9465251025668435e-19
1.2584656082405346e-05 -4.0383741317297244e-19
1.261447754231626e-05 -4.094125973920343e-19
1.2644299002227174e-05 -4.0006821933866194e-19
1.2674120462138087e-05 -3.9948581456668997e-19
1.2703941922049e-05 -3.9708130170705423e-19
1.2733763381959913e-05 -4.0275693195790684e-19
1.2763584841870826e-05 -4.05131664947927e-19
1.2793406301781739e-05 -3.9057113344790056e-19
1.2823227761692653e-05 -3.958433295876987e-19
1.2853049221603566e-05 -4.032132625411363e-19
1.2882870681514479e-05 -3.9485677537384106e-19
1.2912692141425392e-05 -3.944969828159031e-19
1.2942513601336305e-05 -3.919183627044583e-19
1.2972335061247218e-05 -3.930029225175736e-19
1.3002156521158133e-05 -3.9878210658867934e-19
1.3031977981069045e-05 -3.866135408485749e-19
1.3061799440979958e-05 -3.8233445677797376e-19
1.3091620900890871e-05 -3.9416478968686352e-19
1.3121442360801783e-05 -3.8978304469081976e-19
1.3151263820712699e-05 -3.837034573645533e-19
1.318108528062361e-05 -3.834362143823257e-19
1.3210906740534523e-05 -3.810863229551875e-19
1.3240728200445436e-05 -3.882034719451242e-19
1.3270549660356349e-05 -3.805918913030758e-19
1.3300371120267262e-05 -3.706314418474425e-19
1.3330192580178176e-05 -3.832398517549217e-19
1.336001404008909e-05 -3.801247633167941e-19
1.3389835500000002e-05 -3.699434354765442e-19
1.3419656959910915e-05 -3.7167476181278762e-19
1.3449478419821828e-05 -3.6969394722662026e-19
1.3479299879732741e-05 -3.722558912709608e-19
1.3509121339643656e-05 -3.6953291068533356e-19
1.3538942799554569e-05 -3.5804797173018734e-19
1.3568764259465482e-05 -3.6455014036541745e-19
1.3598585719376394e-05 -3.6882197172091033e-19
1.3628407179287307e-05 -3.567608015053625e-19
1.3658228639198222e-05 -3.5627494168082065e-19
1.3688050099109135e-05 -3.5609780498522337e-19
1.3717871559020048e-05 -3.543083155471185e-19
1.374769301893096e-05 -3.5551905636506725e-19
1.3777514478841872e-05 -3.4286061111689435e-19
1.3807335938752785e-05 -3.443884584667028e-19
1.38371573986637e-05 -3.5193852062407933e-19
1.3866978858574612e-05 -3.3978010714138052e-19
1.3896800318485525e-05 -3.3692268800934497e-19
1.3926621778396438e-05 -3.3782960777872803e-19
1.3956443238307351e-05 -3.3485368782284034e-19
1.3986264698218264e-05 -3.370046281466083e-19
1.4016086158129179e-05 -3.2710855076101497e-19
1.4045907618040092e-05 -3.2281283410609716e-19
1.4075729077951005e-05 -3.31909914433247e-19
1.4105550537861918e-05 -3.2499082298379446e-19
1.413537199777283e-05 -3.1655597976392885e-19
1.4165193457683743e-05 -3.167076171389518e-19
1.4195014917594658e-05 -3.1389358063457204e-19
1.4224836377505571e-05 -3.148180685344005e-19
1.4254657837416484e-05 -3.0922182490551374e-19
1.4284479297327397e-05 -3.0002085222685116e-19
1.431430075723831e-05 -3.0713489426665357e-19
1.4344122217149224e-05 -3.0482765456451927e-19
1.4373943677060137e-05 -2.9350579310541074e-19
1.440376513697105e-05 -2.953103003706837e-19
1.4433586596881961e-05 -2.9203216389101864e-19
1.4463408056792874e-05 -2.9060590303257646e-19
1.4493229516703787e-05 -2.8796664006532646e-19
1.4523050976614702e-05 -2.753557998605308e-19
1.4552872436525615e-05 -2.804764048619229e-19
1.4582693896436528e-05 -2.816944316562551e-19
1.461251535634744e-05 -2.6892177097926706e-19
1.4642336816258354e-05 -2.6877306402434223e-19
1.4672158276169267e-05 -2.663581781146326e-19
1.4701979736080181e-05 -2.6575487591141263e-19
1.4731801195991094e-05 -2.6518587994150536e-19
1.4761622655902007e-05 -2.525450025150221e-19
1.479144411581292e-05 -2.531419151782156e-19
1.4821265575723833e-05 -2.5761719085281973e-19
1.4851087035634748e-05 -2.4594054232568023e-19
1.488090849554566e-05 -2.4116929363088927e-19
1.4910729955456573e-05 -2.430758052430644e-19
1.4940551415367486e-05 -2.3677792075693145e-19
1.49703728752784e-05 -2.3616574447845544e-19
1.500019433518931e-05 -2.3003743022896316e-19
1.5030015795100227e-05 -2.2234573289056254e-19
1.5059837255011138e-05 -2.291473111143911e-19
1.5089658714922051e-05 -2.21975144354492e-19
1.5119480174832964e-05 -2.1402131886464004e-19
1.5149301634743877e-05 -2.1612926567501649e-19
1.517912309465479e-05 -2.091553344744772e-19
1.5208944554565704e-05 -2.079241625171082e-19
1.5238766014476617e-05 -2.0292688907673012e-19
1.526858747438753e-05 -1.93256242908452e-19
1.5298408934298443e-05 -1.9907920949554278e-19
1.5328230394209356e-05 -1.9396907667419894e-19
1.5358051854120272e-05 -1.826330647894581e-19
1.5387873314031182e-05 -1.8551622651914956e-19
1.5417694773942095e-05 -1.8024303021364053e-19
1.5447516233853008e-05 -1.7789851395004175e-19
1.547733769376392e-05 -1.7567161068734997e-19
1.5507159153674834e-05 -1.630048800426435e-19
1.553698061358575e-05 -1.6674171468028794e-19
1.5566802073496663e-05 -1.6564407812578555e-19
1.5596623533407576e-05 -1.5319887903877934e-19
1.562644499331849e-05 -1.5262133290910488e-19
1.56562664532294e-05 -1.491037211274648e-19
1.5686087913140315e-05 -1.4535506752858705e-19
1.5715909373051227e-05 -1.4343638862785333e-19
1.574573083296214e-05 -1.3227414808445266e-19
1.5775552292873053e-05 -1.304737910221729e-19
1.5805373752783966e-05 -1.3437067959516693e-19
1.583519521269488e-05 -1.2344827305123585e-19
1.5865016672605795e-05 -1.1767535431448211e-19
1.589483813251671e-05 -1.1790849338804728e-19
1.592465959242762e-05 -1.1097853863118957e-19
1.5954481052338534e-05 -1.0891880226639713e-19
1.5984302512249444e-05 -1.0160958893669685e-19
1.6014123972160357e-05 -9.45080975177711e-20
1.6043945432071273e-05 -9.818754531399256e-20
1.6073766891982186e-05 -8.987678623746098e-20
1.61035883518931e-05 -8.140417686400787e-20
1.6133409811804012e-05 -8.31408792459263e-20
1.6163231271714925e-05 -7.641105914121548e-20
1.6193052731625838e-05 -7.340365529380683e-20
1.622287419153675e-05 -6.915694712598867e-20
1.6252695651447664e-05 -5.771865516033185e-20
1.6282517111358576e-05 -6.282984195352024e-20
1.631233857126949e-05 -5.772057473707741e-20
1.6342160031180402e-05 -4.3246685188888594e-20
1.637198149109132e-05 -4.659268865647916e-20
1.640180295100223e-05 -4.0361193267010386e-20
1.6431624410913144e-05 -3.486796793233903e-20
1.6461445870824057e-05 -3.1895842888374796e-20
1.649126733073497e-05 -2.0389477463691297e-20
1.6521088790645883e-05 -2.3681309135552984e-20
1.6550910250556796e-05 -2.0937138748627162e-20
1.658073171046771e-05 -9.025531110784373e-21
1.6610553170378622e-05 -6.669982546210106e-21
1.6640374630289535e-05 -2.3562618857431796e-21
1.6670196090200448e-05 1.3056854912486554e-21
1.670001755011136e-05 4.005415409588643e-21
1.6729839010022274e-05 1.540461924871113e-20
1.6759660469933187e-05 1.8408809282755933e-20
1.67894819298441e-05 1.512644313263658e-20
1.6819303389755013e-05 2.8306283908466334e-20
1.6849124849665925e-05 3.3537583094700604e-20
1.687894630957684e-05 3.1676456595375356e-20
1.6908767769487755e-05 3.9996836221219515e-20
1.6938589229398668e-05 4.2508611296792897e-20
1.696841068930958e-05 4.913982990883216e-20
1.6998232149220493e-05 5.62179433866185e-20
1.7028053609131406e-05 5.3776887833981134e-20
1.705787506904232e-05 6.319454338958347e-20
1.7087696528953232e-05 7.137800400377164e-20
1.7117517988864145e-05 7.003427663382353e-20
1.7147339448775058e-05 7.752275903711345e-20
1.717716090868597e-05 8.045222967919292e-20
1.7206982368596884e-05 8.507410305995088e-20
1.72368038285078e-05 9.541380387905636e-20
1.7266625288418713e-05 9.2178626978804e-20
1.7296446748329623e-05 9.754285120427415e-20
1.7326268208240536e-05 1.095001528362864e-19
1.735608966815145e-05 1.0698451601145834e-19
1.738591112806236e-05 1.1189540647835529e-19
1.7415732587973274e-05 1.1979777655053832e-19
1.7445554047884187e-05 1.2072851868335442e-19
1.7475375507795104e-05 1.3102304201465225e-19
1.7505196967706017e-05 1.3240568967317576e-19
1.753501842761693e-05 1.3114290728089263e-19
1.7564839887527842e-05 1.456620695986253e-19
1.7594661347438755e-05 1.4563714042204446e-19
1.762448280734967e-05 1.4634890266731913e-19
1.765430426726058e-05 1.5650101263409616e-19
1.7684125727171494e-05 1.555107410945066e-19
1.7713947187082407e-05 1.6468549447748053e-19
1.774376864699332e-05 1.687882380460012e-19
1.7773590106904233e-05 1.6479303927114687e-19
1.7803411566815146e-05 1.7896222361811765e-19
1.7833233026726062e-05 1.834636441719591e-19
1.7863054486636975e-05 1.7937669873276e-19
1.7892875946547888e-05 1.900500681675662e-19
1.79226974064588e-05 1.9361121722008871e-19
1.7952518866369714e-05 1.9470434240732158e-19
1.7982340326280627e-05 2.0448110206732947e-19
1.801216178619154e-05 2.0198893024649853e-19
1.8041983246102453e-05 2.0692613781634614e-19
1.8071804706013366e-05 2.171627222152369e-19
1.810162616592428e-05 2.118920074687516e-19
1.813144762583519e-05 2.2026189803308283e-19
1.8161269085746108e-05 2.271819035159603e-19
1.819109054565702e-05 2.2606940403271986e-19
1.8220912005567934e-05 2.3646939666684027e-19
1.8250733465478847e-05 2.342306031805744e-19
1.828055492538976e-05 2.363890529398295e-19
1.8310376385300672e-05 2.496230508181203e-19
1.8340197845211585e-05 2.448962408395061e-19
1.8370019305122498e-05 2.476999956147009e-19
1.839984076503341e-05 2.5781146717994375e-19
1.8429662224944324e-05 2.5529089661947987e-19
1.8459483684855237e-05 2.629127332299927e-19
1.8489305144766147e-05 2.655919501783833e-19
1.8519126604677066e-05 2.6309063592392074e-19
1.854894806458798e-05 2.7787865780078017e-19
1.8578769524498892e-05 2.762732083380691e-19
1.86085909844098e-05 2.7294113955860583e-19
1.8638412444320715e-05 2.874776898168121e-19
1.8668233904231628e-05 2.8544178177253364e-19
1.869805536414254e-05 2.863558015107993e-19
1.8727876824053453e-05 2.9446101229372007e-19
1.8757698283964366e-05 2.902468530875228e-19
1.878751974387528e-05 2.996234048411219e-19
1.8817341203786192e-05 3.039403574498848e-19
1.884716266369711e-05 2.9649695556383556e-19
1.887698412360802e-05 3.092006096505696e-19
1.8906805583518934e-05 3.1153565606880587e-19
1.8936627043429847e-05 3.0815583290214644e-19
1.896644850334076e-05 3.1866335712682166e-19
1.8996269963251673e-05 3.162301032863897e-19
1.9026091423162586e-05 3.2032177665927977e-19
1.90559128830735e-05 3.277173331986716e-19
1.9085734342984412e-05 3.203931444333568e-19
1.9115555802895325e-05 3.281163740820643e-19
1.9145377262806238e-05 3.356334765420913e-19
1.9175198722717154e-05 3.290715889417817e-19
1.9205020182628067e-05 3.352573076269926e-19
1.923484164253898e-05 3.373879900941982e-19
1.9264663102449893e-05 3.3787442919606623e-19
1.9294484562360806e-05 3.488140991798194e-19
1.932430602227172e-05 3.427710716822601e-19
1.935412748218263e-05 3.4234895950235225e-19
1.9383948942093545e-05 3.557643070663068e-19
1.9413770402004457e-05 3.5042877020006947e-19
1.944359186191537e-05 3.512317860449221e-19
1.9473413321826283e-05 3.589010341144538e-19
1.9503234781737196e-05 3.544698343790263e-19
1.9533056241648113e-05 3.631095525465897e-19
1.9562877701559025e-05 3.6089988764021406e-19
1.959269916146994e-05 3.566028149228027e-19
1.962252062138085e-05 3.7312553348482886e-19
1.9652342081291764e-05 3.6639511240878637e-19
1.9682163541202677e-05 3.6435531955757227e-19
1.971198500111359e-05 3.746862407993159e-19
1.9741806461024503e-05 3.695819550280954e-19
1.9771627920935416e-05 3.7609959686690444e-19
1.9801449380846325e-05 3.7774963001911293e-19
1.983127084075724e-05 3.729332711978813e-19
1.9861092300668158e-05 3.8258138332771124e-19
1.989091376057907e-05 3.8269765979940923e-19
1.992073522048998e-05 3.770746343357867e-19
1.9950556680400894e-05 3.83023912024151e-19
1.9980378140311806e-05 3.867321676942924e-19
2.001019960022272e-05 3.8747484325459026e-19
2.0040021060133632e-05 3.896456813973656e-19
2.0069842520044545e-05 3.85139849085456e-19
2.0099663979955458e-05 3.9103001900812483e-19
2.012948543986637e-05 3.9737820844207703e-19
2.0159306899777284e-05 3.8796184133556367e-19
2.01891283596882e-05 3.921231447140879e-19
2.0218949819599113e-05 3.9626997468637484e-19
2.0248771279510026e-05 3.9389614948685335e-19
2.027859273942094e-05 4.007430378918089e-19
2.0308414199331852e-05 3.949908076301125e-19
2.0338235659242765e-05 3.95995163877943e-19
2.0368057119153678e-05 4.0658112208533815e-19
2.039787857906459e-05 3.9771003168839965e-19
2.0427700038975504e-05 3.983247686941525e-19
2.0457521498886417e-05 4.0603813735843916e-19
2.048734295879733e-05 4.0345274067440696e-19
2.0517164418708243e-05 4.057971335537134e-19
2.054698587861916e-05 4.020537265484509e-19
2.0576807338530072e-05 4.0175352074811886e-19
2.0606628798440985e-05 4.109258106234838e-19
2.0636450258351898e-05 4.0473802471893743e-19
2.066627171826281e-05 4.0012142656763107e-19
2.0696093178173723e-05 4.077513627754785e-19
2.0725914638084636e-05 4.086165291719084e-19
2.075573609799555e-05 4.0759881190169836e-19
2.0785557557906462e-05 4.061267226889541e-19
2.0815379017817375e-05 4.0233817980091277e-19
2.0845200477728288e-05 4.103585099800887e-19
2.0875021937639204e-05 4.1102640300324075e-19
2.0904843397550117e-05 3.9975197290786737e-19
2.093466485746103e-05 4.065626114456701e-19
2.0964486317371943e-05 4.0928350454921473e-19
2.0994307777282856e-05 4.0329219564301883e-19
2.102412923719377e-05 4.0596066925429743e-19
2.1053950697104682e-05 4.013977061038997e-19
2.1083772157015595e-05 4.0543621623180665e-19
2.1113593616926504e-05 4.09217654528078e-19
2.1143415076837417e-05 3.977609375011761e-19
2.117323653674833e-05 4.0247784342193325e-19
2.1203057996659243e-05 4.0636926161129706e-19
2.123287945657016e-05 4.0110493109941587e-19
2.1262700916481072e-05 4.0277258465845484e-19
2.1292522376391985e-05 3.971450504527198e-19
2.1322343836302898e-05 3.98969021534573e-19
2.135216529621381e-05 4.0438013515947884e-19
2.1381986756124724e-05 3.9231807153167887e-19
2.1411808216035637e-05 3.9162645414140646e-19
2.144162967594655e-05 4.00423991843398e-19
2.1471451135857463e-05 3.9435408482669676e-19
2.1501272595768376e-05 3.9219384403924626e-19
2.153109405567929e-05 3.9061777154536097e-19
2.1560915515590205e-05 3.876088200818097e-19
2.1590736975501118e-05 3.9604240421418844e-19
2.162055843541203e-05 3.8855901840614304e-19
2.1650379895322944e-05 3.799108659104716e-19
2.1680201355233857e-05 3.9010887487970834e-19
2.171002281514477e-05 3.8653531823554164e-19
2.1739844275055683e-05 3.798032925439413e-19
2.1769665734966596e-05 3.790981547648945e-19
2.179948719487751e-05 3.758798874493953e-19
2.182930865478842e-05 3.836225510377568e-19
2.1859130114699334e-05 3.8014301004402203e-19
2.188895157461025e-05 3.664468243851426e-19
2.1918773034521164e-05 3.7554321726901446e-19
2.1948594494432077e-05 3.7812314199872917e-19
2.197841595434299e-05 3.6619359817042394e-19
2.2008237414253902e-05 3.6660817903461074e-19
2.2038058874164815e-05 3.641380538536599e-19
2.2067880334075728e-05 3.654084221012977e-19
2.209770179398664e-05 3.6727640207840615e-19
2.2127523253897554e-05 3.528871691910381e-19
2.2157344713808467e-05 3.5524741846872546e-19
2.218716617371938e-05 3.6370118768144363e-19
2.2216987633630293e-05 3.5191833411509536e-19
2.224680909354121e-05 3.488544649914452e-19
2.2276630553452122e-05 3.5012298913915137e-19
2.2306452013363035e-05 3.5007956342587405e-19
2.2336273473273948e-05 3.5292418659293635e-19
2.236609493318486e-05 3.3771245101547963e-19
2.239591639309577e-05 3.3573174875838044e-19
2.2425737853006683e-05 3.480861962706173e-19
2.2455559312917596e-05 3.378449078840773e-19
2.248538077282851e-05 3.3037555994320847e-19
2.2515202232739422e-05 3.318075954006884e-19
2.2545023692650335e-05 3.30395370342898e-19
2.257484515256125e-05 3.3372334084505464e-19
2.2604666612472164e-05 3.2360127435690077e-19
2.2634488072383077e-05 3.1494238075615454e-19
2.266430953229399e-05 3.2849136527827407e-19
2.2694130992204903e-05 3.236583152267942e-19
2.2723952452115816e-05 3.0997837956299527e-19
2.275377391202673e-05 3.131148019633178e-19
2.2783595371937642e-05 3.1153022048714834e-19
2.2813416831848555e-05 3.117488320386809e-19
2.2843238291759468e-05 3.067958521395704e-19
2.287305975167038e-05 2.944040916813113e-19
2.2902881211581297e-05 3.0384546655414026e-19
2.293270267149221e-05 3.058073652432502e-19
2.2962524131403123e-05 2.8995275217923836e-19
2.2992345591314036e-05 2.8956970755347813e-19
2.302216705122495e-05 2.912426831809694e-19
2.305198851113586e-05 2.919930618124985e-19
2.3081809971046775e-05 2.877005099130227e-19
2.3111631430957687e-05 2.733363841634215e-19
2.31414528908686e-05 2.795747398673444e-19
2.3171274350779513e-05 2.8579018258900275e-19
2.3201095810690426e-05 2.7082962139474145e-19
2.323091727060134e-05 2.656355079991299e-19
2.3260738730512255e-05 2.685630120186198e-19
2.329056019042317e-05 2.6876367288367866e-19
2.332038165033408e-05 2.6709745527457796e-19
2.3350203110244994e-05 2.5461566459580093e-19
2.3380024570155907e-05 2.521909467070891e-19
2.340984603006682e-05 2.6408249011373973e-19
2.3439667489977733e-05 2.5372535275506303e-19
2.3469488949888646e-05 2.4173642402915235e-19
2.349931040979956e-05 2.4626473276402176e-19
2.3529131869710472e-05 2.451596213302319e-19
2.3558953329621385e-05 2.450892777527614e-19
2.35887747895323e-05 2.3358236752274237e-19
2.3618596249443214e-05 2.259875900370026e-19
2.3648417709354127e-05 2.39972566765905e-19
2.367823916926504e-05 2.323457201481078e-19
2.370806062917595e-05 2.182020576875032e-19
2.3737882089086862e-05 2.2278297354721273e-19
2.3767703548997775e-05 2.2373048688318598e-19
2.3797525008908688e-05 2.210073966119188e-19
2.38273464688196e-05 2.129244457258706e-19
2.3857167928730514e-05 2.0327329652100875e-19
2.3886989388641427e-05 2.1337619517054975e-19
2.391681084855234e-05 2.138394233501739e-19
2.3946632308463256e-05 1.941395325107521e-19
2.397645376837417e-05 1.9658666916724562e-19
2.4006275228285082e-05 2.0202890028221916e-19
2.4036096688195995e-05 1.9679701657071822e-19
2.4065918148106908e-05 1.928504118407708e-19
2.409573960801782e-05 1.8066926462252649e-19
2.4125561067928734e-05 1.86109586292786e-19
2.4155382527839647e-05 1.93700391279273e-19
2.418520398775056e-05 1.7501655530381027e-19
2.4215025447661473e-05 1.6972065395771013e-19
2.4244846907572385e-05 1.7659475191649183e-19
2.4274668367483302e-05 1.7402378033992857e-19
2.4304489827394215e-05 1.6896235312644958e-19
2.4334311287305128e-05 1.5712717247573223e-19
2.436413274721604e-05 1.5837172487402894e-19
2.4393954207126953e-05 1.6790915200469128e-19
2.4423775667037866e-05 1.534291619199378e-19
2.445359712694878e-05 1.4530879053578767e-19
2.4483418586859692e-05 1.5327529019789028e-19
2.4513240046770605e-05 1.4966873848336661e-19
2.4543061506681518e-05 1.452207986260091e-19
2.457288296659243e-05 1.3687029557667203e-19
2.4602704426503347e-05 1.3052872473646566e-19
2.463252588641426e-05 1.4230844840852417e-19
2.4662347346325173e-05 1.3393459205977906e-19
2.4692168806236086e-05 1.1640375497913388e-19
2.4721990266147e-05 1.2411894691995019e-19
2.4751811726057912e-05 1.256733455081825e-19
2.4781633185968825e-05 1.2004831502618096e-19
2.4811454645879738e-05 1.1310469991159305e-19
2.484127610579065e-05 1.0418933644579612e-19
2.4871097565701564e-05 1.1491558270264932e-19
2.4900919025612473e-05 1.131079263850742e-19
2.4930740485523386e-05 9.142466821426883e-20
2.4960561945434306e-05 9.507650174947939e-20
2.499038340534522e-05 1.01103105801091e-19
2.5020204865256128e-05 9.248926345951652e-20
2.505002632516704e-05 8.871702127070797e-20
2.5079847785077954e-05 7.776187981335015e-20
2.5109669244988867e-05 8.277367187303532e-20
2.513949070489978e-05 8.985456706293476e-20
2.5169312164810693e-05 6.783487781240137e-20
2.5199133624721606e-05 6.712479717438131e-20
2.522895508463252e-05 7.571194117680858e-20
2.5258776544543432e-05 6.714651571504366e-20
2.5288598004454348e-05 6.261550519668633e-20
2.531841946436526e-05 5.2602430122636355e-20
2.5348240924276174e-05 5.427892125498351e-20
2.5378062384187087e-05 6.270150347694158e-20
2.5407883844098e-05 4.451597213602698e-20
2.5437705304008913e-05 3.662544575207076e-20
2.5467526763919826e-05 4.7100874931376346e-20
2.549734822383074e-05 4.286716225993815e-20
2.552716968374165e-05 3.589252166870173e-20
2.5556991143652564e-05 2.916481052242346e-20
2.5586812603563477e-05 2.5361510110094024e-20
2.561663406347439e-05 3.492050817613011e-20
2.5646455523385307e-05 2.4800403032050632e-20
2.567627698329622e-05 8.218615828988119e-21
2.5706098443207132e-05 1.9361053126602458e-20
2.5735919903118045e-05 1.9537313158226025e-20
2.5765741363028958e-05 8.855943094851477e-21
2.579556282293987e-05 4.6096202103738734e-21
2.5825384282850784e-05 -3.2077143573328277e-21
2.5855205742761697e-05 6.0491098514866945e-21
2.588502720267261e-05 5.0949317477294715e-21
2.5914848662583523e-05 -1.613547806910217e-20
2.5944670122494436e-05 -1.0994081567913678e-20
2.5974491582405352e-05 -3.827059562242045e-21
2.6004313042316265e-05 -1.390487343891601e-20
2.6034134502227178e-05 -2.0156130852945493e-20
2.606395596213809e-05 -2.5904060004201416e-20
2.6093777422049004e-05 -2.1763553013782685e-20
2.6123598881959917e-05 -1.8177912512080683e-20
2.615342034187083e-05 -3.6756071921213757e-20
2.6183241801781743e-05 -4.0748985797559055e-20
2.6213063261692652e-05 -2.798387431444749e-20
2.6242884721603565e-05 -3.6441220485031295e-20
2.6272706181514478e-05 -4.5736495146072414e-20
2.6302527641425398e-05 -4.692709688923427e-20
2.6332349101336307e-05 -4.772596610713071e-20
2.636217056124722e-05 -4.1453225981063194e-20
2.6391992021158133e-05 -5.4162338400266233e-20
2.6421813481069046e-05 -6.620976641969411e-20
2.645163494097996e-05 -5.1836416681605354e-20
2.6481456400890872e-05 -5.64780559458983e-20
2.6511277860801785e-05 -6.90972409891382e-20
2.6541099320712698e-05 -6.846339189646542e-20
2.657092078062361e-05 -7.265660622805463e-20
2.6600742240534524e-05 -6.490040361000144e-20
2.6630563700445436e-05 -7.095772197873112e-20
2.6660385160356353e-05 -8.94709314472446e-20
2.6690206620267266e-05 -7.611234931601293e-20
2.672002808017818e-05 -7.381815261578121e-20
