0.0 -1.54817634541982e-19
2.982195256166983e-08 -1.4228048453258888e-19
5.964390512333966e-08 -1.5610071071911284e-19
8.946585768500948e-08 -1.5370208030057468e-19
1.1928781024667932e-07 -1.4943571218161712e-19
1.4910976280834914e-07 -1.5218623040511414e-19
1.7893171537001896e-07 -1.4147048415037967e-19
2.0875366793168878e-07 -1.5471842762303549e-19
2.3857562049335863e-07 -1.589106073949682e-19
2.683975730550285e-07 -1.37128957538402e-19
2.982195256166983e-07 -1.5103804507717374e-19
3.2804147817836807e-07 -1.556343318930901e-19
3.578634307400379e-07 -1.4587048892313515e-19
3.8768538330170777e-07 -1.5284673006770573e-19
4.1750733586337756e-07 -1.415196335864521e-19
4.4732928842504736e-07 -1.4866085642692359e-19
4.771512409867173e-07 -1.5938794436369653e-19
5.069731935483871e-07 -1.3786901122076815e-19
5.36795146110057e-07 -1.433305690323153e-19
5.666170986717266e-07 -1.5535281704007507e-19
5.964390512333966e-07 -1.4483541559828365e-19
6.262610037950663e-07 -1.474535234850319e-19
6.560829563567361e-07 -1.447605287091848e-19
6.85904908918406e-07 -1.4243776836286998e-19
7.157268614800758e-07 -1.5706023896556481e-19
7.455488140417457e-07 -1.4480786949884634e-19
7.753707666034155e-07 -1.3715492919709638e-19
8.051927191650853e-07 -1.536687507603221e-19
8.350146717267551e-07 -1.4543960555863327e-19
8.64836624288425e-07 -1.4280768857345283e-19
8.946585768500947e-07 -1.459443527100965e-19
9.244805294117646e-07 -1.3882087648155582e-19
9.543024819734345e-07 -1.534731539743352e-19
9.841244345351043e-07 -1.478322871563696e-19
1.0139463870967741e-06 -1.3152187059412948e-19
1.0437683396584441e-06 -1.5081832704797378e-19
1.073590292220114e-06 -1.4896534839725627e-19
1.1034122447817835e-06 -1.3846857841596252e-19
1.1332341973434533e-06 -1.463159211794693e-19
1.1630561499051233e-06 -1.3803367075290414e-19
1.192878102466793e-06 -1.4655483863793077e-19
1.222700055028463e-06 -1.501481475455957e-19
1.2525220075901327e-06 -1.303255163491106e-19
1.2823439601518027e-06 -1.4307069430648453e-19
1.3121659127134723e-06 -1.4875543553622558e-19
1.341987865275142e-06 -1.3663532106139966e-19
1.371809817836812e-06 -1.4277960703317582e-19
1.4016317703984819e-06 -1.3874310652898628e-19
1.4314537229601517e-06 -1.407359282667834e-19
1.4612756755218215e-06 -1.4933924873144108e-19
1.4910976280834915e-06 -1.329257529644361e-19
1.5209195806451613e-06 -1.3591232500247205e-19
1.550741533206831e-06 -1.4830197820677176e-19
1.5805634857685007e-06 -1.3609247626161723e-19
1.6103854383301707e-06 -1.36960324346564e-19
1.6402073908918405e-06 -1.3621705166626963e-19
1.6700293434535103e-06 -1.3468736193457298e-19
1.6998512960151803e-06 -1.4632151381176737e-19
1.72967324857685e-06 -1.3258855056022306e-19
1.7594952011385199e-06 -1.2746565877302575e-19
1.7893171537001894e-06 -1.4428239177180558e-19
1.8191391062618595e-06 -1.3693525197311824e-19
1.8489610588235292e-06 -1.311964484186999e-19
1.878783011385199e-06 -1.3396988095904557e-19
1.908604963946869e-06 -1.3066262764567943e-19
1.938426916508539e-06 -1.3898243184956223e-19
1.9682488690702086e-06 -1.3262382136034738e-19
1.9980708216318784e-06 -1.2104268494148448e-19
2.0278927741935482e-06 -1.3543983307050573e-19
2.057714726755218e-06 -1.3492138601092142e-19
2.0875366793168882e-06 -1.2501675677826931e-19
2.117358631878558e-06 -1.3030824866176282e-19
2.147180584440228e-06 -1.2641478541619704e-19
2.1770025370018972e-06 -1.2923713237570946e-19
2.206824489563567e-06 -1.3122957260675335e-19
2.236646442125237e-06 -1.1691690544653957e-19
2.2664683946869066e-06 -1.2623203639127847e-19
2.296290347248577e-06 -1.312013356343493e-19
2.3261122998102466e-06 -1.172654963497068e-19
2.3559342523719164e-06 -1.2303454750865067e-19
2.385756204933586e-06 -1.2282818259416476e-19
2.415578157495256e-06 -1.2034985109900323e-19
2.445400110056926e-06 -1.2540603486152e-19
2.4752220626185956e-06 -1.1230339301442576e-19
2.5050440151802654e-06 -1.1564092292896551e-19
2.5348659677419356e-06 -1.2771595859749052e-19
2.5646879203036054e-06 -1.1347594882207485e-19
2.594509872865275e-06 -1.1342652193648507e-19
2.6243318254269446e-06 -1.1750351907375304e-19
2.6541537779886144e-06 -1.0906830829386913e-19
2.683975730550284e-06 -1.181934455223872e-19
2.713797683111954e-06 -1.106510586482026e-19
2.743619635673624e-06 -1.0184252798079527e-19
2.773441588235294e-06 -1.1782255554435525e-19
2.8032635407969638e-06 -1.0737086815090364e-19
2.8330854933586336e-06 -1.0115789815654064e-19
2.8629074459203034e-06 -1.1009497656525654e-19
2.892729398481973e-06 -1.026224929036678e-19
2.922551351043643e-06 -1.0774508651087712e-19
2.952373303605313e-06 -1.0493365640730172e-19
2.982195256166983e-06 -9.249416508845764e-20
3.0120172087286528e-06 -1.0553916241371657e-19
3.0418391612903226e-06 -1.0304596692071784e-19
3.0716611138519924e-06 -8.922467425174924e-20
3.101483066413662e-06 -9.826932352003157e-20
3.1313050189753315e-06 -9.498553503311005e-20
3.1611269715370013e-06 -9.288221087451663e-20
3.1909489240986715e-06 -9.711668345590207e-20
3.2207708766603413e-06 -8.39684867901467e-20
3.250592829222011e-06 -9.10977755201706e-20
3.280414781783681e-06 -9.622191832434614e-20
3.3102367343453507e-06 -8.077257480074835e-20
3.3400586869070205e-06 -8.52462205091471e-20
3.3698806394686903e-06 -8.698883835800494e-20
3.3997025920303605e-06 -8.164381703210095e-20
3.4295245445920303e-06 -8.514467215745781e-20
3.4593464971537e-06 -7.412192039166544e-20
3.48916844971537e-06 -7.562647643181651e-20
3.5189904022770397e-06 -8.556274773842848e-20
3.5488123548387095e-06 -6.840899289732676e-20
3.578634307400379e-06 -6.995792986953273e-20
3.608456259962049e-06 -7.801346990512238e-20
3.638278212523719e-06 -6.834150541536977e-20
3.6681001650853887e-06 -7.331234711609098e-20
3.6979221176470585e-06 -6.682041574037737e-20
3.7277440702087283e-06 -6.026234634885822e-20
3.757566022770398e-06 -7.228681962326644e-20
3.787387975332068e-06 -6.170588542671193e-20
3.817209927893738e-06 -5.464174332335708e-20
3.8470318804554075e-06 -6.374198865466904e-20
3.876853833017078e-06 -5.635648491336551e-20
3.906675785578747e-06 -5.671059343817116e-20
3.936497738140417e-06 -5.668090924826438e-20
3.9663196907020875e-06 -4.6423649301993833e-20
3.996141643263757e-06 -5.669983649043233e-20
4.025963595825427e-06 -5.43869093986556e-20
4.0557855483870965e-06 -4.128967012782936e-20
4.085607500948767e-06 -4.9869267100014857e-20
4.115429453510436e-06 -4.627122529272159e-20
4.145251406072106e-06 -4.071047977919828e-20
4.1750733586337765e-06 -4.5342453835647905e-20
4.204895311195446e-06 -3.4409617953240824e-20
4.234717263757116e-06 -3.727640570284875e-20
4.2645392163187855e-06 -4.371797602568319e-20
4.294361168880456e-06 -2.886821361618273e-20
4.324183121442124e-06 -3.199271005899869e-20
4.3540050740037944e-06 -3.540337125493584e-20
4.383827026565465e-06 -2.6779116608420113e-20
4.413648979127134e-06 -3.214648533521814e-20
4.443470931688804e-06 -2.4914670859622393e-20
4.473292884250474e-06 -2.0813286946018844e-20
4.503114836812144e-06 -3.1124145778700585e-20
4.532936789373813e-06 -1.807149617530646e-20
4.562758741935483e-06 -1.481609147682838e-20
4.592580694497154e-06 -2.319312803987725e-20
4.622402647058823e-06 -1.382390414154333e-20
4.652224599620493e-06 -1.5844585442833546e-20
4.682046552182163e-06 -1.314724307199139e-20
4.711868504743833e-06 -5.289009895029434e-21
4.741690457305502e-06 -1.7241257390738575e-20
4.771512409867172e-06 -9.182445317857863e-21
4.801334362428842e-06 6.460251069941053e-22
4.831156314990512e-06 -9.952600021567939e-21
4.860978267552182e-06 -1.4326828158044433e-21
4.890800220113852e-06 6.692834429550348e-22
4.920622172675522e-06 -2.5640494057096867e-21
4.950444125237191e-06 1.0783442720824983e-20
4.980266077798861e-06 2.832390693249938e-21
5.010088030360531e-06 1.1898416891756556e-21
5.039909982922201e-06 1.552445661071259e-20
5.069731935483871e-06 7.316371012163582e-21
5.099553888045541e-06 1.033251550103371e-20
5.129375840607211e-06 1.7444705352997382e-20
5.15919779316888e-06 1.13353408330797e-20
5.18901974573055e-06 2.2546214630842982e-20
5.21884169829222e-06 2.0490123635051948e-20
5.248663650853889e-06 1.4465536559706285e-20
5.278485603415559e-06 3.119580056944157e-20
5.308307555977229e-06 2.6525665968133194e-20
5.338129508538899e-06 2.2741142705493578e-20
5.367951461100568e-06 3.576625817381102e-20
5.3977734136622385e-06 2.8876723266401245e-20
5.427595366223908e-06 3.308384095982709e-20
5.457417318785578e-06 4.2191357522970555e-20
5.487239271347248e-06 3.1329480776094176e-20
5.517061223908918e-06 4.121408950196105e-20
5.546883176470588e-06 4.6591820591108995e-20
5.576705129032257e-06 3.838760236742839e-20
5.6065270815939275e-06 4.9982892120751786e-20
5.636349034155597e-06 4.850774899201598e-20
5.666170986717267e-06 4.9160825107234104e-20
5.695992939278937e-06 6.056174128317953e-20
5.725814891840607e-06 5.0782035942505185e-20
5.755636844402277e-06 5.506585810570974e-20
5.785458796963946e-06 6.627577405864857e-20
5.8152807495256165e-06 5.777192538848899e-20
5.845102702087286e-06 6.391861702527837e-20
5.874924654648956e-06 6.847037833129177e-20
5.904746607210626e-06 6.394985691827326e-20
5.934568559772296e-06 7.62124858061357e-20
5.964390512333966e-06 7.368185788190748e-20
5.994212464895635e-06 7.063093670472947e-20
6.0240344174573055e-06 8.544549270024062e-20
6.053856370018975e-06 7.999472983637873e-20
6.083678322580645e-06 8.101214107219759e-20
6.1135002751423145e-06 9.044859081114608e-20
6.143322227703985e-06 8.359036426454233e-20
6.173144180265655e-06 9.265446460633599e-20
6.202966132827324e-06 9.555457875031423e-20
6.232788085388994e-06 8.693735164843314e-20
6.262610037950663e-06 1.0011012912225147e-19
6.292431990512333e-06 1.0190236999781243e-19
6.322253943074003e-06 9.765310148536958e-20
6.352075895635673e-06 1.0754836827749985e-19
6.381897848197343e-06 1.0446640631239186e-19
6.4117198007590125e-06 1.0874850037009812e-19
6.441541753320683e-06 1.1759898307496478e-19
6.471363705882352e-06 1.0802527100090169e-19
6.501185658444022e-06 1.1535928612539405e-19
6.531007611005692e-06 1.2267862160276364e-19
6.560829563567362e-06 1.1489463172198157e-19
6.590651516129032e-06 1.247546580365245e-19
6.6204734686907014e-06 1.2472162409336524e-19
6.650295421252372e-06 1.2279038544552551e-19
6.680117373814041e-06 1.3682597406553013e-19
6.709939326375711e-06 1.296252976562112e-19
6.739761278937381e-06 1.298884092927615e-19
6.769583231499051e-06 1.4272357045411898e-19
6.799405184060721e-06 1.3547601758670776e-19
6.8292271366223904e-06 1.3938080332949986e-19
6.859049089184061e-06 1.4709781925326048e-19
6.88887104174573e-06 1.4124532215476254e-19
6.9186929943074e-06 1.512797274366908e-19
6.94851494686907e-06 1.5122904230877164e-19
6.97833689943074e-06 1.4326908272442781e-19
7.00815885199241e-06 1.5814843422608417e-19
7.0379808045540794e-06 1.5747750066904836e-19
7.06780275711575e-06 1.541424521895964e-19
7.097624709677419e-06 1.629697159652607e-19
7.127446662239089e-06 1.5926853567069088e-19
7.157268614800758e-06 1.6701039804923493e-19
7.187090567362428e-06 1.7002889223424301e-19
7.216912519924098e-06 1.6021089619859432e-19
7.246734472485768e-06 1.7333103590148804e-19
7.276556425047438e-06 1.7601943388655075e-19
7.306378377609107e-06 1.6837722623807747e-19
7.336200330170777e-06 1.794633180701002e-19
7.366022282732447e-06 1.7649017923243186e-19
7.395844235294117e-06 1.7807473088186322e-19
7.425666187855787e-06 1.8902166138520354e-19
7.4554881404174566e-06 1.7799622498305173e-19
7.485310092979128e-06 1.8390970150325509e-19
7.515132045540796e-06 1.9404505374740047e-19
7.544953998102467e-06 1.854750885333589e-19
7.574775950664136e-06 1.9279981508857177e-19
7.604597903225807e-06 1.942584010970482e-19
7.634419855787476e-06 1.9170832448402098e-19
7.664241808349145e-06 2.0210473419715057e-19
7.694063760910815e-06 1.949359286117365e-19
7.723885713472485e-06 1.9396965593337877e-19
7.753707666034155e-06 2.0815873368878172e-19
7.783529618595824e-06 2.020079867973999e-19
7.813351571157494e-06 2.0267115902173254e-19
7.843173523719164e-06 2.0997326457705225e-19
7.872995476280835e-06 2.0362694233112103e-19
7.902817428842503e-06 2.1381758536381746e-19
7.932639381404175e-06 2.1449266036053654e-19
7.962461333965844e-06 2.0396741812103096e-19
7.992283286527514e-06 2.199814741546258e-19
8.022105239089182e-06 2.189811539299991e-19
8.051927191650854e-06 2.110639787292711e-19
8.081749144212523e-06 2.2313660421754383e-19
8.111571096774193e-06 2.171910352833792e-19
8.141393049335863e-06 2.212971982795243e-19
8.171215001897533e-06 2.29788357290999e-19
8.201036954459202e-06 2.161110445654141e-19
8.230858907020872e-06 2.275809694132519e-19
8.260680859582542e-06 2.343161163674306e-19
8.290502812144213e-06 2.211143791479165e-19
8.320324764705881e-06 2.324930849346867e-19
8.350146717267553e-06 2.3288035050048546e-19
8.379968669829222e-06 2.295707036644416e-19
8.409790622390892e-06 2.4033332171495126e-19
8.43961257495256e-06 2.285225117945996e-19
8.469434527514232e-06 2.3152864611493537e-19
8.4992564800759e-06 2.4624030526529477e-19
8.529078432637571e-06 2.336800036049569e-19
8.558900385199241e-06 2.375158474006505e-19
8.588722337760911e-06 2.4474737041338914e-19
8.61854429032258e-06 2.377726486223135e-19
8.648366242884248e-06 2.4761678309256985e-19
8.67818819544592e-06 2.423010364633707e-19
8.708010148007589e-06 2.3663716165248364e-19
8.737832100569259e-06 2.533341203815281e-19
8.76765405313093e-06 2.45807669035049e-19
8.7974760056926e-06 2.409163106662196e-19
8.827297958254268e-06 2.526225809909821e-19
8.857119910815938e-06 2.456649672419403e-19
8.886941863377608e-06 2.5035758440213605e-19
8.916763815939279e-06 2.556284370369675e-19
8.946585768500947e-06 2.440254436384387e-19
8.976407721062619e-06 2.5563229479198453e-19
9.006229673624288e-06 2.578413002124421e-19
9.036051626185958e-06 2.468881845428161e-19
9.065873578747626e-06 2.5871306563823177e-19
9.095695531309298e-06 2.552137702919448e-19
9.125517483870967e-06 2.5273152101173145e-19
9.155339436432637e-06 2.6353146069693226e-19
9.185161388994307e-06 2.5071874906860717e-19
9.214983341555977e-06 2.558247693966158e-19
9.244805294117646e-06 2.671547900568127e-19
9.274627246679316e-06 2.5285450622664715e-19
9.304449199240986e-06 2.6024602561089637e-19
9.334271151802657e-06 2.645485125004146e-19
9.364093104364325e-06 2.570085871956744e-19
9.393915056925995e-06 2.678575751479605e-19
9.423737009487666e-06 2.58643578937658e-19
9.453558962049336e-06 2.5570417582651022e-19
9.483380914611004e-06 2.73242385354644e-19
9.513202867172676e-06 2.594823961283237e-19
9.543024819734345e-06 2.5913390650630126e-19
9.572846772296013e-06 2.71077601632685e-19
9.602668724857684e-06 2.58450377235845e-19
9.632490677419354e-06 2.674866988418819e-19
9.662312629981024e-06 2.679851135133575e-19
9.692134582542693e-06 2.5683230568999893e-19
9.721956535104364e-06 2.7333680923476837e-19
9.751778487666033e-06 2.682925419747868e-19
9.781600440227703e-06 2.5905038260925507e-19
9.811422392789372e-06 2.704134767878138e-19
9.841244345351044e-06 2.6601825110001797e-19
9.871066297912712e-06 2.650342446732535e-19
9.900888250474382e-06 2.687743960781349e-19
9.930710203036053e-06 2.607000484250945e-19
9.960532155597723e-06 2.6845999636875475e-19
9.990354108159391e-06 2.7228469262745967e-19
1.0020176060721062e-05 2.5862780200790114e-19
1.0049998013282732e-05 2.667164369386084e-19
1.0079819965844402e-05 2.700954448250172e-19
1.010964191840607e-05 2.628521773383959e-19
1.0139463870967742e-05 2.695156957576861e-19
1.0169285823529411e-05 2.6090315734007365e-19
1.0199107776091081e-05 2.6312049927626425e-19
1.022892972865275e-05 2.7325969373922243e-19
1.0258751681214422e-05 2.577368798606945e-19
1.028857363377609e-05 2.6156740183735495e-19
1.031839558633776e-05 2.6822338085571344e-19
1.034821753889943e-05 2.5834256331737745e-19
1.03780394914611e-05 2.6499561691180505e-19
1.040786144402277e-05 2.6181019905361537e-19
1.043768339658444e-05 2.558024821422467e-19
1.046750534914611e-05 2.6662804007349842e-19
1.0497327301707778e-05 2.5887895318425833e-19
1.0527149254269449e-05 2.526919843436481e-19
1.0556971206831119e-05 2.6210956833484867e-19
1.0586793159392789e-05 2.555294342226364e-19
1.0616615111954457e-05 2.5362164233433533e-19
1.0646437064516128e-05 2.5645647306377966e-19
1.0676259017077798e-05 2.4702068908497864e-19
1.0706080969639468e-05 2.5502195444646314e-19
1.0735902922201137e-05 2.5564339080039823e-19
1.0765724874762809e-05 2.423327570202928e-19
1.0795546827324477e-05 2.522717474546033e-19
1.0825368779886147e-05 2.489937183333156e-19
1.0855190732447816e-05 2.42472718470331e-19
1.0885012685009488e-05 2.5069508177442184e-19
1.0914834637571156e-05 2.386779021885242e-19
1.0944656590132826e-05 2.3984795281493277e-19
1.0974478542694497e-05 2.4696278694592e-19
1.1004300495256167e-05 2.325785637972697e-19
1.1034122447817835e-05 2.3652468390633667e-19
1.1063944400379506e-05 2.396371114294694e-19
1.1093766352941176e-05 2.294707713550476e-19
1.1123588305502846e-05 2.3461359257708993e-19
1.1153410258064515e-05 2.304078519374138e-19
1.1183232210626187e-05 2.2556152942394843e-19
1.1213054163187855e-05 2.3272343054595634e-19
1.1242876115749525e-05 2.2221269259867735e-19
1.1272698068311194e-05 2.2045904012618546e-19
1.1302520020872866e-05 2.259780554083949e-19
1.1332341973434534e-05 2.15075119456602e-19
1.1362163925996204e-05 2.1715912356535423e-19
1.1391985878557875e-05 2.1709743777754464e-19
1.1421807831119545e-05 2.0860174750824903e-19
1.1451629783681213e-05 2.1494700783859605e-19
1.1481451736242882e-05 2.105588656951157e-19
1.1511273688804554e-05 2.0218355577776636e-19
1.1541095641366222e-05 2.0883173350960826e-19
1.1570917593927893e-05 2.0339733973837691e-19
1.1600739546489563e-05 1.9874845926377905e-19
1.1630561499051233e-05 2.0179298303048374e-19
1.1660383451612902e-05 1.9156337610723436e-19
1.1690205404174572e-05 1.943971591937967e-19
1.1720027356736242e-05 1.9531176019940292e-19
1.1749849309297912e-05 1.8325470915618006e-19
1.177967126185958e-05 1.8951792094979476e-19
1.1809493214421253e-05 1.8552330020399768e-19
1.1839315166982921e-05 1.778961229212832e-19
1.1869137119544591e-05 1.8430219699468832e-19
1.189895907210626e-05 1.7487483175207747e-19
1.1928781024667932e-05 1.7237960412929531e-19
1.19586029772296e-05 1.7733514796069548e-19
1.198842492979127e-05 1.670827398728021e-19
1.201824688235294e-05 1.67060014270073e-19
1.2048068834914611e-05 1.6689118695571777e-19
1.207789078747628e-05 1.5781236467822562e-19
1.210771274003795e-05 1.610711110154338e-19
1.213753469259962e-05 1.57635133881198e-19
1.216735664516129e-05 1.5011970164849853e-19
1.2197178597722959e-05 1.5496450065423526e-19
1.2227000550284629e-05 1.4861721235750554e-19
1.22568225028463e-05 1.4469595053067377e-19
1.228664445540797e-05 1.489019220098121e-19
1.2316466407969638e-05 1.383151713982496e-19
1.234628836053131e-05 1.3798585011779186e-19
1.2376110313092978e-05 1.3934090692834839e-19
1.2405932265654649e-05 1.2616135322038913e-19
1.2435754218216317e-05 1.3087564083417538e-19
1.2465576170777987e-05 1.3039465079258905e-19
1.2495398123339658e-05 1.18399550754553e-19
1.2525220075901326e-05 1.2281546254856272e-19
1.2555042028462998e-05 1.181098330119228e-19
1.2584863981024667e-05 1.1386326183971806e-19
1.2614685933586337e-05 1.1773713466537049e-19
1.2644507886148005e-05 1.0608359869846864e-19
1.2674329838709677e-05 1.0519579674307861e-19
1.2704151791271346e-05 1.0783325502024376e-19
1.2733973743833016e-05 9.6697647727429e-20
1.2763795696394686e-05 9.746864311908823e-20
1.2793617648956356e-05 9.427637314403141e-20
1.2823439601518025e-05 8.802105555140616e-20
1.2853261554079695e-05 9.253414107081388e-20
1.2883083506641365e-05 8.254741870878533e-20
1.2912905459203036e-05 7.743227924424746e-20
1.2942727411764704e-05 8.333647313696483e-20
1.2972549364326376e-05 7.414698694605342e-20
1.3002371316888045e-05 7.213122902653533e-20
1.3032193269449715e-05 7.151463393373292e-20
1.3062015222011383e-05 6.249984004669691e-20
1.3091837174573055e-05 6.523716375275691e-20
1.3121659127134724e-05 6.012953024962178e-20
1.3151481079696394e-05 5.2278381136558964e-20
1.3181303032258064e-05 5.663631051447489e-20
1.3211124984819734e-05 4.9785336532851097e-20
1.3240946937381403e-05 4.361250592459083e-20
1.3270768889943073e-05 4.420757902532406e-20
1.3300590842504743e-05 3.6511209348562416e-20
1.3330412795066414e-05 3.854071639445431e-20
1.3360234747628082e-05 3.651719263077681e-20
1.3390056700189752e-05 2.324060051559786e-20
1.3419878652751423e-05 2.789044242463382e-20
1.3449700605313091e-05 2.6454901105931068e-20
1.3479522557874761e-05 1.5231400970197607e-20
1.3509344510436431e-05 1.7148559541638633e-20
1.3539166462998102e-05 1.0760826484442114e-20
1.356898841555977e-05 7.929141630930882e-21
1.3598810368121442e-05 1.133134223568887e-20
1.362863232068311e-05 -2.988155427227253e-21
1.3658454273244781e-05 -3.5009401119049584e-21
1.368827622580645e-05 3.603002085968001e-22
1.3718098178368121e-05 -1.1613505208271649e-20
1.374792013092979e-05 -1.0617292648574407e-20
1.377774208349146e-05 -1.4592554905777322e-20
1.380756403605313e-05 -2.1788865578105548e-20
1.38373859886148e-05 -1.8040935688277263e-20
1.3867207941176469e-05 -2.937329278114321e-20
1.389702989373814e-05 -3.388443571793305e-20
1.392685184629981e-05 -2.7255561708302694e-20
1.395667379886148e-05 -3.8648342257859827e-20
1.3986495751423148e-05 -4.2629782757294424e-20
1.401631770398482e-05 -4.2497852544035936e-20
1.4046139656546489e-05 -5.126815210650113e-20
1.4075961609108159e-05 -4.707069836567325e-20
1.4105783561669827e-05 -5.534903637592397e-20
1.41356055142315e-05 -6.584302856770413e-20
1.4165427466793168e-05 -5.613932020597848e-20
1.4195249419354838e-05 -6.491757267916024e-20
1.4225071371916508e-05 -7.410934005206743e-20
1.4254893324478178e-05 -7.12575146307892e-20
1.4284715277039847e-05 -8.016295718422432e-20
1.4314537229601516e-05 -7.971714382098391e-20
1.4344359182163187e-05 -8.24336431866739e-20
1.4374181134724856e-05 -9.686786368987817e-20
1.4404003087286526e-05 -9.09500123811661e-20
1.4433825039848196e-05 -9.060763783553065e-20
1.4463646992409867e-05 -1.0436589901172391e-19
1.4493468944971535e-05 -1.0419132719662199e-19
1.4523290897533205e-05 -1.0744896557006869e-19
1.4553112850094876e-05 -1.0990840911534662e-19
1.4582934802656546e-05 -1.0967286485081528e-19
1.4612756755218214e-05 -1.251565541792357e-19
1.4642578707779886e-05 -1.2492350062191852e-19
1.4672400660341555e-05 -1.206083106426178e-19
1.4702222612903225e-05 -1.351514093437991e-19
1.4732044565464894e-05 -1.3584777333330695e-19
1.4761866518026565e-05 -1.3812559867490173e-19
1.4791688470588234e-05 -1.4464192950691553e-19
1.4821510423149904e-05 -1.3974577870871248e-19
1.4851332375711574e-05 -1.5222638071358116e-19
1.4881154328273243e-05 -1.5913106006514688e-19
1.4910976280834913e-05 -1.486600597365387e-19
1.4940798233396583e-05 -1.6074126117528354e-19
1.4970620185958255e-05 -1.7056082244704182e-19
1.5000442138519922e-05 -1.671642377299535e-19
1.5030264091081592e-05 -1.727891503807749e-19
1.5060086043643263e-05 -1.7085027428439887e-19
1.5089907996204934e-05 -1.8068978624385484e-19
1.5119729948766601e-05 -1.9364086548988368e-19
1.5149551901328272e-05 -1.8111964257379746e-19
1.5179373853889943e-05 -1.870972741621683e-19
1.5209195806451614e-05 -2.0022841948810238e-19
1.523901775901328e-05 -1.9638837241027376e-19
1.5268839711574952e-05 -2.0221281465634553e-19
1.5298661664136623e-05 -2.0276930044474217e-19
1.532848361669829e-05 -2.058635418348219e-19
1.535830556925996e-05 -2.2192456142554467e-19
1.538812752182163e-05 -2.154010368535376e-19
1.54179494743833e-05 -2.114518920432628e-19
1.544777142694497e-05 -2.2830305071278986e-19
1.547759337950664e-05 -2.283014494584668e-19
1.550741533206831e-05 -2.283578103890934e-19
1.553723728462998e-05 -2.3462919167029993e-19
1.5567059237191648e-05 -2.3180070124260037e-19
1.5596881189753318e-05 -2.434967378709378e-19
1.5626703142314988e-05 -2.462169161598286e-19
1.5656525094876662e-05 -2.370832800329053e-19
1.568634704743833e-05 -2.5110905002908584e-19
1.5716169e-05 -2.569482879716396e-19
1.574599095256167e-05 -2.5432942116824753e-19
1.577581290512334e-05 -2.5968395930636057e-19
1.5805634857685006e-05 -2.5709346033765536e-19
1.5835456810246676e-05 -2.6821117443007387e-19
1.586527876280835e-05 -2.7531652575335416e-19
1.589510071537002e-05 -2.6256801326049155e-19
1.5924922667931687e-05 -2.726179754407537e-19
1.5954744620493357e-05 -2.826308161618913e-19
1.5984566573055027e-05 -2.7741257064950977e-19
1.6014388525616698e-05 -2.818388726171685e-19
1.6044210478178365e-05 -2.8118767878781803e-19
1.6074032430740038e-05 -2.885326791682802e-19
1.610385438330171e-05 -2.995563660126284e-19
1.613367633586338e-05 -2.8840817438085834e-19
1.6163498288425045e-05 -2.908673681378944e-19
1.6193320240986716e-05 -3.05492356026951e-19
1.6223142193548386e-05 -3.02389949700635e-19
1.6252964146110053e-05 -3.021926514299264e-19
1.6282786098671726e-05 -3.0376857918620577e-19
1.6312608051233397e-05 -3.0603284050357992e-19
1.6342430003795067e-05 -3.199559863594517e-19
1.6372251956356734e-05 -3.1277658542788564e-19
1.6402073908918404e-05 -3.052851210844336e-19
1.6431895861480074e-05 -3.235215620603761e-19
1.6461717814041744e-05 -3.245419257579028e-19
1.6491539766603414e-05 -3.2111793920102035e-19
1.6521361719165085e-05 -3.2491378342359795e-19
1.6551183671726755e-05 -3.2374825041471343e-19
1.6581005624288425e-05 -3.3563473453102077e-19
1.6610827576850092e-05 -3.3516811035965816e-19
1.6640649529411762e-05 -3.241561211735048e-19
1.6670471481973432e-05 -3.3792564964187185e-19
1.6700293434535106e-05 -3.4508389071879557e-19
1.6730115387096773e-05 -3.3816976906363454e-19
1.6759937339658443e-05 -3.4282836607082817e-19
1.6789759292220113e-05 -3.4192094951508885e-19
1.6819581244781783e-05 -3.478936205921674e-19
1.684940319734345e-05 -3.5805138661917454e-19
1.687922514990512e-05 -3.4407834820675755e-19
1.6909047102466794e-05 -3.50241297976341e-19
1.6938869055028464e-05 -3.642146345466661e-19
1.696869100759013e-05 -3.5495422712649323e-19
1.69985129601518e-05 -3.5798813882921326e-19
1.702833491271347e-05 -3.588142337371516e-19
1.7058156865275142e-05 -3.6054168367116956e-19
1.708797881783681e-05 -3.7208887582720494e-19
1.7117800770398482e-05 -3.6119619145171467e-19
1.7147622722960152e-05 -3.599785718056912e-19
1.7177444675521823e-05 -3.7768879839984013e-19
1.720726662808349e-05 -3.725892645002627e-19
1.723708858064516e-05 -3.69334975122398e-19
1.726691053320683e-05 -3.744870130067043e-19
1.7296732485768497e-05 -3.7358641814990216e-19
1.732655443833017e-05 -3.837249175501965e-19
1.735637639089184e-05 -3.79983706669341e-19
1.738619834345351e-05 -3.7039874318479077e-19
1.7416020296015178e-05 -3.8593370929178203e-19
1.7445842248576848e-05 -3.8793175336269027e-19
1.7475664201138518e-05 -3.798418022986982e-19
1.750548615370019e-05 -3.8492899608278654e-19
1.753530810626186e-05 -3.842302184825284e-19
1.756513005882353e-05 -3.932210222193271e-19
1.75949520113852e-05 -3.9588309383244094e-19
1.762477396394687e-05 -3.805797890413769e-19
1.7654595916508536e-05 -3.918819963237589e-19
1.7684417869070206e-05 -4.000980504148381e-19
1.7714239821631876e-05 -3.905599721750781e-19
1.774406177419355e-05 -3.9504797150509815e-19
1.7773883726755217e-05 -3.9349441802288504e-19
1.7803705679316887e-05 -3.9817666346849e-19
1.7833527631878557e-05 -4.0393415714406426e-19
1.7863349584440228e-05 -3.8876749882096936e-19
1.7893171537001894e-05 -3.95967692266478e-19
1.7922993489563565e-05 -4.09819829759509e-19
1.7952815442125238e-05 -3.990601076877943e-19
1.798263739468691e-05 -3.9911067402226723e-19
1.8012459347248575e-05 -4.0168949151357837e-19
1.8042281299810246e-05 -4.02073778435587e-19
1.8072103252371916e-05 -4.121373638446921e-19
1.8101925204933586e-05 -4.004826372234498e-19
1.8131747157495253e-05 -3.9592204869333637e-19
1.8161569110056926e-05 -4.127558883961868e-19
1.8191391062618597e-05 -4.069748050988557e-19
1.8221213015180263e-05 -4.0206675127813336e-19
1.8251034967741934e-05 -4.0624386696256275e-19
1.8280856920303604e-05 -4.0429062123378236e-19
1.8310678872865274e-05 -4.1256130762004485e-19
1.834050082542694e-05 -4.0912559224060116e-19
1.8370322777988615e-05 -3.9817382705781296e-19
1.8400144730550285e-05 -4.1125433283146984e-19
1.8429966683111955e-05 -4.1309857379215094e-19
1.8459788635673622e-05 -4.0238092737480777e-19
1.8489610588235292e-05 -4.0660722977939404e-19
1.8519432540796962e-05 -4.044270926590023e-19
1.8549254493358632e-05 -4.112443851493381e-19
1.8579076445920303e-05 -4.135353476072217e-19
1.8608898398481973e-05 -3.9470245208960363e-19
1.8638720351043643e-05 -4.0660133379531583e-19
1.8668542303605313e-05 -4.1609790616240838e-19
1.869836425616698e-05 -4.016331318564259e-19
1.872818620872865e-05 -4.053365113211228e-19
1.875800816129032e-05 -4.050115997704169e-19
1.878783011385199e-05 -4.059036068078435e-19
1.881765206641366e-05 -4.126252257582419e-19
1.884747401897533e-05 -3.971017167807181e-19
1.8877295971537e-05 -3.989396782810111e-19
1.8907117924098672e-05 -4.1387512494668846e-19
1.893693987666034e-05 -4.0083873149484284e-19
1.896676182922201e-05 -3.970046581187773e-19
1.899658378178368e-05 -4.0187695006765503e-19
1.9026405734345353e-05 -4.0041625989319023e-19
1.905622768690702e-05 -4.084876896425507e-19
1.908604963946869e-05 -3.959221557704373e-19
1.911587159203036e-05 -3.8813576501256903e-19
1.9145693544592027e-05 -4.0743682885219114e-19
1.9175515497153697e-05 -4.004807527366446e-19
1.9205337449715367e-05 -3.878499591740046e-19
1.923515940227704e-05 -3.9340933882148834e-19
1.9264981354838708e-05 -3.920358386718466e-19
1.9294803307400378e-05 -3.97013772607901e-19
1.9324625259962048e-05 -3.9305546417932646e-19
1.9354447212523718e-05 -3.7722294841350147e-19
1.9384269165085385e-05 -3.9211175582023777e-19
1.9414091117647055e-05 -3.970029852722127e-19
1.944391307020873e-05 -3.7975048299366384e-19
1.94737350227704e-05 -3.83233976645044e-19
1.9503556975332066e-05 -3.8262256374325524e-19
1.9533378927893736e-05 -3.8450109244024058e-19
1.9563200880455406e-05 -3.8602371873439735e-19
1.9593022833017077e-05 -3.6741192761549006e-19
1.9622844785578743e-05 -3.7474390908551566e-19
1.9652666738140417e-05 -3.853519801433913e-19
1.9682488690702087e-05 -3.6868212090841597e-19
1.9712310643263757e-05 -3.6756886460345133e-19
1.9742132595825424e-05 -3.702606811661202e-19
1.9771954548387095e-05 -3.6846098121050476e-19
1.9801776500948765e-05 -3.736137439864317e-19
1.9831598453510435e-05 -3.5891527146193876e-19
1.9861420406072105e-05 -3.538657081576538e-19
1.9891242358633775e-05 -3.7179867233767474e-19
1.9921064311195446e-05 -3.6043895266455016e-19
1.9950886263757116e-05 -3.4836361076910705e-19
1.9980708216318783e-05 -3.549973838665288e-19
2.0010530168880453e-05 -3.522519608918783e-19
2.0040352121442123e-05 -3.5653032297127497e-19
2.0070174074003793e-05 -3.4505381649457006e-19
2.0099996026565464e-05 -3.337441879528806e-19
2.0129817979127134e-05 -3.5218348135880207e-19
2.0159639931688804e-05 -3.4673888870168774e-19
2.018946188425047e-05 -3.3334556404801573e-19
2.021928383681214e-05 -3.3519150595895226e-19
2.024910578937381e-05 -3.3444388427552237e-19
2.0278927741935485e-05 -3.391995824754131e-19
2.0308749694497152e-05 -3.29500513272545e-19
2.0338571647058822e-05 -3.1393337023308014e-19
2.0368393599620492e-05 -3.278063500172533e-19
2.0398215552182162e-05 -3.3264515780155755e-19
2.042803750474383e-05 -3.132232874149837e-19
2.04578594573055e-05 -3.1128136570708293e-19
2.0487681409867173e-05 -3.1521889201716574e-19
2.0517503362428843e-05 -3.166168468577432e-19
2.054732531499051e-05 -3.1520816943144475e-19
2.057714726755218e-05 -2.956741204589854e-19
2.060696922011385e-05 -3.009872911702872e-19
2.063679117267552e-05 -3.1602915112549765e-19
2.0666613125237188e-05 -2.953109947413686e-19
2.069643507779886e-05 -2.875247448642035e-19
2.072625703036053e-05 -2.9476358903229605e-19
2.07560789829222e-05 -2.925561400692165e-19
2.078590093548387e-05 -2.9278248932199175e-19
2.081572288804554e-05 -2.7861521978391993e-19
2.084554484060721e-05 -2.7438433030353803e-19
2.087536679316888e-05 -2.926954906230504e-19
2.090518874573055e-05 -2.8031068616594265e-19
2.093501069829222e-05 -2.6439790101931474e-19
2.096483265085389e-05 -2.72845936252537e-19
2.0994654603415557e-05 -2.7189779094126e-19
2.1024476555977227e-05 -2.7111699977686905e-19
2.1054298508538897e-05 -2.590175450709799e-19
2.1084120461100567e-05 -2.4841558653101475e-19
2.1113942413662237e-05 -2.664932946076046e-19
2.1143764366223908e-05 -2.6108504036081247e-19
2.1173586318785578e-05 -2.410057291752726e-19
2.1203408271347248e-05 -2.452430130809044e-19
2.1233230223908915e-05 -2.4877072610982084e-19
2.1263052176470585e-05 -2.4828533279523656e-19
2.1292874129032255e-05 -2.4099759026360513e-19
2.132269608159393e-05 -2.2562527696534505e-19
2.1352518034155596e-05 -2.3722946537267773e-19
2.1382339986717266e-05 -2.4363871703348775e-19
2.1412161939278936e-05 -2.1877841481478716e-19
2.1441983891840606e-05 -2.1752571730398253e-19
2.1471805844402273e-05 -2.2666836260257507e-19
2.1501627796963944e-05 -2.219437895892567e-19
2.1531449749525617e-05 -2.177470281022594e-19
2.1561271702087287e-05 -2.0078884616317104e-19
2.1591093654648954e-05 -2.049261237107545e-19
2.1620915607210624e-05 -2.2135127981094493e-19
2.1650737559772295e-05 -1.9881769308652668e-19
2.1680559512333965e-05 -1.880727025155361e-19
2.171038146489563e-05 -1.994917209444719e-19
2.1740203417457305e-05 -1.982085051556557e-19
2.1770025370018976e-05 -1.9285131423578388e-19
2.1799847322580646e-05 -1.76950954581055e-19
2.1829669275142313e-05 -1.7488011235338697e-19
2.1859491227703983e-05 -1.9220339701469394e-19
2.1889313180265653e-05 -1.7951220483557542e-19
2.1919135132827323e-05 -1.5875585671390117e-19
2.1948957085388993e-05 -1.6644083654130645e-19
2.1978779037950664e-05 -1.7289509924381382e-19
2.2008600990512334e-05 -1.6712038565028318e-19
2.2038422943074e-05 -1.5406830267614384e-19
2.206824489563567e-05 -1.4411271066799866e-19
2.209806684819734e-05 -1.6028075819365597e-19
2.212788880075901e-05 -1.5812929647764148e-19
2.215771075332068e-05 -1.2997149840428563e-19
2.2187532705882352e-05 -1.3563692935755364e-19
2.2217354658444022e-05 -1.444751914754664e-19
2.2247176611005692e-05 -1.3543573475759075e-19
2.227699856356736e-05 -1.2745187026072373e-19
2.230682051612903e-05 -1.1405608641045845e-19
2.23366424686907e-05 -1.2541735044548055e-19
2.2366464421252373e-05 -1.3306137899592614e-19
2.239628637381404e-05 -1.0487488932441474e-19
2.242610832637571e-05 -1.0297146932911834e-19
2.245593027893738e-05 -1.1473049330680735e-19
2.248575223149905e-05 -1.0770915621530387e-19
2.2515574184060717e-05 -9.951795246575838e-20
2.2545396136622388e-05 -8.569875493258101e-20
2.257521808918406e-05 -9.018449033683944e-20
2.260504004174573e-05 -1.0213594188578434e-19
2.26348619943074e-05 -8.188321782056402e-20
2.266468394686907e-05 -6.80876789061208e-20
2.269450589943074e-05 -8.015647191247832e-20
2.272432785199241e-05 -8.160793948052662e-20
2.2754149804554076e-05 -7.12987424420798e-20
2.278397175711575e-05 -5.793392928359216e-20
2.281379370967742e-05 -5.593589947197822e-20
2.284361566223909e-05 -7.17860993999158e-20
2.2873437614800757e-05 -5.788529614366684e-20
2.2903259567362427e-05 -3.6089452370860817e-20
2.2933081519924097e-05 -4.706886256275561e-20
2.2962903472485764e-05 -5.0108815341341916e-20
2.2992725425047438e-05 -4.169831325267406e-20
2.3022547377609108e-05 -2.96126316680762e-20
2.3052369330170778e-05 -2.2268834737028483e-20
2.3082191282732445e-05 -3.918484898597675e-20
2.3112013235294115e-05 -3.32728737542379e-20
2.3141835187855785e-05 -6.236775134741458e-21
2.3171657140417455e-05 -1.303527506652811e-20
2.3201479092979126e-05 -2.368426657504947e-20
2.3231301045540796e-05 -1.3014461862728302e-20
2.3261122998102466e-05 3.516357561125234e-22
2.3290944950664136e-05 8.814582039478827e-21
2.3320766903225803e-05 -2.89251499953569e-21
2.3350588855787473e-05 -6.2585883891580125e-21
2.3380410808349144e-05 1.9812852197888948e-20
2.3410232760910817e-05 2.2083210532813472e-20
2.3440054713472484e-05 8.34456664143391e-21
2.3469876666034154e-05 1.60188402357011e-20
2.3499698618595825e-05 2.684268184318707e-20
2.3529520571157495e-05 3.7286077746652314e-20
2.355934252371916e-05 3.116347009665567e-20
2.3589164476280832e-05 1.9428609679234247e-20
2.3618986428842505e-05 4.4626310251743686e-20
2.3648808381404176e-05 5.817007749318707e-20
2.3678630333965842e-05 4.051673318430776e-20
2.3708452286527513e-05 4.388284335855067e-20
2.3738274239089183e-05 5.608218743659198e-20
2.3768096191650853e-05 6.499676990049877e-20
2.379791814421252e-05 6.686808084033455e-20
2.3827740096774194e-05 5.182558810083289e-20
2.3857562049335864e-05 6.495024312965587e-20
2.388738400189753e-05 8.787657586073352e-20
2.39172059544592e-05 7.397303574441866e-20
2.394702790702087e-05 6.864855906476075e-20
2.397684985958254e-05 8.362958979388884e-20
2.4006671812144208e-05 9.277451284532066e-20
2.403649376470588e-05 9.719823117189801e-20
2.4066315717267552e-05 8.534077315128903e-20
2.4096137669829222e-05 8.85088635458003e-20
2.412595962239089e-05 1.1567245157447083e-19
2.415578157495256e-05 1.088941579103046e-19
2.418560352751423e-05 9.548287748534984e-20
2.42154254800759e-05 1.0866787804070679e-19
2.424524743263757e-05 1.1968683870548625e-19
2.427506938519924e-05 1.2528040030167382e-19
2.430489133776091e-05 1.1599310299048072e-19
2.433471329032258e-05 1.1127064725908452e-19
2.4364535242884247e-05 1.3804871738927672e-19
2.4394357195445918e-05 1.4235202346521172e-19
2.4424179148007588e-05 1.2452993600828333e-19
2.4454001100569258e-05 1.3316318422378957e-19
2.4483823053130928e-05 1.4512420220972474e-19
2.45136450056926e-05 1.5247802825458945e-19
2.454346695825427e-05 1.478224159033857e-19
2.457328891081594e-05 1.349099241718119e-19
2.4603110863377606e-05 1.5718363470204398e-19
2.4632932815939276e-05 1.7107572551125393e-19
2.4662754768500946e-05 1.5288616857628513e-19
2.469257672106262e-05 1.5442272411020314e-19
2.4722398673624287e-05 1.6821889830119482e-19
2.4752220626185957e-05 1.7697341192213922e-19
2.4782042578747627e-05 1.753295971834e-19
2.4811864531309297e-05 1.6190563542833906e-19
2.4841686483870964e-05 1.7759843950788507e-19
2.4871508436432634e-05 1.9825194291466894e-19
2.4901330388994308e-05 1.7923295011576638e-19
2.4931152341555975e-05 1.7607615402464198e-19
2.4960974294117645e-05 1.913735540722418e-19
2.4990796246679315e-05 1.9610988289005906e-19
2.5020618199240985e-05 2.008971507525e-19
2.5050440151802652e-05 1.8760784671585324e-19
2.5080262104364322e-05 1.9283441765551297e-19
2.5110084056925996e-05 2.191521845750959e-19
2.5139906009487666e-05 2.0745137677011832e-19
2.5169727962049333e-05 1.977590326428167e-19
2.5199549914611003e-05 2.122915038582678e-19
2.5229371867172674e-05 2.191293931828595e-19
2.5259193819734344e-05 2.244714423428804e-19
2.528901577229601e-05 2.1357662046054158e-19
2.5318837724857684e-05 2.0850338193548298e-19
2.5348659677419354e-05 2.3624581834291994e-19
2.5378481629981025e-05 2.357325697063454e-19
2.540830358254269e-05 2.175131773641025e-19
2.543812553510436e-05 2.286065315660213e-19
2.5467947487666032e-05 2.3907678130469065e-19
2.5497769440227702e-05 2.443621789668461e-19
2.5527591392789372e-05 2.397542842239167e-19
2.5557413345351043e-05 2.2786634128628245e-19
2.5587235297912713e-05 2.498919459079697e-19
2.5617057250474383e-05 2.6266342008423964e-19
2.564687920303605e-05 2.3993997274785453e-19
2.567670115559772e-05 2.432326557565638e-19
2.570652310815939e-05 2.592598791781631e-19
2.5736345060721064e-05 2.617672483401821e-19
2.576616701328273e-05 2.6146818447161175e-19
2.57959889658444e-05 2.4906843747448893e-19
2.582581091840607e-05 2.6104391734513136e-19
2.5855632870967738e-05 2.8448989568837436e-19
2.5885454823529408e-05 2.646012465435861e-19
2.591527677609108e-05 2.578467865824971e-19
2.5945098728652752e-05 2.78404721626669e-19
2.597492068121442e-05 2.8036001326986507e-19
2.600474263377609e-05 2.807573140942998e-19
2.603456458633776e-05 2.7167654064659127e-19
2.606438653889943e-05 2.7247297120053896e-19
2.6094208491461096e-05 2.983952852322599e-19
2.6124030444022767e-05 2.889403089990381e-19
2.615385239658444e-05 2.7423727619249405e-19
2.618367434914611e-05 2.906291054692112e-19
2.6213496301707777e-05 2.9777975517462313e-19
2.6243318254269447e-05 2.993147164213393e-19
2.6273140206831118e-05 2.9215573618683837e-19
2.6302962159392788e-05 2.8676166416467514e-19
2.6332784111954455e-05 3.129058195460153e-19
2.6362606064516128e-05 3.1226552231678064e-19
2.63924280170778e-05 2.883351014682545e-19
2.642224996963947e-05 3.027312893642403e-19
2.6452071922201136e-05 3.1463709318142296e-19
2.6481893874762806e-05 3.1414233638709337e-19
2.6511715827324476e-05 3.111098251595448e-19
2.6541537779886146e-05 2.9980824905640194e-19
2.6571359732447816e-05 3.209087433424904e-19
2.6601181685009487e-05 3.3144746893532247e-19
2.6631003637571157e-05 3.086387416440623e-19
2.6660825590132827e-05 3.135973923317512e-19
2.6690647542694494e-05 3.2763693470736337e-19
2.6720469495256164e-05 3.2843157954679755e-19
2.6750291447817834e-05 3.268255731780336e-19
2.6780113400379505e-05 3.1637474502413693e-19
2.6809935352941175e-05 3.233706835072001e-19
2.6839757305502845e-05 3.4419226337992585e-19
2.6869579258064515e-05 3.2886207188942234e-19
2.6899401210626182e-05 3.1728857029771352e-19
2.6929223163187852e-05 3.3812722866147645e-19
2.6959045115749523e-05 3.4167130106957374e-19
2.6988867068311196e-05 3.3752266764892e-19
2.7018689020872863e-05 3.299973964250718e-19
2.7048510973434533e-05 3.291734170835296e-19
2.7078332925996203e-05 3.538368668789595e-19
2.7108154878557874e-05 3.4611617879112475e-19
2.713797683111954e-05 3.26604193452855e-19
2.716779878368121e-05 3.420272488292415e-19
2.7197620736242884e-05 3.501145999239126e-19
2.7227442688804554e-05 3.4667932039830995e-19
2.725726464136622e-05 3.4005830575587776e-19
2.728708659392789e-05 3.347730741173648e-19
2.7316908546489562e-05 3.5577842046024666e-19
2.7346730499051232e-05 3.601997612913858e-19
2.73765524516129e-05 3.3501140544839855e-19
2.7406374404174572e-05 3.424516168903507e-19
2.7436196356736243e-05 3.591548879634706e-19
2.7466018309297913e-05 3.5369966705820403e-19
2.749584026185958e-05 3.489380599950013e-19
2.752566221442125e-05 3.4138241055635094e-19
2.755548416698292e-05 3.5385363219203992e-19
2.758530611954459e-05 3.6773983281879346e-19
2.761512807210626e-05 3.4478473448032025e-19
2.764495002466793e-05 3.4239464627948534e-19
2.76747719772296e-05 3.625146379783449e-19
2.7704593929791268e-05 3.5995154256026904e-19
2.7734415882352938e-05 3.5340938552454947e-19
2.7764237834914608e-05 3.4700222405120685e-19
2.779405978747628e-05 3.5227670011327556e-19
2.782388174003795e-05 3.7079569514209466e-19
2.785370369259962e-05 3.542881878672799e-19
2.788352564516129e-05 3.406753229350976e-19
2.791334759772296e-05 3.610931453570229e-19
2.7943169550284626e-05 3.6372176625732424e-19
2.7972991502846296e-05 3.56356694674764e-19
2.8002813455407967e-05 3.4928135176993114e-19
2.803263540796964e-05 3.498124852928802e-19
2.8062457360531307e-05 3.700267441135102e-19
2.8092279313092977e-05 3.623825946806078e-19
2.8122101265654648e-05 3.414499448738929e-19
2.8151923218216318e-05 3.5638388513389055e-19
2.8181745170777985e-05 3.670889209658883e-19
2.8211567123339655e-05 3.576127324177798e-19
2.824138907590133e-05 3.518039238069362e-19
2.8271211028463e-05 3.4783427268523345e-19
2.8301032981024665e-05 3.6361501066226497e-19
2.8330854933586336e-05 3.665884487098093e-19
2.8360676886148006e-05 3.412049958381567e-19
2.8390498838709676e-05 3.481778170495523e-19
2.8420320791271343e-05 3.6417672523579963e-19
2.8450142743833017e-05 3.5928637985203647e-19
2.8479964696394687e-05 3.5198071929658134e-19
2.8509786648956357e-05 3.4285596094680844e-19
2.8539608601518024e-05 3.5559708223933156e-19
2.8569430554079694e-05 3.6875548270734314e-19
2.8599252506641364e-05 3.439224859963962e-19
2.862907445920303e-05 3.378755226682352e-19
2.8658896411764705e-05 3.604156176208009e-19
2.8688718364326375e-05 3.5700370318524276e-19
2.8718540316888045e-05 3.456626049600732e-19
2.8748362269449712e-05 3.4029862002895755e-19
2.8778184222011382e-05 3.4563881341186e-19
2.8808006174573052e-05 3.625640382637638e-19
2.8837828127134723e-05 3.449070590982341e-19
2.8867650079696393e-05 3.301125211583015e-19
2.8897472032258063e-05 3.505434938711462e-19
2.8927293984819733e-05 3.5242594105978756e-19
2.8957115937381403e-05 3.4356245718507435e-19
2.898693788994307e-05 3.347630111716402e-19
2.901675984250474e-05 3.3306351426980563e-19
2.904658179506641e-05 3.538480845461212e-19
2.9076403747628084e-05 3.4502986886649365e-19
2.910622570018975e-05 3.2127354171391317e-19
2.913604765275142e-05 3.3624333291094087e-19
2.916586960531309e-05 3.4825626766706786e-19
2.9195691557874762e-05 3.372681123788362e-19
2.922551351043643e-05 3.274005868317132e-19
2.92553354629981e-05 3.2486216531487253e-19
2.9285157415559773e-05 3.3928259541193976e-19
2.9314979368121443e-05 3.4268879824930145e-19
2.934480132068311e-05 3.1787685461081835e-19
2.937462327324478e-05 3.1931014769680713e-19
2.940444522580645e-05 3.379074526160661e-19
2.943426717836812e-05 3.297801651607897e-19
2.9464089130929787e-05 3.1854482830126927e-19
2.949391108349146e-05 3.1470795677437984e-19
2.952373303605313e-05 3.2464323212402007e-19
2.95535549886148e-05 3.3540852118563726e-19
2.9583376941176468e-05 3.1164476708840884e-19
2.9613198893738138e-05 3.0389416152003043e-19
2.964302084629981e-05 3.271630011287379e-19
2.967284279886148e-05 3.239104237438852e-19
2.970266475142315e-05 3.0974532570414296e-19
2.9732486703984816e-05 3.0303017000416025e-19
2.9762308656546486e-05 3.071092821194557e-19
2.9792130609108156e-05 3.2379915388640824e-19
2.9821952561669826e-05 3.0770282501207937e-19
2.9851774514231497e-05 2.8727260433673584e-19
2.9881596466793167e-05 3.0884898786474017e-19
2.9911418419354837e-05 3.159451558730988e-19
2.994124037191651e-05 2.995031920286679e-19
2.9971062324478174e-05 2.914607679477509e-19
3.0000884277039844e-05 2.9241650817347717e-19
3.0030706229601514e-05 3.1033204625742223e-19
3.0060528182163185e-05 3.017929440539559e-19
3.0090350134724855e-05 2.747690121158607e-19
3.0120172087286525e-05 2.9137441557695543e-19
3.01499940398482e-05 3.021667201256454e-19
3.017981599240987e-05 2.869806067480606e-19
3.0209637944971532e-05 2.795075387207711e-19
3.0239459897533203e-05 2.758734434749e-19
3.0269281850094873e-05 2.914088380127296e-19
3.0299103802656543e-05 2.9331197102243786e-19
3.0328925755218213e-05 2.6268617245337216e-19
3.0358747707779887e-05 2.6916864035406365e-19
3.0388569660341557e-05 2.8927791800649073e-19
3.0418391612903227e-05 2.7440184492018726e-19
3.044821356546489e-05 2.6431873077669667e-19
3.047803551802656e-05 2.6114490076044984e-19
3.050785747058823e-05 2.691577991864956e-19
3.0537679423149905e-05 2.7977632520485304e-19
3.056750137571157e-05 2.5199975152884235e-19
3.0597323328273245e-05 2.455127806723103e-19
3.062714528083491e-05 2.710245812307356e-19
3.065696723339658e-05 2.6255914557352113e-19
3.068678918595825e-05 2.4896509865387705e-19
3.071661113851992e-05 2.4519166131532815e-19
3.074643309108159e-05 2.4801688366521853e-19
3.077625504364326e-05 2.6273382257845352e-19
3.080607699620493e-05 2.439308655759393e-19
3.08358989487666e-05 2.237910442030843e-19
3.0865720901328274e-05 2.45841384862737e-19
3.089554285388994e-05 2.493102929192083e-19
3.092536480645161e-05 2.3003908469455855e-19
3.095518675901328e-05 2.25306953636055e-19
3.098500871157495e-05 2.261155381239451e-19
3.101483066413662e-05 2.39497742535748e-19
3.104465261669829e-05 2.323556367564789e-19
3.107447456925996e-05 2.0303486065724179e-19
3.1104296521821636e-05 2.1972175777487846e-19
3.1134118474383296e-05 2.33548836139874e-19
3.116394042694497e-05 2.1119067604030196e-19
3.1193762379506636e-05 2.0354255739432872e-19
3.122358433206831e-05 2.0300826123400738e-19
3.1253406284629977e-05 2.1457313530295902e-19
3.128322823719165e-05 2.1579040321650037e-19
3.1313050189753324e-05 1.8299361948026074e-19
3.134287214231499e-05 1.8818849918560032e-19
3.137269409487666e-05 2.1171587401019418e-19
