0.0 -9.487585980742945e-20
2.9801544386422977e-08 -1.1033359556512043e-19
5.960308877284595e-08 -1.0274674379877371e-19
8.940463315926892e-08 -9.275129586931908e-20
1.192061775456919e-07 -9.581640406225695e-20
1.490077219321149e-07 -1.0114332096922569e-19
1.7880926631853784e-07 -1.0533531090616164e-19
2.086108107049608e-07 -9.290277530216343e-20
2.384123550913838e-07 -8.71507950891296e-20
2.682138994778068e-07 -1.0320089925885078e-19
2.980154438642298e-07 -1.0059401724203497e-19
3.2781698825065273e-07 -8.816929231594885e-20
3.576185326370757e-07 -9.123762647182532e-20
3.874200770234987e-07 -9.746852236530144e-20
4.172216214099216e-07 -1.0072650538472743e-19
4.470231657963447e-07 -9.270636162556854e-20
4.768247101827676e-07 -8.34003559446325e-20
5.066262545691906e-07 -9.556643201017933e-20
5.364277989556136e-07 -1.0076473203169775e-19
5.662293433420366e-07 -8.616681689846814e-20
5.960308877284596e-07 -8.444074447964063e-20
6.258324321148825e-07 -9.149086377419991e-20
6.556339765013055e-07 -9.505716706141719e-20
6.854355208877284e-07 -9.037163199047387e-20
7.152370652741514e-07 -7.78900506215793e-20
7.450386096605745e-07 -8.820721834351642e-20
7.748401540469974e-07 -9.841034885934684e-20
8.046416984334204e-07 -8.23687225717892e-20
8.344432428198432e-07 -7.925025796479249e-20
8.642447872062662e-07 -8.61895944341501e-20
8.940463315926894e-07 -8.856430467462503e-20
9.238478759791122e-07 -8.628119652579259e-20
9.536494203655352e-07 -7.408254082372309e-20
9.834509647519581e-07 -7.784142288415158e-20
1.0132525091383811e-06 -8.939024525385892e-20
1.0430540535248041e-06 -8.109660952198617e-20
1.0728555979112271e-06 -7.225029658713913e-20
1.1026571422976501e-06 -7.657718752718783e-20
1.1324586866840731e-06 -8.291793426683477e-20
1.162260231070496e-06 -8.202918001871794e-20
1.1920617754569191e-06 -7.055516573994423e-20
1.221863319843342e-06 -6.921646509392261e-20
1.251664864229765e-06 -8.201238522315267e-20
1.281466408616188e-06 -7.684414974219285e-20
1.311267953002611e-06 -6.528532322932317e-20
1.341069497389034e-06 -6.908087189491291e-20
1.3708710417754567e-06 -7.372934539450638e-20
1.4006725861618797e-06 -7.512633421025442e-20
1.4304741305483027e-06 -6.746149874556181e-20
1.460275674934726e-06 -5.857704844009614e-20
1.490077219321149e-06 -7.132216938558617e-20
1.5198787637075717e-06 -7.475880758778324e-20
1.5496803080939947e-06 -5.879661082236089e-20
1.5794818524804177e-06 -5.966571802757506e-20
1.6092833968668407e-06 -6.523396186133031e-20
1.6390849412532635e-06 -6.544833225300356e-20
1.6688864856396865e-06 -6.182196130440234e-20
1.6986880300261095e-06 -5.042892353036713e-20
1.7284895744125325e-06 -5.775613200439444e-20
1.7582911187989557e-06 -6.659908224520657e-20
1.7880926631853787e-06 -5.1689908530088774e-20
1.8178942075718015e-06 -4.7308485692468837e-20
1.8476957519582245e-06 -5.687464707371884e-20
1.8774972963446475e-06 -5.758223038870114e-20
1.9072988407310705e-06 -5.2296026008341905e-20
1.9371003851174933e-06 -4.3381257087432465e-20
1.9669019295039163e-06 -4.587066898056779e-20
1.9967034738903393e-06 -5.654223826675385e-20
2.0265050182767623e-06 -4.589115469452922e-20
2.0563065626631853e-06 -3.563937814888476e-20
2.0861081070496083e-06 -4.3957457290332906e-20
2.1159096514360313e-06 -4.6841262445681094e-20
2.1457111958224543e-06 -4.2408962768235645e-20
2.1755127402088773e-06 -3.522083700725803e-20
2.2053142845953003e-06 -3.417248389705556e-20
2.2351158289817233e-06 -4.431847341125018e-20
2.2649173733681463e-06 -3.8610210296696077e-20
2.294718917754569e-06 -2.5078770634335663e-20
2.324520462140992e-06 -3.13084959483766e-20
2.354322006527415e-06 -3.6334735157505865e-20
2.3841235509138383e-06 -3.033208143010653e-20
2.4139250953002613e-06 -2.388808053852367e-20
2.443726639686684e-06 -1.9212350832218364e-20
2.473528184073107e-06 -2.801721375645799e-20
2.50332972845953e-06 -2.8788993203263907e-20
2.533131272845953e-06 -1.391397206667559e-20
2.562932817232376e-06 -1.6941072045503733e-20
2.592734361618799e-06 -2.2854950662462566e-20
2.622535906005222e-06 -1.903937300328306e-20
2.652337450391645e-06 -1.3652260709443108e-20
2.682138994778068e-06 -5.6322630672903495e-21
2.7119405391644904e-06 -1.2590683066231709e-20
2.7417420835509134e-06 -1.5919304936048345e-20
2.7715436279373364e-06 -1.9094124754956977e-21
2.8013451723237594e-06 -3.501016918436054e-22
2.8311467167101824e-06 -4.882483399031001e-21
2.8609482610966054e-06 -4.011194775397306e-21
2.890749805483029e-06 7.569629982452267e-23
2.920551349869452e-06 8.730994177381595e-21
2.950352894255875e-06 5.591549168758004e-21
2.980154438642298e-06 -2.4721267653049084e-21
3.009955983028721e-06 9.125836533846388e-21
3.0397575274151434e-06 1.9409380717790188e-20
3.0695590718015664e-06 1.0943491046782672e-20
3.0993606161879894e-06 1.0135169555766726e-20
3.1291621605744124e-06 1.7374001899271038e-20
3.1589637049608354e-06 2.35857387587092e-20
3.1887652493472584e-06 2.6662022973228302e-20
3.2185667937336814e-06 1.6965887060089506e-20
3.2483683381201044e-06 2.2211955818302243e-20
3.278169882506527e-06 3.726676875489984e-20
3.30797142689295e-06 3.075212706688355e-20
3.337772971279373e-06 2.6828678844827526e-20
3.367574515665796e-06 3.365705125611072e-20
3.397376060052219e-06 4.051404312315365e-20
3.427177604438642e-06 4.422115378257987e-20
3.456979148825065e-06 3.6098391249856696e-20
3.486780693211488e-06 3.8758744948678736e-20
3.5165822375979114e-06 5.463691146897081e-20
3.5463837819843344e-06 5.2053245544895955e-20
3.5761853263707574e-06 4.57551642625785e-20
3.60598687075718e-06 5.311209612480489e-20
3.635788415143603e-06 5.779676162218564e-20
3.665589959530026e-06 5.998656575675863e-20
3.695391503916449e-06 5.907997893765189e-20
3.725193048302872e-06 5.683628793425462e-20
3.754994592689295e-06 6.806572797633492e-20
3.784796137075718e-06 7.282359824564108e-20
3.814597681462141e-06 6.656709836759842e-20
3.8443992258485636e-06 7.008183989718314e-20
3.8742007702349866e-06 7.500503792029922e-20
3.9040023146214096e-06 8.051830979189772e-20
3.9338038590078326e-06 8.094174926515415e-20
3.9636054033942556e-06 7.473927533214377e-20
3.9934069477806786e-06 8.457811261534669e-20
4.0232084921671016e-06 9.273172145440532e-20
4.0530100365535246e-06 8.48828504309436e-20
4.0828115809399476e-06 8.708205548687698e-20
4.1126131253263706e-06 9.377494046575393e-20
4.1424146697127936e-06 9.656165629449882e-20
4.1722162140992166e-06 1.0031029405189049e-19
4.2020177584856396e-06 9.49642461689571e-20
4.2318193028720626e-06 9.88174251162373e-20
4.2616208472584856e-06 1.117724589724275e-19
4.2914223916449086e-06 1.0653946177347392e-19
4.3212239360313316e-06 1.0330542807857618e-19
4.3510254804177546e-06 1.11849586554641e-19
4.3808270248041776e-06 1.1569429763078186e-19
4.4106285691906006e-06 1.1747312028554767e-19
4.4404301135770236e-06 1.135973482860223e-19
4.4702316579634466e-06 1.1374787798813768e-19
4.5000332023498696e-06 1.2674232117671224e-19
4.5298347467362926e-06 1.2716521099953922e-19
4.559636291122715e-06 1.2141859050484662e-19
4.589437835509138e-06 1.2750886953410226e-19
4.619239379895561e-06 1.3226006739511638e-19
4.649040924281984e-06 1.3566696154316846e-19
4.678842468668407e-06 1.3349583401833303e-19
4.70864401305483e-06 1.3127880864102037e-19
4.738445557441253e-06 1.4244041092214138e-19
4.7682471018276766e-06 1.4361787261870695e-19
4.7980486462140996e-06 1.375113335866533e-19
4.8278501906005226e-06 1.4393616391106072e-19
4.8576517349869456e-06 1.4858070983332863e-19
4.887453279373368e-06 1.4980621078260042e-19
4.917254823759791e-06 1.515590516255983e-19
4.947056368146214e-06 1.487932323296903e-19
4.976857912532637e-06 1.5630953474980356e-19
5.00665945691906e-06 1.6459424088273762e-19
5.036461001305483e-06 1.5674043076838005e-19
5.066262545691906e-06 1.5864698620205345e-19
5.096064090078329e-06 1.6683893223305753e-19
5.125865634464752e-06 1.6655718824124643e-19
5.1556671788511756e-06 1.6973324841137032e-19
5.185468723237598e-06 1.6655404115650092e-19
5.2152702676240216e-06 1.680440410716778e-19
5.245071812010444e-06 1.8067704356507587e-19
5.274873356396867e-06 1.7642009213691768e-19
5.30467490078329e-06 1.7313973905881634e-19
5.334476445169713e-06 1.820729272660875e-19
5.364277989556136e-06 1.833948269731427e-19
5.394079533942559e-06 1.8566419209291756e-19
5.423881078328981e-06 1.8537218685892768e-19
5.453682622715405e-06 1.8392235355981087e-19
5.483484167101827e-06 1.9438154280432135e-19
5.513285711488251e-06 1.950659429551184e-19
5.543087255874673e-06 1.8920196701532732e-19
5.572888800261097e-06 1.960093283932805e-19
5.602690344647519e-06 2.0005968248012536e-19
5.632491889033943e-06 2.008470807093037e-19
5.662293433420365e-06 2.0178234808554786e-19
5.692094977806789e-06 2.0011721791660716e-19
5.721896522193211e-06 2.0930250766017123e-19
5.751698066579634e-06 2.1291341121810122e-19
5.781499610966058e-06 2.0510452024321383e-19
5.81130115535248e-06 2.1096337837021162e-19
5.841102699738904e-06 2.168557800145382e-19
5.870904244125326e-06 2.1403912021432329e-19
5.90070578851175e-06 2.1699370631123914e-19
5.930507332898172e-06 2.1653026637760243e-19
5.960308877284596e-06 2.1918851187449473e-19
5.990110421671018e-06 2.2788351209365283e-19
6.019911966057442e-06 2.217485765411846e-19
6.049713510443864e-06 2.2258361633803356e-19
6.079515054830287e-06 2.303786329877103e-19
6.10931659921671e-06 2.282715924092642e-19
6.139118143603133e-06 2.330450638892538e-19
6.168919687989556e-06 2.3185815738394004e-19
6.198721232375979e-06 2.311753492614969e-19
6.228522776762401e-06 2.396824781009189e-19
6.258324321148825e-06 2.3683998889050908e-19
6.288125865535247e-06 2.3487849292956537e-19
6.317927409921671e-06 2.409927115387436e-19
6.347728954308093e-06 2.4310363186725397e-19
6.377530498694517e-06 2.431010730637885e-19
6.40733204308094e-06 2.4449630324841976e-19
6.437133587467363e-06 2.433273892332601e-19
6.466935131853786e-06 2.4984390286137966e-19
6.496736676240209e-06 2.5353861199597046e-19
6.526538220626632e-06 2.458923989658233e-19
6.556339765013054e-06 2.526146605098254e-19
6.586141309399478e-06 2.5599768267388375e-19
6.6159428537859e-06 2.5245921613052e-19
6.645744398172324e-06 2.574226958120479e-19
6.675545942558746e-06 2.524546405397818e-19
6.70534748694517e-06 2.562275727329877e-19
6.735149031331592e-06 2.65582488895592e-19
6.764950575718016e-06 2.5718307532997267e-19
6.794752120104438e-06 2.5982755502082053e-19
6.824553664490862e-06 2.6680926645022557e-19
6.854355208877284e-06 2.6266190426307135e-19
6.884156753263707e-06 2.667473540384655e-19
6.91395829765013e-06 2.6479665797015374e-19
6.943759842036553e-06 2.628410869640346e-19
6.973561386422976e-06 2.733172410870287e-19
7.003362930809399e-06 2.6705057142151135e-19
7.033164475195823e-06 2.642386800691633e-19
7.062966019582245e-06 2.733641959244297e-19
7.092767563968669e-06 2.70079003608488e-19
7.122569108355091e-06 2.726675448555132e-19
7.152370652741515e-06 2.732638617502782e-19
7.182172197127937e-06 2.698848081622109e-19
7.21197374151436e-06 2.7912745643248503e-19
7.241775285900783e-06 2.7787009077726467e-19
7.271576830287206e-06 2.714788924762782e-19
7.301378374673629e-06 2.7706959191870305e-19
7.331179919060052e-06 2.7812261798517676e-19
7.360981463446475e-06 2.7601872609945163e-19
7.390783007832898e-06 2.769889783182467e-19
7.42058455221932e-06 2.7380935408868743e-19
7.450386096605744e-06 2.789471726204537e-19
7.480187640992166e-06 2.830786985902588e-19
7.50998918537859e-06 2.7479724009835843e-19
7.539790729765012e-06 2.79457780682445e-19
7.569592274151436e-06 2.831552722219434e-19
7.599393818537858e-06 2.7803564426236343e-19
7.629195362924282e-06 2.8178721456331617e-19
7.658996907310705e-06 2.791251256602687e-19
7.688798451697127e-06 2.783221193586668e-19
7.718599996083551e-06 2.842051833438391e-19
7.748401540469973e-06 2.7728468532556493e-19
7.778203084856397e-06 2.7678416920520123e-19
7.808004629242819e-06 2.831758582471406e-19
7.837806173629243e-06 2.7837324680787657e-19
7.867607718015665e-06 2.800304493361159e-19
7.897409262402089e-06 2.8049204667919164e-19
7.927210806788511e-06 2.751632112062546e-19
7.957012351174935e-06 2.834416900168674e-19
7.986813895561357e-06 2.8183836448145846e-19
8.016615439947781e-06 2.725927061338629e-19
8.046416984334203e-06 2.7908105202488646e-19
8.076218528720627e-06 2.7783743352889004e-19
8.106020073107049e-06 2.753266165418796e-19
8.135821617493473e-06 2.7913489569647916e-19
8.165623161879895e-06 2.718171892428292e-19
8.195424706266319e-06 2.7451650946576497e-19
8.225226250652741e-06 2.789344998008529e-19
8.255027795039165e-06 2.696178975773521e-19
8.284829339425587e-06 2.7048643059595e-19
8.31463088381201e-06 2.7403268882978984e-19
8.344432428198433e-06 2.7276731276392446e-19
8.374233972584855e-06 2.708983183976415e-19
8.404035516971279e-06 2.6566408771981504e-19
8.433837061357701e-06 2.671267464851003e-19
8.463638605744125e-06 2.69768646099091e-19
8.493440150130547e-06 2.6434246519892206e-19
8.523241694516971e-06 2.617720928260652e-19
8.553043238903393e-06 2.6410991585319335e-19
8.582844783289817e-06 2.6298155401790275e-19
8.61264632767624e-06 2.6168890890270373e-19
8.642447872062663e-06 2.589318735517157e-19
8.672249416449085e-06 2.5738225927491656e-19
8.702050960835509e-06 2.6283606142787643e-19
8.731852505221931e-06 2.567415062518259e-19
8.761654049608355e-06 2.496302174127489e-19
8.791455593994777e-06 2.5553191474969293e-19
8.821257138381201e-06 2.526709140093797e-19
8.851058682767623e-06 2.4997772481379256e-19
8.880860227154047e-06 2.493320755983282e-19
8.910661771540471e-06 2.4333981621449963e-19
8.940463315926893e-06 2.486544791209121e-19
8.970264860313315e-06 2.4783078013193444e-19
9.000066404699739e-06 2.381018955872527e-19
9.029867949086161e-06 2.4111372221786885e-19
9.059669493472585e-06 2.4149078059461114e-19
9.089471037859007e-06 2.382046914232095e-19
9.11927258224543e-06 2.374893695796581e-19
9.149074126631853e-06 2.310847496380909e-19
9.178875671018275e-06 2.3292720004008838e-19
9.2086772154047e-06 2.351497073738782e-19
9.238478759791121e-06 2.256107855457196e-19
9.268280304177545e-06 2.255187549214192e-19
9.298081848563967e-06 2.278317778611391e-19
9.327883392950391e-06 2.245942216502825e-19
9.357684937336813e-06 2.2364030962860714e-19
9.387486481723237e-06 2.173608537394736e-19
9.41728802610966e-06 2.170840699655979e-19
9.447089570496083e-06 2.2201570407425035e-19
9.476891114882505e-06 2.1329851482789292e-19
9.50669265926893e-06 2.0780164818523523e-19
9.536494203655353e-06 2.120517120488798e-19
9.566295748041775e-06 2.0936947601063427e-19
9.596097292428199e-06 2.0591651398733297e-19
9.625898836814621e-06 2.0201535433671117e-19
9.655700381201045e-06 1.9962091379594662e-19
9.685501925587467e-06 2.05038494439802e-19
9.715303469973891e-06 1.9956604036432484e-19
9.745105014360313e-06 1.9110282215539516e-19
9.774906558746735e-06 1.9483912876809482e-19
9.80470810313316e-06 1.9469129150228942e-19
9.834509647519581e-06 1.899399929955534e-19
9.864311191906005e-06 1.8607624874633454e-19
9.894112736292427e-06 1.817360405127717e-19
9.923914280678851e-06 1.8374035065428425e-19
9.953715825065273e-06 1.834164741763764e-19
9.983517369451696e-06 1.727388114497724e-19
1.001331891383812e-05 1.7166650689981262e-19
1.0043120458224542e-05 1.7708277476185682e-19
1.0072922002610965e-05 1.7049339009170793e-19
1.0102723546997388e-05 1.6475843462913595e-19
1.0132525091383811e-05 1.647995142885311e-19
1.0162326635770234e-05 1.6515154383841438e-19
1.0192128180156657e-05 1.6443878695975875e-19
1.022192972454308e-05 1.548991152604198e-19
1.0251731268929503e-05 1.5052268306726899e-19
1.0281532813315927e-05 1.5542026949473424e-19
1.0311334357702351e-05 1.5207246273130633e-19
1.0341135902088772e-05 1.451531221342287e-19
1.0370937446475195e-05 1.402504210385263e-19
1.040073899086162e-05 1.4073131354950712e-19
1.0430540535248043e-05 1.437579432994104e-19
1.0460342079634464e-05 1.3400421759178999e-19
1.0490143624020887e-05 1.2756300702072202e-19
1.0519945168407311e-05 1.3351548518937457e-19
1.0549746712793733e-05 1.2952563110759657e-19
1.0579548257180156e-05 1.2341104580711022e-19
1.060934980156658e-05 1.193154632838909e-19
1.0639151345953002e-05 1.1523026136317217e-19
1.0668952890339425e-05 1.1996617174181827e-19
1.0698754434725848e-05 1.1298819364463744e-19
1.0728555979112271e-05 1.019586075416798e-19
1.0758357523498694e-05 1.0672129049220021e-19
1.0788159067885117e-05 1.0659992585214293e-19
1.0817960612271541e-05 1.0035737807594886e-19
1.0847762156657962e-05 9.548555490465878e-20
1.0877563701044386e-05 9.266674675131453e-20
1.090736524543081e-05 9.634433693145229e-20
1.0937166789817233e-05 9.003633273113878e-20
1.0966968334203654e-05 7.734133861928136e-20
1.0996769878590078e-05 8.06522490824602e-20
1.1026571422976501e-05 8.364097061155986e-20
1.1056372967362925e-05 7.413649955449463e-20
1.1086174511749346e-05 6.89781273967299e-20
1.111597605613577e-05 6.655411043073989e-20
1.1145777600522193e-05 6.682281467452818e-20
1.1175579144908617e-05 6.71454663578522e-20
1.1205380689295038e-05 5.474379486064509e-20
1.1235182233681462e-05 4.991156171372121e-20
1.1264983778067885e-05 5.802923017224887e-20
1.1294785322454308e-05 5.3045659843221225e-20
1.132458686684073e-05 4.2919869605129393e-20
1.1354388411227154e-05 4.018336926643294e-20
1.1384189955613577e-05 3.993592700071896e-20
1.14139915e-05 4.181440574383255e-20
1.1443793044386422e-05 3.124045089490192e-20
1.1473594588772846e-05 2.2092178460466432e-20
1.1503396133159268e-05 2.935402916514791e-20
1.1533197677545692e-05 2.6238186791973104e-20
1.1562999221932115e-05 1.7030659358896943e-20
1.1592800766318538e-05 1.4195036650624433e-20
1.162260231070496e-05 1.357623488197085e-20
1.1652403855091384e-05 1.465440394236469e-20
1.1682205399477807e-05 6.536991040475242e-21
1.1712006943864228e-05 -3.4213469157366186e-21
1.1741808488250652e-05 6.03098151307466e-22
1.1771610032637076e-05 7.214185531286139e-22
1.18014115770235e-05 -9.505627925607475e-21
1.183121312140992e-05 -1.4476157257349623e-20
1.1861014665796344e-05 -1.5236699298075178e-20
1.1890816210182768e-05 -1.2833335123460589e-20
1.1920617754569191e-05 -1.834638658324913e-20
1.1950419298955612e-05 -3.0549084428228416e-20
1.1980220843342036e-05 -2.896825919829392e-20
1.201002238772846e-05 -2.5158338760557044e-20
1.2039823932114883e-05 -3.220578230621591e-20
1.2069625476501304e-05 -4.188380083532571e-20
1.2099427020887728e-05 -4.236290915930022e-20
1.2129228565274152e-05 -3.940108053640151e-20
1.2159030109660574e-05 -4.637043602875929e-20
1.2188831654046998e-05 -5.507190616978349e-20
1.221863319843342e-05 -5.77292204135066e-20
1.2248434742819844e-05 -5.477032176306576e-20
1.2278236287206266e-05 -5.749356080726343e-20
1.230803783159269e-05 -6.896656061491845e-20
1.2337839375979112e-05 -7.123884199468122e-20
1.2367640920365534e-05 -6.774741069130647e-20
1.2397442464751958e-05 -7.067498284220247e-20
1.2427244009138382e-05 -8.07021445009236e-20
1.2457045553524802e-05 -8.530888699930866e-20
1.2486847097911226e-05 -8.008600613921084e-20
1.251664864229765e-05 -8.463362618697449e-20
1.2546450186684074e-05 -9.435753358347855e-20
1.2576251731070494e-05 -9.719499158984942e-20
1.2606053275456918e-05 -9.674116435308286e-20
1.2635854819843342e-05 -9.578051320212818e-20
1.2665656364229766e-05 -1.0463873525224388e-19
1.2695457908616186e-05 -1.1238565534725404e-19
1.272525945300261e-05 -1.072156527618757e-19
1.2755060997389034e-05 -1.088821771637634e-19
1.2784862541775458e-05 -1.168036411228521e-19
1.281466408616188e-05 -1.2256571071550554e-19
1.2844465630548302e-05 -1.224578970516939e-19
1.2874267174934726e-05 -1.2021973160234992e-19
1.290406871932115e-05 -1.2911447356062676e-19
1.2933870263707572e-05 -1.3735152506340172e-19
1.2963671808093994e-05 -1.3496430834423453e-19
1.2993473352480418e-05 -1.3244637095440184e-19
1.302327489686684e-05 -1.3996957144558096e-19
1.3053076441253264e-05 -1.468415224998893e-19
1.3082877985639686e-05 -1.4592332581964426e-19
1.3112679530026108e-05 -1.447167490929013e-19
1.3142481074412532e-05 -1.4943194363150756e-19
1.3172282618798956e-05 -1.5944917817214146e-19
1.3202084163185378e-05 -1.5888974211458164e-19
1.32318857075718e-05 -1.5479507149778115e-19
1.3261687251958224e-05 -1.6159075427669607e-19
1.3291488796344648e-05 -1.6979600233299113e-19
1.3321290340731068e-05 -1.7020036540931719e-19
1.3351091885117492e-05 -1.6675466011738644e-19
1.3380893429503916e-05 -1.7149571706613018e-19
1.341069497389034e-05 -1.7888821624460364e-19
1.3440496518276764e-05 -1.8026070051496114e-19
1.3470298062663184e-05 -1.7800077799587755e-19
1.3500099607049608e-05 -1.8064067624409518e-19
1.3529901151436032e-05 -1.8943376408577932e-19
1.3559702695822456e-05 -1.9086132949519697e-19
1.3589504240208876e-05 -1.8910799032297776e-19
1.36193057845953e-05 -1.9127705318203173e-19
1.3649107328981724e-05 -1.977370909151406e-19
1.3678908873368146e-05 -2.0306075648701354e-19
1.3708710417754568e-05 -1.9814046129800198e-19
1.3738511962140992e-05 -1.990231466053729e-19
1.3768313506527414e-05 -2.073416413029185e-19
1.3798115050913838e-05 -2.10308257944516e-19
1.382791659530026e-05 -2.0908133146019396e-19
1.3857718139686684e-05 -2.073348870897114e-19
1.3887519684073106e-05 -2.1376812407401592e-19
1.391732122845953e-05 -2.2234492778417115e-19
1.3947122772845952e-05 -2.1845192987095247e-19
1.3976924317232374e-05 -2.1470435397648231e-19
1.4006725861618798e-05 -2.2408151939358795e-19
1.4036527406005222e-05 -2.309306784503589e-19
1.4066328950391646e-05 -2.2700947267814465e-19
1.4096130494778066e-05 -2.242847515299783e-19
1.412593203916449e-05 -2.3070511872646314e-19
1.4155733583550914e-05 -2.3896273221874545e-19
1.4185535127937338e-05 -2.3515463014013914e-19
1.4215336672323758e-05 -2.3012633726367925e-19
1.4245138216710182e-05 -2.3967018460242003e-19
1.4274939761096606e-05 -2.462032239433402e-19
1.430474130548303e-05 -2.432493677030629e-19
1.433454284986945e-05 -2.425549501205192e-19
1.4364344394255874e-05 -2.460023464952498e-19
1.4394145938642298e-05 -2.5404863626469338e-19
1.442394748302872e-05 -2.543300159831376e-19
1.4453749027415142e-05 -2.488159131991887e-19
1.4483550571801566e-05 -2.544954687631703e-19
1.451335211618799e-05 -2.5965444784983187e-19
1.4543153660574412e-05 -2.585664794220403e-19
1.4572955204960834e-05 -2.591593311233104e-19
1.4602756749347258e-05 -2.6044159334176524e-19
1.463255829373368e-05 -2.657908018660802e-19
1.4662359838120104e-05 -2.6834279833024584e-19
1.4692161382506528e-05 -2.6459812696582464e-19
1.472196292689295e-05 -2.671703162578666e-19
1.4751764471279372e-05 -2.736795101217684e-19
1.4781566015665796e-05 -2.7453878851642164e-19
1.481136756005222e-05 -2.722640181321569e-19
1.484116910443864e-05 -2.727133331882302e-19
1.4870970648825064e-05 -2.7801669257933273e-19
1.4900772193211488e-05 -2.8088556008830825e-19
1.4930573737597912e-05 -2.7736641896753123e-19
1.4960375281984332e-05 -2.77453182102161e-19
1.4990176826370756e-05 -2.83213184265429e-19
1.501997837075718e-05 -2.870725099190583e-19
1.5049779915143604e-05 -2.853039232947195e-19
1.5079581459530024e-05 -2.8381335510179164e-19
1.5109383003916448e-05 -2.8813753257234033e-19
1.5139184548302872e-05 -2.923980383217369e-19
1.5168986092689296e-05 -2.9050486679265204e-19
1.5198787637075716e-05 -2.8767388716942753e-19
1.522858918146214e-05 -2.920912637158616e-19
1.5258390725848564e-05 -2.959892748655444e-19
1.5288192270234988e-05 -2.9436391001259443e-19
1.531799381462141e-05 -2.9286925216595497e-19
1.5347795359007832e-05 -2.943579879744158e-19
1.5377596903394254e-05 -2.996516572329268e-19
1.540739844778068e-05 -2.992942351314583e-19
1.5437199992167102e-05 -2.9543111631484848e-19
1.5467001536553524e-05 -2.988193405641415e-19
1.5496803080939946e-05 -3.0202906857604447e-19
1.5526604625326372e-05 -3.0193909069564554e-19
1.5556406169712794e-05 -3.0118879184861553e-19
1.5586207714099216e-05 -2.9959169242526e-19
1.5616009258485638e-05 -3.0405331450999843e-19
1.5645810802872064e-05 -3.0639843644489874e-19
1.5675612347258486e-05 -2.9993490548932705e-19
1.5705413891644908e-05 -3.0200122102674737e-19
1.573521543603133e-05 -3.0724937324149534e-19
1.5765016980417752e-05 -3.052931515507338e-19
1.5794818524804178e-05 -3.0406565341438453e-19
1.58246200691906e-05 -3.046747956347587e-19
1.5854421613577022e-05 -3.07464232576655e-19
1.5884223157963444e-05 -3.079722965007468e-19
1.591402470234987e-05 -3.0503130847073114e-19
1.5943826246736292e-05 -3.0432620638402445e-19
1.5973627791122714e-05 -3.0581777685415603e-19
1.6003429335509136e-05 -3.0831022027068063e-19
1.6033230879895562e-05 -3.0707699976815694e-19
1.6063032424281984e-05 -3.0415993366861587e-19
1.6092833968668406e-05 -3.0614464486001224e-19
1.612263551305483e-05 -3.0971426323315397e-19
1.6152437057441254e-05 -3.067986891008291e-19
1.6182238601827676e-05 -3.018285076558671e-19
1.6212040146214098e-05 -3.0742692907998676e-19
1.624184169060052e-05 -3.098702216335964e-19
1.6271643234986946e-05 -3.049162074674552e-19
1.6301444779373368e-05 -3.0490348392727894e-19
1.633124632375979e-05 -3.0345950971045e-19
1.6361047868146212e-05 -3.071051616398757e-19
1.6390849412532638e-05 -3.0762017163415616e-19
1.642065095691906e-05 -2.994393352892897e-19
1.6450452501305482e-05 -3.023352307739427e-19
1.6480254045691904e-05 -3.0509801063783253e-19
1.651005559007833e-05 -3.0249951313358915e-19
1.6539857134464752e-05 -3.01649442226088e-19
1.6569658678851174e-05 -2.996295637458611e-19
1.6599460223237596e-05 -3.015010082447228e-19
1.662926176762402e-05 -3.0423288444851035e-19
1.6659063312010444e-05 -2.983765730207881e-19
1.6688864856396866e-05 -2.9550689798626355e-19
1.671866640078329e-05 -3.001808445042696e-19
1.674846794516971e-05 -2.984913937399098e-19
1.6778269489556136e-05 -2.952154762164826e-19
1.6808071033942558e-05 -2.929228605439714e-19
1.683787257832898e-05 -2.9276358181182077e-19
1.6867674122715403e-05 -2.9770415156718743e-19
1.6897475667101828e-05 -2.9272077043042857e-19
1.692727721148825e-05 -2.8740874818120157e-19
1.6957078755874672e-05 -2.9231687754910764e-19
1.6986880300261095e-05 -2.9168365716426653e-19
1.701668184464752e-05 -2.8937872480791246e-19
1.7046483389033942e-05 -2.8762658580118347e-19
1.7076284933420364e-05 -2.8426109470224854e-19
1.7106086477806787e-05 -2.8698937299666576e-19
1.7135888022193212e-05 -2.8520601654612107e-19
1.7165689566579634e-05 -2.785719735247833e-19
1.7195491110966056e-05 -2.809667818301447e-19
1.722529265535248e-05 -2.832906692513629e-19
1.7255094199738904e-05 -2.787208823197635e-19
1.7284895744125326e-05 -2.7583087512156947e-19
1.731469728851175e-05 -2.74611364860011e-19
1.734449883289817e-05 -2.7638755253060033e-19
1.7374300377284596e-05 -2.761642840788322e-19
1.7404101921671018e-05 -2.6828393150151655e-19
1.743390346605744e-05 -2.682162441465658e-19
1.7463705010443863e-05 -2.709405333696967e-19
1.7493506554830285e-05 -2.659919297801111e-19
1.752330809921671e-05 -2.642013849304457e-19
1.7553109643603132e-05 -2.6204574625815687e-19
1.7582911187989555e-05 -2.6016659038208746e-19
1.7612712732375977e-05 -2.636632640195667e-19
1.7642514276762402e-05 -2.586034898987497e-19
1.7672315821148824e-05 -2.5224102557095134e-19
1.7702117365535247e-05 -2.566052999612138e-19
1.773191890992167e-05 -2.5704690802940397e-19
1.7761720454308094e-05 -2.5150496499409033e-19
1.7791521998694516e-05 -2.4776950469078987e-19
1.7821323543080942e-05 -2.4583603459995933e-19
1.785112508746736e-05 -2.4757038629155095e-19
1.7880926631853786e-05 -2.4517512045466393e-19
1.791072817624021e-05 -2.362991158871921e-19
1.794052972062663e-05 -2.388092672758091e-19
1.7970331265013053e-05 -2.414767626447578e-19
1.8000132809399478e-05 -2.357774409306452e-19
1.80299343537859e-05 -2.3365722532120893e-19
1.8059735898172323e-05 -2.2849342109639326e-19
1.8089537442558745e-05 -2.325212155018677e-19
1.811933898694517e-05 -2.3268533038817456e-19
1.8149140531331592e-05 -2.191420212642365e-19
1.8178942075718015e-05 -2.2192881038427663e-19
1.8208743620104437e-05 -2.2526859223281748e-19
1.823854516449086e-05 -2.1981972829575307e-19
1.8268346708877284e-05 -2.157687422571169e-19
1.8298148253263707e-05 -2.1180230277560385e-19
1.832794979765013e-05 -2.1442025491182213e-19
1.835775134203655e-05 -2.1549409291389613e-19
1.8387552886422976e-05 -2.059179739247248e-19
1.84173544308094e-05 -2.020277315013671e-19
1.8447155975195824e-05 -2.0934988628670348e-19
1.8476957519582243e-05 -2.051246256738438e-19
1.850675906396867e-05 -1.980499550966399e-19
1.853656060835509e-05 -1.9493520170337149e-19
1.8566362152741516e-05 -1.9304972605878507e-19
1.8596163697127935e-05 -1.9911662654111018e-19
1.862596524151436e-05 -1.8894264123177893e-19
1.8655766785900783e-05 -1.8087434612260261e-19
1.8685568330287208e-05 -1.901797902249216e-19
1.8715369874673627e-05 -1.8570488169744931e-19
1.8745171419060052e-05 -1.7955466677882388e-19
1.8774972963446475e-05 -1.7783060252677181e-19
1.8804774507832897e-05 -1.739958777415978e-19
1.883457605221932e-05 -1.7821767669767342e-19
1.8864377596605744e-05 -1.7384955037521072e-19
1.8894179140992167e-05 -1.6167672332728382e-19
1.892398068537859e-05 -1.6586135676520698e-19
1.895378222976501e-05 -1.685212038096766e-19
1.8983583774151436e-05 -1.5936652779540256e-19
1.901338531853786e-05 -1.556418484889296e-19
1.904318686292428e-05 -1.534246608058035e-19
1.9072988407310706e-05 -1.5513762440071283e-19
1.9102789951697125e-05 -1.550724610288016e-19
1.913259149608355e-05 -1.4351746344332948e-19
1.9162393040469973e-05 -1.4271937490285494e-19
1.9192194584856398e-05 -1.4862861449542018e-19
1.9221996129242817e-05 -1.424696790939643e-19
1.9251797673629243e-05 -1.3323186894094168e-19
1.9281599218015665e-05 -1.3027724037607985e-19
1.931140076240209e-05 -1.3393322443601212e-19
1.934120230678851e-05 -1.3397348270561193e-19
1.9371003851174935e-05 -1.2297211020107787e-19
1.9400805395561357e-05 -1.1668637221456436e-19
1.9430606939947782e-05 -1.2423263792283924e-19
1.94604084843342e-05 -1.2203432932922198e-19
1.9490210028720627e-05 -1.1062558220949742e-19
1.952001157310705e-05 -1.0874402369972404e-19
1.954981311749347e-05 -1.1009828481433686e-19
1.9579614661879893e-05 -1.106655311287669e-19
1.960941620626632e-05 -1.0226141123370295e-19
1.963921775065274e-05 -9.321163730841327e-20
1.9669019295039163e-05 -9.948426685410025e-20
1.9698820839425585e-05 -9.943708403366773e-20
1.972862238381201e-05 -8.84598412790577e-20
1.9758423928198433e-05 -8.382202976033767e-20
1.9788225472584855e-05 -8.406848342739078e-20
1.981802701697128e-05 -8.601552446878118e-20
1.9847828561357703e-05 -8.07997239098228e-20
1.9877630105744125e-05 -6.905681819397777e-20
1.9907431650130547e-05 -7.234123019562786e-20
1.9937233194516972e-05 -7.79731487525679e-20
1.996703473890339e-05 -6.65547493370529e-20
1.9996836283289817e-05 -5.81889631860647e-20
2.002663782767624e-05 -5.920772944538151e-20
2.0056439372062664e-05 -6.16504628916333e-20
2.0086240916449083e-05 -5.886834009739555e-20
2.011604246083551e-05 -4.474852835660422e-20
2.014584400522193e-05 -4.4200749311419727e-20
2.0175645549608356e-05 -5.3321695305952574e-20
2.0205447093994775e-05 -4.4869617599566074e-20
2.02352486383812e-05 -3.4728101409421045e-20
2.0265050182767623e-05 -3.3113556696102396e-20
2.029485172715405e-05 -3.789879723693671e-20
2.0324653271540467e-05 -3.651053909313843e-20
2.0354454815926893e-05 -2.274936242951267e-20
2.0384256360313315e-05 -1.9498609679332966e-20
2.0414057904699737e-05 -2.6904736355818432e-20
2.044385944908616e-05 -2.4491839995494665e-20
2.0473660993472585e-05 -1.1221038006233437e-20
2.0503462537859007e-05 -6.522214214780097e-21
2.053326408224543e-05 -1.3111567004659273e-20
2.0563065626631855e-05 -1.3493359340221212e-20
2.0592867171018277e-05 -2.3644764841614326e-21
2.0622668715404702e-05 6.132529279113191e-21
2.065247025979112e-05 -8.242653306029417e-22
2.0682271804177543e-05 -4.9681123930015134e-21
2.0712073348563965e-05 9.499449731389047e-21
2.074187489295039e-05 1.8700599171335782e-20
2.0771676437336813e-05 1.1807168552836828e-20
2.080147798172324e-05 9.349898084628871e-21
2.083127952610966e-05 1.8991061400424834e-20
2.0861081070496086e-05 3.056055628369022e-20
2.0890882614882505e-05 2.4667377800210565e-20
2.0920684159268927e-05 1.7144118117859157e-20
2.095048570365535e-05 3.100606824647849e-20
2.0980287248041775e-05 3.923725170774523e-20
2.1010088792428197e-05 3.433082394304498e-20
2.1039890336814623e-05 3.1361444411301193e-20
2.1069691881201045e-05 3.8115589143702545e-20
2.1099493425587467e-05 5.1569002629007066e-20
2.1129294969973892e-05 4.911523644403782e-20
2.115909651436031e-05 3.914138310437887e-20
2.1188898058746733e-05 4.8536683009727525e-20
2.121869960313316e-05 6.334530891400346e-20
2.124850114751958e-05 6.047901717819721e-20
2.1278302691906003e-05 5.245628676282624e-20
2.130810423629243e-05 5.854156737720309e-20
2.133790578067885e-05 7.038562070663532e-20
2.1367707325065276e-05 7.132560356873679e-20
2.1397508869451695e-05 6.273197144055629e-20
2.1427310413838117e-05 6.537318232089477e-20
2.1457111958224543e-05 8.15098102817461e-20
2.1486913502610965e-05 8.371257587222179e-20
2.1516715046997387e-05 7.41077209052548e-20
2.1546516591383813e-05 7.666754402243175e-20
2.1576318135770235e-05 8.937409595290887e-20
2.160611968015666e-05 9.427234299405975e-20
2.1635921224543083e-05 8.533915845825192e-20
2.16657227689295e-05 8.275169648296377e-20
2.1695524313315923e-05 9.847706408103364e-20
2.172532585770235e-05 1.0470175889477403e-19
2.175512740208877e-05 9.389019953946274e-20
2.1784928946475197e-05 9.304776399663594e-20
2.181473049086162e-05 1.0574887187218848e-19
2.184453203524804e-05 1.1495191635562489e-19
2.1874333579634467e-05 1.0751649146936777e-19
2.1904135124020885e-05 1.0069106318524523e-19
2.1933936668407307e-05 1.1453052372308162e-19
2.1963738212793733e-05 1.2486421814451504e-19
2.1993539757180155e-05 1.1680257634470967e-19
2.202334130156658e-05 1.1047582619873048e-19
2.2053142845953003e-05 1.2102401628508237e-19
2.2082944390339425e-05 1.341343991232786e-19
2.211274593472585e-05 1.2693905374055745e-19
2.214254747911227e-05 1.170894106302416e-19
2.217234902349869e-05 1.2904611806850628e-19
2.2202150567885117e-05 1.42363864857101e-19
2.223195211227154e-05 1.3631871768725602e-19
2.226175365665796e-05 1.2776669648300427e-19
2.2291555201044387e-05 1.353285979670276e-19
2.232135674543081e-05 1.4919688081576715e-19
2.2351158289817235e-05 1.4691893251260319e-19
2.2380959834203657e-05 1.3531600926527926e-19
2.2410761378590075e-05 1.4073571715173725e-19
2.2440562922976498e-05 1.5650344499550249e-19
2.2470364467362923e-05 1.5476900303846134e-19
2.2500166011749345e-05 1.436434074736873e-19
2.252996755613577e-05 1.4703889470440878e-19
2.2559769100522193e-05 1.6125209177783596e-19
2.2589570644908615e-05 1.656914601417161e-19
2.261937218929504e-05 1.5296780024581825e-19
2.264917373368146e-05 1.5290597438154523e-19
2.267897527806788e-05 1.702120717589412e-19
2.2708776822454307e-05 1.7278467159009757e-19
2.273857836684073e-05 1.6056491735651104e-19
2.2768379911227155e-05 1.599150127808562e-19
