0.0 4.9994396465224075e-20
2.9834572519083976e-08 5.826574211141677e-20
5.966914503816795e-08 5.358879607285831e-20
8.950371755725191e-08 5.2995648740875923e-20
1.193382900763359e-07 5.778538656534077e-20
1.4917286259541986e-07 4.982555686683395e-20
1.7900743511450382e-07 5.510186851616398e-20
2.088420076335878e-07 5.625198509734387e-20
2.386765801526718e-07 5.014243734336101e-20
2.6851115267175574e-07 5.751302427917978e-20
2.983457251908397e-07 5.49992819352231e-20
3.281802977099237e-07 5.2727315133391765e-20
3.5801487022900764e-07 5.872974103364911e-20
3.878494427480916e-07 5.388550949259695e-20
4.176840152671756e-07 5.31689732394163e-20
4.475185877862596e-07 5.791289910576553e-20
4.773531603053436e-07 5.3038345361785806e-20
5.071877328244275e-07 5.474636469548416e-20
5.370223053435115e-07 5.70601930805621e-20
5.668568778625955e-07 5.165952419620254e-20
5.966914503816794e-07 5.831247711268842e-20
6.265260229007634e-07 5.75683377841006e-20
6.563605954198474e-07 5.198254502706728e-20
6.861951679389314e-07 5.916894397621577e-20
7.160297404580153e-07 5.630529173960891e-20
7.458643129770993e-07 5.450616062572652e-20
7.756988854961832e-07 5.794721235799933e-20
8.055334580152672e-07 5.256837931160202e-20
8.353680305343512e-07 5.805873530081093e-20
8.652026030534352e-07 6.054221487903326e-20
8.950371755725192e-07 5.150612061217914e-20
9.248717480916032e-07 5.87935147821803e-20
9.547063206106872e-07 6.030276383749483e-20
9.845408931297712e-07 5.48577433699101e-20
1.014375465648855e-06 6.119941289292954e-20
1.044210038167939e-06 5.745096609743984e-20
1.074044610687023e-06 5.784992577522885e-20
1.103879183206107e-06 6.415143902231225e-20
1.133713755725191e-06 5.638251108387259e-20
1.163548328244275e-06 5.873526969513895e-20
1.193382900763359e-06 6.365267617465358e-20
1.2232174732824429e-06 5.696357777064815e-20
1.2530520458015269e-06 6.122137058715679e-20
1.2828866183206108e-06 6.13187915293757e-20
1.3127211908396948e-06 5.855355596068578e-20
1.3425557633587788e-06 6.659206747232061e-20
1.3723903358778628e-06 5.866100901298474e-20
1.4022249083969468e-06 5.772074065729328e-20
1.4320594809160306e-06 6.912151966694252e-20
1.4618940534351145e-06 6.096867103851213e-20
1.4917286259541985e-06 6.214247317431054e-20
1.5215631984732827e-06 6.591964866343157e-20
1.5513977709923665e-06 5.997184389464423e-20
1.5812323435114507e-06 6.667621584220528e-20
1.6110669160305344e-06 6.430158224282125e-20
1.6409014885496186e-06 5.832650325741599e-20
1.6707360610687024e-06 6.859904774806197e-20
1.7005706335877866e-06 6.68712441330364e-20
1.7304052061068704e-06 6.10344061410184e-20
1.7602397786259546e-06 6.847996326552165e-20
1.7900743511450383e-06 6.516297981537834e-20
1.8199089236641225e-06 6.659745683981659e-20
1.8497434961832063e-06 7.139078548360751e-20
1.8795780687022905e-06 6.113546420823296e-20
1.9094126412213745e-06 6.725626544208494e-20
1.939247213740458e-06 7.330943104339974e-20
1.9690817862595425e-06 6.334671874913613e-20
1.998916358778626e-06 6.663491149785717e-20
2.02875093129771e-06 6.880824914241729e-20
2.058585503816794e-06 6.745548585931738e-20
2.088420076335878e-06 7.27289660820937e-20
2.118254648854962e-06 6.549499765345072e-20
2.148089221374046e-06 6.670909607788296e-20
2.17792379389313e-06 7.582687804930892e-20
2.207758366412214e-06 6.742944264383474e-20
2.237592938931298e-06 6.888239148108599e-20
2.267427511450382e-06 7.22819203028334e-20
2.297262083969466e-06 6.877930944882437e-20
2.32709665648855e-06 7.456520718205677e-20
2.356931229007634e-06 6.811104470761795e-20
2.386765801526718e-06 6.67640911185762e-20
2.4166003740458018e-06 7.929769768539717e-20
2.4464349465648858e-06 7.127948192382397e-20
2.4762695190839697e-06 6.755009393036693e-20
2.5061040916030537e-06 7.568223728434407e-20
2.5359386641221377e-06 7.183377269714809e-20
2.5657732366412217e-06 7.589607216727086e-20
2.5956078091603057e-06 7.395326789686735e-20
2.6254423816793897e-06 6.625691173356503e-20
2.6552769541984736e-06 7.83969971662733e-20
2.6851115267175576e-06 7.663915791363945e-20
2.7149460992366416e-06 6.740484710154263e-20
2.7447806717557256e-06 7.418885904635635e-20
2.7746152442748096e-06 7.402008684167924e-20
2.8044498167938936e-06 7.408076577241806e-20
2.8342843893129775e-06 7.46985395735204e-20
2.864118961832061e-06 6.923493613791309e-20
2.8939535343511455e-06 7.716195135674885e-20
2.923788106870229e-06 8.08786958646955e-20
2.9536226793893135e-06 7.052560541944679e-20
2.983457251908397e-06 7.325838523075416e-20
3.0132918244274814e-06 7.832967654535182e-20
3.0431263969465654e-06 7.431774431824107e-20
3.072960969465649e-06 7.502690135008621e-20
3.102795541984733e-06 7.230078865374601e-20
3.1326301145038174e-06 7.337648505939747e-20
3.1624646870229014e-06 8.103989374300108e-20
3.192299259541985e-06 7.331557130478578e-20
3.222133832061069e-06 7.247352931486811e-20
3.2519684045801533e-06 7.972954740023112e-20
3.2818029770992373e-06 7.488770707354297e-20
3.311637549618321e-06 7.718661536109385e-20
3.341472122137405e-06 7.413858403877245e-20
3.3713066946564892e-06 7.093604352831194e-20
3.4011412671755732e-06 8.199382240394205e-20
3.4309758396946568e-06 7.563879519592942e-20
3.4608104122137408e-06 6.80780219140009e-20
3.490644984732825e-06 7.820252103643297e-20
3.520479557251909e-06 7.789625203643817e-20
3.5503141297709927e-06 7.423179215683732e-20
3.5801487022900767e-06 7.54212317235118e-20
3.609983274809161e-06 7.353543061884215e-20
3.639817847328245e-06 8.067707969596196e-20
3.6696524198473286e-06 7.915942623548253e-20
3.6994869923664126e-06 6.962985273466471e-20
3.7293215648854966e-06 7.843128674031492e-20
3.759156137404581e-06 8.005418278859412e-20
3.7889907099236646e-06 7.307261423149192e-20
3.818825282442749e-06 7.463894240400532e-20
3.8486598549618325e-06 7.276900252170501e-20
3.878494427480916e-06 7.80719787533644e-20
3.9083290000000005e-06 8.072667962616579e-20
3.938163572519085e-06 6.998440488861982e-20
3.9679981450381685e-06 7.64529764667617e-20
3.997832717557252e-06 8.463128904927278e-20
4.0276672900763364e-06 7.427478299089875e-20
4.05750186259542e-06 7.529122152230984e-20
4.087336435114504e-06 7.703003547091948e-20
4.117171007633588e-06 7.670550570433152e-20
4.147005580152672e-06 8.347784655009741e-20
4.176840152671756e-06 7.231093669704336e-20
4.20667472519084e-06 7.2928367320519e-20
4.236509297709924e-06 8.586956308372164e-20
4.266343870229008e-06 7.805564356404953e-20
4.296178442748092e-06 7.576317331216754e-20
4.326013015267176e-06 7.858721740766197e-20
4.35584758778626e-06 7.87533481157909e-20
4.385682160305344e-06 8.588077310226488e-20
4.415516732824428e-06 7.859705728151977e-20
4.445351305343512e-06 7.272640147170945e-20
4.475185877862596e-06 8.704399841044275e-20
4.50502045038168e-06 8.308439088001511e-20
4.534855022900764e-06 7.54891523007839e-20
4.564689595419848e-06 8.169155387754795e-20
4.594524167938932e-06 8.015162005028969e-20
4.624358740458016e-06 8.521628028527784e-20
4.6541933129771e-06 8.412827349174966e-20
4.684027885496184e-06 7.589506221508177e-20
4.713862458015268e-06 8.769767720334498e-20
4.743697030534352e-06 9.056214557882731e-20
4.773531603053436e-06 7.927761876494756e-20
4.803366175572519e-06 8.187345324539898e-20
4.8332007480916036e-06 8.626715605283331e-20
4.863035320610688e-06 8.800127422434599e-20
4.8928698931297715e-06 8.628722498462115e-20
4.922704465648855e-06 7.780324043190746e-20
4.9525390381679395e-06 8.6214270139275e-20
4.982373610687024e-06 9.436529260695409e-20
5.0122081832061075e-06 8.217752556253446e-20
5.042042755725191e-06 8.264866373436841e-20
5.071877328244275e-06 8.937201606531185e-20
5.10171190076336e-06 8.987659816425086e-20
5.131546473282443e-06 9.233805676909629e-20
5.161381045801527e-06 8.259443972947367e-20
5.191215618320611e-06 8.467223124275525e-20
5.221050190839696e-06 9.711020861392473e-20
5.250884763358779e-06 8.738878324641521e-20
5.280719335877863e-06 8.253581012690769e-20
5.310553908396947e-06 8.9038700833542e-20
5.340388480916032e-06 9.194124711772352e-20
5.370223053435115e-06 9.283545514191794e-20
5.400057625954199e-06 8.490112777173719e-20
5.429892198473283e-06 8.551450997615679e-20
5.459726770992368e-06 9.750250812512213e-20
5.489561343511451e-06 9.187980692659113e-20
5.519395916030535e-06 8.39387231175195e-20
5.549230488549619e-06 8.979763192385418e-20
5.5790650610687036e-06 9.266671178081142e-20
5.608899633587787e-06 9.424073017892976e-20
5.638734206106871e-06 8.803880028381161e-20
5.668568778625955e-06 8.277427969777559e-20
5.6984033511450395e-06 9.725743363638206e-20
5.728237923664122e-06 9.565512721452051e-20
5.758072496183207e-06 8.2662969275329e-20
5.787907068702291e-06 8.951802355633286e-20
5.8177416412213746e-06 9.453720771928855e-20
5.847576213740458e-06 9.513979705236893e-20
5.8774107862595425e-06 9.123511804204622e-20
5.907245358778627e-06 8.284116491459334e-20
5.9370799312977105e-06 9.428757626589821e-20
5.966914503816794e-06 9.889482692908702e-20
5.9967490763358785e-06 8.382115337431734e-20
6.026583648854963e-06 8.589457951885382e-20
6.0564182213740464e-06 9.55518998337342e-20
6.086252793893131e-06 9.348321114040736e-20
6.116087366412215e-06 8.924924124634735e-20
6.145921938931298e-06 8.4945692932265e-20
6.175756511450382e-06 9.091150116421209e-20
6.205591083969466e-06 1.002171153787586e-19
6.23542565648855e-06 8.629871066964146e-20
6.265260229007635e-06 8.245373034743148e-20
6.295094801526718e-06 9.641129192619792e-20
6.324929374045803e-06 9.306345912597411e-20
6.354763946564887e-06 8.878576350824043e-20
6.38459851908397e-06 8.508198412596326e-20
6.414433091603054e-06 8.64426184793779e-20
6.444267664122138e-06 9.945517122188951e-20
6.474102236641222e-06 9.034784800145126e-20
6.503936809160307e-06 7.954022699467167e-20
6.53377138167939e-06 9.265913843945562e-20
6.5636059541984746e-06 9.682541795318765e-20
6.593440526717559e-06 8.90712660700503e-20
6.623275099236642e-06 8.472163561124965e-20
6.653109671755726e-06 8.544809188564807e-20
6.68294424427481e-06 9.745266353379717e-20
6.712778816793894e-06 9.242665005486312e-20
6.7426133893129785e-06 7.636439346431078e-20
6.772447961832062e-06 8.948054627970788e-20
6.8022825343511464e-06 9.782518744598064e-20
6.832117106870229e-06 8.949397205056821e-20
6.8619516793893136e-06 8.463135305235892e-20
6.891786251908398e-06 8.31241345128325e-20
6.9216208244274815e-06 9.5548653228306e-20
6.951455396946566e-06 9.564710475662436e-20
6.98128996946565e-06 7.864319584311209e-20
7.011124541984734e-06 8.500537288346498e-20
7.040959114503818e-06 9.712961094008647e-20
7.070793687022901e-06 9.023579253836632e-20
7.100628259541985e-06 8.367033175439542e-20
7.130462832061069e-06 8.378359882275967e-20
7.160297404580153e-06 9.204675463358226e-20
7.190131977099238e-06 9.601382750773087e-20
7.219966549618322e-06 7.985128770316143e-20
7.249801122137406e-06 8.213074462467592e-20
7.27963569465649e-06 9.767043801893796e-20
7.309470267175573e-06 9.12790757690524e-20
7.339304839694657e-06 8.524705031996823e-20
7.369139412213741e-06 8.414612983932275e-20
7.398973984732825e-06 8.906392892450481e-20
7.42880855725191e-06 9.758871860986898e-20
7.458643129770993e-06 8.395821183332563e-20
7.488477702290078e-06 7.729961626536862e-20
7.518312274809162e-06 9.467636099613626e-20
7.548146847328245e-06 9.334342145199163e-20
7.577981419847329e-06 8.295194097930034e-20
7.607815992366413e-06 8.408223309959316e-20
7.637650564885498e-06 8.742899832342816e-20
7.667485137404582e-06 9.758026904588058e-20
7.697319709923665e-06 9.056858228583935e-20
7.72715428244275e-06 7.645310826727599e-20
7.756988854961832e-06 9.156303191553195e-20
7.786823427480916e-06 9.718726752378e-20
7.816658000000001e-06 8.439461928036463e-20
7.846492572519085e-06 8.365347348510029e-20
7.87632714503817e-06 8.62639609770494e-20
7.906161717557253e-06 9.423113961762987e-20
7.935996290076337e-06 9.296963161138175e-20
7.965830862595422e-06 7.651864099640725e-20
7.995665435114504e-06 8.703328875824624e-20
8.025500007633588e-06 1.0091712982723394e-19
8.055334580152673e-06 8.761272928716854e-20
8.085169152671756e-06 8.214703932496906e-20
8.11500372519084e-06 8.713800498055007e-20
8.144838297709925e-06 9.329010402699866e-20
8.174672870229009e-06 9.428819235312246e-20
8.204507442748094e-06 8.021502415602446e-20
8.234342015267176e-06 8.258355854855815e-20
8.26417658778626e-06 9.894588217218068e-20
8.294011160305345e-06 9.039210396067005e-20
8.323845732824428e-06 8.095577658365404e-20
8.353680305343512e-06 8.83655572635949e-20
8.383514877862597e-06 9.24643333447031e-20
8.41334945038168e-06 9.568906234798827e-20
8.443184022900766e-06 8.473775833443083e-20
8.473018595419848e-06 7.854583457345332e-20
8.502853167938931e-06 9.954920511292713e-20
8.532687740458017e-06 9.641401736011676e-20
8.5625223129771e-06 7.997188550217362e-20
8.592356885496184e-06 8.530982939839913e-20
8.622191458015269e-06 9.151565497537165e-20
8.652026030534353e-06 9.53448035393347e-20
8.681860603053436e-06 8.768072999329434e-20
8.71169517557252e-06 7.7647207970176e-20
8.741529748091603e-06 9.547945841556111e-20
8.771364320610688e-06 1.0079445740020562e-19
8.801198893129772e-06 8.010396110786109e-20
8.831033465648856e-06 8.261545848642086e-20
8.86086803816794e-06 9.2447451395197e-20
8.890702610687024e-06 9.512897312018518e-20
8.920537183206108e-06 8.962281610408883e-20
8.950371755725192e-06 7.533448945164653e-20
8.980206328244275e-06 8.928100608195212e-20
9.01004090076336e-06 9.972050355320725e-20
9.039875473282444e-06 8.358321323878125e-20
9.069710045801527e-06 8.175223088337793e-20
9.099544618320613e-06 8.933116698476001e-20
9.129379190839696e-06 9.337143591052497e-20
9.15921376335878e-06 9.038373488631781e-20
9.189048335877863e-06 7.786836876509461e-20
9.218882908396947e-06 8.313781213867669e-20
9.248717480916032e-06 9.887934168323793e-20
9.278552053435116e-06 8.66560038930184e-20
9.3083866259542e-06 7.509656825042483e-20
9.338221198473285e-06 8.626805188715504e-20
9.368055770992368e-06 8.997309702021067e-20
9.397890343511452e-06 8.702983727489534e-20
9.427724916030535e-06 7.809719884631365e-20
9.457559488549619e-06 7.573126678588158e-20
9.487394061068704e-06 9.356995584450229e-20
9.517228633587788e-06 8.968253897572286e-20
9.547063206106871e-06 7.287840991358553e-20
9.576897778625956e-06 7.941846782813283e-20
9.606732351145038e-06 8.711334281168587e-20
9.636566923664124e-06 8.636764450134798e-20
9.666401496183207e-06 7.66318730291906e-20
9.69623606870229e-06 7.023640777316233e-20
9.726070641221376e-06 8.615868605013313e-20
9.75590521374046e-06 8.731309799433321e-20
9.785739786259543e-06 6.91665091977376e-20
9.815574358778628e-06 7.169465428044369e-20
9.84540893129771e-06 8.1996458411196e-20
9.875243503816795e-06 8.165373938249139e-20
9.905078076335879e-06 7.467562385830426e-20
9.934912648854963e-06 6.6227024557578e-20
9.964747221374048e-06 7.570634271976154e-20
9.994581793893131e-06 8.457095466382348e-20
1.0024416366412215e-05 6.788443420271612e-20
1.00542509389313e-05 6.326541763341548e-20
1.0084085511450382e-05 7.598440421195557e-20
1.0113920083969467e-05 7.641447079141382e-20
1.014375465648855e-05 6.98091556885606e-20
1.0173589229007634e-05 6.20782640331295e-20
1.020342380152672e-05 6.731646295870481e-20
1.0233258374045803e-05 8.033439975769586e-20
1.0263092946564887e-05 6.781462590155968e-20
1.0292927519083972e-05 5.684722374298912e-20
1.0322762091603054e-05 6.86822191773252e-20
1.0352596664122139e-05 7.155281717493554e-20
1.0382431236641223e-05 6.608295316620176e-20
1.0412265809160306e-05 5.828406762636262e-20
1.0442100381679392e-05 5.729529674793845e-20
1.0471934954198475e-05 7.229593860798684e-20
1.0501769526717559e-05 6.687228512458558e-20
1.0531604099236642e-05 5.121177668688121e-20
1.0561438671755726e-05 6.136801396362758e-20
1.0591273244274811e-05 6.731313564166341e-20
1.0621107816793895e-05 6.04534070551773e-20
1.0650942389312978e-05 5.558126954794409e-20
1.0680776961832063e-05 5.228413811125466e-20
1.0710611534351147e-05 6.426666842039096e-20
1.074044610687023e-05 6.550817864768564e-20
1.0770280679389314e-05 4.5960428186506645e-20
1.0800115251908398e-05 5.069308923289206e-20
1.0829949824427483e-05 6.16911433206553e-20
1.0859784396946566e-05 5.559855887105019e-20
1.088961896946565e-05 5.0976124536593774e-20
1.0919453541984735e-05 4.5994921885510917e-20
1.0949288114503819e-05 5.391703129433297e-20
1.0979122687022902e-05 6.297187083440151e-20
1.1008957259541986e-05 4.6272601461533025e-20
1.103879183206107e-05 4.258967646487044e-20
1.1068626404580153e-05 5.571029600337768e-20
1.1098460977099238e-05 5.23737205223865e-20
1.1128295549618322e-05 4.6736075048043376e-20
1.1158130122137407e-05 4.101379949923093e-20
1.118796469465649e-05 4.431767100257615e-20
1.1217799267175574e-05 5.672010733576117e-20
1.1247633839694658e-05 4.299928486225939e-20
1.1277468412213741e-05 3.4498890637445054e-20
1.1307302984732825e-05 4.868028711761539e-20
1.133713755725191e-05 4.854936633241001e-20
1.1366972129770994e-05 4.2110710154762044e-20
1.1396806702290079e-05 3.690549740341339e-20
1.1426641274809163e-05 3.7858020347981846e-20
1.1456475847328244e-05 4.942328783100663e-20
1.148631041984733e-05 4.116770524357677e-20
1.1516144992366413e-05 2.747323297943559e-20
1.1545979564885497e-05 3.714042270980673e-20
1.1575814137404582e-05 4.307762473794434e-20
1.1605648709923666e-05 3.596935830268891e-20
1.1635483282442749e-05 3.0509928781595047e-20
1.1665317854961834e-05 2.920111118191179e-20
1.1695152427480916e-05 3.946555208987024e-20
1.1724987000000002e-05 4.004747829062101e-20
1.1754821572519085e-05 2.2365368489420573e-20
1.1784656145038169e-05 2.831577895653865e-20
1.1814490717557254e-05 3.8664449795675334e-20
1.1844325290076337e-05 2.908477438140706e-20
1.1874159862595421e-05 2.5248719013059417e-20
1.1903994435114506e-05 2.149632375557787e-20
1.1933829007633588e-05 2.7323075454322495e-20
1.1963663580152673e-05 3.526060574453506e-20
1.1993498152671757e-05 1.7808168151902944e-20
1.2023332725190842e-05 1.534741325712091e-20
1.2053167297709926e-05 3.069339672259652e-20
1.2083001870229008e-05 2.4617279211382922e-20
1.2112836442748093e-05 1.7140643041634988e-20
1.2142671015267176e-05 1.6154370205030365e-20
1.2172505587786262e-05 1.771405867208394e-20
1.2202340160305345e-05 2.6262432263001563e-20
1.223217473282443e-05 1.5455891610354016e-20
1.2262009305343512e-05 4.839324673467611e-21
1.2291843877862596e-05 1.752701499693373e-20
1.2321678450381681e-05 1.8062720087995213e-20
1.2351513022900765e-05 9.596566828502363e-21
1.238134759541985e-05 7.379534762055414e-21
1.2411182167938932e-05 6.46294592431506e-21
1.2441016740458017e-05 1.5379717084712932e-20
1.24708513129771e-05 1.1669530680881948e-20
1.2500685885496184e-05 -4.255134629119582e-21
1.253052045801527e-05 4.335510385163506e-21
1.2560355030534351e-05 1.2591587152849461e-20
1.2590189603053437e-05 2.1729459875394982e-21
1.262002417557252e-05 -3.0330986769077224e-21
1.2649858748091605e-05 -4.089578173706685e-21
1.2679693320610689e-05 3.2434350059034593e-21
1.2709527893129774e-05 5.646788736793219e-21
1.2739362465648856e-05 -1.3308250633456412e-20
1.276919703816794e-05 -1.0361726475893373e-20
1.2799031610687025e-05 3.482783318919408e-21
1.2828866183206108e-05 -6.635877597942767e-21
1.2858700755725194e-05 -1.2029575920250289e-20
1.2888535328244276e-05 -1.3437643292802764e-20
1.291836990076336e-05 -9.660632193229167e-21
1.2948204473282444e-05 -4.0419618572867275e-21
1.2978039045801528e-05 -2.0887541524241004e-20
1.3007873618320613e-05 -2.4478128647801454e-20
1.3037708190839695e-05 -9.526970646928564e-21
1.306754276335878e-05 -1.4417630421991193e-20
1.3097377335877864e-05 -2.34996417451738e-20
1.3127211908396949e-05 -2.472212076897913e-20
1.3157046480916033e-05 -2.359154224154207e-20
1.3186881053435118e-05 -1.4834693760253547e-20
1.32167156259542e-05 -2.5115731984460306e-20
1.3246550198473283e-05 -3.86882627686374e-20
1.3276384770992369e-05 -2.2566593927728766e-20
1.3306219343511452e-05 -2.204059861688521e-20
1.3336053916030537e-05 -3.5038846440207355e-20
1.336588848854962e-05 -3.6168560493490704e-20
1.3395723061068705e-05 -3.73848049681602e-20
1.3425557633587788e-05 -2.958314259350952e-20
1.345539220610687e-05 -3.4613680725028645e-20
1.3485226778625957e-05 -5.0090353504826e-20
1.3515061351145039e-05 -4.024356966662283e-20
1.3544895923664124e-05 -3.3218027739142044e-20
1.3574730496183208e-05 -4.457295420292057e-20
1.3604565068702293e-05 -4.955599106192598e-20
1.3634399641221376e-05 -4.933741605533439e-20
1.3664234213740458e-05 -4.564908580490569e-20
1.3694068786259544e-05 -4.372700953829399e-20
1.3723903358778627e-05 -5.892974443777128e-20
1.3753737931297712e-05 -6.105099332113318e-20
1.3783572503816796e-05 -4.613566208442402e-20
1.3813407076335881e-05 -5.415725043606196e-20
1.3843241648854963e-05 -6.430426102048349e-20
1.3873076221374048e-05 -6.208049031289697e-20
1.3902910793893132e-05 -5.915128490916241e-20
1.3932745366412214e-05 -5.49023417945004e-20
1.39625799389313e-05 -6.838941371044529e-20
1.3992414511450383e-05 -7.488246459177173e-20
1.4022249083969468e-05 -6.018931756662226e-20
1.4052083656488551e-05 -6.431775391707589e-20
1.4081918229007637e-05 -7.58656583134236e-20
1.411175280152672e-05 -7.665298792906695e-20
1.4141587374045802e-05 -7.391823097829729e-20
1.4171421946564887e-05 -6.782075508144384e-20
1.420125651908397e-05 -7.739390913168836e-20
1.4231091091603056e-05 -8.99354044483591e-20
1.4260925664122138e-05 -7.68125031988005e-20
1.4290760236641225e-05 -7.192973261985801e-20
1.4320594809160307e-05 -8.716745985356892e-20
1.435042938167939e-05 -9.017200031314466e-20
1.4380263954198476e-05 -8.465377534399488e-20
1.4410098526717557e-05 -8.098576733829704e-20
1.4439933099236644e-05 -8.659377631728858e-20
1.4469767671755726e-05 -1.0148738199345172e-19
1.4499602244274812e-05 -9.452590093138644e-20
1.4529436816793895e-05 -8.273862672080161e-20
1.455927138931298e-05 -9.536138524240365e-20
1.4589105961832062e-05 -1.0264901210568342e-19
1.4618940534351146e-05 -9.872705803570952e-20
1.4648775106870231e-05 -9.36074224248548e-20
1.4678609679389315e-05 -9.452321794949514e-20
1.47084442519084e-05 -1.0933816631588812e-19
1.4738278824427482e-05 -1.0611682217190061e-19
1.4768113396946569e-05 -9.497446891617372e-20
1.479794796946565e-05 -1.0391593329228019e-19
1.4827782541984734e-05 -1.1328228789637202e-19
1.485761711450382e-05 -1.1341085010240874e-19
1.4887451687022901e-05 -1.0552844668820269e-19
1.4917286259541986e-05 -1.0458955326816063e-19
1.494712083206107e-05 -1.187000642726438e-19
1.4976955404580155e-05 -1.205538910537278e-19
1.5006789977099239e-05 -1.072215489874204e-19
1.5036624549618324e-05 -1.1032781890081366e-19
1.5066459122137406e-05 -1.2288376996000242e-19
1.509629369465649e-05 -1.2398181415948632e-19
1.5126128267175575e-05 -1.181241500083151e-19
1.5155962839694658e-05 -1.1358991113051485e-19
1.5185797412213744e-05 -1.2503642960936228e-19
1.5215631984732825e-05 -1.341552786314912e-19
1.5245466557251912e-05 -1.2211032270796682e-19
1.5275301129770996e-05 -1.1947250669996343e-19
1.5305135702290076e-05 -1.3082172936943623e-19
1.5334970274809163e-05 -1.3558411670074248e-19
1.5364804847328247e-05 -1.2973165050107822e-19
1.539463941984733e-05 -1.2280900456151788e-19
1.5424473992366414e-05 -1.3198024555516004e-19
1.54543085648855e-05 -1.4388759959217683e-19
1.548414313740458e-05 -1.349168790152179e-19
1.5513977709923664e-05 -1.265489390477105e-19
1.554381228244275e-05 -1.3920163312606117e-19
1.557364685496183e-05 -1.476356454002726e-19
1.560348142748092e-05 -1.4280354849876345e-19
1.5633316000000002e-05 -1.3666927012755871e-19
1.5663150572519086e-05 -1.3891326222960979e-19
1.569298514503817e-05 -1.5384284001614575e-19
1.5722819717557256e-05 -1.4979805867029456e-19
1.575265429007634e-05 -1.3511310343091624e-19
1.578248886259542e-05 -1.466462185975397e-19
1.5812323435114507e-05 -1.5709039833319539e-19
1.584215800763359e-05 -1.5408830720954465e-19
1.5871992580152674e-05 -1.4807944570573957e-19
1.5901827152671757e-05 -1.464074251355118e-19
1.5931661725190844e-05 -1.627887196181825e-19
1.5961496297709925e-05 -1.6426762366678665e-19
1.5991330870229008e-05 -1.488686551470595e-19
1.6021165442748095e-05 -1.5487963993096942e-19
1.6051000015267175e-05 -1.6624655516305283e-19
1.6080834587786262e-05 -1.658534694393551e-19
1.6110669160305346e-05 -1.6017118127268914e-19
1.614050373282443e-05 -1.5561613552403872e-19
1.6170338305343513e-05 -1.6709454926897372e-19
1.62001728778626e-05 -1.7660244748918825e-19
1.623000745038168e-05 -1.623017914747235e-19
1.6259842022900764e-05 -1.6110217465441286e-19
1.628967659541985e-05 -1.7622807919937722e-19
1.6319511167938934e-05 -1.7778220323532606e-19
1.6349345740458018e-05 -1.726737148146008e-19
1.63791803129771e-05 -1.6545041690629506e-19
1.6409014885496188e-05 -1.7467226705515726e-19
1.6438849458015268e-05 -1.8865296683181008e-19
1.6468684030534352e-05 -1.7498251267519904e-19
1.649851860305344e-05 -1.6784892157276974e-19
1.652835317557252e-05 -1.8249569670390998e-19
1.6558187748091606e-05 -1.8770750919841462e-19
1.658802232061069e-05 -1.8194626220594603e-19
1.6617856893129773e-05 -1.7654413747917785e-19
1.6647691465648857e-05 -1.8074885215769115e-19
1.667752603816794e-05 -1.9521965368422616e-19
1.6707360610687024e-05 -1.8978852170260102e-19
1.6737195183206107e-05 -1.767227644298824e-19
1.6767029755725194e-05 -1.887341123723846e-19
1.6796864328244278e-05 -1.9670908800091037e-19
1.682669890076336e-05 -1.9102021380946934e-19
1.6856533473282445e-05 -1.8757353316075772e-19
1.6886368045801532e-05 -1.8501918499996464e-19
1.6916202618320612e-05 -1.9946139951221334e-19
1.6946037190839696e-05 -2.028574374086595e-19
1.6975871763358783e-05 -1.816663029265847e-19
1.7005706335877863e-05 -1.906035875583027e-19
1.703554090839695e-05 -2.0627546614960178e-19
1.7065375480916033e-05 -1.9963861762681925e-19
1.7095210053435117e-05 -1.9580189696225844e-19
1.71250446259542e-05 -1.9179684252646774e-19
1.7154879198473284e-05 -2.010441925486682e-19
1.7184713770992367e-05 -2.1158012128625918e-19
1.721454834351145e-05 -1.9326380188303537e-19
1.7244382916030538e-05 -1.9086438040204147e-19
1.727421748854962e-05 -2.1039145384666898e-19
1.7304052061068705e-05 -2.0778695879169729e-19
1.733388663358779e-05 -1.9875417197575513e-19
1.7363721206106872e-05 -1.9810967432459172e-19
1.7393555778625956e-05 -2.0397171606775173e-19
1.742339035114504e-05 -2.1585010184759187e-19
1.7453224923664126e-05 -2.049236434557249e-19
1.7483059496183206e-05 -1.9329106560247096e-19
1.7512894068702293e-05 -2.1228930976535213e-19
1.7542728641221377e-05 -2.1453887203286477e-19
1.757256321374046e-05 -2.0306395937381657e-19
1.7602397786259544e-05 -2.0400065655785037e-19
1.7632232358778628e-05 -2.0384827613168934e-19
1.766206693129771e-05 -2.156939147409468e-19
1.7691901503816795e-05 -2.1248029803434e-19
1.772173607633588e-05 -1.9562836378804038e-19
1.7751570648854965e-05 -2.1021614282469731e-19
1.778140522137405e-05 -2.173787915889015e-19
1.7811239793893132e-05 -2.081910291861519e-19
1.7841074366412216e-05 -2.0666425353185955e-19
1.78709089389313e-05 -2.038271940558757e-19
1.7900743511450383e-05 -2.1503938978210818e-19
1.793057808396947e-05 -2.1824525377030247e-19
1.796041265648855e-05 -1.9731667786992394e-19
1.7990247229007637e-05 -2.034438270268864e-19
1.802008180152672e-05 -2.1996658429575933e-19
1.8049916374045804e-05 -2.1023316164535683e-19
1.8079750946564888e-05 -2.0525547656592756e-19
1.810958551908397e-05 -2.0455470880462007e-19
1.8139420091603055e-05 -2.099178404647988e-19
1.816925466412214e-05 -2.197921508817724e-19
1.8199089236641225e-05 -2.021834246322119e-19
1.822892380916031e-05 -1.9735405414075748e-19
1.8258758381679393e-05 -2.163975867379221e-19
1.8288592954198476e-05 -2.1271204826856509e-19
1.831842752671756e-05 -2.0272140857221236e-19
1.8348262099236643e-05 -2.0112699499735178e-19
1.8378096671755727e-05 -2.0515250772864045e-19
1.8407931244274814e-05 -2.146406976766003e-19
1.8437765816793894e-05 -2.050419552934523e-19
1.846760038931298e-05 -1.933402519084287e-19
1.8497434961832064e-05 -2.0895588156034601e-19
1.8527269534351145e-05 -2.129939538020723e-19
1.855710410687023e-05 -1.9765815260147325e-19
1.8586938679389315e-05 -1.9826224219643975e-19
1.86167732519084e-05 -2.022357804775357e-19
1.8646607824427482e-05 -2.061466631715975e-19
1.867644239694657e-05 -2.0509037158141397e-19
1.8706276969465653e-05 -1.8848354665862629e-19
1.8736111541984736e-05 -1.9640735857805824e-19
1.876594611450382e-05 -2.0905590846548204e-19
1.8795780687022903e-05 -1.9364679277930036e-19
1.8825615259541987e-05 -1.9034223213295571e-19
1.885544983206107e-05 -1.9402689068506198e-19
1.8885284404580157e-05 -1.9784366462312518e-19
1.8915118977099238e-05 -2.0160798644596646e-19
1.8944953549618325e-05 -1.8462501703013064e-19
1.8974788122137408e-05 -1.856643968377066e-19
1.9004622694656488e-05 -2.0141162689162894e-19
1.9034457267175575e-05 -1.9115774034158195e-19
1.906429183969466e-05 -1.8282152572948286e-19
1.9094126412213742e-05 -1.8373231561787037e-19
1.9123960984732826e-05 -1.8707585105478857e-19
1.9153795557251913e-05 -1.9444571748783314e-19
1.9183630129770993e-05 -1.804386918690389e-19
1.9213464702290077e-05 -1.7345056936656073e-19
1.9243299274809164e-05 -1.9126765559309427e-19
1.9273133847328247e-05 -1.8684146970510965e-19
1.930296841984733e-05 -1.7350398618017025e-19
1.9332802992366414e-05 -1.7621481623884342e-19
1.93626375648855e-05 -1.7792509788105012e-19
1.939247213740458e-05 -1.8334763126540792e-19
1.9422306709923668e-05 -1.761796653779714e-19
1.9452141282442752e-05 -1.6045484311662905e-19
1.9481975854961832e-05 -1.7431129936628762e-19
