0.0 -1.7501000648929145e-20
2.980050486854917e-08 -1.5115150340705327e-21
5.960100973709834e-08 -2.314995158840457e-21
8.94015146056475e-08 -9.06286471118182e-21
1.1920201947419668e-07 -1.9770809639630605e-20
1.4900252434274584e-07 -1.5105863874338515e-20
1.78803029211295e-07 2.441722675954427e-21
2.086035340798442e-07 -1.4719153132910746e-20
2.3840403894839336e-07 -2.8032717581497313e-20
2.6820454381694257e-07 -1.1751551155510309e-20
2.980050486854917e-07 -6.934769421361749e-21
3.2780555355404085e-07 -1.3117979499971624e-20
3.5760605842259e-07 -2.5511684490266955e-20
3.874065632911392e-07 -2.3286856816664543e-20
4.172070681596884e-07 -4.117792417642268e-21
4.470075730282375e-07 -1.2927252187749526e-20
4.768080778967867e-07 -3.19044144926363e-20
5.066085827653359e-07 -2.1645364913053663e-20
5.364090876338851e-07 -1.0464707142121605e-20
5.662095925024342e-07 -1.7693986362760207e-20
5.960100973709834e-07 -2.803003315211867e-20
6.258106022395326e-07 -3.1572854717228616e-20
6.556111071080817e-07 -1.4811217732164312e-20
6.854116119766309e-07 -1.2594070803132235e-20
7.1521211684518e-07 -3.610773998739516e-20
7.450126217137292e-07 -3.140441589951934e-20
7.748131265822785e-07 -1.519379184055236e-20
8.046136314508276e-07 -2.0087087364748888e-20
8.344141363193768e-07 -3.0390195521784445e-20
8.642146411879259e-07 -3.5913544541817196e-20
8.94015146056475e-07 -2.4195755569452378e-20
9.238156509250242e-07 -1.4833903084600723e-20
9.536161557935734e-07 -3.538683110764205e-20
9.834166606621225e-07 -4.096488826076303e-20
1.0132171655306719e-06 -2.2382882005301263e-20
1.043017670399221e-06 -2.2474325311037676e-20
1.0728181752677703e-06 -3.353946127926013e-20
1.1026186801363192e-06 -3.951374873219029e-20
1.1324191850048683e-06 -3.1013254923409455e-20
1.1622196898734176e-06 -1.842746833172305e-20
1.1920201947419667e-06 -3.249759710167648e-20
1.2218206996105158e-06 -4.5253454936002124e-20
1.2516212044790652e-06 -3.023066529297686e-20
1.2814217093476143e-06 -2.303529725973439e-20
1.3112222142161634e-06 -3.4279132462789315e-20
1.3410227190847127e-06 -4.336163454307763e-20
1.3708232239532618e-06 -3.77926156498842e-20
1.400623728821811e-06 -2.3616932326215494e-20
1.43042423369036e-06 -3.206471203087256e-20
1.4602247385589091e-06 -4.7898715540639026e-20
1.4900252434274585e-06 -3.6000540429557754e-20
1.5198257482960076e-06 -2.475659756474843e-20
1.549626253164557e-06 -3.3561826674846653e-20
1.579426758033106e-06 -4.3189721377887927e-20
1.6092272629016551e-06 -4.130162923549434e-20
1.6390277677702044e-06 -2.81658861186164e-20
1.6688282726387536e-06 -2.8630901209972574e-20
1.6986287775073025e-06 -4.721594935606709e-20
1.7284292823758518e-06 -4.3566676091232924e-20
1.7582297872444009e-06 -2.6464506254332987e-20
1.78803029211295e-06 -3.3028164356502706e-20
1.8178307969814993e-06 -4.34959644810694e-20
1.8476313018500484e-06 -4.306027863550161e-20
1.8774318067185977e-06 -3.353693141412378e-20
1.9072323115871469e-06 -2.5277567181888693e-20
1.937032816455696e-06 -4.3067937898915645e-20
1.966833321324245e-06 -4.913877633805089e-20
1.996633826192794e-06 -2.8685068882219636e-20
2.0264343310613437e-06 -2.9147873932171947e-20
2.0562348359298924e-06 -4.301637884205028e-20
2.086035340798442e-06 -4.682840640507636e-20
2.115835845666991e-06 -3.6057040648040544e-20
2.1456363505355406e-06 -2.5874628448118234e-20
2.1754368554040893e-06 -4.0026719020391153e-20
2.2052373602726384e-06 -4.915633320123794e-20
2.235037865141188e-06 -3.3972476962406155e-20
2.2648383700097366e-06 -2.75424146753628e-20
2.294638874878286e-06 -3.781502672815415e-20
2.3244393797468352e-06 -4.54688548063023e-20
2.3542398846153844e-06 -3.878488042617214e-20
2.3840403894839335e-06 -2.7158611276280914e-20
2.413840894352483e-06 -3.504765913208105e-20
2.4436413992210317e-06 -4.921347890917274e-20
2.473441904089581e-06 -3.9665362554196066e-20
2.5032424089581303e-06 -2.6533129302587616e-20
2.533042913826679e-06 -3.578346226147183e-20
2.5628434186952286e-06 -4.5794992723319354e-20
2.5926439235637777e-06 -4.116365077003608e-20
2.6224444284323268e-06 -2.942752083172718e-20
2.652244933300876e-06 -3.0208762780271367e-20
2.6820454381694254e-06 -4.778087606718896e-20
2.7118459430379745e-06 -4.3870249271087963e-20
2.7416464479065236e-06 -2.715432606114058e-20
2.7714469527750727e-06 -3.3733819168593907e-20
2.801247457643622e-06 -4.542397026177545e-20
2.831047962512171e-06 -4.3214377607397447e-20
2.86084846738072e-06 -3.2592195749185337e-20
2.8906489722492696e-06 -3.0090123297336656e-20
2.9204494771178183e-06 -4.466688399147005e-20
2.950249981986368e-06 -4.755840576155797e-20
2.980050486854917e-06 -3.090176312781756e-20
3.009850991723466e-06 -3.049931239583642e-20
3.039651496592015e-06 -4.328011569584347e-20
3.0694520014605647e-06 -4.573840963871317e-20
3.099252506329114e-06 -3.726806321649287e-20
3.1290530111976625e-06 -3.012592160636984e-20
3.158853516066212e-06 -4.1342518905815516e-20
3.188654020934761e-06 -5.020436286397789e-20
3.2184545258033102e-06 -3.645909342475879e-20
3.2482550306718594e-06 -3.003938356765683e-20
3.278055535540409e-06 -4.2941646636372515e-20
3.3078560404089576e-06 -4.813035923940567e-20
3.337656545277507e-06 -3.9436289477063834e-20
3.3674570501460562e-06 -3.0645351585669817e-20
3.397257555014605e-06 -3.8525435016202564e-20
3.4270580598831544e-06 -5.1876603257136984e-20
3.4568585647517035e-06 -4.0158619617401505e-20
3.4866590696202527e-06 -3.0375828992150495e-20
3.5164595744888018e-06 -4.10043873778439e-20
3.5462600793573513e-06 -4.887468564853049e-20
3.5760605842259e-06 -4.5635957656986426e-20
3.6058610890944495e-06 -3.3341941796319056e-20
3.6356615939629986e-06 -3.570904195071787e-20
3.665462098831548e-06 -5.178025719066938e-20
3.695262603700097e-06 -4.484470903009228e-20
3.725063108568646e-06 -3.0244561871310713e-20
3.7548636134371955e-06 -3.8697392600592396e-20
3.784664118305744e-06 -4.931630502234945e-20
3.8144646231742937e-06 -4.614013057944143e-20
3.844265128042843e-06 -3.5761608829790174e-20
3.874065632911392e-06 -3.3018018387509024e-20
3.9038661377799415e-06 -4.9408310092988357e-20
3.93366664264849e-06 -5.0499761437969906e-20
3.96346714751704e-06 -3.38930740858944e-20
3.993267652385588e-06 -3.6147598951486693e-20
4.023068157254138e-06 -4.6070223859422436e-20
4.0528686621226874e-06 -4.8711059755186396e-20
4.082669166991236e-06 -3.8728307504122786e-20
4.112469671859785e-06 -3.002235442610071e-20
4.142270176728334e-06 -4.480791538054245e-20
4.172070681596884e-06 -5.1150749279185554e-20
4.2018711864654326e-06 -3.5390239827238305e-20
4.231671691333982e-06 -3.235350420455687e-20
4.261472196202532e-06 -4.410033649968593e-20
4.291272701071081e-06 -4.889446508167525e-20
4.321073205939629e-06 -3.9618798770337936e-20
4.3508737108081785e-06 -3.100488013009922e-20
4.380674215676728e-06 -3.958271872024107e-20
4.410474720545277e-06 -4.9302653774684115e-20
4.440275225413826e-06 -3.803421594159802e-20
4.470075730282376e-06 -2.7981413174125103e-20
4.4998762351509245e-06 -3.911001326326824e-20
4.529676740019473e-06 -4.532082497071665e-20
4.559477244888023e-06 -3.953139852037872e-20
4.589277749756572e-06 -3.0880149501135814e-20
4.619078254625122e-06 -3.2078431044836393e-20
4.6488787594936705e-06 -4.7273513567400636e-20
4.678679264362219e-06 -4.180866754225972e-20
4.708479769230769e-06 -2.7056477326676955e-20
4.738280274099317e-06 -3.303844000120593e-20
4.768080778967867e-06 -4.2719191103086947e-20
4.7978812838364165e-06 -4.0145936955255313e-20
4.827681788704966e-06 -2.78546227995956e-20
4.857482293573515e-06 -2.682733324418905e-20
4.887282798442063e-06 -4.1277573560543297e-20
4.917083303310613e-06 -4.297534585666296e-20
4.946883808179162e-06 -2.6720314962738323e-20
4.976684313047711e-06 -2.738734051392262e-20
5.006484817916261e-06 -4.054322847078856e-20
5.03628532278481e-06 -3.895849057321587e-20
5.066085827653358e-06 -3.0916830540610966e-20
5.0958863325219076e-06 -2.30786830323971e-20
5.125686837390457e-06 -3.4638249933870735e-20
5.155487342259007e-06 -4.4137082300401733e-20
5.185287847127555e-06 -2.5048906037474963e-20
5.215088351996105e-06 -2.2098012398585962e-20
5.2448888568646535e-06 -3.463662208918914e-20
5.274689361733202e-06 -3.681336649049931e-20
5.304489866601752e-06 -2.915014565786689e-20
5.334290371470301e-06 -1.9126434643706683e-20
5.364090876338851e-06 -2.936708133852865e-20
5.3938913812073995e-06 -4.1405031177471875e-20
5.423691886075949e-06 -2.8368156633356094e-20
5.453492390944498e-06 -1.887686453784273e-20
5.483292895813047e-06 -2.871371606404617e-20
5.513093400681596e-06 -3.3685745311096614e-20
5.5428939055501455e-06 -2.7963683135759744e-20
5.572694410418695e-06 -1.9680019333599055e-20
5.602494915287244e-06 -2.0187456658501133e-20
5.632295420155792e-06 -3.4711343826419036e-20
5.662095925024342e-06 -3.0188294018202126e-20
5.6918964298928915e-06 -1.368164984546524e-20
5.72169693476144e-06 -2.288401518728482e-20
5.75149743962999e-06 -3.1942696048279873e-20
5.781297944498539e-06 -2.7173790820975735e-20
5.811098449367089e-06 -1.9322306353326188e-20
5.840898954235637e-06 -1.4888810316641452e-20
5.870699459104186e-06 -2.949851107571818e-20
5.900499963972736e-06 -3.055597281010424e-20
5.930300468841284e-06 -1.2208506918250806e-20
5.960100973709834e-06 -1.5457506938294502e-20
5.989901478578383e-06 -2.6779755721641764e-20
6.019701983446932e-06 -2.6664363475271534e-20
6.049502488315481e-06 -1.7481802077277895e-20
6.07930299318403e-06 -1.1281588340278544e-20
6.10910349805258e-06 -2.4048117013169936e-20
6.138904002921129e-06 -3.061572065606433e-20
6.168704507789678e-06 -1.405160087187939e-20
6.198505012658228e-06 -1.0102915647910904e-20
6.228305517526776e-06 -2.309782573384932e-20
6.258106022395325e-06 -2.5056573646783202e-20
6.2879065272638745e-06 -1.8352877314309817e-20
6.317707032132424e-06 -8.57413748524682e-21
6.347507537000974e-06 -1.4490118812920325e-20
6.377308041869522e-06 -3.074209605271759e-20
6.407108546738071e-06 -1.6606387342289732e-20
6.4369090516066205e-06 -3.655377450262002e-21
6.46670955647517e-06 -1.9628179816605128e-20
6.496510061343719e-06 -2.5052435291670556e-20
6.526310566212268e-06 -1.6115724965631805e-20
6.556111071080818e-06 -9.046033891425215e-21
6.585911575949366e-06 -1.1450946829423533e-20
6.615712080817915e-06 -2.5976745645180388e-20
6.645512585686465e-06 -1.9007734825903635e-20
6.675313090555014e-06 -2.364411409981499e-21
6.705113595423563e-06 -1.376052411762228e-20
6.7349141002921124e-06 -2.2771607641576498e-20
6.764714605160662e-06 -1.7519065964272466e-20
6.79451511002921e-06 -8.375457035743945e-21
6.824315614897759e-06 -6.30596748989117e-21
6.854116119766309e-06 -2.310659797583872e-20
6.883916624634858e-06 -2.270662000677862e-20
6.913717129503407e-06 -3.414941741851089e-21
6.943517634371957e-06 -7.201310516758198e-21
6.973318139240505e-06 -2.1549469164437705e-20
7.003118644109055e-06 -1.803409865165727e-20
7.0329191489776035e-06 -8.408037813669458e-21
7.062719653846153e-06 -5.2704162798416156e-21
7.092520158714703e-06 -1.555639946581715e-20
7.122320663583251e-06 -2.415802736209382e-20
7.1521211684518e-06 -7.205677223822005e-21
7.1819216733203495e-06 -3.9417109287763545e-21
7.211722178188899e-06 -1.9697408769386257e-20
7.241522683057448e-06 -1.7241678120874793e-20
7.271323187925997e-06 -1.0567126019364275e-20
7.301123692794547e-06 -4.933722905665936e-21
7.330924197663096e-06 -9.668234575750953e-21
7.360724702531644e-06 -2.3845772176919496e-20
7.390525207400194e-06 -1.0509059799021607e-20
7.420325712268743e-06 1.903723401565116e-21
7.450126217137292e-06 -1.4413943589110895e-20
7.4799267220058415e-06 -1.9051462982149653e-20
7.509727226874391e-06 -9.73046746175135e-21
7.53952773174294e-06 -4.126018894104421e-21
7.569328236611488e-06 -6.78660843796648e-21
7.599128741480038e-06 -2.0468541152665294e-20
7.6289292463485874e-06 -1.3839295544450643e-20
7.658729751217135e-06 1.9654473053431964e-21
7.688530256085687e-06 -8.184952811246151e-21
7.718330760954234e-06 -1.8324509552582577e-20
7.748131265822784e-06 -1.1150235446081986e-20
7.777931770691333e-06 -1.8702210814036777e-21
7.807732275559883e-06 -3.015080851360429e-21
7.83753278042843e-06 -1.598029249653048e-20
7.86733328529698e-06 -1.608952525248771e-20
7.89713379016553e-06 2.3958673360494523e-21
7.92693429503408e-06 -1.1180589718456904e-21
7.956734799902629e-06 -1.806521080373435e-20
7.986535304771177e-06 -1.0914390139686745e-20
8.016335809639726e-06 -1.3502497895955524e-21
8.046136314508276e-06 -5.192719047225026e-22
8.075936819376824e-06 -9.368498499376489e-21
8.105737324245375e-06 -1.7824262235152122e-20
8.135537829113923e-06 2.1265697919846622e-21
8.165338333982472e-06 4.440188419903103e-21
8.195138838851022e-06 -1.3893741312857463e-20
8.22493934371957e-06 -8.812171411048413e-21
8.254739848588121e-06 -1.2588991437792416e-21
8.284540353456669e-06 3.234685873123431e-21
8.314340858325218e-06 -4.2121743073563445e-21
8.344141363193768e-06 -1.5984256656678946e-20
8.373941868062317e-06 -1.3172572140635186e-21
8.403742372930865e-06 7.950287075220462e-21
8.433542877799415e-06 -6.036945855869025e-21
8.463343382667964e-06 -9.762927820927037e-21
8.493143887536512e-06 2.7321750763302192e-22
8.522944392405063e-06 4.695259778462618e-21
8.552744897273611e-06 1.5361117024420775e-21
8.582545402142162e-06 -9.264546123355845e-21
8.61234590701071e-06 -5.604215017417889e-21
8.642146411879258e-06 1.1888021535937256e-20
8.67194691674781e-06 1.284509341919923e-21
8.701747421616357e-06 -1.1081918799102241e-20
8.731547926484907e-06 9.602957694652895e-23
8.761348431353456e-06 6.167032308017845e-21
8.791148936222004e-06 5.061159562610694e-21
8.820949441090554e-06 -5.3233352103756916e-21
8.850749945959103e-06 -6.368477362598909e-21
8.880550450827653e-06 1.2224295041451763e-20
8.910350955696202e-06 7.809735029530094e-21
8.940151460564752e-06 -7.200372049983026e-21
8.9699519654333e-06 -1.5579771447195415e-21
8.999752470301849e-06 5.601753188921695e-21
9.029552975170399e-06 7.92387825344289e-21
9.059353480038946e-06 -3.127239080134917e-23
9.089153984907498e-06 -9.782349958058098e-21
9.118954489776045e-06 7.689798257834068e-21
9.148754994644595e-06 1.346473271974689e-20
9.178555499513145e-06 -6.6185728995303e-21
9.208356004381692e-06 -4.436704115766037e-21
9.238156509250244e-06 7.032616883609021e-21
9.267957014118791e-06 7.775411969314053e-21
9.297757518987341e-06 2.9053419332802636e-21
9.32755802385589e-06 -6.775423473353121e-21
9.357358528724438e-06 2.9358513414500912e-21
9.387159033592988e-06 1.4343177607412095e-20
9.416959538461537e-06 -2.9969870027516324e-21
9.446760043330087e-06 -7.799304253540583e-21
9.476560548198635e-06 4.1618539762540675e-21
9.506361053067186e-06 5.751853212866482e-21
9.536161557935734e-06 3.444428128558483e-21
9.565962062804283e-06 -6.789990034155485e-21
9.595762567672833e-06 -3.1011117733504662e-21
9.62556307254138e-06 1.4820879370531464e-20
9.655363577409932e-06 2.408626571078891e-21
9.68516408227848e-06 -1.2058477414114902e-20
9.71496458714703e-06 1.768475673011345e-21
9.744765092015579e-06 7.480316609704337e-21
9.774565596884127e-06 1.071714619393767e-21
9.804366101752676e-06 -6.1804574008392006e-21
9.834166606621226e-06 -8.172764440834866e-21
9.863967111489775e-06 7.516935597428944e-21
9.893767616358323e-06 5.910746065972703e-21
9.923568121226873e-06 -1.2938749651678552e-20
9.953368626095422e-06 -4.606896113511332e-21
9.983169130963972e-06 6.075376031971043e-21
1.0012969635832521e-05 2.0822220824834022e-21
1.004277014070107e-05 -4.988802677585417e-21
1.007257064556962e-05 -1.1482505541675408e-20
1.0102371150438168e-05 3.212111588921403e-21
1.0132171655306716e-05 7.313425515611061e-21
1.0161972160175267e-05 -1.313203214035192e-20
1.0191772665043815e-05 -1.1406754615369658e-20
1.0221573169912365e-05 9.048183391585833e-22
1.0251373674780914e-05 1.0840883491795148e-21
1.0281174179649464e-05 -5.740726881609918e-21
1.0310974684518013e-05 -1.462121876465416e-20
1.0340775189386561e-05 -4.902884460730056e-21
1.037057569425511e-05 7.15786258189655e-21
1.040037619912366e-05 -9.329686657299705e-21
1.043017670399221e-05 -1.8207306717450946e-20
1.0459977208860758e-05 -2.4202889144610074e-21
1.0489777713729307e-05 1.3084692342036514e-21
1.0519578218597857e-05 -7.267040406411635e-21
1.0549378723466404e-05 -1.6335736017645744e-20
1.0579179228334956e-05 -1.1565872983349406e-20
1.0608979733203504e-05 4.705360819077793e-21
1.0638780238072055e-05 -8.349682577207339e-21
1.0668580742940603e-05 -2.084364084465701e-20
1.069838124780915e-05 -6.596644657693509e-21
1.0728181752677702e-05 -2.8024350622071797e-21
1.075798225754625e-05 -7.240915557059976e-21
1.0787782762414799e-05 -1.640834756630123e-20
1.0817583267283349e-05 -1.8329471471530293e-20
1.0847383772151898e-05 -2.338447532140561e-22
1.0877184277020446e-05 -4.292743124131947e-21
1.0906984781888995e-05 -2.4303896695600954e-20
1.0936785286757545e-05 -1.6134875042043117e-20
1.0966585791626095e-05 -3.2136897074695842e-21
1.0996386296494644e-05 -1.0438905212425647e-20
1.1026186801363192e-05 -1.9132902808607793e-20
1.1055987306231743e-05 -2.0163074160441765e-20
1.1085787811100291e-05 -8.253201820270885e-21
1.1115588315968839e-05 -3.107885541416833e-21
1.114538882083739e-05 -2.4357420571045353e-20
1.1175189325705938e-05 -2.3599686303091586e-20
1.1204989830574487e-05 -5.9502584142865985e-21
1.1234790335443037e-05 -1.2003508408573704e-20
1.1264590840311585e-05 -1.9670750042897723e-20
1.1294391345180136e-05 -2.4743775425960933e-20
1.1324191850048684e-05 -1.672219217900214e-20
1.1353992354917233e-05 -3.406823725676207e-21
1.1383792859785783e-05 -2.190863004443093e-20
1.1413593364654332e-05 -2.994908020109851e-20
1.144339386952288e-05 -1.0541000575169008e-20
1.147319437439143e-05 -1.0197900274581152e-20
1.150299487925998e-05 -2.0361152720547424e-20
1.1532795384128527e-05 -2.5225518035521482e-20
1.1562595888997078e-05 -2.1420314171319402e-20
1.1592396393865626e-05 -7.859613018663338e-21
1.1622196898734178e-05 -1.6664500938460172e-20
1.1651997403602725e-05 -3.2658337695713795e-20
1.1681797908471273e-05 -1.9553439704513096e-20
1.1711598413339824e-05 -1.0234082408250565e-20
1.1741398918208372e-05 -1.968329962181022e-20
1.1771199423076922e-05 -2.70260883305924e-20
1.1800999927945471e-05 -2.6199001432369793e-20
1.183080043281402e-05 -1.1470615486016919e-20
1.1860600937682569e-05 -1.384020582764683e-20
1.1890401442551118e-05 -3.358196388153435e-20
1.1920201947419668e-05 -2.5332781198546624e-20
1.1950002452288217e-05 -1.1817997830184514e-20
1.1979802957156767e-05 -1.7462598132713208e-20
1.2009603462025315e-05 -2.839787132604661e-20
1.2039403966893864e-05 -3.0382558675113176e-20
1.2069204471762414e-05 -1.615493924385676e-20
1.2099004976630962e-05 -1.160629881838832e-20
1.2128805481499513e-05 -3.0742263071692213e-20
1.215860598636806e-05 -3.249911169371657e-20
1.218840649123661e-05 -1.1686309017726978e-20
1.221820699610516e-05 -1.619401303878287e-20
1.2248007500973708e-05 -3.0531549180592356e-20
1.2277808005842259e-05 -2.9381384522280884e-20
1.2307608510710807e-05 -1.9824639024899702e-20
1.2337409015579356e-05 -1.1299744982461158e-20
1.2367209520447906e-05 -2.910014753222122e-20
1.2397010025316455e-05 -3.708136252646625e-20
1.2426810530185003e-05 -1.5734671037457127e-20
1.2456611035053553e-05 -1.6397109452435943e-20
1.2486411539922102e-05 -2.9555923782202344e-20
1.251621204479065e-05 -3.2177985840960604e-20
1.2546012549659201e-05 -2.458595897055601e-20
1.2575813054527749e-05 -1.1954296210561365e-20
1.2605613559396299e-05 -2.5139806299082263e-20
1.2635414064264848e-05 -3.900781785501024e-20
1.2665214569133396e-05 -2.2465936034498712e-20
1.2695015074001947e-05 -1.4503941844046402e-20
1.2724815578870495e-05 -2.795772817435651e-20
1.2754616083739045e-05 -3.541573886331976e-20
1.2784416588607594e-05 -2.869441769033047e-20
1.2814217093476142e-05 -1.6839022430061934e-20
1.2844017598344691e-05 -2.0952491575397698e-20
1.2873818103213241e-05 -3.996525016015368e-20
1.290361860808179e-05 -2.9391575952519885e-20
1.293341911295034e-05 -1.2669607015143818e-20
1.296321961781889e-05 -2.649382437895736e-20
1.2993020122687437e-05 -3.4589758380131575e-20
1.3022820627555987e-05 -3.2546671703378923e-20
1.3052621132424536e-05 -2.1350110017404763e-20
1.3082421637293084e-05 -1.8873925006784177e-20
1.3112222142161636e-05 -4.041656719861639e-20
1.3142022647030183e-05 -3.650651886125275e-20
1.3171823151898731e-05 -1.7682472793324936e-20
1.3201623656767282e-05 -2.5433301267440445e-20
1.323142416163583e-05 -3.7314001131842445e-20
1.3261224666504382e-05 -3.4874760451904505e-20
1.329102517137293e-05 -2.4709420026196364e-20
1.3320825676241479e-05 -1.7859590670912828e-20
1.3350626181110028e-05 -3.443317805145457e-20
1.3380426685978576e-05 -4.4766702250008655e-20
1.3410227190847126e-05 -2.0953675906353988e-20
1.3440027695715675e-05 -1.911364886160854e-20
1.3469828200584225e-05 -3.9179643234999826e-20
1.3499628705452773e-05 -3.8664789312951316e-20
1.3529429210321324e-05 -2.961171732615085e-20
1.3559229715189872e-05 -2.0126832154741073e-20
1.358903022005842e-05 -3.291279989728625e-20
1.3618830724926971e-05 -4.6799213702304784e-20
1.3648631229795519e-05 -2.54911166266383e-20
1.367843173466407e-05 -1.8396090543579023e-20
1.3708232239532618e-05 -3.5987143628740585e-20
1.3738032744401166e-05 -4.0511512741012583e-20
1.3767833249269717e-05 -3.229993965855001e-20
1.3797633754138265e-05 -2.3035488635865145e-20
1.3827434259006814e-05 -2.879240458525853e-20
1.3857234763875364e-05 -4.5971500258606804e-20
1.3887035268743913e-05 -3.525670099035688e-20
1.3916835773612461e-05 -1.7897810869702064e-20
1.394663627848101e-05 -3.300495731235727e-20
1.397643678334956e-05 -4.33219567557268e-20
1.400623728821811e-05 -3.4264459930079304e-20
1.403603779308666e-05 -2.336417311369108e-20
1.4065838297955207e-05 -2.4525589118271235e-20
1.4095638802823758e-05 -4.363045903290085e-20
1.4125439307692306e-05 -3.789923293167834e-20
1.4155239812560854e-05 -1.7664330625503402e-20
1.4185040317429405e-05 -3.0161944466782816e-20
1.4214840822297953e-05 -4.122047018210764e-20
1.4244641327166503e-05 -3.4254842729558857e-20
1.4274441832035052e-05 -2.6252274068452214e-20
1.43042423369036e-05 -2.2310820873716957e-20
1.4334042841772151e-05 -3.8253937966210684e-20
1.4363843346640699e-05 -4.1595124699459017e-20
1.4393643851509249e-05 -1.895545540655346e-20
1.4423444356377798e-05 -2.1237684465598313e-20
1.4453244861246348e-05 -3.8429236510705517e-20
1.4483045366114895e-05 -3.4136379343168924e-20
1.4512845870983445e-05 -2.4003130047029124e-20
1.4542646375851995e-05 -1.9618021914149895e-20
1.4572446880720542e-05 -2.886254298995151e-20
1.4602247385589094e-05 -4.217256427384809e-20
1.4632047890457641e-05 -2.2446923967640348e-20
1.4661848395326193e-05 -1.2904974581250327e-20
1.469164890019474e-05 -3.398883761361565e-20
1.4721449405063288e-05 -3.312138541237686e-20
1.475124990993184e-05 -2.279612625312536e-20
1.4781050414800387e-05 -1.4715142823623295e-20
1.4810850919668937e-05 -2.088668987782167e-20
1.4840651424537486e-05 -3.7783124775193596e-20
1.4870451929406036e-05 -2.0993908064346286e-20
1.4900252434274584e-05 -8.509988742767428e-21
1.4930052939143133e-05 -2.61572799443865e-20
1.4959853444011683e-05 -3.213635035071973e-20
1.4989653948880232e-05 -2.0325583853367333e-20
1.5019454453748782e-05 -1.0996840997493053e-20
1.504925495861733e-05 -1.652490184298383e-20
1.507905546348588e-05 -3.0244343831176465e-20
1.5108855968354429e-05 -2.2876919321702326e-20
1.5138656473222977e-05 -2.999573399036008e-21
1.5168456978091528e-05 -1.5418693818044094e-20
1.5198257482960076e-05 -2.875636440546185e-20
1.5228057987828624e-05 -1.5435824917845168e-20
1.5257858492697175e-05 -8.28736034657323e-21
1.5287658997565726e-05 -9.522998908442321e-21
1.531745950243427e-05 -2.2062379226702104e-20
1.5347260007302822e-05 -2.2943930533314815e-20
1.5377060512171373e-05 -9.54561161845894e-22
1.540686101703992e-05 -5.0378771154044836e-21
1.543666152190847e-05 -2.134843768658374e-20
1.546646202677702e-05 -1.4725735517465688e-20
1.5496262531645568e-05 -3.796763193708675e-21
1.5526063036514116e-05 -1.6636074739352176e-21
1.5555863541382667e-05 -1.147566419435207e-20
1.5585664046251215e-05 -1.9177898941421744e-20
1.5615464551119766e-05 -2.006794050616817e-22
1.5645265055988314e-05 4.89276446890378e-21
1.567506556085686e-05 -1.544537632598978e-20
1.5704866065725413e-05 -1.0859248709988659e-20
1.573466657059396e-05 6.129453745596952e-22
1.576446707546251e-05 2.655438417737255e-21
1.579426758033106e-05 -1.3342757165667005e-21
1.582406808519961e-05 -1.3768751682176465e-20
1.585386859006816e-05 3.457729183489616e-22
1.5883669094936707e-05 1.4711345508176276e-20
1.5913469599805258e-05 -4.269476294943828e-21
1.5943270104673806e-05 -7.449195687366117e-21
1.5973070609542354e-05 6.244298811027203e-21
1.6002871114410905e-05 8.120732025758606e-21
1.6032671619279453e-05 4.925285135939864e-21
1.6062472124148e-05 -4.967038731767933e-21
1.609227262901655e-05 8.956186725751209e-22
1.6122073133885103e-05 1.993069760913868e-20
1.6151873638753647e-05 8.095333786687117e-21
1.61816741436222e-05 -4.3072141219411026e-21
1.621147464849075e-05 1.0163734073317479e-20
1.6241275153359294e-05 1.7207808476087853e-20
1.6271075658227845e-05 1.357439848988019e-20
1.6300876163096397e-05 3.8603058228473e-21
1.6330676667964945e-05 4.056499876911193e-21
1.6360477172833492e-05 2.4026470129303795e-20
1.6390277677702044e-05 1.7755706382417406e-20
1.642007818257059e-05 1.2910250998712891e-21
1.644987868743914e-05 1.3117258450821913e-20
1.647967919230769e-05 2.143378390091384e-20
1.6509479697176242e-05 2.0137468835659433e-20
1.653928020204479e-05 1.4018855836715535e-20
1.6569080706913337e-05 7.715082912820207e-21
1.659888121178189e-05 2.53190380031736e-20
1.6628681716650436e-05 3.082280427412946e-20
1.6658482221518984e-05 9.408679995664756e-21
1.6688282726387536e-05 1.5198355772218398e-20
1.6718083231256083e-05 3.011247327942678e-20
1.6747883736124635e-05 2.503222911221953e-20
1.6777684240993182e-05 2.1132336634838984e-20
1.680748474586173e-05 1.5370792825714545e-20
1.683728525073028e-05 2.4943322248100303e-20
1.686708575559883e-05 3.7070232955829374e-20
1.6896886260467377e-05 1.9635150294685735e-20
1.692668676533593e-05 1.8160389202525e-20
1.695648727020448e-05 3.438278365464208e-20
1.6986287775073024e-05 3.377694291093095e-20
1.7016088279941575e-05 2.923741521906508e-20
1.7045888784810127e-05 2.281995558751831e-20
1.707568928967867e-05 2.750122792873487e-20
1.7105489794547222e-05 4.2123680460641594e-20
1.7135290299415773e-05 3.044422471152249e-20
1.7165090804284325e-05 1.987509866138489e-20
1.719489130915287e-05 3.574716091688535e-20
1.722469181402142e-05 4.05996688449742e-20
1.725449231888997e-05 3.5015563158287734e-20
1.7284292823758516e-05 2.988044839246935e-20
1.7314093328627067e-05 2.898864410226395e-20
1.734389383349562e-05 4.645377763334938e-20
1.7373694338364163e-05 4.325869420167832e-20
1.7403494843232714e-05 2.533661894686882e-20
1.7433295348101265e-05 3.7465985359125104e-20
1.7463095852969813e-05 4.688440790062731e-20
1.749289635783836e-05 4.0691478859139403e-20
1.7522696862706912e-05 3.7195882887166836e-20
1.755249736757546e-05 3.4207661065153856e-20
1.7582297872444008e-05 4.659079119288638e-20
1.761209837731256e-05 5.212972092100798e-20
1.7641898882181107e-05 3.420719311270894e-20
1.7671699387049658e-05 3.979740977411626e-20
1.7701499891918206e-05 5.3849695013517364e-20
1.7731300396786754e-05 4.8280575640085746e-20
1.7761100901655305e-05 4.561296119610933e-20
1.7790901406523853e-05 4.1400403122328165e-20
1.7820701911392404e-05 4.830468109767819e-20
1.7850502416260952e-05 6.039903495363649e-20
1.7880302921129503e-05 4.4538136722219437e-20
1.791010342599805e-05 3.9636277062309565e-20
1.79399039308666e-05 5.797641702293951e-20
1.796970443573515e-05 5.739860665206587e-20
1.7999504940603698e-05 4.8476965678767086e-20
1.8029305445472246e-05 4.9099932051884896e-20
1.8059105950340797e-05 5.3236299314293717e-20
1.808890645520935e-05 6.321898957265441e-20
1.8118706960077893e-05 5.728824368863678e-20
1.8148507464946444e-05 4.563225813680924e-20
1.8178307969814995e-05 6.150462245284796e-20
1.820810847468354e-05 6.58645197338313e-20
1.823790897955209e-05 5.680946242567874e-20
1.8267709484420642e-05 5.66057951958473e-20
1.829750998928919e-05 5.552994819669374e-20
1.8327310494157738e-05 6.80758897954525e-20
1.835711099902629e-05 6.643605576142529e-20
1.8386911503894837e-05 5.239584523583622e-20
1.8416712008763385e-05 6.539886055925469e-20
1.8446512513631936e-05 7.179212288675214e-20
1.8476313018500487e-05 6.414884646040925e-20
1.850611352336903e-05 6.424311880395264e-20
1.8535914028237583e-05 6.297804511970048e-20
1.8565714533106134e-05 7.083469869473575e-20
1.8595515037974682e-05 7.522632129362542e-20
1.862531554284323e-05 6.022802698748764e-20
1.865511604771178e-05 6.507752079388181e-20
1.868491655258033e-05 7.845919601918706e-20
1.8714717057448877e-05 7.23121493875295e-20
1.8744517562317428e-05 6.865306124710398e-20
1.8774318067185976e-05 6.788695858161846e-20
1.8804118572054527e-05 7.510754258845875e-20
1.8833919076923075e-05 8.385980772884897e-20
1.8863719581791623e-05 7.011785291388972e-20
1.8893520086660174e-05 6.730890835760013e-20
1.8923320591528722e-05 8.188625987551626e-20
1.895312109639727e-05 7.92232553029931e-20
1.898292160126582e-05 7.271996240265433e-20
1.9012722106134372e-05 7.318581346058669e-20
1.9042522611002917e-05 7.645424826739052e-20
1.9072323115871468e-05 8.560354973441649e-20
1.910212362074002e-05 7.933132379502288e-20
1.9131924125608567e-05 6.762695876995685e-20
1.9161724630477115e-05 8.291809249480912e-20
1.9191525135345666e-05 8.702774180103093e-20
1.9221325640214217e-05 7.648929401840812e-20
1.925112614508276e-05 7.997400131600731e-20
1.9280926649951313e-05 7.712090272121057e-20
1.9310727154819864e-05 8.498498714580347e-20
1.934052765968841e-05 8.757914921379842e-20
1.937032816455696e-05 7.026169335142154e-20
1.940012866942551e-05 8.110479310231164e-20
1.942992917429406e-05 9.039659990869161e-20
1.9459729679162607e-05 8.013841259754865e-20
1.9489530184031158e-05 8.096901921332397e-20
1.9519330688899706e-05 7.94634083939346e-20
1.9549131193768254e-05 8.432034696524292e-20
1.9578931698636805e-05 9.094675762475795e-20
1.9608732203505353e-05 7.691329750615464e-20
1.9638532708373904e-05 7.80626101440145e-20
1.966833321324245e-05 9.088872985717975e-20
1.9698133718111e-05 8.458765218828957e-20
1.972793422297955e-05 8.134290103874067e-20
1.97577347278481e-05 7.951920588215983e-20
1.9787535232716646e-05 8.163375993819615e-20
1.9817335737585198e-05 9.317074338489944e-20
1.9847136242453745e-05 8.131047145097436e-20
1.9876936747322297e-05 7.464442214922233e-20
1.9906737252190845e-05 8.984865557029096e-20
1.9936537757059396e-05 8.658582334662847e-20
1.9966338261927944e-05 8.17561816083105e-20
1.999613876679649e-05 8.176392363903049e-20
2.0025939271665043e-05 7.872682086156562e-20
2.005573977653359e-05 9.100300379701681e-20
2.008554028140214e-05 8.577804549047099e-20
2.011534078627069e-05 7.127133073433485e-20
2.014514129113924e-05 8.637661019303388e-20
2.0174941796007785e-05 8.967963729621361e-20
2.0204742300876336e-05 7.928614924884678e-20
2.0234542805744888e-05 8.156522081867752e-20
2.0264343310613432e-05 8.055654317888061e-20
2.0294143815481983e-05 8.697300244705476e-20
2.0323944320350535e-05 8.831762650292893e-20
2.0353744825219082e-05 7.231440806791632e-20
2.038354533008763e-05 7.972274461584431e-20
2.041334583495618e-05 9.067418674427497e-20
2.044314633982473e-05 7.990667093851796e-20
2.0472946844693277e-05 7.828196584684324e-20
2.050274734956183e-05 7.841157801701026e-20
2.053254785443038e-05 8.073643571208564e-20
2.0562348359298927e-05 8.907235031422318e-20
2.0592148864167475e-05 7.423031462339296e-20
2.0621949369036027e-05 7.368228447691468e-20
2.0651749873904574e-05 9.095662659827522e-20
2.0681550378773122e-05 7.97288550989972e-20
2.0711350883641673e-05 7.599730998385242e-20
2.074115138851022e-05 7.972077960532875e-20
2.0770951893378773e-05 7.628465235741852e-20
2.080075239824732e-05 8.705986429218558e-20
2.0830552903115868e-05 7.701786945873236e-20
2.086035340798442e-05 6.755144879306378e-20
2.0890153912852967e-05 8.583537373066106e-20
2.0919954417721515e-05 8.049386443414918e-20
2.0949754922590066e-05 7.299256366384191e-20
2.0979555427458614e-05 7.842737975947568e-20
2.1009355932327162e-05 7.461910114959547e-20
2.1039156437195713e-05 8.336036541502817e-20
2.1068956942064264e-05 8.087818240339618e-20
2.109875744693281e-05 6.524936008629503e-20
2.112855795180136e-05 7.846111631054114e-20
2.115835845666991e-05 8.371776156612611e-20
2.118815896153846e-05 7.130722811927103e-20
2.1217959466407007e-05 7.282792872428289e-20
2.1247759971275558e-05 7.087697313031827e-20
2.127756047614411e-05 7.710633750776739e-20
2.1307360981012654e-05 8.1451248846361e-20
2.1337161485881205e-05 6.368634005660453e-20
2.1366961990749756e-05 7.029798770806619e-20
2.13967624956183e-05 8.339526879074618e-20
2.1426563000486852e-05 7.141222255006114e-20
2.1456363505355403e-05 6.941262932101335e-20
2.148616401022395e-05 7.151885993378908e-20
2.15159645150925e-05 7.169528186729624e-20
2.154576501996105e-05 7.776098362050765e-20
2.1575565524829598e-05 6.669064020488144e-20
2.1605366029698146e-05 6.312943970679798e-20
2.1635166534566697e-05 7.924771069538419e-20
2.1664967039435245e-05 7.26327085949976e-20
2.1694767544303796e-05 6.394456727191776e-20
2.1724568049172344e-05 6.984532391421855e-20
2.1754368554040892e-05 6.873400715865252e-20
2.1784169058909443e-05 7.60657815447475e-20
2.181396956377799e-05 7.014110127877503e-20
2.1843770068646542e-05 5.654186250117876e-20
2.187357057351509e-05 7.534940659860135e-20
2.190337107838364e-05 7.523983074726256e-20
2.193317158325219e-05 5.922457298643767e-20
2.1962972088120737e-05 6.586148143357454e-20
2.1992772592989288e-05 6.521839454749715e-20
2.2022573097857836e-05 7.110180963676527e-20
2.2052373602726384e-05 7.247878164838341e-20
2.2082174107594935e-05 5.435054066835126e-20
2.2111974612463486e-05 6.624474375337584e-20
2.214177511733203e-05 7.612369674435869e-20
2.2171575622200582e-05 6.056287437900842e-20
2.2201376127069133e-05 6.169334604777406e-20
2.2231176631937678e-05 6.312336285671851e-20
2.226097713680623e-05 6.598217348755847e-20
2.229077764167478e-05 7.03972782475659e-20
2.2320578146543325e-05 5.422887860388108e-20
2.2350378651411876e-05 5.85714188524174e-20
2.2380179156280427e-05 7.25195772873847e-20
2.2409979661148975e-05 6.105025833625694e-20
2.2439780166017523e-05 5.637837297843783e-20
2.2469580670886074e-05 6.067748168380226e-20
2.2499381175754625e-05 6.188518150931419e-20
2.252918168062317e-05 6.640112859809326e-20
2.255898218549172e-05 5.695677057107232e-20
2.2588782690360272e-05 5.10942180835451e-20
2.261858319522882e-05 6.853061375106934e-20
2.2648383700097368e-05 6.274643215172663e-20
2.267818420496592e-05 5.112627321873632e-20
2.2707984709834467e-05 5.860883388915524e-20
2.2737785214703015e-05 5.769683477541406e-20
2.2767585719571566e-05 6.262437554985549e-20
2.2797386224440114e-05 5.764489135145897e-20
2.2827186729308665e-05 4.5349709558409544e-20
2.2856987234177213e-05 6.188488505750627e-20
2.288678773904576e-05 6.508359829767628e-20
2.2916588243914312e-05 4.783134211338844e-20
2.294638874878286e-05 5.2408206873589784e-20
2.2976189253651408e-05 5.571393693317892e-20
2.300598975851996e-05 5.58731807153336e-20
2.303579026338851e-05 5.716903831813864e-20
2.3065590768257054e-05 4.1210708994515094e-20
2.3095391273125606e-05 5.164695630594435e-20
2.3125191777994157e-05 6.476075497626428e-20
2.3154992282862705e-05 4.426542296231226e-20
2.3184792787731253e-05 4.437662682538666e-20
2.3214593292599804e-05 5.153559791398299e-20
2.3244393797468355e-05 5.14910608142374e-20
2.32741943023369e-05 5.508116679924741e-20
2.330399480720545e-05 3.980297780685247e-20
2.3333795312074002e-05 4.2033011374438413e-20
2.3363595816942546e-05 5.948068888161248e-20
2.3393396321811098e-05 4.3692246980715736e-20
2.342319682667965e-05 3.575673796244198e-20
2.3452997331548197e-05 4.7423086020440985e-20
2.3482797836416745e-05 4.668539635467091e-20
2.3512598341285296e-05 4.7588865965903915e-20
2.3542398846153844e-05 3.90035227857115e-20
2.357219935102239e-05 3.3336486957483785e-20
2.3601999855890943e-05 5.2957810667252555e-20
2.363180036075949e-05 4.626668854642918e-20
2.366160086562804e-05 2.91758493170189e-20
2.369140137049659e-05 4.094532335614408e-20
2.3721201875365137e-05 4.2096187246099597e-20
2.375100238023369e-05 4.0603022662575116e-20
2.3780802885102236e-05 3.8514017478995766e-20
2.3810603389970784e-05 2.6437974167830293e-20
2.3840403894839336e-05 4.0999798512506616e-20
2.3870204399707883e-05 4.5728013261387987e-20
2.3900004904576435e-05 2.6169631122552056e-20
2.3929805409444982e-05 3.0944689659323847e-20
2.3959605914313534e-05 3.801686992989584e-20
2.398940641918208e-05 3.521601130236495e-20
2.401920692405063e-05 3.4244175188000397e-20
2.404900742891918e-05 2.28642375571699e-20
2.407880793378773e-05 2.9816894438626775e-20
2.4108608438656276e-05 4.305221378837667e-20
2.4138408943524827e-05 2.411301938928411e-20
2.416820944839338e-05 2.100696680824557e-20
2.4198009953261923e-05 3.346201695382315e-20
2.4227810458130474e-05 2.999714250902269e-20
2.4257610962999026e-05 2.9987507687729566e-20
2.428741146786757e-05 2.087981776283725e-20
2.431721197273612e-05 2.2864310673323172e-20
2.4347012477604673e-05 3.929287163334379e-20
2.437681298247322e-05 2.4032416791929034e-20
2.4406613487341768e-05 1.4312240368844154e-20
2.443641399221032e-05 2.6971604761749932e-20
2.4466214497078867e-05 2.658822259103806e-20
2.4496015001947415e-05 2.5244531571369628e-20
2.4525815506815966e-05 1.9619957222432262e-20
2.4555616011684518e-05 1.416312654416102e-20
2.4585416516553065e-05 3.051847792346647e-20
2.4615217021421613e-05 2.5612705918270222e-20
2.4645017526290164e-05 9.160184185099663e-21
2.4674818031158712e-05 2.170368268234355e-20
2.470461853602726e-05 2.4109140398750308e-20
2.473441904089581e-05 2.0829792855106592e-20
2.476421954576436e-05 1.965289278894031e-20
2.479402005063291e-05 1.0329748447658362e-20
2.4823820555501458e-05 2.4330111534626242e-20
2.4853621060370006e-05 2.6565336280599665e-20
2.4883421565238557e-05 5.432607044262342e-21
2.4913222070107105e-05 1.3424599739926442e-20
2.4943022574975653e-05 2.3134011218063522e-20
2.4972823079844204e-05 1.6414884586792496e-20
2.5002623584712752e-05 1.5598961395297675e-20
2.50324240895813e-05 9.184645340528325e-21
2.506222459444985e-05 1.5121566512152906e-20
2.5092025099318402e-05 2.5404471204695227e-20
2.5121825604186947e-05 7.17428640735159e-21
2.5151626109055498e-05 6.1908187590856624e-21
2.518142661392405e-05 2.0046802416896092e-20
2.5211227118792597e-05 1.259080728071448e-20
2.5241027623661145e-05 1.1856320903703092e-20
2.5270828128529696e-05 6.900211413932224e-21
2.5300628633398247e-05 5.4748147405656206e-21
2.5330429138266792e-05 2.15884488032118e-20
2.5360229643135343e-05 8.208477160027768e-21
2.5390030148003894e-05 -8.525806841704621e-22
2.541983065287244e-05 1.5920913116893048e-20
2.544963115774099e-05 1.1453971072074145e-20
2.547943166260954e-05 7.334645751253638e-21
2.550923216747809e-05 6.544026227515715e-21
2.5539032672346637e-05 -2.772230888832732e-22
2.5568833177215188e-05 1.4212214165343076e-20
2.5598633682083736e-05 1.033975514666566e-20
2.5628434186952284e-05 -8.871659054831494e-21
2.5658234691820835e-05 6.927287154686597e-21
2.5688035196689383e-05 1.1387974043183966e-20
2.5717835701557934e-05 8.522754192803664e-22
2.5747636206426482e-05 2.5579202411045396e-21
2.577743671129503e-05 -4.4337877287762154e-21
2.580723721616358e-05 6.1634298730717645e-21
2.583703772103213e-05 1.1997528568584035e-20
2.586683822590068e-05 -1.0027031313573264e-20
2.5896638730769228e-05 -3.392276786683335e-21
2.592643923563778e-05 8.34560347828152e-21
2.5956239740506327e-05 -2.0777919560047662e-21
2.5986040245374875e-05 -3.73697842554893e-21
2.6015840750243426e-05 -6.860118691652604e-21
2.6045641255111974e-05 -2.604547162635011e-21
2.6075441759980522e-05 6.115353775007855e-21
2.6105242264849073e-05 -1.1001994573796174e-20
2.613504276971762e-05 -1.3353977234686142e-20
2.616484327458617e-05 2.848326430696946e-21
2.619464377945472e-05 -3.324142956800686e-21
2.622444428432327e-05 -9.227931638965597e-21
2.6254244789191816e-05 -1.0453838175561894e-20
2.6284045294060367e-05 -1.0591805034394872e-20
2.6313845798928918e-05 1.4790062508542927e-21
2.6343646303797462e-05 -1.0772378624738418e-20
2.6373446808666014e-05 -2.3218379366443146e-20
2.6403247313534565e-05 -4.4349175835484745e-21
2.6433047818403113e-05 -7.323127254881236e-21
2.646284832327166e-05 -1.632434588526059e-20
2.6492648828140212e-05 -1.2718981930265379e-20
2.6522449333008763e-05 -1.8053895444888552e-20
2.6552249837877308e-05 -8.049555375832239e-21
2.658205034274586e-05 -9.180896903976784e-21
2.661185084761441e-05 -2.725032555134056e-20
2.6641651352482958e-05 -1.4902754198049977e-20
2.6671451857351506e-05 -1.0235055206569113e-20
2.6701252362220057e-05 -2.104824664035958e-20
2.6731052867088605e-05 -1.9041265156322162e-20
2.6760853371957153e-05 -2.4869917110106225e-20
2.6790653876825704e-05 -1.8521135388088818e-20
2.682045438169425e-05 -1.2853480848675799e-20
2.6850254886562803e-05 -3.2315641171651426e-20
2.688005539143135e-05 -2.5143110174453482e-20
2.69098558962999e-05 -1.392252143634061e-20
2.693965640116845e-05 -2.608364409525399e-20
2.6969456906036998e-05 -2.5329368548290514e-20
2.6999257410905545e-05 -2.972199954260674e-20
2.7029057915774097e-05 -2.894387159586409e-20
2.7058858420642648e-05 -1.8698990057872097e-20
2.7088658925511192e-05 -3.540554609767145e-20
2.7118459430379744e-05 -3.912932236519117e-20
2.7148259935248295e-05 -2.2017608072732096e-20
2.717806044011684e-05 -2.9497584233860755e-20
2.720786094498539e-05 -3.6239493176472154e-20
2.7237661449853942e-05 -3.459732810179678e-20
2.7267461954722493e-05 -3.658225193704975e-20
2.7297262459591037e-05 -2.727892340225748e-20
2.732706296445959e-05 -3.709019487756629e-20
2.735686346932814e-05 -4.8824008595296626e-20
2.7386663974196684e-05 -3.223754934706607e-20
2.7416464479065236e-05 -3.4834145034406813e-20
2.7446264983933787e-05 -4.582570890840261e-20
2.747606548880233e-05 -4.306153370273383e-20
2.7505865993670882e-05 -4.5299186229109264e-20
2.7535666498539434e-05 -3.8196281503675195e-20
2.756546700340798e-05 -4.006987944936962e-20
2.759526750827653e-05 -5.606625398540789e-20
2.762506801314508e-05 -4.434198467409042e-20
2.765486851801363e-05 -3.8844745840117536e-20
2.7684669022882176e-05 -5.342419562287948e-20
2.7714469527750727e-05 -4.967523471930955e-20
2.7744270032619275e-05 -5.1496551600363544e-20
2.7774070537487827e-05 -5.1220112934741445e-20
2.7803871042356374e-05 -4.3891375063885123e-20
2.7833671547224922e-05 -6.17544423904402e-20
2.7863472052093473e-05 -5.846276981050502e-20
2.789327255696202e-05 -4.2746981205193205e-20
2.7923073061830573e-05 -5.899126658945828e-20
2.795287356669912e-05 -6.036283749636803e-20
2.798267407156767e-05 -5.556183095622213e-20
2.801247457643622e-05 -6.133941666018583e-20
2.8042275081304767e-05 -5.278714133787801e-20
2.807207558617332e-05 -6.220784086725834e-20
2.8101876091041866e-05 -6.967210951301902e-20
2.8131676595910414e-05 -5.341936611629927e-20
2.8161477100778965e-05 -6.139712082823016e-20
2.8191277605647517e-05 -6.923039156407859e-20
2.822107811051606e-05 -6.374941411352897e-20
2.8250878615384612e-05 -6.835776270345149e-20
2.8280679120253164e-05 -5.936886753801312e-20
2.8310479625121708e-05 -6.410036766647047e-20
2.834028012999026e-05 -8.046706360466542e-20
2.837008063485881e-05 -6.253437273886668e-20
2.8399881139727358e-05 -6.180531686705667e-20
2.8429681644595906e-05 -7.679854879621824e-20
2.8459482149464457e-05 -6.944819687271841e-20
2.8489282654333005e-05 -7.315855182589904e-20
2.8519083159201553e-05 -7.069452639270568e-20
2.8548883664070104e-05 -6.781581424312512e-20
2.8578684168938655e-05 -8.471564876726756e-20
2.86084846738072e-05 -7.524355907661758e-20
2.863828517867575e-05 -6.562142815272933e-20
2.8668085683544302e-05 -8.063843304257487e-20
2.869788618841285e-05 -7.913268883735833e-20
2.8727686693281398e-05 -7.67379703145562e-20
2.875748719814995e-05 -7.869046528730982e-20
2.8787287703018497e-05 -7.345314157312131e-20
2.8817088207887045e-05 -8.491020429724524e-20
2.8846888712755596e-05 -8.534363625162331e-20
2.8876689217624144e-05 -7.052699071661302e-20
2.8906489722492695e-05 -8.307922034923487e-20
2.8936290227361243e-05 -8.909720856327767e-20
2.896609073222979e-05 -8.055922424443284e-20
2.8995891237098342e-05 -8.483784085084947e-20
2.902569174196689e-05 -7.90715381512181e-20
2.9055492246835438e-05 -8.60653260434513e-20
2.908529275170399e-05 -9.606098301626715e-20
2.911509325657254e-05 -7.700108886201183e-20
2.9144893761441085e-05 -8.416952074730537e-20
2.9174694266309636e-05 -9.660075779935007e-20
2.9204494771178187e-05 -8.620447697068424e-20
2.9234295276046735e-05 -9.193860781799786e-20
2.9264095780915283e-05 -8.85442692484878e-20
2.9293896285783834e-05 -8.763191008648929e-20
2.9323696790652385e-05 -1.0290567721563787e-19
2.935349729552093e-05 -8.950355405422994e-20
2.938329780038948e-05 -8.659979070073973e-20
2.9413098305258032e-05 -1.0211515082223845e-19
2.9442898810126577e-05 -9.277404184689215e-20
2.9472699314995128e-05 -9.409273249928036e-20
2.950249981986368e-05 -9.728062355720298e-20
2.9532300324732227e-05 -9.170226853075973e-20
2.9562100829600775e-05 -1.048318293986169e-19
2.9591901334469326e-05 -9.950451267985596e-20
2.9621701839337874e-05 -9.002329592042219e-20
2.9651502344206422e-05 -1.047559146553902e-19
2.9681302849074973e-05 -1.0406740715939262e-19
2.971110335394352e-05 -1.0028430166968613e-19
2.9740903858812072e-05 -1.0369779402745028e-19
2.977070436368062e-05 -9.75249817730306e-20
2.9800504868549168e-05 -1.0649348635528981e-19
2.983030537341772e-05 -1.1086527465214862e-19
2.9860105878286267e-05 -9.459832504620464e-20
2.9889906383154818e-05 -1.0348056777248518e-19
2.9919706888023366e-05 -1.1323222457216036e-19
2.9949507392891914e-05 -1.0431913042909183e-19
2.9979307897760465e-05 -1.0754950369898556e-19
3.0009108402629013e-05 -1.05379781022179e-19
3.0038908907497564e-05 -1.0907040339810642e-19
3.0068709412366112e-05 -1.1896412306455128e-19
3.009850991723466e-05 -1.0297272708533744e-19
3.012831042210321e-05 -1.0579062708970415e-19
3.015811092697176e-05 -1.2120950146551688e-19
3.0187911431840307e-05 -1.0835829357374562e-19
3.0217711936708858e-05 -1.105137152192566e-19
3.024751244157741e-05 -1.130564434989314e-19
3.0277312946445953e-05 -1.0844238247023597e-19
3.0307113451314505e-05 -1.229830175689493e-19
3.0336913956183056e-05 -1.1117617769964341e-19
3.03667144610516e-05 -1.0610305019199374e-19
3.039651496592015e-05 -1.2532720764229033e-19
3.0426315470788703e-05 -1.1518892043812187e-19
3.0456115975657247e-05 -1.1393050770334378e-19
3.0485916480525802e-05 -1.1825122603165214e-19
3.051571698539435e-05 -1.103367720455593e-19
3.0545517490262894e-05 -1.239307756996078e-19
3.057531799513145e-05 -1.202876406436772e-19
3.06051185e-05 -1.0726130913469515e-19
3.063491900486854e-05 -1.2324935849606114e-19
3.06647195097371e-05 -1.2210959020960215e-19
3.0694520014605644e-05 -1.1340728359261295e-19
3.072432051947419e-05 -1.210206750946497e-19
3.0754121024342746e-05 -1.1663753477924483e-19
3.078392152921129e-05 -1.2102623496836144e-19
3.081372203407984e-05 -1.2723169447667862e-19
3.084352253894839e-05 -1.118367893574657e-19
3.087332304381694e-05 -1.186068253156326e-19
3.090312354868549e-05 -1.2866932044848741e-19
3.093292405355404e-05 -1.1608631845065244e-19
3.0962724558422584e-05 -1.195980402977607e-19
3.0992525063291136e-05 -1.1963276620028638e-19
3.102232556815969e-05 -1.1893311705152759e-19
3.105212607302823e-05 -1.292333369717562e-19
3.108192657789678e-05 -1.151894727137843e-19
3.1111727082765334e-05 -1.1520371912329042e-19
3.114152758763388e-05 -1.304229245472225e-19
3.117132809250243e-05 -1.1984676122205858e-19
3.120112859737098e-05 -1.1967518183739171e-19
3.123092910223953e-05 -1.2072483924347906e-19
3.1260729607108076e-05 -1.156316174524951e-19
3.129053011197663e-05 -1.2859721353651892e-19
3.132033061684518e-05 -1.2029202889943494e-19
3.135013112171372e-05 -1.105118122313607e-19
3.1379931626582274e-05 -1.2724280519399937e-19
3.1409732131450826e-05 -1.2327015267340024e-19
3.143953263631937e-05 -1.1622800539769982e-19
3.146933314118792e-05 -1.2181829238321883e-19
3.149913364605647e-05 -1.169590376390442e-19
3.152893415092502e-05 -1.245342740126819e-19
3.155873465579357e-05 -1.2480020689316367e-19
3.158853516066212e-05 -1.0942992947074767e-19
3.161833566553067e-05 -1.2025562375729093e-19
3.164813617039922e-05 -1.2579509363112797e-19
3.1677936675267766e-05 -1.14433382499877e-19
3.170773718013632e-05 -1.1776715334832157e-19
3.173753768500487e-05 -1.1669847542007395e-19
3.176733818987341e-05 -1.1914064565863773e-19
3.1797138694741964e-05 -1.2318901975784894e-19
3.1826939199610516e-05 -1.0943898943735213e-19
3.185673970447906e-05 -1.157496258268734e-19
3.188654020934761e-05 -1.243212666316584e-19
3.191634071421616e-05 -1.1187612899161556e-19
3.194614121908471e-05 -1.1533826609874172e-19
3.197594172395326e-05 -1.1556681170097689e-19
3.200574222882181e-05 -1.1174520804661612e-19
3.2035542733690354e-05 -1.2163636883841807e-19
3.2065343238558905e-05 -1.1059237129761628e-19
3.2095143743427456e-05 -1.0551562197528568e-19
3.2124944248296e-05 -1.194341040574594e-19
3.215474475316456e-05 -1.128937109583519e-19
3.21845452580331e-05 -1.0897994871890882e-19
3.221434576290165e-05 -1.1163544312418053e-19
3.2244146267770206e-05 -1.0728519001235587e-19
3.227394677263875e-05 -1.1563089964340715e-19
3.2303747277507295e-05 -1.1152329103977702e-19
3.233354778237585e-05 -9.905802706219765e-20
3.23633482872444e-05 -1.1259641816628784e-19
3.239314879211294e-05 -1.1197618251539174e-19
3.24229492969815e-05 -1.0036370812744715e-19
3.2452749801850044e-05 -1.0680340732522214e-19
3.248255030671859e-05 -1.0309086125479382e-19
3.2512350811587146e-05 -1.0631819236768486e-19
3.254215131645569e-05 -1.0945770308636114e-19
3.257195182132424e-05 -9.295850670834491e-20
3.260175232619279e-05 -1.0335724597757285e-19
3.263155283106134e-05 -1.0920677664552858e-19
3.266135333592989e-05 -9.474052244440611e-20
3.269115384079844e-05 -1.0020334955983913e-19
3.2720954345666985e-05 -9.738048829625571e-20
3.2750754850535536e-05 -9.821076555811366e-20
3.278055535540409e-05 -1.0390950250367398e-19
3.281035586027263e-05 -8.806318323023021e-20
3.284015636514118e-05 -9.28739134964617e-20
3.2869956870009734e-05 -1.033146639479787e-19
3.289975737487828e-05 -9.054588286646508e-20
3.2929557879746837e-05 -9.130548134401025e-20
3.295935838461538e-05 -9.325711308294304e-20
3.298915888948393e-05 -8.9128539307323e-20
3.3018959394352483e-05 -9.736090755684474e-20
3.304875989922103e-05 -8.820231337861149e-20
3.307856040408958e-05 -8.043897465376931e-20
3.310836090895813e-05 -9.568777385222633e-20
3.3138161413826675e-05 -8.838028066294233e-20
3.3167961918695226e-05 -8.014550544836995e-20
3.319776242356378e-05 -8.751591183890097e-20
3.322756292843232e-05 -8.017029044955275e-20
3.325736343330087e-05 -8.614722035181928e-20
3.3287163938169424e-05 -8.634719451460882e-20
3.331696444303797e-05 -7.137319146695882e-20
3.334676494790652e-05 -8.618935254375552e-20
3.337656545277507e-05 -8.56549373944232e-20
3.3406365957643616e-05 -7.240433768957248e-20
3.343616646251217e-05 -8.083723244926677e-20
3.346596696738072e-05 -7.435119241127832e-20
3.349576747224927e-05 -7.722114685421986e-20
3.3525567977117814e-05 -8.22741031989497e-20
3.3555368481986365e-05 -6.440594026671646e-20
3.3585168986854916e-05 -7.311251642693715e-20
3.361496949172346e-05 -8.154108607021876e-20
3.364476999659201e-05 -6.762931209851466e-20
3.367457050146056e-05 -7.091959580317116e-20
3.370437100632911e-05 -7.05497479666496e-20
3.373417151119766e-05 -6.859462390423647e-20
3.376397201606621e-05 -7.619757622943308e-20
3.3793772520934754e-05 -6.248468849528131e-20
3.3823573025803306e-05 -6.083874792766222e-20
3.385337353067186e-05 -7.385249901076656e-20
3.38831740355404e-05 -6.212649504939908e-20
3.391297454040896e-05 -6.02953049375824e-20
3.3942775045277504e-05 -6.333181667847652e-20
3.397257555014605e-05 -5.819884724639386e-20
3.4002376055014606e-05 -6.760830352240841e-20
3.403217655988315e-05 -5.869047644198365e-20
3.4061977064751695e-05 -5.026921007544859e-20
3.409177756962025e-05 -6.628580135534315e-20
3.41215780744888e-05 -5.855222424304836e-20
3.415137857935734e-05 -4.9629243493347366e-20
3.41811790842259e-05 -5.725551832928611e-20
3.4210979589094444e-05 -5.072169067446645e-20
3.4240780093962996e-05 -5.512598940659108e-20
3.427058059883155e-05 -5.494885535138392e-20
3.430038110370009e-05 -3.882374677802099e-20
3.433018160856865e-05 -5.2049772968902283e-20
3.4359982113437194e-05 -5.435393424362894e-20
3.438978261830574e-05 -4.034590023966087e-20
3.4419583123174296e-05 -4.777710244398157e-20
3.444938362804284e-05 -4.3674706002052837e-20
3.4479184132911385e-05 -4.3860546622150016e-20
3.450898463777994e-05 -4.9303420643838873e-20
3.453878514264849e-05 -3.230531262153473e-20
3.456858564751703e-05 -3.726609892148335e-20
3.459838615238559e-05 -4.7918044106136527e-20
3.4628186657254135e-05 -3.163911218712162e-20
3.465798716212268e-05 -3.373048035806859e-20
3.468778766699124e-05 -3.688280443306922e-20
3.471758817185978e-05 -2.874136708509981e-20
3.4747388676728326e-05 -3.89633261219408e-20
3.4777189181596884e-05 -2.9162888805197463e-20
3.480698968646543e-05 -2.225100484726473e-20
3.483679019133398e-05 -3.950085929228063e-20
3.486659069620253e-05 -2.714043996142615e-20
3.4896391201071075e-05 -1.9624323882901423e-20
3.4926191705939627e-05 -2.6552801896137883e-20
3.495599221080818e-05 -1.933954232863592e-20
3.498579271567672e-05 -2.5951674622045945e-20
3.5015593220545273e-05 -2.095127673630833e-20
3.5045393725413825e-05 -8.269081092329668e-21
3.507519423028237e-05 -2.5141353445346595e-20
3.510499473515092e-05 -2.136916390561546e-20
3.513479524001947e-05 -6.182360746289342e-21
3.5164595744888016e-05 -1.5773489953229558e-20
3.519439624975657e-05 -1.1882531908249764e-20
3.522419675462512e-05 -1.2888831190479173e-20
3.525399725949367e-05 -1.5823663952011076e-20
3.5283797764362214e-05 3.735249543574021e-21
3.5313598269230765e-05 -7.676237537957988e-21
3.5343398774099317e-05 -1.609719929496071e-20
3.537319927896786e-05 3.664617828072737e-21
3.540299978383641e-05 -1.6122217391281528e-21
3.5432800288704964e-05 -1.9341772879236474e-21
3.546260079357351e-05 9.995361049289262e-22
3.549240129844206e-05 -6.3017901589817696e-21
3.552220180331061e-05 9.72837871330524e-21
3.5552002308179155e-05 6.995855688096891e-21
3.5581802813047706e-05 -7.990022019347193e-21
3.561160331791626e-05 1.066264413731298e-20
3.564140382278481e-05 1.3425429280828875e-20
3.567120432765335e-05 5.085141102895306e-21
3.5701004832521904e-05 1.21399774458183e-20
3.5730805337390455e-05 5.7745555655954964e-21
3.576060584225901e-05 1.4254799512456364e-20
3.579040634712755e-05 2.3474943837471738e-20
3.58202068519961e-05 6.045389323360655e-21
3.5850007356864654e-05 1.5318656363551942e-20
3.58798078617332e-05 2.468898592895374e-20
3.590960836660175e-05 1.437027862295271e-20
3.59394088714703e-05 2.1677017142838284e-20
3.5969209376338845e-05 1.7920604298797728e-20
3.5999009881207396e-05 1.948939836101878e-20
3.602881038607595e-05 3.4882436228052027e-20
3.605861089094449e-05 2.002503138815921e-20
3.608841139581304e-05 1.9215867884981824e-20
3.6118211900681594e-05 3.6358817852086556e-20
3.614801240555014e-05 2.827339594590009e-20
3.61778129104187e-05 2.9729220072555074e-20
3.620761341528724e-05 3.078209707983808e-20
3.6237413920155786e-05 2.687972668295885e-20
3.6267214425024344e-05 4.314539017700726e-20
3.629701492989289e-05 3.3086313042395496e-20
3.632681543476143e-05 2.4401047759436296e-20
3.635661593962999e-05 4.4818527247998537e-20
3.6386416444498535e-05 3.967452531758298e-20
3.641621694936708e-05 3.6141410835327525e-20
3.644601745423564e-05 4.115351076989049e-20
3.647581795910418e-05 3.616122024574482e-20
3.6505618463972726e-05 5.0172672628608964e-20
3.6535418968841284e-05 4.858562166464492e-20
3.656521947370983e-05 3.293296546348754e-20
3.659501997857838e-05 4.9048484675851476e-20
3.662482048344693e-05 5.3933294445314674e-20
3.6654620988315476e-05 4.3636320897557484e-20
3.668442149318403e-05 4.944343436321341e-20
3.671422199805258e-05 4.6952627672854086e-20
3.674402250292112e-05 5.290494208527782e-20
3.6773823007789674e-05 6.191723909226721e-20
3.6803623512658225e-05 4.469000628101717e-20
3.683342401752677e-05 5.142983986274458e-20
3.686322452239532e-05 6.713752948508435e-20
3.689302502726387e-05 5.43465039064571e-20
3.6922825532132416e-05 5.699821707823244e-20
3.6952626037000974e-05 5.973252475513898e-20
3.698242654186952e-05 5.76848695603893e-20
3.701222704673806e-05 6.983844676187416e-20
3.704202755160662e-05 5.867341586797055e-20
3.7071828056475166e-05 5.477990050165085e-20
3.710162856134372e-05 7.340738707247865e-20
3.713142906621227e-05 6.729350094068073e-20
3.716122957108081e-05 6.301024065946542e-20
3.7191030075949364e-05 6.804628904061621e-20
3.7220830580817915e-05 6.732555286285539e-20
3.725063108568646e-05 7.769282254057048e-20
3.728043159055501e-05 6.975506861604228e-20
3.731023209542356e-05 6.142982200540312e-20
3.7340032600292107e-05 8.06794125948441e-20
3.736983310516066e-05 7.680019460151214e-20
3.739963361002921e-05 6.900069145272431e-20
3.7429434114897753e-05 7.702807154862395e-20
3.7459234619766305e-05 7.308616982085374e-20
3.7489035124634856e-05 8.197798148897565e-20
3.751883562950341e-05 8.515125680534779e-20
3.754863613437195e-05 6.803769443377081e-20
3.75784366392405e-05 8.096350680808416e-20
3.7608237144109054e-05 9.225362208194718e-20
3.76380376489776e-05 7.82876832731114e-20
3.766783815384615e-05 8.220127017899714e-20
3.76976386587147e-05 8.338602844425757e-20
3.7727439163583245e-05 8.447034413622999e-20
3.77572396684518e-05 9.330850632536067e-20
3.778704017332035e-05 7.931389372278533e-20
3.781684067818889e-05 8.368486884923979e-20
3.7846641183057444e-05 1.0060743277096416e-19
3.7876441687925995e-05 8.754354021911045e-20
3.790624219279454e-05 8.764602785306905e-20
3.79360426976631e-05 9.43233994741565e-20
3.796584320253164e-05 9.184224171212671e-20
3.7995643707400186e-05 1.0275734698826335e-19
3.8025444212268744e-05 9.056777781341679e-20
3.805524471713729e-05 8.491156044049752e-20
3.808504522200583e-05 1.0869389999538799e-19
3.811484572687439e-05 9.801710899286819e-20
3.8144646231742935e-05 9.060991531251544e-20
3.817444673661148e-05 1.0305521680022075e-19
3.820424724148004e-05 9.757588313993598e-20
3.823404774634858e-05 1.0715646762940953e-19
3.8263848251217134e-05 1.0538761869569996e-19
3.8293648756085685e-05 9.079301342351966e-20
3.832344926095423e-05 1.1135057565282364e-19
3.835324976582278e-05 1.128078128220775e-19
3.838305027069133e-05 9.831121456613819e-20
3.8412850775559876e-05 1.0961681427531236e-19
3.8442651280428434e-05 1.080249595155434e-19
3.847245178529698e-05 1.1183917639933785e-19
3.850225229016552e-05 1.1673607581439177e-19
3.853205279503408e-05 9.959567821715939e-20
3.8561853299902626e-05 1.1320340128123956e-19
3.859165380477117e-05 1.2435934084573717e-19
3.862145430963973e-05 1.0829657919541756e-19
3.865125481450827e-05 1.1388080877195615e-19
3.868105531937682e-05 1.1863693097742418e-19
3.8710855824245375e-05 1.1803459239988809e-19
3.874065632911392e-05 1.2585499392580428e-19
3.8770456833982464e-05 1.1268098953520527e-19
3.880025733885102e-05 1.1458415111589434e-19
3.8830057843719566e-05 1.3425283700131637e-19
3.885985834858812e-05 1.1839576994480487e-19
3.888965885345667e-05 1.1644829594301865e-19
3.891945935832521e-05 1.2895372436452217e-19
3.8949259863193764e-05 1.22194025159092e-19
3.8979060368062316e-05 1.3265923202924748e-19
3.900886087293086e-05 1.2596436342765781e-19
3.903866137779941e-05 1.1693411062651864e-19
3.906846188266796e-05 1.4194391420001955e-19
3.909826238753651e-05 1.3403238698951186e-19
3.912806289240506e-05 1.223046653383052e-19
3.915786339727361e-05 1.367148277198211e-19
3.9187663902142154e-05 1.3174698840120888e-19
3.9217464407010705e-05 1.3714488601101833e-19
3.9247264911879256e-05 1.372338766035442e-19
3.927706541674781e-05 1.2092898753982437e-19
3.930686592161635e-05 1.4146930715932104e-19
3.93366664264849e-05 1.459675484649095e-19
3.9366466931353455e-05 1.2792288843992831e-19
3.9396267436222e-05 1.4052908785749294e-19
3.942606794109055e-05 1.4213352933594105e-19
3.94558684459591e-05 1.4083104055175673e-19
3.9485668950827646e-05 1.4715821668088957e-19
3.95154694556962e-05 1.319031024420985e-19
3.954526996056475e-05 1.4139130723491858e-19
3.957507046543329e-05 1.5548494234852285e-19
3.9604870970301844e-05 1.3561303703145304e-19
3.9634671475170395e-05 1.398022691504847e-19
3.9664471980038946e-05 1.5013693306502604e-19
3.969427248490749e-05 1.442067308573683e-19
3.972407298977604e-05 1.516555112124225e-19
3.975387349464459e-05 1.4302220568844848e-19
3.9783673999513145e-05 1.4214393903463447e-19
3.981347450438169e-05 1.618830353251263e-19
3.984327500925024e-05 1.4708226117136083e-19
3.987307551411879e-05 1.4120022553595663e-19
3.9902876018987336e-05 1.566390223860354e-19
3.993267652385589e-05 1.4971326233090896e-19
3.996247702872444e-05 1.5310251953680583e-19
3.999227753359298e-05 1.5179674080316153e-19
4.0022078038461534e-05 1.4309939179396905e-19
4.0051878543330085e-05 1.6184328867654984e-19
4.008167904819863e-05 1.5692875430326733e-19
4.011147955306718e-05 1.4403157631724967e-19
4.014128005793573e-05 1.596697932898053e-19
4.017108056280428e-05 1.5687208197600758e-19
4.0200881067672835e-05 1.5457556930528845e-19
4.023068157254138e-05 1.6010287974245548e-19
4.0260482077409924e-05 1.488825467764147e-19
4.029028258227848e-05 1.5957453029291428e-19
4.0320083087147026e-05 1.663834267849914e-19
4.034988359201557e-05 1.4691227071878007e-19
4.037968409688413e-05 1.56488464730645e-19
4.040948460175267e-05 1.6479082287143152e-19
4.043928510662122e-05 1.5607215291472517e-19
4.0469085611489775e-05 1.6257463644028844e-19
4.049888611635832e-05 1.546501160345208e-19
4.0528686621226864e-05 1.5793578334098566e-19
4.055848712609542e-05 1.7280295765529287e-19
4.058828763096397e-05 1.5458356674695292e-19
4.061808813583252e-05 1.5518192761236155e-19
4.064788864070107e-05 1.687221132904574e-19
4.0677689145569614e-05 1.5957919294985e-19
4.0707489650438165e-05 1.6363695173137885e-19
4.0737290155306716e-05 1.6082693867153015e-19
4.076709066017526e-05 1.5615557099313127e-19
4.079689116504381e-05 1.7352832680428193e-19
4.082669166991236e-05 1.6286755854655938e-19
4.085649217478091e-05 1.5457071521851362e-19
4.088629267964946e-05 1.7194804765240684e-19
4.091609318451801e-05 1.6475189874025508e-19
4.0945893689386554e-05 1.6287395353798349e-19
4.097569419425511e-05 1.662755255349538e-19
4.100549469912366e-05 1.5722034866440936e-19
4.10352952039922e-05 1.7023959964580323e-19
4.106509570886076e-05 1.7061030723083577e-19
4.1094896213729304e-05 1.5574845227224584e-19
4.1124696718597855e-05 1.6756821309140844e-19
4.1154497223466406e-05 1.6976817349374546e-19
4.118429772833495e-05 1.6245385921654512e-19
4.12140982332035e-05 1.6804693344360721e-19
4.124389873807205e-05 1.6233434660755342e-19
4.12736992429406e-05 1.6706087861739063e-19
4.130349974780915e-05 1.7482939794768041e-19
4.13333002526777e-05 1.5813255954662795e-19
4.1363100757546244e-05 1.638125135815764e-19
4.1392901262414796e-05 1.7294013386100797e-19
4.142270176728335e-05 1.6069523509960618e-19
4.145250227215189e-05 1.679791706526579e-19
4.148230277702044e-05 1.6553314774954907e-19
4.1512103281888994e-05 1.6073032068860406e-19
4.1541903786757545e-05 1.7507432827111157e-19
4.157170429162609e-05 1.6211956631866357e-19
4.160150479649464e-05 1.6056702562367762e-19
4.163130530136319e-05 1.7504126883465488e-19
4.1661105806231736e-05 1.6220537648182308e-19
4.169090631110029e-05 1.6454444156894146e-19
4.172070681596884e-05 1.6666599639185295e-19
4.175050732083738e-05 1.5844135513039773e-19
4.1780307825705935e-05 1.7096407251587657e-19
4.1810108330574486e-05 1.651518008056696e-19
4.183990883544303e-05 1.5601218389330651e-19
4.186970934031158e-05 1.69503034305869e-19
4.189950984518013e-05 1.6417257397030083e-19
4.192931035004868e-05 1.5846887962190893e-19
4.195911085491723e-05 1.6606419980142946e-19
4.198891135978578e-05 1.5931936621318955e-19
4.2018711864654324e-05 1.651937161166153e-19
4.204851236952288e-05 1.684023023674525e-19
4.2078312874391426e-05 1.520123537364595e-19
4.210811337925997e-05 1.6088692561806083e-19
4.213791388412853e-05 1.6495463202255463e-19
4.2167714388997073e-05 1.5506989865048847e-19
4.219751489386562e-05 1.616159490355245e-19
4.2227315398734176e-05 1.5647357642160494e-19
4.225711590360272e-05 1.5676373155538727e-19
4.228691640847127e-05 1.6572252556550269e-19
4.231671691333982e-05 1.5198450087551148e-19
4.234651741820837e-05 1.5479312373262632e-19
4.237631792307692e-05 1.6307529771748072e-19
4.240611842794547e-05 1.5106161580536435e-19
4.2435918932814014e-05 1.5620177190582708e-19
4.246571943768257e-05 1.550091741399983e-19
4.2495519942551117e-05 1.4900766224285735e-19
4.252532044741966e-05 1.6028935966077213e-19
4.255512095228822e-05 1.492513652852294e-19
4.2584921457156763e-05 1.448348629444263e-19
4.261472196202531e-05 1.5837965914234255e-19
4.2644522466893866e-05 1.4831154838130347e-19
4.267432297176241e-05 1.4732216953701635e-19
4.2704123476630955e-05 1.5156225146570755e-19
4.273392398149951e-05 1.4311882209943874e-19
4.276372448636806e-05 1.518925651004292e-19
4.27935249912366e-05 1.4793343052084754e-19
4.282332549610516e-05 1.362767392467575e-19
4.2853126000973704e-05 1.4846362379212613e-19
4.2882926505842255e-05 1.4414570439148724e-19
4.291272701071081e-05 1.3735004141985393e-19
4.294252751557935e-05 1.4375301086388771e-19
4.29723280204479e-05 1.3510718037874412e-19
4.3002128525316454e-05 1.3837335972586623e-19
4.3031929030185e-05 1.433346474914624e-19
4.306172953505355e-05 1.3126650062159077e-19
4.30915300399221e-05 1.355225961530277e-19
4.3121330544790645e-05 1.3787398675900689e-19
4.3151131049659196e-05 1.3095030807929983e-19
4.318093155452775e-05 1.3485024138325302e-19
4.321073205939629e-05 1.2743144458729952e-19
4.324053256426484e-05 1.2605426131971335e-19
4.3270333069133394e-05 1.3604373800926923e-19
4.330013357400194e-05 1.220562829239269e-19
4.332993407887049e-05 1.2151514697319793e-19
4.335973458373904e-05 1.297743754137558e-19
4.338953508860759e-05 1.1750961291796177e-19
4.341933559347614e-05 1.2366884821263148e-19
4.344913609834469e-05 1.2111761545609652e-19
4.347893660321324e-05 1.1247544257588768e-19
4.3508737108081784e-05 1.2477467924242308e-19
4.3538537612950335e-05 1.1299299717307024e-19
4.3568338117818886e-05 1.0744718421840052e-19
4.359813862268743e-05 1.1721960588302725e-19
4.362793912755598e-05 1.0685374095588145e-19
4.365773963242453e-05 1.0824286603395586e-19
4.3687540137293084e-05 1.0889409883893643e-19
4.371734064216163e-05 9.862148664003568e-20
4.374714114703018e-05 1.061610301275151e-19
4.377694165189873e-05 1.050559118037682e-19
4.380674215676728e-05 9.338574333918886e-20
4.383654266163583e-05 1.004025325402619e-19
4.386634316650438e-05 9.80544197631356e-20
4.389614367137293e-05 9.102429625486184e-20
4.3925944176241474e-05 9.652832029014297e-20
4.3955744681110025e-05 8.610340034832503e-20
4.3985545185978576e-05 8.77111525158592e-20
4.401534569084712e-05 9.327889613723417e-20
4.404514619571567e-05 7.791075195884799e-20
4.407494670058422e-05 8.274160321428057e-20
4.410474720545277e-05 8.310429810041598e-20
4.413454771032132e-05 7.525029706662322e-20
4.416434821518987e-05 8.247483965683699e-20
4.4194148720058415e-05 7.134949812163466e-20
4.422394922492697e-05 6.873748813686413e-20
4.425374972979552e-05 8.020455600465064e-20
4.428355023466406e-05 6.575551725968589e-20
4.431335073953262e-05 6.193270966746682e-20
4.4343151244401164e-05 6.858928157370188e-20
4.437295174926971e-05 5.931874708792938e-20
4.4402752254138266e-05 6.321410137203064e-20
4.443255275900681e-05 5.951406309950593e-20
4.4462353263875355e-05 4.7654887102163685e-20
4.449215376874391e-05 6.127257670530742e-20
4.452195427361246e-05 5.595031897025996e-20
4.4551754778481e-05 4.098940287524921e-20
4.458155528334956e-05 5.097732276848929e-20
4.4611355788218105e-05 4.5708658251966116e-20
4.464115629308665e-05 4.177750883922909e-20
4.467095679795521e-05 4.4409634300977873e-20
4.470075730282375e-05 2.9997752441361363e-20
4.47305578076923e-05 3.798352972766692e-20
4.4760358312560854e-05 4.118351513617492e-20
4.47901588174294e-05 2.370868766678541e-20
4.481995932229795e-05 3.1141201266366594e-20
4.48497598271665e-05 3.0861237225804716e-20
4.4879560332035045e-05 2.254537446608998e-20
4.4909360836903597e-05 2.7005516157945044e-20
4.493916134177215e-05 1.620920673190059e-20
4.496896184664069e-05 1.6917063082600996e-20
4.499876235150925e-05 2.4593954325953057e-20
4.5028562856377795e-05 7.828078961630767e-21
4.505836336124634e-05 9.162154414030044e-21
4.50881638661149e-05 1.3265787732058671e-20
4.511796437098344e-05 1.890682065834999e-21
4.514776487585199e-05 8.605908280847112e-21
4.5177565380720544e-05 -2.0068607934950124e-22
4.520736588558909e-05 -6.889980566959354e-21
4.523716639045764e-05 7.90478361101784e-21
4.526696689532619e-05 -6.2738404840430644e-21
4.5296767400194735e-05 -1.3993427105630806e-20
4.532656790506329e-05 -3.328420994199363e-21
4.535636840993184e-05 -1.3178519894529423e-20
4.538616891480038e-05 -1.417743093344685e-20
4.5415969419668934e-05 -1.4071947565999497e-20
4.5445769924537485e-05 -2.7871612539126717e-20
4.547557042940603e-05 -1.7307960612794306e-20
4.550537093427458e-05 -1.8312064749808916e-20
4.553517143914313e-05 -3.628985947966556e-20
4.556497194401168e-05 -2.6357488812290226e-20
4.559477244888023e-05 -2.9790397242835997e-20
4.562457295374878e-05 -3.519422407131443e-20
4.565437345861733e-05 -3.124857522821441e-20
4.5684173963485874e-05 -4.737932812843762e-20
4.5713974468354426e-05 -3.9856452652365774e-20
4.574377497322298e-05 -3.4592046459260733e-20
4.577357547809152e-05 -5.532625737855504e-20
4.580337598296007e-05 -5.057215481948884e-20
4.5833176487828624e-05 -4.793671885167796e-20
4.586297699269717e-05 -5.599203003334524e-20
4.589277749756572e-05 -5.182113570956281e-20
4.592257800243427e-05 -6.453957993596751e-20
4.5952378507302815e-05 -6.534638894292403e-20
4.5982179012171366e-05 -5.172598097469527e-20
4.601197951703992e-05 -7.089461759338257e-20
4.604178002190846e-05 -7.547561661911332e-20
4.607158052677702e-05 -6.311501812231364e-20
4.6101381031645564e-05 -7.593009165823548e-20
4.613118153651411e-05 -7.626750757066902e-20
4.616098204138267e-05 -7.913028934244442e-20
4.619078254625121e-05 -9.008280189519963e-20
4.6220583051119756e-05 -7.467456183519857e-20
4.6250383555988314e-05 -8.421564839826287e-20
4.628018406085686e-05 -1.0007381465361057e-19
4.630998456572541e-05 -8.608192746512829e-20
4.633978507059396e-05 -9.233011411324771e-20
4.6369585575462505e-05 -9.874685761655732e-20
4.6399386080331056e-05 -9.651690677830811e-20
4.642918658519961e-05 -1.0690288314449135e-19
4.645898709006815e-05 -9.786645726205299e-20
4.648878759493671e-05 -9.941869014088439e-20
4.6518588099805254e-05 -1.2058846433130133e-19
4.65483886046738e-05 -1.0961821707924652e-19
4.657818910954236e-05 -1.0751870623773474e-19
4.66079896144109e-05 -1.2006305646566247e-19
4.6637790119279446e-05 -1.1604587938121258e-19
4.6667590624148004e-05 -1.2585137211586607e-19
4.669739112901655e-05 -1.2217532898026465e-19
4.672719163388509e-05 -1.146302618138994e-19
4.675699213875365e-05 -1.3536376118429034e-19
4.6786792643622195e-05 -1.3161334460509508e-19
4.681659314849074e-05 -1.2464035316886744e-19
4.68463936533593e-05 -1.3786032068207313e-19
4.687619415822784e-05 -1.3532579105329693e-19
4.690599466309639e-05 -1.41958783083489e-19
4.6935795167964945e-05 -1.457759832465455e-19
4.696559567283349e-05 -1.3361486512785956e-19
4.699539617770204e-05 -1.5057022702774235e-19
4.702519668257059e-05 -1.5720843386727075e-19
4.7054997187439136e-05 -1.4162824191551774e-19
4.708479769230769e-05 -1.5198745247031823e-19
4.711459819717624e-05 -1.5567490373015355e-19
4.714439870204478e-05 -1.5540578557406373e-19
4.7174199206913334e-05 -1.6402520745838318e-19
4.7203999711781885e-05 -1.512470521769774e-19
4.723380021665043e-05 -1.6042401119001282e-19
4.726360072151898e-05 -1.7807542641510795e-19
4.729340122638753e-05 -1.6061837683656176e-19
4.732320173125608e-05 -1.6428697766467184e-19
4.735300223612463e-05 -1.74763889974854e-19
4.738280274099318e-05 -1.713656910214977e-19
4.741260324586173e-05 -1.8110006033950003e-19
4.7442403750730275e-05 -1.709213437358395e-19
4.7472204255598826e-05 -1.698998093408907e-19
4.750200476046738e-05 -1.927841715410521e-19
4.753180526533592e-05 -1.8093054475160761e-19
4.756160577020447e-05 -1.7468626708093605e-19
4.7591406275073024e-05 -1.9040474140228466e-19
4.762120677994157e-05 -1.8693527978255317e-19
4.765100728481012e-05 -1.9122970602731362e-19
4.768080778967867e-05 -1.9284388792808308e-19
4.771060829454722e-05 -1.845056715720668e-19
4.774040879941577e-05 -2.0219903163782554e-19
4.777020930428432e-05 -2.0362457266327918e-19
4.780000980915287e-05 -1.8792370931185448e-19
4.782981031402142e-05 -2.019092029103138e-19
4.7859610818889965e-05 -2.0473092971386963e-19
4.7889411323758516e-05 -2.0122961834691215e-19
4.791921182862707e-05 -2.0762418312081815e-19
4.794901233349561e-05 -1.9749710039434784e-19
4.797881283836416e-05 -2.109976044858166e-19
4.8008613343232714e-05 -2.209717860178741e-19
4.803841384810126e-05 -2.0049957644362743e-19
4.806821435296981e-05 -2.1036160342643696e-19
4.809801485783836e-05 -2.193864205351525e-19
4.8127815362706906e-05 -2.1354747313541658e-19
4.815761586757546e-05 -2.2074154393268867e-19
4.818741637244401e-05 -2.1087083525599851e-19
4.821721687731255e-05 -2.1435927289466856e-19
4.824701738218111e-05 -2.3420044302195734e-19
4.8276817887049655e-05 -2.1699257076904377e-19
4.83066183919182e-05 -2.140542020973824e-19
4.833641889678676e-05 -2.307673180304344e-19
4.83662194016553e-05 -2.237704777685958e-19
4.8396019906523846e-05 -2.287040955391447e-19
4.8425820411392404e-05 -2.258818177734776e-19
4.845562091626095e-05 -2.2008113752476983e-19
4.848542142112949e-05 -2.4004104475058655e-19
4.851522192599805e-05 -2.3179477896716036e-19
4.8545022430866596e-05 -2.199326811501988e-19
4.857482293573514e-05 -2.3538947590948588e-19
4.86046234406037e-05 -2.3460321174351983e-19
4.863442394547224e-05 -2.3360397643263623e-19
4.866422445034079e-05 -2.347438015955214e-19
4.8694024955209345e-05 -2.2640677795805534e-19
4.872382546007789e-05 -2.4124196101160495e-19
4.875362596494644e-05 -2.4388169736766504e-19
4.878342646981499e-05 -2.263885798857036e-19
4.8813226974683536e-05 -2.372318536732052e-19
4.884302747955209e-05 -2.4363273273975753e-19
4.887282798442064e-05 -2.3816388403205737e-19
4.890262848928918e-05 -2.401855408345024e-19
4.8932428994157735e-05 -2.316530334884319e-19
4.8962229499026286e-05 -2.4078425711444105e-19
4.899203000389483e-05 -2.519572158432221e-19
4.902183050876339e-05 -2.31351818759197e-19
4.905163101363193e-05 -2.355966517665712e-19
4.908143151850048e-05 -2.49288081879218e-19
4.9111232023369035e-05 -2.400251968813252e-19
4.914103252823758e-05 -2.4430511164596184e-19
4.917083303310613e-05 -2.3879935170870237e-19
4.920063353797468e-05 -2.381154154352384e-19
4.9230434042843226e-05 -2.5487222110045495e-19
4.926023454771178e-05 -2.385741552202248e-19
4.929003505258033e-05 -2.33420957913207e-19
4.931983555744887e-05 -2.4997600564050655e-19
4.9349636062317425e-05 -2.430480859709947e-19
4.9379436567185976e-05 -2.4173901863525333e-19
4.940923707205452e-05 -2.4091591739407507e-19
4.943903757692307e-05 -2.3674219547110715e-19
4.946883808179162e-05 -2.516980627798694e-19
4.949863858666017e-05 -2.4496793927672334e-19
4.952843909152872e-05 -2.31281029762892e-19
4.955823959639727e-05 -2.467904546685415e-19
4.958804010126582e-05 -2.465451281855638e-19
4.9617840606134365e-05 -2.4000010683041547e-19
4.9647641111002917e-05 -2.435913266314512e-19
4.967744161587147e-05 -2.328244649327518e-19
4.970724212074001e-05 -2.4388218729699975e-19
4.9737042625608563e-05 -2.504069302039417e-19
4.9766843130477115e-05 -2.278894923299645e-19
4.979664363534566e-05 -2.4017030665515095e-19
4.982644414021421e-05 -2.47781392942698e-19
4.985624464508276e-05 -2.352950989402343e-19
4.9886045149951306e-05 -2.4212649959570783e-19
4.991584565481986e-05 -2.337912358394369e-19
4.994564615968841e-05 -2.3747047545079783e-19
4.997544666455695e-05 -2.5019803416982927e-19
5.0005247169425504e-05 -2.2800348412131884e-19
5.0035047674294055e-05 -2.297713121102668e-19
5.00648481791626e-05 -2.4518961648491744e-19
5.009464868403116e-05 -2.3290336051443726e-19
5.01244491888997e-05 -2.3369368984857624e-19
5.015424969376825e-05 -2.322490239314643e-19
5.0184050198636805e-05 -2.286511737994204e-19
5.021385070350535e-05 -2.43486965403347e-19
5.0243651208373894e-05 -2.306745314878693e-19
5.027345171324245e-05 -2.203524861616587e-19
5.0303252218110996e-05 -2.3789193994344484e-19
5.033305272297955e-05 -2.3191046766287595e-19
5.03628532278481e-05 -2.2566345819608932e-19
5.039265373271664e-05 -2.269446391036165e-19
5.0422454237585194e-05 -2.2052008285519064e-19
5.0452254742453745e-05 -2.3247514321542156e-19
5.048205524732229e-05 -2.286749127330883e-19
5.051185575219085e-05 -2.121269665744836e-19
5.054165625705939e-05 -2.2521966000357607e-19
5.057145676192794e-05 -2.2647441146637724e-19
5.0601257266796495e-05 -2.169904838418994e-19
5.063105777166504e-05 -2.2064764276949047e-19
5.0660858276533584e-05 -2.1281017244871913e-19
5.069065878140214e-05 -2.17364369182756e-19
5.0720459286270686e-05 -2.2432863094476755e-19
5.075025979113923e-05 -2.0433541781117283e-19
5.078006029600779e-05 -2.0917427403879306e-19
5.080986080087633e-05 -2.204030803722791e-19
5.083966130574488e-05 -2.045542726466264e-19
5.0869461810613436e-05 -2.068511994501473e-19
5.089926231548198e-05 -2.0508407706106631e-19
5.0929062820350524e-05 -2.016569374393827e-19
5.095886332521908e-05 -2.148407805622633e-19
5.098866383008763e-05 -1.9727787422034118e-19
5.101846433495618e-05 -1.918491097946418e-19
5.104826483982473e-05 -2.1020529581699841e-19
5.1078065344693274e-05 -1.9668836778904567e-19
5.1107865849561825e-05 -1.924761129027288e-19
5.1137666354430376e-05 -1.949979780720478e-19
5.116746685929892e-05 -1.8609138849783727e-19
5.119726736416747e-05 -1.9817597269601956e-19
5.122706786903602e-05 -1.8920886448151105e-19
5.125686837390457e-05 -1.7584516117558222e-19
5.128666887877312e-05 -1.9157783009121026e-19
5.131646938364167e-05 -1.863143701325837e-19
5.1346269888510215e-05 -1.7895915552511818e-19
5.1376070393378766e-05 -1.7951724254022609e-19
5.140587089824732e-05 -1.7211846653427992e-19
5.143567140311587e-05 -1.8195866944229855e-19
5.146547190798441e-05 -1.7886747166203396e-19
5.1495272412852964e-05 -1.5987121822859896e-19
5.1525072917721515e-05 -1.715071757207854e-19
5.155487342259006e-05 -1.7601942491632283e-19
5.158467392745861e-05 -1.6008170901424515e-19
5.161447443232716e-05 -1.64066017668277e-19
5.1644274937195707e-05 -1.6004292158843473e-19
5.167407544206426e-05 -1.5875106021854154e-19
5.170387594693281e-05 -1.6806953227941352e-19
5.173367645180136e-05 -1.480253953237418e-19
5.1763476956669905e-05 -1.492029417402854e-19
5.1793277461538456e-05 -1.6197772500141855e-19
5.182307796640701e-05 -1.4559349448404096e-19
5.185287847127556e-05 -1.4564833829576744e-19
5.18826789761441e-05 -1.441162340651898e-19
5.1912479481012654e-05 -1.399101390772656e-19
5.1942279985881205e-05 -1.5092358630707282e-19
5.197208049074975e-05 -1.3476523549031917e-19
5.20018809956183e-05 -1.2615640496706363e-19
5.203168150048685e-05 -1.4345487971709078e-19
5.2061482005355397e-05 -1.3379241131628498e-19
5.209128251022395e-05 -1.2419975520206363e-19
5.21210830150925e-05 -1.2717140311712316e-19
5.2150883519961043e-05 -1.2168787997133242e-19
5.2180684024829595e-05 -1.3032213927897302e-19
5.2210484529698146e-05 -1.2235606434341896e-19
5.224028503456669e-05 -1.0481571696878599e-19
5.227008553943524e-05 -1.2077757951963451e-19
5.229988604430379e-05 -1.1845143440499211e-19
5.232968654917234e-05 -1.0456594863752586e-19
5.2359487054040895e-05 -1.094511576098043e-19
5.238928755890944e-05 -1.0216270173166028e-19
5.2419088063777984e-05 -1.0707416298905682e-19
5.244888856864654e-05 -1.0909153076579635e-19
5.247868907351509e-05 -8.650703577031148e-20
5.250848957838363e-05 -9.57901989657972e-20
5.253829008325219e-05 -1.0294259877475248e-19
5.2568090588120734e-05 -8.652245462148224e-20
5.259789109298928e-05 -8.856019911722622e-20
5.2627691597857836e-05 -8.33174277604789e-20
5.265749210272638e-05 -8.347386250377273e-20
5.2687292607594925e-05 -9.11746505455928e-20
5.271709311246348e-05 -7.028952177344794e-20
5.274689361733203e-05 -6.881050961570954e-20
5.277669412220058e-05 -8.555788637497061e-20
5.280649462706913e-05 -7.280543134990866e-20
5.2836295131937674e-05 -6.320029303359841e-20
5.2866095636806226e-05 -6.432920405163949e-20
5.289589614167478e-05 -6.303633547977998e-20
5.292569664654332e-05 -6.883235557945889e-20
5.295549715141187e-05 -5.596710789201324e-20
5.2985297656280424e-05 -4.526168818805747e-20
5.301509816114897e-05 -6.09097525408174e-20
5.3044898666017526e-05 -5.368905486440515e-20
5.307469917088607e-05 -4.161181478955939e-20
5.3104499675754615e-05 -4.595356010039222e-20
5.313430018062317e-05 -4.0943640201808526e-20
5.316410068549172e-05 -4.603883640928009e-20
5.319390119036027e-05 -4.0620581430985914e-20
5.322370169522882e-05 -2.28862955594756e-20
5.3253502200097364e-05 -3.6708224460417414e-20
5.3283302704965916e-05 -3.933116648122461e-20
5.331310320983447e-05 -2.145598256805661e-20
5.334290371470301e-05 -2.2788284870640298e-20
5.337270421957156e-05 -2.190312523287793e-20
5.3402504724440114e-05 -2.201283518969576e-20
5.343230522930866e-05 -2.320322365677241e-20
5.346210573417721e-05 -5.531201490622563e-21
5.349190623904576e-05 -8.86072773513357e-21
5.3521706743914305e-05 -2.0913975923346592e-20
5.3551507248782856e-05 -5.2162311481803085e-21
5.358130775365141e-05 -1.2546878105784899e-21
5.361110825851995e-05 -3.5503186578812565e-21
5.36409087633885e-05 -1.427674779981062e-22
5.3670709268257054e-05 -4.637967929686416e-21
5.3700509773125606e-05 1.0078018442784768e-20
5.373031027799415e-05 1.502042377860442e-20
5.37601107828627e-05 -3.0175836803224275e-22
5.378991128773125e-05 1.1589828322755987e-20
5.38197117925998e-05 2.0495293396641098e-20
5.384951229746835e-05 1.6316985332460356e-20
5.38793128023369e-05 1.9566687596606956e-20
5.3909113307205444e-05 1.422592068471763e-20
5.3938913812073995e-05 2.4251910154199028e-20
5.3968714316942546e-05 3.729262880415678e-20
5.399851482181109e-05 2.162549021525268e-20
5.402831532667964e-05 2.4177565561647173e-20
5.405811583154819e-05 4.152698294806929e-20
5.408791633641674e-05 3.7608027024781354e-20
5.4117716841285296e-05 3.6680149608301345e-20
5.414751734615384e-05 3.6613521945851495e-20
5.4177317851022385e-05 4.063551615176709e-20
5.420711835589094e-05 5.536017441500739e-20
5.423691886075949e-05 4.5043429156411796e-20
5.426671936562803e-05 3.976070794282604e-20
5.429651987049659e-05 5.753908719858846e-20
5.4326320375365134e-05 5.834029470771299e-20
5.435612088023368e-05 5.50971977800455e-20
5.4385921385102236e-05 5.371687282971235e-20
5.441572188997078e-05 5.527134626035597e-20
5.444552239483933e-05 7.338148005184674e-20
5.4475322899707883e-05 6.945856995185529e-20
5.450512340457643e-05 5.536128440776625e-20
5.4534923909444986e-05 7.214876632604406e-20
5.456472441431353e-05 7.938873298834827e-20
5.4594524919182075e-05 7.25224873613034e-20
5.462432542405063e-05 7.404757238854942e-20
5.465412592891918e-05 7.357835753270322e-20
5.468392643378772e-05 8.50557633877613e-20
5.471372693865628e-05 8.934574395406846e-20
5.4743527443524824e-05 7.507963652462391e-20
5.477332794839337e-05 8.411753939554877e-20
5.4803128453261927e-05 9.638970124135087e-20
5.483292895813047e-05 9.109335591089713e-20
5.4862729462999015e-05 9.083113358433785e-20
5.4892529967867573e-05 9.052446656976928e-20
5.492233047273612e-05 9.990536161655883e-20
5.495213097760466e-05 1.0750760426521756e-19
5.498193148247322e-05 9.273703152966437e-20
5.5011731987341765e-05 9.632386952512811e-20
5.5041532492210316e-05 1.122408667584643e-19
5.507133299707887e-05 1.0899883342030652e-19
5.510113350194741e-05 1.0709432081104105e-19
5.513093400681596e-05 1.0585814644980897e-19
5.5160734511684514e-05 1.1161408514757884e-19
5.519053501655306e-05 1.2636348018038163e-19
5.522033552142161e-05 1.1461951023647442e-19
5.525013602629016e-05 1.084688324551665e-19
5.5279936531158706e-05 1.2745345586526175e-19
5.530973703602726e-05 1.2730249259985428e-19
5.533953754089581e-05 1.2320187920364498e-19
5.536933804576435e-05 1.2264909251090262e-19
5.5399138550632904e-05 1.2312286223960764e-19
5.5428939055501455e-05 1.3890429635959407e-19
5.5458739560370006e-05 1.3298596920748398e-19
5.548854006523855e-05 1.2170001192410043e-19
5.55183405701071e-05 1.3802196564539373e-19
5.554814107497565e-05 1.4344653955815022e-19
5.55779415798442e-05 1.3795128788902565e-19
5.560774208471275e-05 1.3685894924859416e-19
5.56375425895813e-05 1.3622565701468282e-19
5.5667343094449844e-05 1.501871649885736e-19
5.5697143599318396e-05 1.5268268595139858e-19
5.572694410418695e-05 1.3581586746667992e-19
5.57567446090555e-05 1.4564567696844312e-19
5.578654511392404e-05 1.5713376539403374e-19
5.5816345618792594e-05 1.500878425117994e-19
5.5846146123661145e-05 1.50096409931835e-19
5.5875946628529696e-05 1.4772076426607925e-19
5.590574713339824e-05 1.5824535487709498e-19
5.593554763826679e-05 1.6781052880071313e-19
5.596534814313534e-05 1.502830215113754e-19
5.599514864800389e-05 1.5354630820127563e-19
5.602494915287244e-05 1.7042378581519491e-19
5.605474965774099e-05 1.6447987287391162e-19
5.6084550162609535e-05 1.604871642144874e-19
5.6114350667478086e-05 1.6015486828103613e-19
5.614415117234664e-05 1.6507401417760417e-19
5.617395167721518e-05 1.7800937714777477e-19
5.620375218208373e-05 1.6523341220121533e-19
5.6233552686952284e-05 1.593892555860525e-19
5.626335319182083e-05 1.784544992668925e-19
5.629315369668938e-05 1.7669576312963852e-19
5.632295420155793e-05 1.7227536414687283e-19
5.6352754706426475e-05 1.7245712401221466e-19
5.638255521129503e-05 1.7243501928519218e-19
5.641235571616358e-05 1.8697397771942242e-19
5.644215622103212e-05 1.804051952835235e-19
5.647195672590068e-05 1.6575344725588554e-19
5.6501757230769225e-05 1.8364692788073177e-19
5.653155773563777e-05 1.9051326437571053e-19
5.656135824050633e-05 1.776083275650425e-19
5.659115874537487e-05 1.795230887847775e-19
5.6620959250243416e-05 1.814601588754776e-19
5.6650759755111974e-05 1.9103572652348072e-19
5.668056025998052e-05 1.9524637341401734e-19
5.671036076484906e-05 1.749921626915898e-19
5.674016126971762e-05 1.8530757396067345e-19
5.6769961774586165e-05 2.0191020228188188e-19
5.6799762279454717e-05 1.884727521335127e-19
5.682956278432327e-05 1.867060900921377e-19
5.685936328919181e-05 1.8789400277446612e-19
5.6889163794060363e-05 1.9410237583582814e-19
5.6918964298928915e-05 2.0375432168048893e-19
5.694876480379746e-05 1.8678584438692253e-19
5.697856530866601e-05 1.8676046236019355e-19
5.700836581353456e-05 2.0697542900297994e-19
5.7038166318403106e-05 1.9990714140192707e-19
5.7067966823271664e-05 1.9218352215996282e-19
5.709776732814021e-05 1.954047797734892e-19
5.712756783300875e-05 1.992721737645047e-19
5.715736833787731e-05 2.1074157646438812e-19
5.7187168842745855e-05 1.9687900953221224e-19
5.72169693476144e-05 1.877080753926333e-19
5.724676985248296e-05 2.1101426888281469e-19
5.72765703573515e-05 2.0684101834993625e-19
5.7306370862220054e-05 1.9593927148909325e-19
5.7336171367088605e-05 2.018891892572792e-19
5.736597187195715e-05 2.0302130196708829e-19
5.73957723768257e-05 2.1406657270454242e-19
5.742557288169425e-05 2.084723595578951e-19
5.7455373386562796e-05 1.927002337457184e-19
5.748517389143135e-05 2.0994962505962886e-19
5.75149743962999e-05 2.1763888859741606e-19
5.754477490116844e-05 2.0353662656455008e-19
5.7574575406036994e-05 2.0317502559096538e-19
5.7604375910905545e-05 2.0639678795035168e-19
5.763417641577409e-05 2.1437917062144605e-19
5.766397692064264e-05 2.1613423821547545e-19
5.769377742551119e-05 1.976065115164591e-19
5.7723577930379744e-05 2.0597572989260497e-19
5.775337843524829e-05 2.2284705061187696e-19
5.778317894011684e-05 2.0903531017840793e-19
5.781297944498539e-05 2.0561261115329778e-19
5.7842779949853935e-05 2.094542975314351e-19
5.7872580454722486e-05 2.1398445241683675e-19
5.790238095959104e-05 2.22058124169505e-19
5.793218146445958e-05 2.0319737256504137e-19
5.796198196932813e-05 2.0112837956231642e-19
5.7991782474196684e-05 2.2545115250700574e-19
5.802158297906523e-05 2.1560736627405474e-19
5.805138348393378e-05 2.040003606752283e-19
5.808118398880233e-05 2.108821253911354e-19
5.8110984493670876e-05 2.1327053254259844e-19
5.8140784998539434e-05 2.231229389541178e-19
5.817058550340798e-05 2.1261725380799415e-19
5.820038600827652e-05 1.982506605992819e-19
5.823018651314508e-05 2.21381798864399e-19
5.8259987018013625e-05 2.2346771415049793e-19
5.828978752288217e-05 2.0480356015927085e-19
5.831958802775073e-05 2.1026218071868265e-19
5.834938853261927e-05 2.1454622270982725e-19
5.8379189037487816e-05 2.19035912306282e-19
5.8408989542356374e-05 2.1634235930792138e-19
5.843879004722492e-05 1.9995378708277915e-19
5.846859055209347e-05 2.1559157102038313e-19
5.849839105696202e-05 2.281295827308076e-19
5.8528191561830566e-05 2.0668050450912555e-19
5.855799206669912e-05 2.0677995798305647e-19
5.858779257156767e-05 2.1669995638551097e-19
5.861759307643621e-05 2.1745390748610716e-19
5.864739358130477e-05 2.1778420235357443e-19
5.8677194086173315e-05 2.01467249526807e-19
5.870699459104186e-05 2.0732098386980044e-19
5.873679509591042e-05 2.2711628944665483e-19
5.876659560077896e-05 2.0951384339977797e-19
5.8796396105647506e-05 2.0233176365934062e-19
5.8826196610516064e-05 2.1393851368727956e-19
5.885599711538461e-05 2.1496702754030788e-19
5.8885797620253153e-05 2.182934734995812e-19
5.891559812512171e-05 2.042134318320747e-19
5.8945398629990256e-05 2.004045496335326e-19
5.89751991348588e-05 2.2435173466496977e-19
5.900499963972736e-05 2.1404026811933857e-19
5.90348001445959e-05 1.9871721038226173e-19
5.9064600649464454e-05 2.095696980282221e-19
5.9094401154333005e-05 2.1125349244607357e-19
5.912420165920155e-05 2.137680012384918e-19
5.91540021640701e-05 2.0630184833807367e-19
5.918380266893865e-05 1.9467531331204065e-19
5.9213603173807197e-05 2.1545081364690463e-19
5.924340367867575e-05 2.188435335197228e-19
5.92732041835443e-05 1.961158414216302e-19
5.9303004688412843e-05 2.0188471487079235e-19
5.9332805193281395e-05 2.1073937348977763e-19
5.9362605698149946e-05 2.101930099587993e-19
5.939240620301849e-05 2.0616630848737016e-19
5.942220670788704e-05 1.9128031397791316e-19
5.945200721275559e-05 2.0497921538070045e-19
5.9481807717624144e-05 2.171300572115092e-19
5.951160822249269e-05 1.9455733661081274e-19
5.954140872736124e-05 1.92908582396634e-19
5.957120923222979e-05 2.055426683413572e-19
5.9601009737098335e-05 2.0627147037298745e-19
5.963081024196689e-05 2.0350063152786352e-19
5.966061074683544e-05 1.9010043378199254e-19
5.969041125170398e-05 1.9416304257984778e-19
5.9720211756572534e-05 2.1280319452773668e-19
5.9750012261441085e-05 1.9668780701211576e-19
5.9779812766309636e-05 1.8391450569668908e-19
5.980961327117818e-05 1.9834747556233591e-19
5.983941377604673e-05 1.995676370849237e-19
5.986921428091528e-05 1.962846457018465e-19
5.989901478578383e-05 1.8700395924954343e-19
5.992881529065238e-05 1.8212269500235935e-19
5.995861579552093e-05 2.0261313422012104e-19
5.998841630038948e-05 1.9627956489783144e-19
6.0018216805258026e-05 1.765117272474855e-19
6.004801731012658e-05 1.88350545042249e-19
6.007781781499513e-05 1.9427230203531035e-19
6.010761831986367e-05 1.9010153723358946e-19
6.0137418824732224e-05 1.8200139912081012e-19
6.0167219329600775e-05 1.7308610976710514e-19
6.019701983446932e-05 1.909026371359114e-19
6.022682033933787e-05 1.9230231093135433e-19
6.025662084420642e-05 1.695817208545324e-19
6.0286421349074966e-05 1.7495201796070913e-19
6.031622185394352e-05 1.8533940387163828e-19
6.034602235881207e-05 1.8309951170535367e-19
6.037582286368061e-05 1.766219400919137e-19
6.040562336854917e-05 1.6585862235614182e-19
6.0435423873417716e-05 1.7721513126562465e-19
6.046522437828626e-05 1.8703330132968455e-19
6.049502488315482e-05 1.6470824150990116e-19
6.052482538802336e-05 1.614946557783349e-19
6.055462589289191e-05 1.7610589268337755e-19
6.0584426397760465e-05 1.723995736094142e-19
6.061422690262901e-05 1.6844178074569048e-19
6.0644027407497554e-05 1.5931283482510597e-19
6.067382791236611e-05 1.6132107148180703e-19
6.0703628417234656e-05 1.7798784091793605e-19
6.07334289221032e-05 1.605596770145898e-19
6.076322942697176e-05 1.4761532603047366e-19
6.07930299318403e-05 1.6563092481415243e-19
6.0822830436708854e-05 1.668370064383175e-19
6.0852630941577406e-05 1.5795386735599643e-19
6.088243144644596e-05 1.4998650269467532e-19
6.0912231951314495e-05 1.4789136805600132e-19
6.094203245618305e-05 1.6521244478605983e-19
6.0971832961051604e-05 1.5780738254010787e-19
6.100163346592014e-05 1.3688142443843128e-19
6.10314339707887e-05 1.5028786307349283e-19
6.106123447565725e-05 1.5783820700048939e-19
6.109103498052579e-05 1.4832320147496214e-19
6.112083548539434e-05 1.406303327519131e-19
6.11506359902629e-05 1.3571389414700325e-19
