0.0 -4.58360008056302e-20
2.9821664206642065e-08 -3.862909666897944e-20
5.964332841328413e-08 -5.0257456183810866e-20
8.94649926199262e-08 -5.349996192622587e-20
1.1928665682656826e-07 -3.388317185370779e-20
1.4910832103321035e-07 -4.082898775446779e-20
1.789299852398524e-07 -4.87070372192408e-20
2.0875164944649445e-07 -4.1074967361976885e-20
2.385733136531365e-07 -4.10255032139933e-20
2.6839497785977855e-07 -3.4010749495276604e-20
2.982166420664207e-07 -4.10151158696441e-20
3.2803830627306274e-07 -4.9898659345735316e-20
3.578599704797048e-07 -3.136992223397218e-20
3.8768163468634687e-07 -3.198281421167454e-20
4.175032988929889e-07 -4.489849093781195e-20
4.47324963099631e-07 -3.9714873649230944e-20
4.77146627306273e-07 -3.6362876978052874e-20
5.069682915129151e-07 -3.136031860767833e-20
5.367899557195571e-07 -3.270792866604731e-20
5.666116199261992e-07 -4.384507521686583e-20
5.964332841328414e-07 -3.300218611432787e-20
6.262549483394834e-07 -2.4266925888359988e-20
6.560766125461255e-07 -3.6761755020700956e-20
6.858982767527676e-07 -3.6983738668299935e-20
7.157199409594095e-07 -3.098937066053616e-20
7.455416051660516e-07 -2.800164815801053e-20
7.753632693726937e-07 -2.6232751584666588e-20
8.051849335793358e-07 -3.778402178652407e-20
8.350065977859778e-07 -3.481346724465976e-20
8.648282619926199e-07 -1.9240187896295464e-20
8.94649926199262e-07 -2.958801724569394e-20
9.244715904059041e-07 -3.3508969793354837e-20
9.54293254612546e-07 -2.5133805591379797e-20
9.841149188191882e-07 -2.573553627392046e-20
1.0139365830258302e-06 -1.9592265655625533e-20
1.0437582472324723e-06 -2.9516500293383477e-20
1.0735799114391142e-06 -3.574015969426313e-20
1.1034015756457565e-06 -1.4399489543249528e-20
1.1332232398523984e-06 -1.8973483388789963e-20
1.1630449040590405e-06 -3.243367725223353e-20
1.1928665682656828e-06 -2.5008387408139486e-20
1.2226882324723247e-06 -2.1197080366441535e-20
1.2525098966789668e-06 -1.4664682143653138e-20
1.2823315608856089e-06 -2.018258346875538e-20
1.312153225092251e-06 -3.162255683648928e-20
1.3419748892988928e-06 -1.3002913223785037e-20
1.3717965535055351e-06 -7.615608857787979e-21
1.401618217712177e-06 -2.4840111346288407e-20
1.431439881918819e-06 -2.0479218205689925e-20
1.4612615461254612e-06 -1.4312163772044837e-20
1.4910832103321033e-06 -1.0131547567459964e-20
1.5209048745387454e-06 -1.1127786617651977e-20
1.5507265387453875e-06 -2.705372268204412e-20
1.5805482029520296e-06 -1.2433901455279304e-20
1.6103698671586716e-06 1.743723428858693e-21
1.6401915313653137e-06 -1.6197845309568493e-20
1.6700131955719556e-06 -1.6819820140544016e-20
1.699834859778598e-06 -7.751592447069067e-21
1.7296565239852398e-06 -2.0241861445838986e-21
1.7594781881918819e-06 -1.5729180502418523e-21
1.789299852398524e-06 -1.6684080958969724e-20
1.8191215166051659e-06 -1.0258082910163715e-20
1.8489431808118082e-06 8.017729387243275e-21
1.8787648450184503e-06 -4.7526953146371455e-21
1.908586509225092e-06 -1.416535785670808e-20
1.9384081734317342e-06 -3.694398979025852e-21
1.9682298376383763e-06 3.936405307737501e-21
1.998051501845019e-06 7.059881038003332e-21
2.0278731660516605e-06 -7.51678986870392e-21
2.0576948302583026e-06 -8.674174976461008e-21
2.0875164944649447e-06 1.550581443574829e-20
2.1173381586715868e-06 6.973397505956354e-21
2.1471598228782284e-06 -7.483006787783645e-21
2.176981487084871e-06 2.899758170501993e-21
2.206803151291513e-06 8.443684062105647e-21
2.236624815498155e-06 1.296388318646575e-20
2.266446479704797e-06 3.861448172953332e-21
2.296268143911439e-06 -4.970421565551848e-21
2.326089808118081e-06 1.6614207832824376e-20
2.3559114723247235e-06 2.0761855459520882e-20
2.3857331365313656e-06 1.986741094862906e-21
2.4155548007380073e-06 5.6173325796503056e-21
2.4453764649446493e-06 1.748261561729995e-20
2.4751981291512914e-06 2.0193497840993645e-20
2.5050197933579335e-06 1.4892825280192782e-20
2.5348414575645756e-06 3.906909614228253e-21
2.5646631217712177e-06 1.7610796509542794e-20
2.59448478597786e-06 3.157470049669222e-20
2.624306450184502e-06 1.2337580110317098e-20
2.6541281143911436e-06 9.555006674946296e-21
2.6839497785977857e-06 2.256184811132829e-20
2.713771442804428e-06 2.572614411090474e-20
2.7435931070110703e-06 2.6998618451957118e-20
2.7734147712177123e-06 1.2374796384170708e-20
2.803236435424354e-06 1.7628376142768326e-20
2.833058099630996e-06 4.198584792721059e-20
2.862879763837638e-06 2.5654596119011996e-20
2.8927014280442807e-06 1.3118107178161772e-20
2.9225230922509224e-06 3.012015686581342e-20
2.9523447564575645e-06 3.4606483614736006e-20
2.9821664206642066e-06 3.3002845176970386e-20
3.0119880848708487e-06 2.3002454472308438e-20
3.0418097490774907e-06 2.0247599913610644e-20
3.071631413284133e-06 4.38838792776767e-20
3.101453077490775e-06 3.914446444977605e-20
3.131274741697417e-06 1.960535265804558e-20
3.161096405904059e-06 3.2275188818779024e-20
3.1909180701107008e-06 4.359333965210063e-20
3.2207397343173433e-06 4.1435359122714204e-20
3.2505613985239854e-06 3.174927704362833e-20
3.2803830627306275e-06 2.715508607703113e-20
3.310204726937269e-06 4.723306384873466e-20
3.3400263911439112e-06 4.9638673019940036e-20
3.3698480553505533e-06 2.7017321315211598e-20
3.399669719557196e-06 3.3415203092757195e-20
3.4294913837638375e-06 4.921032322129463e-20
3.4593130479704796e-06 4.6514980243502017e-20
3.4891347121771217e-06 4.2309018022106497e-20
3.5189563763837638e-06 3.367211943396846e-20
3.548778040590406e-06 4.592835446287241e-20
3.578599704797048e-06 6.220544593900627e-20
3.6084213690036896e-06 3.820610305293883e-20
3.6382430332103317e-06 3.485889995068586e-20
3.6680646974169747e-06 5.587777787266763e-20
3.6978863616236163e-06 5.333077475765563e-20
3.7277080258302584e-06 4.834029950915428e-20
3.7575296900369005e-06 4.0890914456072936e-20
3.7873513542435426e-06 4.745428159625161e-20
3.817173018450184e-06 6.783103830205376e-20
3.846994682656826e-06 5.041603708161462e-20
3.8768163468634684e-06 3.724107527397988e-20
3.9066380110701105e-06 5.881649992281246e-20
3.936459675276753e-06 6.25906056871717e-20
3.966281339483395e-06 5.665117641499787e-20
3.996103003690038e-06 4.929680338283867e-20
4.025924667896679e-06 4.7733839436306534e-20
4.055746332103321e-06 7.056297287678859e-20
4.085567996309963e-06 6.188245214189206e-20
4.115389660516605e-06 4.018699201334771e-20
4.145211324723247e-06 5.970080234813823e-20
4.175032988929889e-06 6.97112710662026e-20
4.2048546531365314e-06 6.078063531206363e-20
4.2346763173431735e-06 5.556991700513944e-20
4.264497981549816e-06 5.223088540700828e-20
4.294319645756457e-06 7.031346491156131e-20
4.324141309963099e-06 7.290610043790157e-20
4.353962974169742e-06 4.753061215464567e-20
4.383784638376384e-06 5.849581098405685e-20
4.413606302583026e-06 7.608468465078596e-20
4.443427966789668e-06 6.572740642812702e-20
4.47324963099631e-06 6.062685151815294e-20
4.503071295202952e-06 5.778077164547882e-20
4.532892959409594e-06 7.079553946822646e-20
4.562714623616236e-06 8.180923640472481e-20
4.592536287822878e-06 5.732054450076869e-20
4.62235795202952e-06 5.701057232062023e-20
4.652179616236162e-06 8.123330652514596e-20
4.682001280442804e-06 7.664458143598365e-20
4.711822944649447e-06 6.645626471402198e-20
4.741644608856089e-06 6.420815226897312e-20
4.771466273062731e-06 7.107364912121694e-20
4.801287937269372e-06 8.688108137809771e-20
4.8311096014760145e-06 7.045432041871308e-20
4.860931265682657e-06 5.744824216540676e-20
4.890752929889299e-06 8.39412671386568e-20
4.920574594095941e-06 8.515370104611238e-20
4.950396258302583e-06 7.08179238481054e-20
4.980217922509225e-06 7.20815698494017e-20
5.010039586715867e-06 7.536548224397177e-20
5.039861250922509e-06 9.068390987682877e-20
5.069682915129151e-06 8.337254904552563e-20
5.099504579335793e-06 6.395874362069094e-20
5.129326243542435e-06 8.441322740094327e-20
5.1591479077490775e-06 9.484924705083187e-20
5.18896957195572e-06 7.946904272333742e-20
5.218791236162362e-06 7.758925378810749e-20
5.248612900369004e-06 8.072518030151253e-20
5.278434564575646e-06 9.264230287065321e-20
5.308256228782287e-06 9.501793469682078e-20
5.338077892988929e-06 7.407091350918874e-20
5.367899557195571e-06 8.41977981654963e-20
5.397721221402214e-06 1.0367298499353966e-19
5.427542885608856e-06 8.967943909157475e-20
5.4573645498154984e-06 8.366794003799975e-20
5.4871862140221405e-06 8.920459503482165e-20
5.517007878228783e-06 9.766996842391912e-20
5.546829542435425e-06 1.0436405391039206e-19
5.576651206642066e-06 8.424681114443783e-20
5.606472870848708e-06 8.527396559504643e-20
5.63629453505535e-06 1.103612363087428e-19
5.666116199261992e-06 1.0104561847363972e-19
5.695937863468634e-06 9.102339374005143e-20
5.725759527675276e-06 9.655932499249924e-20
5.755581191881919e-06 1.014037505219098e-19
5.7854028560885614e-06 1.1265644583338641e-19
5.815224520295203e-06 9.854929300354141e-20
5.845046184501845e-06 8.882516462271724e-20
5.874867848708487e-06 1.150368819214256e-19
5.904689512915129e-06 1.1216199338894801e-19
5.934511177121771e-06 9.62623553328678e-20
5.964332841328413e-06 1.0339903908988366e-19
5.994154505535055e-06 1.074897645731759e-19
6.023976169741697e-06 1.1722367812781183e-19
6.053797833948339e-06 1.1086033356347245e-19
6.0836194981549815e-06 9.437530795941397e-20
6.113441162361624e-06 1.1537781640821438e-19
6.143262826568266e-06 1.2361019946630098e-19
6.173084490774908e-06 1.0427848729754391e-19
6.20290615498155e-06 1.0802099204108473e-19
6.232727819188192e-06 1.1604747383413394e-19
6.262549483394834e-06 1.180382110483603e-19
6.292371147601476e-06 1.19799452816028e-19
6.322192811808118e-06 1.055790214376663e-19
6.3520144760147595e-06 1.1213870267148187e-19
6.3818361402214016e-06 1.3231298049658453e-19
6.411657804428044e-06 1.1571549375692613e-19
6.441479468634687e-06 1.0917794544934828e-19
6.471301132841329e-06 1.2240141569214709e-19
6.501122797047971e-06 1.230936024969016e-19
6.530944461254613e-06 1.2692884560337874e-19
6.560766125461255e-06 1.1493460249651036e-19
6.590587789667896e-06 1.1304347166311624e-19
6.620409453874538e-06 1.3544002221547375e-19
6.65023111808118e-06 1.2466676477232656e-19
6.6800527822878225e-06 1.1465581004976192e-19
6.7098744464944646e-06 1.244011770933716e-19
6.739696110701107e-06 1.2559055684318718e-19
6.76951777490775e-06 1.3118296574579562e-19
6.799339439114392e-06 1.236582037255257e-19
6.829161103321034e-06 1.160127862416208e-19
6.858982767527675e-06 1.3548183773614583e-19
6.888804431734317e-06 1.3460994530007259e-19
6.918626095940959e-06 1.1741242718504026e-19
6.948447760147601e-06 1.2649879976648815e-19
6.978269424354243e-06 1.3312324188765649e-19
7.0080910885608855e-06 1.3213165893771652e-19
7.0379127527675276e-06 1.307683060239049e-19
7.06773441697417e-06 1.198024737420965e-19
7.097556081180812e-06 1.3312094919617205e-19
7.127377745387454e-06 1.4266841960054838e-19
7.157199409594096e-06 1.2323794080068153e-19
7.187021073800738e-06 1.2753531555351288e-19
7.216842738007379e-06 1.3700426297897728e-19
7.246664402214021e-06 1.3541516689883457e-19
7.2764860664206634e-06 1.3646248941047047e-19
7.306307730627307e-06 1.2470104995754033e-19
7.336129394833949e-06 1.323994133250519e-19
7.3659510590405906e-06 1.476494654169888e-19
7.395772723247233e-06 1.2936709179950094e-19
7.425594387453875e-06 1.2636443698681792e-19
7.455416051660517e-06 1.3937569390642512e-19
7.485237715867159e-06 1.3627624548448922e-19
7.515059380073801e-06 1.3891395403605258e-19
7.544881044280443e-06 1.3158164929789197e-19
7.574702708487085e-06 1.2900524557943853e-19
7.604524372693727e-06 1.4852088198389873e-19
7.634346036900369e-06 1.392649598619201e-19
7.66416770110701e-06 1.2720357768663867e-19
7.693989365313653e-06 1.397219653769146e-19
7.723811029520295e-06 1.4012290842193766e-19
7.753632693726937e-06 1.3835129509689053e-19
7.783454357933579e-06 1.3646998316347e-19
7.813276022140221e-06 1.3108906685288225e-19
7.843097686346863e-06 1.4455995697302646e-19
7.872919350553505e-06 1.4619651245381487e-19
7.902741014760147e-06 1.2921517771250424e-19
7.93256267896679e-06 1.3800335308624678e-19
7.962384343173432e-06 1.4419807424077743e-19
7.992206007380075e-06 1.3831332165061586e-19
8.022027671586716e-06 1.417490812658449e-19
8.051849335793358e-06 1.3288634389016452e-19
8.081671e-06 1.3908380469372621e-19
8.111492664206642e-06 1.4892278576378245e-19
8.141314328413284e-06 1.3169246141947162e-19
8.171135992619926e-06 1.347477249165814e-19
8.200957656826568e-06 1.4475519273721328e-19
8.23077932103321e-06 1.38634001663887e-19
8.260600985239852e-06 1.3984380937252294e-19
8.290422649446495e-06 1.361899009690278e-19
8.320244313653137e-06 1.3636595897149976e-19
8.350065977859779e-06 1.4741001693871912e-19
8.37988764206642e-06 1.3787777481787024e-19
8.409709306273063e-06 1.3177300339412516e-19
8.439530970479705e-06 1.4388623332832753e-19
8.469352634686347e-06 1.399614696665076e-19
8.49917429889299e-06 1.3783994673616103e-19
8.528995963099631e-06 1.384730970240597e-19
8.558817627306272e-06 1.3342167705163934e-19
8.588639291512914e-06 1.4413377204968555e-19
8.618460955719556e-06 1.4065327043026707e-19
8.648282619926198e-06 1.3031544803596524e-19
8.678104284132842e-06 1.4083255508942553e-19
8.707925948339484e-06 1.4054037723764144e-19
8.737747612546126e-06 1.370877795431774e-19
8.767569276752768e-06 1.3898478553876136e-19
8.79739094095941e-06 1.3203896400964134e-19
8.827212605166052e-06 1.3818349995339527e-19
8.857034269372694e-06 1.4214900337764861e-19
8.886855933579336e-06 1.2960754412629272e-19
8.916677597785978e-06 1.3444555772795294e-19
8.94649926199262e-06 1.395641503687137e-19
8.976320926199263e-06 1.3331498197962095e-19
9.006142590405905e-06 1.3590661476228244e-19
9.035964254612547e-06 1.3210551978480317e-19
9.065785918819187e-06 1.338572492631319e-19
9.09560758302583e-06 1.418736014824407e-19
9.125429247232471e-06 1.303747939232657e-19
9.155250911439113e-06 1.2951217325712491e-19
9.185072575645756e-06 1.3784203326478758e-19
9.214894239852398e-06 1.308051050347566e-19
9.24471590405904e-06 1.315264781194668e-19
9.274537568265682e-06 1.312383227881793e-19
9.304359232472324e-06 1.2644715334228167e-19
9.334180896678966e-06 1.3469453117329579e-19
9.364002560885608e-06 1.308164938060219e-19
9.393824225092252e-06 1.2358402247161645e-19
9.423645889298894e-06 1.3231873082486334e-19
9.453467553505536e-06 1.2992262810265497e-19
9.483289217712178e-06 1.2575912202407347e-19
9.51311088191882e-06 1.2756022564386356e-19
9.542932546125462e-06 1.2212316787648205e-19
9.572754210332103e-06 1.2826680509157117e-19
9.602575874538745e-06 1.2771431839107233e-19
9.632397538745387e-06 1.1713586982398368e-19
9.662219202952029e-06 1.251722648487981e-19
9.692040867158671e-06 1.2430086414624595e-19
9.721862531365313e-06 1.196476812294265e-19
9.751684195571955e-06 1.2225343967826873e-19
9.781505859778597e-06 1.1683015315191706e-19
9.81132752398524e-06 1.2072395186516638e-19
9.841149188191882e-06 1.2209241788933071e-19
9.870970852398524e-06 1.1318072725113372e-19
9.900792516605166e-06 1.1478130705375612e-19
9.930614180811808e-06 1.170273779836672e-19
9.96043584501845e-06 1.1247373903349183e-19
9.990257509225092e-06 1.1396293453583203e-19
1.0020079173431734e-05 1.1072830020815873e-19
1.0049900837638376e-05 1.0691669919884159e-19
1.0079722501845018e-05 1.1446005913077155e-19
1.010954416605166e-05 1.0682973591471442e-19
1.0139365830258302e-05 1.0185550138510145e-19
1.0169187494464945e-05 1.097610356226197e-19
1.0199009158671587e-05 1.0361024309107281e-19
1.0228830822878229e-05 1.0291079142516532e-19
1.025865248708487e-05 1.0234816772311997e-19
1.0288474151291513e-05 9.529244798100722e-20
1.0318295815498155e-05 1.0154162445174317e-19
1.0348117479704797e-05 9.78964370069661e-20
1.037793914391144e-05 8.951741745472776e-20
1.0407760808118081e-05 9.61304637155053e-20
1.0437582472324723e-05 9.227559115540399e-20
1.0467404136531365e-05 8.885244682071048e-20
1.0497225800738008e-05 9.215712953209865e-20
1.052704746494465e-05 8.426971511613595e-20
1.0556869129151292e-05 8.620036562756206e-20
1.0586690793357934e-05 8.790129208424564e-20
1.0616512457564574e-05 7.866745798675352e-20
1.0646334121771216e-05 8.021181716468006e-20
1.0676155785977858e-05 7.962436183954541e-20
1.07059774501845e-05 7.553481426612275e-20
1.0735799114391143e-05 7.654721683123244e-20
1.0765620778597786e-05 6.909744652384141e-20
1.0795442442804428e-05 6.886212538044897e-20
1.082526410701107e-05 7.52756708179312e-20
1.0855085771217713e-05 6.59205400163218e-20
1.0884907435424355e-05 6.349918408316633e-20
1.0914729099630997e-05 6.696520153925538e-20
1.0944550763837639e-05 6.006163563643286e-20
1.0974372428044281e-05 6.099327958154838e-20
1.1004194092250923e-05 5.782206746441418e-20
1.1034015756457565e-05 5.0916956693176316e-20
1.1063837420664207e-05 5.784663468688788e-20
1.109365908487085e-05 5.247850432935183e-20
1.112348074907749e-05 4.348354827890047e-20
1.1153302413284132e-05 4.915981846168334e-20
1.1183124077490774e-05 4.538918281796975e-20
1.1212945741697416e-05 4.3124386441935316e-20
1.1242767405904058e-05 4.3675258153236194e-20
1.12725890701107e-05 3.378593739831613e-20
1.1302410734317342e-05 3.9220957709433106e-20
1.1332232398523984e-05 4.0713890133757026e-20
1.1362054062730627e-05 2.8264346468294564e-20
1.1391875726937269e-05 3.073976746162426e-20
1.142169739114391e-05 2.927520428890366e-20
1.1451519055350553e-05 2.5801439474156724e-20
1.1481340719557197e-05 2.5069059870326093e-20
1.1511162383763839e-05 1.632333179413149e-20
1.154098404797048e-05 2.0890643177134173e-20
1.1570805712177123e-05 2.226966094498683e-20
1.1600627376383765e-05 1.057908771215675e-20
1.1630449040590405e-05 1.2341377563167406e-20
1.1660270704797047e-05 1.3219542533336377e-20
1.169009236900369e-05 8.302700935885421e-21
1.1719914033210332e-05 8.824782142659337e-21
1.1749735697416974e-05 1.2960105174016037e-21
1.1779557361623616e-05 -6.095270989973272e-22
1.1809379025830258e-05 4.662814909044457e-21
1.18392006900369e-05 -4.7542683271017756e-21
1.1869022354243542e-05 -8.59310741421625e-21
1.1898844018450184e-05 -4.977397252379469e-21
1.1928665682656826e-05 -9.859907641593317e-21
1.1958487346863468e-05 -1.0278514865978513e-20
1.198830901107011e-05 -1.5421565039268416e-20
1.2018130675276753e-05 -2.0640274039191178e-20
1.2047952339483395e-05 -1.2557491447996373e-20
1.2077774003690037e-05 -2.0273069902898027e-20
1.2107595667896679e-05 -2.95817819833434e-20
1.2137417332103321e-05 -2.362947324861322e-20
1.2167238996309963e-05 -2.892914348557977e-20
1.2197060660516605e-05 -3.1835183426050393e-20
1.2226882324723247e-05 -3.230877129639328e-20
1.225670398892989e-05 -4.086003261844352e-20
1.2286525653136531e-05 -3.687699118013133e-20
1.2316347317343173e-05 -3.685669487014532e-20
1.2346168981549816e-05 -4.712304983702375e-20
1.2375990645756458e-05 -4.581610085796172e-20
1.24058123099631e-05 -4.6265417551412275e-20
1.2435633974169742e-05 -5.0908966829860853e-20
1.2465455638376384e-05 -5.2147356379570125e-20
1.2495277302583026e-05 -6.101172472256731e-20
1.2525098966789668e-05 -5.91746377109038e-20
1.255492063099631e-05 -5.3597497884503284e-20
1.2584742295202952e-05 -6.86892153663529e-20
1.2614563959409594e-05 -6.951034744356199e-20
1.2644385623616236e-05 -6.323051483656515e-20
1.2674207287822877e-05 -7.209152809157128e-20
1.2704028952029519e-05 -7.254843892258748e-20
1.2733850616236161e-05 -7.751737054534463e-20
1.2763672280442803e-05 -8.13599074004858e-20
1.2793493944649445e-05 -7.469427096888757e-20
1.2823315608856087e-05 -8.464443885157092e-20
1.2853137273062731e-05 -9.09538932078908e-20
1.2882958937269373e-05 -8.60275201026248e-20
1.2912780601476015e-05 -9.251828450380098e-20
1.2942602265682657e-05 -9.477241185215561e-20
1.29724239298893e-05 -9.518166989881419e-20
1.3002245594095942e-05 -1.0297709853512239e-19
1.3032067258302584e-05 -9.871723698427758e-20
1.3061888922509226e-05 -1.0044586065459216e-19
1.3091710586715868e-05 -1.1122176713518255e-19
1.312153225092251e-05 -1.079066728270055e-19
1.3151353915129152e-05 -1.095759674117459e-19
1.3181175579335792e-05 -1.1532648375607908e-19
1.3210997243542434e-05 -1.155465151507061e-19
1.3240818907749077e-05 -1.2145325048070967e-19
1.3270640571955719e-05 -1.2168036050098946e-19
1.330046223616236e-05 -1.2092983895884485e-19
1.3330283900369003e-05 -1.3104572227075309e-19
1.3360105564575645e-05 -1.3091284076356136e-19
1.3389927228782287e-05 -1.2874075119172696e-19
1.3419748892988929e-05 -1.3490266806204844e-19
1.3449570557195571e-05 -1.347698975248887e-19
1.3479392221402213e-05 -1.4079154659186578e-19
1.3509213885608855e-05 -1.428264050984156e-19
1.35390355498155e-05 -1.3878143355857823e-19
1.3568857214022141e-05 -1.5025374181099463e-19
1.3598678878228783e-05 -1.523207618691589e-19
1.3628500542435425e-05 -1.483264882985926e-19
1.3658322206642068e-05 -1.5572572575130557e-19
1.3688143870848708e-05 -1.5630484342788974e-19
1.371796553505535e-05 -1.6048796210794663e-19
1.3747787199261992e-05 -1.650060120408349e-19
1.3777608863468634e-05 -1.5906054916712156e-19
1.3807430527675276e-05 -1.6703956848185583e-19
1.3837252191881918e-05 -1.7320055267049692e-19
1.386707385608856e-05 -1.6714088934075092e-19
1.3896895520295203e-05 -1.7222634833507262e-19
1.3926717184501845e-05 -1.7688604049409808e-19
1.3956538848708487e-05 -1.795375046359114e-19
1.3986360512915129e-05 -1.832609674527181e-19
1.4016182177121771e-05 -1.8067021962695005e-19
1.4046003841328413e-05 -1.861127925196125e-19
1.4075825505535055e-05 -1.9331924968113175e-19
1.4105647169741697e-05 -1.8978272674734102e-19
1.413546883394834e-05 -1.9051985214048353e-19
1.4165290498154981e-05 -1.9677661832096298e-19
1.4195112162361623e-05 -1.9712156797317754e-19
1.4224933826568264e-05 -2.0150807373466438e-19
1.4254755490774908e-05 -2.0261529384412912e-19
1.428457715498155e-05 -1.9984422814446678e-19
1.4314398819188192e-05 -2.1145097058994682e-19
1.4344220483394834e-05 -2.1148091221384896e-19
1.4374042147601476e-05 -2.083932309187677e-19
1.4403863811808118e-05 -2.1687186344389887e-19
1.4433685476014759e-05 -2.1513386112030605e-19
1.4463507140221402e-05 -2.196828586925448e-19
1.4493328804428043e-05 -2.2301344529034283e-19
1.4523150468634686e-05 -2.18632208675827e-19
1.4552972132841327e-05 -2.269280223231129e-19
1.458279379704797e-05 -2.2874336565874586e-19
1.4612615461254614e-05 -2.2479724319769435e-19
1.4642437125461255e-05 -2.315794193561767e-19
1.4672258789667899e-05 -2.332115869182454e-19
1.4702080453874539e-05 -2.3504610903056077e-19
1.4731902118081181e-05 -2.398527530018137e-19
1.4761723782287822e-05 -2.3671065918322795e-19
1.4791545446494465e-05 -2.4108882114998644e-19
1.4821367110701106e-05 -2.4598700398128317e-19
1.485118877490775e-05 -2.421590976359644e-19
1.488101043911439e-05 -2.458127122053618e-19
1.4910832103321034e-05 -2.4910615236659556e-19
1.4940653767527674e-05 -2.491811937735964e-19
1.4970475431734318e-05 -2.5373350432866637e-19
1.5000297095940958e-05 -2.5165315361473766e-19
1.5030118760147602e-05 -2.519246322797918e-19
1.5059940424354242e-05 -2.604606110203401e-19
1.5089762088560886e-05 -2.5739650558606553e-19
1.5119583752767527e-05 -2.5800224384933396e-19
1.514940541697417e-05 -2.637288925515323e-19
1.517922708118081e-05 -2.6043246999544754e-19
1.5209048745387455e-05 -2.6681669358505846e-19
1.5238870409594095e-05 -2.6563209547173937e-19
1.5268692073800737e-05 -2.617707497499651e-19
1.529851373800738e-05 -2.7229642369709298e-19
1.532833540221402e-05 -2.685412558047003e-19
1.5358157066420665e-05 -2.6720566428258796e-19
1.5387978730627305e-05 -2.7337276436627084e-19
1.541780039483395e-05 -2.7002850539319704e-19
1.544762205904059e-05 -2.7550974913213013e-19
1.5477443723247233e-05 -2.770717862662895e-19
1.5507265387453874e-05 -2.717316168338526e-19
1.5537087051660518e-05 -2.776226835610794e-19
1.5566908715867158e-05 -2.798668879536749e-19
1.5596730380073802e-05 -2.757280326168045e-19
1.5626552044280442e-05 -2.7852776127827665e-19
1.5656373708487086e-05 -2.79542315008631e-19
1.5686195372693726e-05 -2.7864316086981913e-19
1.571601703690037e-05 -2.8287927180310024e-19
1.574583870110701e-05 -2.7854933716614805e-19
1.5775660365313654e-05 -2.8080197723553715e-19
1.5805482029520295e-05 -2.874947976002448e-19
1.583530369372694e-05 -2.804519714294848e-19
1.586512535793358e-05 -2.837989119045198e-19
1.5894947022140223e-05 -2.85537152514607e-19
1.5924768686346863e-05 -2.8217181495952985e-19
1.5954590350553507e-05 -2.885237446914169e-19
1.598441201476015e-05 -2.834899648153802e-19
1.601423367896679e-05 -2.8182747557993455e-19
1.604405534317343e-05 -2.8937889260258103e-19
1.6073877007380072e-05 -2.843305383733894e-19
1.6103698671586716e-05 -2.851124563748018e-19
1.6133520335793356e-05 -2.8876511384512704e-19
1.6163342e-05 -2.8425801957428615e-19
1.619316366420664e-05 -2.9008806432413218e-19
1.6222985328413284e-05 -2.888676059581769e-19
1.6252806992619924e-05 -2.8211014726894e-19
1.6282628656826568e-05 -2.9131852175954003e-19
1.631245032103321e-05 -2.8988811130770435e-19
1.6342271985239852e-05 -2.8422599802989954e-19
1.6372093649446493e-05 -2.9055190065412532e-19
1.6401915313653137e-05 -2.857365268044296e-19
1.6431736977859777e-05 -2.863761318965134e-19
1.646155864206642e-05 -2.9171609442190394e-19
1.649138030627306e-05 -2.825792549050229e-19
1.6521201970479705e-05 -2.874202087313786e-19
1.6551023634686345e-05 -2.917121244942247e-19
1.658084529889299e-05 -2.8248686128211917e-19
1.661066696309963e-05 -2.874407297460785e-19
1.6640488627306273e-05 -2.876036917060907e-19
1.6670310291512917e-05 -2.844178022430137e-19
1.6700131955719557e-05 -2.8932655908696874e-19
1.67299536199262e-05 -2.827121106018223e-19
1.675977528413284e-05 -2.830913968537227e-19
1.6789596948339485e-05 -2.895141168448067e-19
1.6819418612546126e-05 -2.8157829003362454e-19
1.684924027675277e-05 -2.8172380873726646e-19
1.687906194095941e-05 -2.8613138853241796e-19
1.6908883605166054e-05 -2.800888840023165e-19
1.6938705269372694e-05 -2.84181836962386e-19
1.6968526933579338e-05 -2.829191863228621e-19
1.699834859778598e-05 -2.7591570864765325e-19
1.7028170261992622e-05 -2.8511350232156404e-19
1.7057991926199263e-05 -2.8136570815921386e-19
1.7087813590405903e-05 -2.7445893539904003e-19
1.7117635254612543e-05 -2.796116218162348e-19
1.7147456918819187e-05 -2.7629068137886885e-19
1.7177278583025827e-05 -2.77271733947308e-19
1.720710024723247e-05 -2.778418131616531e-19
1.723692191143911e-05 -2.699103296533315e-19
1.7266743575645755e-05 -2.7444459053678855e-19
1.7296565239852396e-05 -2.7743185665854075e-19
1.732638690405904e-05 -2.693871256263005e-19
1.7356208568265683e-05 -2.7212027854403467e-19
1.7386030232472324e-05 -2.710868161393827e-19
1.7415851896678968e-05 -2.6639241131522535e-19
1.7445673560885608e-05 -2.7094771158872657e-19
1.7475495225092252e-05 -2.6450416520321364e-19
1.7505316889298892e-05 -2.6399209679400123e-19
1.7535138553505536e-05 -2.696739652211086e-19
1.7564960217712176e-05 -2.610134191877015e-19
1.759478188191882e-05 -2.5975592196392474e-19
1.762460354612546e-05 -2.609216423645381e-19
1.7654425210332104e-05 -2.5871044415408413e-19
1.7684246874538745e-05 -2.6222729295245615e-19
1.771406853874539e-05 -2.5543277988983594e-19
1.774389020295203e-05 -2.5228552068394483e-19
1.7773711867158673e-05 -2.596739020886689e-19
1.7803533531365313e-05 -2.5075327325481627e-19
1.7833355195571957e-05 -2.470779250287229e-19
1.7863176859778597e-05 -2.535924398913756e-19
1.789299852398524e-05 -2.4508672832626933e-19
1.792282018819188e-05 -2.4609309063563703e-19
1.7952641852398525e-05 -2.4827766326210677e-19
1.7982463516605166e-05 -2.3778213626959973e-19
1.801228518081181e-05 -2.437660896089002e-19
1.804210684501845e-05 -2.426956820095986e-19
1.8071928509225094e-05 -2.3349814195347866e-19
1.8101750173431734e-05 -2.3928112396270806e-19
1.8131571837638374e-05 -2.345479300009511e-19
1.8161393501845018e-05 -2.3288971705130585e-19
1.819121516605166e-05 -2.3499828898896976e-19
1.8221036830258302e-05 -2.2457289282294296e-19
1.8250858494464943e-05 -2.270331575444834e-19
1.8280680158671587e-05 -2.2840786846450203e-19
1.8310501822878227e-05 -2.1984885179985957e-19
1.834032348708487e-05 -2.219711556099912e-19
1.837014515129151e-05 -2.217973079531551e-19
1.8399966815498155e-05 -2.1646671945189598e-19
1.8429788479704795e-05 -2.1795697725587733e-19
1.845961014391144e-05 -2.1372150394281828e-19
1.848943180811808e-05 -2.1056294254533927e-19
1.8519253472324723e-05 -2.1428697229381136e-19
1.8549075136531364e-05 -2.0573178353638928e-19
1.8578896800738007e-05 -2.033798506883876e-19
1.8608718464944648e-05 -2.0684102789189561e-19
1.863854012915129e-05 -1.9862804887786664e-19
1.8668361793357932e-05 -1.9932456757681876e-19
1.8698183457564576e-05 -1.9679681078277288e-19
1.8728005121771216e-05 -1.904922529847227e-19
1.875782678597786e-05 -1.9609604038335158e-19
1.8787648450184504e-05 -1.9037073647467555e-19
1.8817470114391144e-05 -1.8501357196804066e-19
1.8847291778597788e-05 -1.8825483201049666e-19
1.887711344280443e-05 -1.8220939069091728e-19
1.8906935107011072e-05 -1.7965971696648816e-19
1.8936756771217713e-05 -1.777938534952216e-19
1.8966578435424356e-05 -1.7197817277108337e-19
1.8996400099630997e-05 -1.7438538915058377e-19
1.902622176383764e-05 -1.7126902326193372e-19
1.905604342804428e-05 -1.6406381711193522e-19
1.9085865092250925e-05 -1.6552878292918569e-19
1.9115686756457565e-05 -1.6196365834389652e-19
1.9145508420664206e-05 -1.58227561297306e-19
1.9175330084870846e-05 -1.5979385784046187e-19
1.920515174907749e-05 -1.5254638502800286e-19
1.923497341328413e-05 -1.5103445307934594e-19
1.9264795077490774e-05 -1.5340865156382155e-19
1.9294616741697414e-05 -1.4356185722969904e-19
1.9324438405904058e-05 -1.426043089646085e-19
1.93542600701107e-05 -1.4279730849420574e-19
1.9384081734317342e-05 -1.3447409915234943e-19
1.9413903398523983e-05 -1.3563836648653985e-19
1.9443725062730626e-05 -1.326869259276147e-19
1.947354672693727e-05 -1.2617884237187885e-19
1.950336839114391e-05 -1.2923351630496463e-19
1.9533190055350554e-05 -1.2442913427263392e-19
1.9563011719557195e-05 -1.196699872059854e-19
1.959283338376384e-05 -1.219805023200994e-19
1.962265504797048e-05 -1.143759024363482e-19
1.9652476712177123e-05 -1.1139543426615274e-19
1.9682298376383763e-05 -1.1062770392163477e-19
1.9712120040590407e-05 -1.0349211524441242e-19
1.9741941704797047e-05 -1.0517748510196529e-19
1.977176336900369e-05 -1.0149160103770899e-19
1.980158503321033e-05 -9.501236110738689e-20
1.9831406697416975e-05 -9.69819537778601e-20
1.9861228361623616e-05 -9.006598646749832e-20
1.989105002583026e-05 -8.712417705360102e-20
1.99208716900369e-05 -8.955333051311219e-20
1.9950693354243544e-05 -8.070686852206678e-20
1.9980515018450184e-05 -7.946975336081768e-20
2.0010336682656828e-05 -8.041172531578175e-20
2.0040158346863468e-05 -7.219178630844238e-20
2.0069980011070112e-05 -7.172954145313267e-20
2.0099801675276752e-05 -6.803740267076087e-20
2.0129623339483396e-05 -6.222489350399856e-20
2.0159445003690037e-05 -6.522342701801188e-20
2.0189266667896677e-05 -5.849772357435624e-20
2.021908833210332e-05 -5.497078291935869e-20
2.024890999630996e-05 -5.777995702736117e-20
2.0278731660516605e-05 -4.995013917473606e-20
2.0308553324723245e-05 -4.7884450076961004e-20
2.033837498892989e-05 -4.655810860087792e-20
2.036819665313653e-05 -4.063497773399588e-20
2.0398018317343173e-05 -4.196615297861014e-20
2.0427839981549814e-05 -3.731468099073179e-20
2.0457661645756458e-05 -3.081774813251578e-20
2.0487483309963098e-05 -3.232744587286481e-20
2.051730497416974e-05 -2.854630558252187e-20
2.0547126638376382e-05 -2.4806448087554148e-20
2.0576948302583026e-05 -2.44686688058311e-20
2.0606769966789666e-05 -1.8130892140541592e-20
2.063659163099631e-05 -1.7294483392611482e-20
2.066641329520295e-05 -1.7444691628118636e-20
2.0696234959409594e-05 -9.076783993430957e-21
2.0726056623616235e-05 -8.217571925777833e-21
2.075587828782288e-05 -8.499599847530997e-21
2.078569995202952e-05 -2.7981751467466775e-21
2.0815521616236163e-05 -5.238743133442816e-22
2.0845343280442806e-05 4.674099148835601e-21
2.0875164944649447e-05 7.183249287883063e-21
2.090498660885609e-05 4.098416520049502e-21
2.093480827306273e-05 1.1786023925493415e-20
2.0964629937269375e-05 1.647489435296048e-20
2.0994451601476015e-05 1.35637815128909e-20
2.102427326568266e-05 1.9042573624088727e-20
2.10540949298893e-05 2.1224609115739835e-20
2.1083916594095943e-05 2.5046845677012914e-20
2.1113738258302584e-05 3.077591941249625e-20
2.1143559922509227e-05 2.7060921541584244e-20
2.1173381586715868e-05 3.294278244814559e-20
2.1203203250922508e-05 3.975301536469426e-20
2.123302491512915e-05 3.7053524420046236e-20
2.1262846579335792e-05 4.1035011573172177e-20
2.1292668243542433e-05 4.379618390644395e-20
2.1322489907749076e-05 4.673975944961472e-20
2.1352311571955717e-05 5.3262159533394153e-20
2.138213323616236e-05 4.8627534303639324e-20
2.1411954900369e-05 5.1771194370805475e-20
2.1441776564575645e-05 6.39877399846739e-20
2.1471598228782285e-05 6.036013038144969e-20
2.150141989298893e-05 6.034991580790469e-20
2.1531241557195573e-05 6.833063741191952e-20
2.1561063221402213e-05 7.126483041565579e-20
2.1590884885608857e-05 7.499193129081613e-20
2.1620706549815497e-05 7.275136547267368e-20
2.165052821402214e-05 7.448947072395481e-20
2.168034987822878e-05 8.57502333312159e-20
2.1710171542435425e-05 8.457110544333162e-20
2.1739993206642066e-05 8.135228979426006e-20
2.176981487084871e-05 8.965998435781612e-20
2.179963653505535e-05 9.389923318353343e-20
2.1829458199261994e-05 9.6348998793288e-20
2.1859279863468634e-05 9.754209281017378e-20
2.1889101527675278e-05 9.669262204691871e-20
2.1918923191881918e-05 1.0644681693818469e-19
2.1948744856088562e-05 1.1154084457374781e-19
2.1978566520295202e-05 1.0681494980568242e-19
2.2008388184501846e-05 1.098726090035874e-19
2.2038209848708487e-05 1.15461764441427e-19
2.206803151291513e-05 1.1921560079328458e-19
2.209785317712177e-05 1.2077513978891894e-19
2.2127674841328415e-05 1.1849694919909502e-19
2.2157496505535055e-05 1.264559685462206e-19
2.21873181697417e-05 1.338357197058736e-19
2.221713983394834e-05 1.2785767981886583e-19
2.224696149815498e-05 1.31704155398836e-19
2.2276783162361623e-05 1.3989842858434628e-19
2.2306604826568264e-05 1.406973497066157e-19
2.2336426490774908e-05 1.4334621938509137e-19
2.2366248154981548e-05 1.4144843529612112e-19
2.2396069819188192e-05 1.454529636584349e-19
2.2425891483394832e-05 1.5596283130001408e-19
2.2455713147601476e-05 1.527915211765355e-19
2.2485534811808116e-05 1.4946635236421023e-19
2.251535647601476e-05 1.571678231625724e-19
2.25451781402214e-05 1.6343220607483202e-19
2.2574999804428044e-05 1.646847930655813e-19
2.2604821468634685e-05 1.6283413928529778e-19
2.263464313284133e-05 1.6426735755321398e-19
2.266446479704797e-05 1.7596368120251316e-19
2.2694286461254613e-05 1.7770039095011161e-19
2.2724108125461253e-05 1.7009161637419642e-19
2.2753929789667897e-05 1.7799282721407214e-19
2.2783751453874537e-05 1.8501736247358945e-19
2.281357311808118e-05 1.8366870482493148e-19
2.284339478228782e-05 1.8324371684354742e-19
2.2873216446494465e-05 1.8296100216050145e-19
2.2903038110701106e-05 1.9389053690512488e-19
2.293285977490775e-05 1.9737310521375782e-19
2.2962681439114393e-05 1.8928562239174318e-19
2.2992503103321034e-05 1.9523114670610516e-19
2.3022324767527677e-05 2.0350633748442792e-19
2.3052146431734318e-05 2.0582581761655425e-19
2.308196809594096e-05 2.0219133819439203e-19
2.3111789760147602e-05 2.0181544485179034e-19
2.3141611424354246e-05 2.1327960084242838e-19
2.3171433088560886e-05 2.1529434566033036e-19
2.320125475276753e-05 2.0799873907067712e-19
2.323107641697417e-05 2.1128507308075449e-19
2.326089808118081e-05 2.2065971069691685e-19
2.329071974538745e-05 2.2142411171585675e-19
2.3320541409594095e-05 2.192666026901457e-19
2.3350363073800735e-05 2.1972030632287724e-19
2.338018473800738e-05 2.271908116182788e-19
2.341000640221402e-05 2.3527954482257195e-19
2.3439828066420663e-05 2.2728541246869908e-19
2.3469649730627304e-05 2.2586361416052334e-19
2.3499471394833947e-05 2.373307579210268e-19
2.3529293059040588e-05 2.4001388319979016e-19
2.355911472324723e-05 2.363892395493724e-19
2.3588936387453872e-05 2.349749392452842e-19
2.3618758051660516e-05 2.406122834617053e-19
2.364857971586716e-05 2.473519454147571e-19
2.36784013800738e-05 2.4575096549977393e-19
2.3708223044280444e-05 2.404867915329551e-19
2.3738044708487084e-05 2.4740158429676254e-19
2.3767866372693728e-05 2.562630540797186e-19
2.379768803690037e-05 2.5146485394602286e-19
2.3827509701107012e-05 2.4774555843421527e-19
2.3857331365313652e-05 2.5380389181693883e-19
2.3887153029520296e-05 2.6288851873724276e-19
2.3916974693726937e-05 2.604989756140554e-19
2.394679635793358e-05 2.5222640430176303e-19
2.397661802214022e-05 2.5922319021830325e-19
2.4006439686346865e-05 2.6815178142364593e-19
2.4036261350553505e-05 2.646151209049042e-19
2.406608301476015e-05 2.608751360547761e-19
2.409590467896679e-05 2.6371027652657523e-19
2.4125726343173433e-05 2.737764449970151e-19
2.4155548007380073e-05 2.748632191414186e-19
2.4185369671586717e-05 2.642999113937522e-19
2.4215191335793358e-05 2.6877831886950717e-19
2.4245013e-05 2.780848520992538e-19
2.4274834664206642e-05 2.762228160179646e-19
2.4304656328413282e-05 2.7181862642413855e-19
2.4334477992619926e-05 2.721832542692688e-19
2.4364299656826566e-05 2.808496536518366e-19
2.439412132103321e-05 2.835058218611279e-19
2.442394298523985e-05 2.7526347705661463e-19
2.4453764649446494e-05 2.764048893667672e-19
2.4483586313653135e-05 2.865204878425344e-19
2.451340797785978e-05 2.8640479024561327e-19
2.454322964206642e-05 2.7981455377880957e-19
2.4573051306273063e-05 2.7984548674289154e-19
2.4602872970479703e-05 2.8683285733585523e-19
2.4632694634686347e-05 2.9085446465413313e-19
2.4662516298892987e-05 2.8370961279856974e-19
2.469233796309963e-05 2.812375028846794e-19
2.472215962730627e-05 2.9098881246179894e-19
2.4751981291512915e-05 2.9352738966185087e-19
2.4781802955719556e-05 2.8741503934245587e-19
2.48116246199262e-05 2.849776686217029e-19
2.484144628413284e-05 2.9172228498649462e-19
2.4871267948339484e-05 2.981831736882563e-19
2.4901089612546124e-05 2.9093057597478603e-19
2.4930911276752768e-05 2.865054722090687e-19
2.4960732940959408e-05 2.9535703196145106e-19
2.4990554605166052e-05 2.990313227098012e-19
2.5020376269372696e-05 2.9289292463781397e-19
2.5050197933579336e-05 2.8965466622533284e-19
2.508001959778598e-05 2.9347914482018995e-19
2.510984126199262e-05 3.003294850661947e-19
2.5139662926199264e-05 2.983235588142367e-19
2.5169484590405905e-05 2.8827695499680317e-19
2.5199306254612548e-05 2.948778685327959e-19
2.522912791881919e-05 3.0458367483478513e-19
2.5258949583025832e-05 2.968498833438333e-19
2.5288771247232473e-05 2.9252185963170843e-19
2.5318592911439113e-05 2.9585854419414956e-19
2.5348414575645754e-05 3.018749195568409e-19
2.5378236239852397e-05 3.0337729786950245e-19
2.5408057904059038e-05 2.9198402869800754e-19
2.543787956826568e-05 2.9321191002330575e-19
2.5467701232472322e-05 3.0490129545724403e-19
2.5497522896678966e-05 3.0006488854473346e-19
2.5527344560885606e-05 2.9360992529728658e-19
2.555716622509225e-05 2.960041816895899e-19
2.558698788929889e-05 3.020011355935665e-19
2.5616809553505534e-05 3.0412493578843385e-19
2.5646631217712175e-05 2.945808500139074e-19
2.567645288191882e-05 2.942590091589063e-19
2.5706274546125462e-05 3.0468418966821224e-19
2.5736096210332103e-05 3.0192260161207215e-19
2.5765917874538746e-05 2.936031504105474e-19
2.5795739538745387e-05 2.9353032581891375e-19
2.582556120295203e-05 2.977411733251765e-19
2.585538286715867e-05 3.0180757970012584e-19
2.5885204531365315e-05 2.9556399750567145e-19
2.5915026195571955e-05 2.8922419141208825e-19
2.59448478597786e-05 3.0060858982634256e-19
2.597466952398524e-05 3.0171979835363006e-19
2.6004491188191883e-05 2.9084199087019066e-19
2.6034312852398523e-05 2.9285482543039663e-19
2.6064134516605167e-05 2.957640544459707e-19
2.6093956180811808e-05 2.979386523234825e-19
2.612377784501845e-05 2.9345589570962695e-19
2.6153599509225092e-05 2.8438826372378607e-19
2.6183421173431736e-05 2.9327239038036754e-19
2.6213242837638376e-05 2.980890566158231e-19
2.624306450184502e-05 2.863049556116683e-19
2.627288616605166e-05 2.833094070694658e-19
2.6302707830258304e-05 2.895848185492003e-19
2.6332529494464944e-05 2.9139542966896904e-19
2.6362351158671585e-05 2.8799816034345115e-19
2.639217282287823e-05 2.8122395110399067e-19
2.642199448708487e-05 2.8300542223487694e-19
2.6451816151291513e-05 2.913389008069886e-19
2.6481637815498153e-05 2.8221187409008853e-19
2.6511459479704797e-05 2.748767803648855e-19
2.6541281143911437e-05 2.8213114807728472e-19
2.657110280811808e-05 2.8007543309754617e-19
2.660092447232472e-05 2.770800363574441e-19
2.6630746136531365e-05 2.7301658293076763e-19
2.6660567800738006e-05 2.6980295535515743e-19
2.669038946494465e-05 2.795162900928251e-19
2.672021112915129e-05 2.74471374537066e-19
2.6750032793357934e-05 2.6325153770927716e-19
2.6779854457564574e-05 2.6868866224708803e-19
2.6809676121771218e-05 2.6886769372449383e-19
2.6839497785977858e-05 2.6652795478552417e-19
2.6869319450184502e-05 2.6428218906037486e-19
2.6899141114391142e-05 2.561080309901922e-19
2.6928962778597786e-05 2.615921191833708e-19
2.6958784442804427e-05 2.6262057392736794e-19
2.698860610701107e-05 2.5037068607909284e-19
2.701842777121771e-05 2.524254961632797e-19
2.7048249435424355e-05 2.5589545002891845e-19
2.7078071099631e-05 2.517086188522645e-19
2.710789276383764e-05 2.477011674400315e-19
2.7137714428044283e-05 2.430314238391057e-19
2.7167536092250923e-05 2.4528537144680343e-19
2.7197357756457567e-05 2.45992692336486e-19
2.7227179420664207e-05 2.359057354847532e-19
2.725700108487085e-05 2.3406570958368473e-19
2.728682274907749e-05 2.387893562180469e-19
2.7316644413284135e-05 2.325676440377554e-19
2.7346466077490775e-05 2.28383310587264e-19
2.7376287741697416e-05 2.267903156705944e-19
2.7406109405904056e-05 2.252091949620913e-19
2.74359310701107e-05 2.2917938150210576e-19
2.746575273431734e-05 2.1973032715923383e-19
2.7495574398523984e-05 2.1364697657691182e-19
2.7525396062730625e-05 2.203809308447245e-19
2.755521772693727e-05 2.1495855500023078e-19
2.758503939114391e-05 2.1006246039134668e-19
2.7614861055350553e-05 2.0670524535354368e-19
2.7644682719557193e-05 2.0356000687756085e-19
2.7674504383763837e-05 2.082136536252919e-19
2.7704326047970477e-05 2.0103159507141343e-19
2.773414771217712e-05 1.918600221131868e-19
2.7763969376383765e-05 1.9800567645722968e-19
2.7793791040590405e-05 1.9566951616505584e-19
2.782361270479705e-05 1.8672970648105816e-19
2.785343436900369e-05 1.868013915538318e-19
2.7883256033210333e-05 1.8283243390400733e-19
2.7913077697416973e-05 1.8307278004522965e-19
2.7942899361623617e-05 1.8185111313804072e-19
2.7972721025830258e-05 1.6878748391433433e-19
2.80025426900369e-05 1.722529940444429e-19
2.8032364354243542e-05 1.752563167047777e-19
2.8062186018450186e-05 1.6393975913282012e-19
2.8092007682656826e-05 1.6248781119896184e-19
2.812182934686347e-05 1.6036544585791032e-19
2.815165101107011e-05 1.5913393147495276e-19
2.8181472675276754e-05 1.5866498469041296e-19
2.8211294339483394e-05 1.4704845827908152e-19
2.8241116003690038e-05 1.4820605628175592e-19
2.827093766789668e-05 1.5141985265062646e-19
2.8300759332103322e-05 1.4010502570313064e-19
2.8330580996309963e-05 1.3784678654587684e-19
2.8360402660516607e-05 1.3701832093939027e-19
2.8390224324723247e-05 1.3237650046195163e-19
2.8420045988929887e-05 1.3242790018630632e-19
2.8449867653136528e-05 1.2519549848443035e-19
2.847968931734317e-05 1.1967358536439097e-19
2.8509510981549815e-05 1.240738347660586e-19
2.8539332645756456e-05 1.17392104134481e-19
2.85691543099631e-05 1.0994549260050495e-19
2.859897597416974e-05 1.1202124106504097e-19
2.8628797638376384e-05 1.0722830928798396e-19
2.8658619302583024e-05 1.0504534727092483e-19
2.8688440966789668e-05 9.96996147001709e-20
2.8718262630996308e-05 9.171438072445141e-20
2.8748084295202952e-05 9.704770578288193e-20
2.8777905959409592e-05 9.230942776632154e-20
2.8807727623616236e-05 8.190183608512341e-20
2.883754928782288e-05 8.307570860928054e-20
2.8867370952029517e-05 8.06715164839601e-20
2.889719261623616e-05 7.765208009081765e-20
2.8927014280442805e-05 7.433622773848752e-20
2.895683594464945e-05 6.603553981392884e-20
2.8986657608856085e-05 6.831571621312874e-20
2.901647927306273e-05 6.75762909055141e-20
2.9046300937269373e-05 5.528531546580243e-20
2.9076122601476017e-05 5.566728428760919e-20
2.9105944265682654e-05 5.515048640467628e-20
2.9135765929889298e-05 4.656380704864841e-20
2.916558759409594e-05 4.538971274633832e-20
2.9195409258302585e-05 4.066208531339081e-20
2.922523092250923e-05 3.881069542567211e-20
2.9255052586715866e-05 3.982971629305455e-20
2.928487425092251e-05 2.830602411326586e-20
2.9314695915129153e-05 2.6100193565940305e-20
2.9344517579335797e-05 2.8744894833377484e-20
2.9374339243542434e-05 1.9715172057697687e-20
2.9404160907749078e-05 1.8105375040904768e-20
2.943398257195572e-05 1.3027953743454185e-20
2.9463804236162362e-05 8.108940791743356e-21
2.9493625900369e-05 1.2310864157344177e-20
2.9523447564575643e-05 1.7199275799157875e-21
2.9553269228782287e-05 -4.013043265902081e-21
2.958309089298893e-05 -1.1634558625637696e-22
2.9612912557195568e-05 -6.787511725951121e-21
2.964273422140221e-05 -1.1345421531865278e-20
2.9672555885608855e-05 -1.402629403235421e-20
2.97023775498155e-05 -1.769251419904576e-20
2.9732199214022136e-05 -1.8099387336906632e-20
2.976202087822878e-05 -2.482845502576569e-20
2.9791842542435424e-05 -3.162996236636838e-20
2.9821664206642067e-05 -2.992746264574959e-20
2.985148587084871e-05 -3.402714114515267e-20
2.9881307535055348e-05 -4.129286951181626e-20
2.9911129199261992e-05 -4.28266324286956e-20
2.9940950863468636e-05 -4.659696640939305e-20
2.997077252767528e-05 -4.78157339835165e-20
3.0000594191881916e-05 -5.1175966169369663e-20
3.003041585608856e-05 -6.0510822102224e-20
3.0060237520295204e-05 -5.829070885892501e-20
3.0090059184501848e-05 -5.845670681965518e-20
3.0119880848708485e-05 -6.967060443357159e-20
3.014970251291513e-05 -7.142220864478662e-20
3.0179524177121772e-05 -7.230201881933592e-20
3.0209345841328416e-05 -7.700586457288118e-20
3.0239167505535053e-05 -8.037888578598754e-20
3.0268989169741697e-05 -8.684351840497343e-20
3.029881083394834e-05 -8.706093409248717e-20
3.0328632498154985e-05 -8.775373997261626e-20
3.035845416236162e-05 -9.640472115387454e-20
3.0388275826568265e-05 -9.860158555309432e-20
3.041809749077491e-05 -9.908788045153426e-20
3.044791915498155e-05 -1.0528352677007652e-19
3.047774081918819e-05 -1.0836537825965084e-19
3.050756248339483e-05 -1.1315648155927402e-19
3.0537384147601474e-05 -1.1705604270095552e-19
3.056720581180812e-05 -1.1566585377109015e-19
3.059702747601476e-05 -1.2300550028965498e-19
3.06268491402214e-05 -1.2832970751402666e-19
3.065667080442804e-05 -1.2768326659568474e-19
3.068649246863469e-05 -1.3274962086968759e-19
3.071631413284133e-05 -1.3525063603008207e-19
3.074613579704797e-05 -1.4024809807210949e-19
3.077595746125461e-05 -1.4410155687137257e-19
3.080577912546126e-05 -1.4153595490894762e-19
3.08356007896679e-05 -1.486136790196136e-19
3.086542245387454e-05 -1.559873236102075e-19
3.089524411808118e-05 -1.5532843480964502e-19
3.0925065782287826e-05 -1.5782867589093184e-19
3.095488744649447e-05 -1.6196253550508356e-19
3.098470911070111e-05 -1.667428074363441e-19
3.101453077490775e-05 -1.7111378595224618e-19
3.104435243911439e-05 -1.6929945251212134e-19
3.1074174103321035e-05 -1.726408146711089e-19
3.110399576752767e-05 -1.8181518667042998e-19
3.1133817431734316e-05 -1.809544560838781e-19
3.1163639095940956e-05 -1.8149958499827445e-19
3.1193460760147604e-05 -1.896257485494078e-19
3.122328242435424e-05 -1.9137659660233929e-19
3.1253104088560884e-05 -1.931719634837276e-19
3.1282925752767525e-05 -1.956134517651052e-19
3.131274741697417e-05 -1.966907165854037e-19
3.134256908118081e-05 -2.05973170296176e-19
3.137239074538745e-05 -2.0819628369457143e-19
3.140221240959409e-05 -2.0346268529240981e-19
3.143203407380074e-05 -2.1076542817968064e-19
3.146185573800738e-05 -2.1507761132564506e-19
3.149167740221402e-05 -2.1585789609454438e-19
3.152149906642066e-05 -2.193259740584998e-19
3.155132073062731e-05 -2.1797595305958327e-19
3.158114239483395e-05 -2.2525480250741333e-19
3.161096405904059e-05 -2.3050378762443357e-19
3.164078572324723e-05 -2.253466135206784e-19
3.167060738745388e-05 -2.303792758280722e-19
3.170042905166052e-05 -2.3681195282719435e-19
3.173025071586716e-05 -2.375581930536506e-19
3.17600723800738e-05 -2.401245957917888e-19
3.1789894044280445e-05 -2.395715296408015e-19
3.1819715708487086e-05 -2.4347979633729477e-19
3.1849537372693726e-05 -2.494184191611648e-19
3.1879359036900367e-05 -2.4625714500953566e-19
3.1909180701107014e-05 -2.4807271033141387e-19
3.1939002365313654e-05 -2.5425668026543394e-19
3.19688240295203e-05 -2.5523224004021483e-19
3.1998645693726935e-05 -2.5692495023811265e-19
3.202846735793358e-05 -2.568255394973764e-19
3.205828902214022e-05 -2.591875452129301e-19
3.208811068634686e-05 -2.6709027882407335e-19
3.21179323505535e-05 -2.6544122769195147e-19
3.2147754014760144e-05 -2.6307831619350262e-19
3.217757567896679e-05 -2.694522030095586e-19
3.220739734317343e-05 -2.720903153469832e-19
3.223721900738007e-05 -2.716898383155385e-19
3.226704067158671e-05 -2.7146354460662206e-19
