0.0 1.2773480678659553e-19
2.982106678383128e-08 1.0202975262769781e-19
5.964213356766256e-08 9.283021440946675e-20
8.946320035149384e-08 1.0975807420246902e-19
1.1928426713532512e-07 1.0017307045407371e-19
1.491053339191564e-07 8.525445910252872e-20
1.7892640070298768e-07 7.79975505071228e-20
2.0874746748681896e-07 7.716314201664958e-20
2.3856853427065024e-07 8.879479103745879e-20
2.6838960105448155e-07 7.011447130224222e-20
2.982106678383128e-07 4.831509025101172e-20
3.280317346221441e-07 6.725911594174132e-20
3.5785280140597536e-07 6.676778705333526e-20
3.876738681898066e-07 4.6565960094710866e-20
4.174949349736379e-07 4.0136516810212053e-20
4.473160017574693e-07 3.559001439794625e-20
4.771370685413005e-07 4.626606056789561e-20
5.069581353251317e-07 3.6843296137337673e-20
5.367792021089631e-07 9.463896271327043e-21
5.666002688927943e-07 2.1865077772388074e-20
5.964213356766256e-07 2.7660413047689125e-20
6.262424024604569e-07 9.487442907391396e-21
6.560634692442882e-07 1.8878771523958256e-21
6.858845360281195e-07 -3.112226710345328e-21
7.157056028119507e-07 3.1914903437760307e-21
7.455266695957821e-07 1.7176566357983504e-21
7.753477363796132e-07 -2.4407473654161202e-20
8.051688031634446e-07 -2.4225538163188486e-20
8.349898699472758e-07 -9.383222412978166e-21
8.648109367311072e-07 -2.524590389423686e-20
8.946320035149386e-07 -3.8310358908366536e-20
9.244530702987697e-07 -4.0034611517320104e-20
9.54274137082601e-07 -3.9634037836881946e-20
9.840952038664324e-07 -3.340590724661148e-20
1.0139162706502635e-06 -5.487314951746177e-20
1.0437373374340947e-06 -6.605271785641913e-20
1.0735584042179262e-06 -4.8542787563642804e-20
1.1033794710017574e-06 -5.915004898310813e-20
1.1332005377855887e-06 -7.366171456250868e-20
1.16302160456942e-06 -7.77773608329597e-20
1.1928426713532512e-06 -7.988151044200384e-20
1.2226637381370825e-06 -7.131625635845852e-20
1.2524848049209137e-06 -8.755672758251542e-20
1.2823058717047452e-06 -1.0721048343234755e-19
1.3121269384885764e-06 -9.083023517881822e-20
1.3419480052724077e-06 -8.996632738810321e-20
1.371769072056239e-06 -1.1006495407130805e-19
1.4015901388400702e-06 -1.1316108160418894e-19
1.4314112056239014e-06 -1.150992641770964e-19
1.4612322724077327e-06 -1.1153170336329459e-19
1.4910533391915642e-06 -1.1755524826353415e-19
1.5208744059753954e-06 -1.418896656416075e-19
1.5506954727592265e-06 -1.3325414177948861e-19
1.580516539543058e-06 -1.2437804442807639e-19
1.6103376063268892e-06 -1.436240146599784e-19
1.6401586731107206e-06 -1.4933862155154931e-19
1.6699797398945517e-06 -1.5275481029361337e-19
1.699800806678383e-06 -1.5156204503678231e-19
1.7296218734622144e-06 -1.475611581397822e-19
1.7594429402460455e-06 -1.708608526102908e-19
1.7892640070298771e-06 -1.7418172777228593e-19
1.8190850738137082e-06 -1.5777584860021186e-19
1.8489061405975394e-06 -1.7357279590987895e-19
1.8787272073813709e-06 -1.8441785737910377e-19
1.908548274165202e-06 -1.8556199038468504e-19
1.938369340949033e-06 -1.876892787996202e-19
1.968190407732865e-06 -1.806364054229965e-19
1.9980114745166957e-06 -2.014489709698852e-19
2.027832541300527e-06 -2.127892289511989e-19
2.0576536080843586e-06 -1.9268154156575852e-19
2.0874746748681895e-06 -2.0132374817989767e-19
2.117295741652021e-06 -2.1694040914871354e-19
2.1471168084358524e-06 -2.1788258976414935e-19
2.1769378752196836e-06 -2.214500101044722e-19
2.206758942003515e-06 -2.150118845256803e-19
2.236580008787346e-06 -2.245953411203599e-19
2.2664010755711774e-06 -2.4561046987254455e-19
2.2962221423550087e-06 -2.321669380999463e-19
2.32604320913884e-06 -2.2848615561032976e-19
2.355864275922671e-06 -2.482498596243519e-19
2.3856853427065024e-06 -2.493723811134764e-19
2.4155064094903337e-06 -2.511419643415135e-19
2.445327476274165e-06 -2.494682484303764e-19
2.4751485430579966e-06 -2.5002383303337817e-19
2.5049696098418274e-06 -2.719477238210162e-19
2.534790676625659e-06 -2.6727707779978194e-19
2.5646117434094904e-06 -2.558282131671143e-19
2.594432810193321e-06 -2.732849103600565e-19
2.624253876977153e-06 -2.804367480241041e-19
2.654074943760984e-06 -2.804723757084953e-19
2.6838960105448154e-06 -2.810265902479687e-19
2.7137170773286466e-06 -2.7850634324450448e-19
2.743538144112478e-06 -2.969979138232614e-19
2.773359210896309e-06 -3.0135625042660775e-19
2.8031802776801404e-06 -2.8379045411820116e-19
2.8330013444639716e-06 -2.967886557975394e-19
2.862822411247803e-06 -3.090509561508256e-19
2.892643478031634e-06 -3.065657492469086e-19
2.9224645448154654e-06 -3.0902985034493497e-19
2.952285611599297e-06 -3.0399405801803466e-19
2.9821066783831283e-06 -3.174632847907421e-19
3.011927745166959e-06 -3.3138911952742585e-19
3.041748811950791e-06 -3.149509305950103e-19
3.071569878734622e-06 -3.157216127333509e-19
3.101390945518453e-06 -3.3418051448449657e-19
3.1312120123022846e-06 -3.3553313375920336e-19
3.161033079086116e-06 -3.3349997257068304e-19
3.190854145869947e-06 -3.284053959593983e-19
3.2206752126537784e-06 -3.360452847049522e-19
3.2504962794376096e-06 -3.563001374593158e-19
3.2803173462214413e-06 -3.413577819375653e-19
3.310138413005272e-06 -3.360040838938509e-19
3.3399594797891034e-06 -3.567827815668295e-19
3.369780546572935e-06 -3.560849845558588e-19
3.399601613356766e-06 -3.571031255771923e-19
3.429422680140597e-06 -3.5565150370198e-19
3.459243746924429e-06 -3.544217907986077e-19
3.48906481370826e-06 -3.745335946377411e-19
3.518885880492091e-06 -3.7042662943291586e-19
3.5487069472759226e-06 -3.5712243693866686e-19
3.5785280140597543e-06 -3.7311739018420796e-19
3.6083490808435847e-06 -3.790691771608585e-19
3.6381701476274163e-06 -3.76791571951861e-19
3.667991214411248e-06 -3.7708010847459083e-19
3.697812281195079e-06 -3.71192340109898e-19
3.72763334797891e-06 -3.8885865477034675e-19
3.7574544147627418e-06 -3.9578121049107137e-19
3.7872754815465726e-06 -3.754392543339561e-19
3.817096548330404e-06 -3.85391857832324e-19
3.8469176151142355e-06 -3.980278781387434e-19
3.876738681898066e-06 -3.9302667505448424e-19
3.906559748681898e-06 -3.95342708629685e-19
3.93638081546573e-06 -3.88482144669518e-19
3.96620188224956e-06 -3.963341339588406e-19
3.996022949033391e-06 -4.117342286677398e-19
4.025844015817223e-06 -3.937319707842367e-19
4.055665082601054e-06 -3.948943316784137e-19
4.0854861493848856e-06 -4.136879026367393e-19
4.115307216168717e-06 -4.076859582728185e-19
4.145128282952548e-06 -4.0708709575483985e-19
4.174949349736379e-06 -4.047444291616702e-19
4.204770416520211e-06 -4.0613559229460686e-19
4.234591483304042e-06 -4.241837886533801e-19
4.264412550087873e-06 -4.116662790354774e-19
4.294233616871705e-06 -4.0048788009360053e-19
4.3240546836555364e-06 -4.1911004002704257e-19
4.353875750439367e-06 -4.1875268318732755e-19
4.383696817223198e-06 -4.146769799379049e-19
4.41351788400703e-06 -4.144351310874531e-19
4.443338950790861e-06 -4.1061000345109465e-19
4.473160017574692e-06 -4.268646390819679e-19
4.502981084358524e-06 -4.2438053872579974e-19
4.532802151142355e-06 -4.0694924347788e-19
4.562623217926186e-06 -4.2212742831800033e-19
4.592444284710017e-06 -4.277930572193089e-19
4.622265351493848e-06 -4.196252386931005e-19
4.65208641827768e-06 -4.1940782283763524e-19
4.6819074850615115e-06 -4.1308490010641073e-19
4.711728551845342e-06 -4.2484264516148615e-19
4.741549618629174e-06 -4.3138993606357185e-19
4.771370685413005e-06 -4.10669270316328e-19
4.801191752196836e-06 -4.1580323330362315e-19
4.831012818980667e-06 -4.3027387865804805e-19
4.860833885764499e-06 -4.2243918208475535e-19
4.89065495254833e-06 -4.202126082656867e-19
4.9204760193321615e-06 -4.1553744615521997e-19
4.950297086115993e-06 -4.180337225091194e-19
4.980118152899824e-06 -4.3235429014676827e-19
5.009939219683655e-06 -4.156398982546184e-19
5.0397602864674865e-06 -4.086452980866791e-19
5.069581353251318e-06 -4.2727058768579163e-19
5.099402420035149e-06 -4.1991981109817875e-19
5.129223486818981e-06 -4.144461446945511e-19
5.1590445536028115e-06 -4.1267827818683018e-19
5.188865620386642e-06 -4.097856548811186e-19
5.218686687170474e-06 -4.273581117966327e-19
5.248507753954306e-06 -4.1584435497112253e-19
5.2783288207381366e-06 -3.9998052304956114e-19
5.308149887521968e-06 -4.1893954397530367e-19
5.3379709543058e-06 -4.1714819988758877e-19
5.367792021089631e-06 -4.07381158430178e-19
5.397613087873462e-06 -4.0653219841952194e-19
5.427434154657293e-06 -4.011584146453617e-19
5.457255221441124e-06 -4.145810528950188e-19
5.487076288224956e-06 -4.121464127868418e-19
5.5168973550087874e-06 -3.909295154572252e-19
5.546718421792618e-06 -4.0430876734420656e-19
5.576539488576449e-06 -4.109749797425732e-19
5.606360555360281e-06 -3.9849437459628887e-19
5.636181622144112e-06 -3.989860795604251e-19
5.666002688927943e-06 -3.9214517250050246e-19
5.695823755711775e-06 -3.9968589110816003e-19
5.725644822495606e-06 -4.0570042830126267e-19
5.7554658892794375e-06 -3.8175282346577617e-19
5.785286956063268e-06 -3.8460714671012537e-19
5.8151080228471e-06 -3.999282629127153e-19
5.844929089630931e-06 -3.8839500697303772e-19
5.8747501564147625e-06 -3.8188500397681757e-19
5.904571223198594e-06 -3.807355496156613e-19
5.934392289982425e-06 -3.807530724352019e-19
5.964213356766257e-06 -3.91077400516506e-19
5.9940344235500875e-06 -3.767360911156968e-19
6.023855490333918e-06 -3.6490607664039432e-19
6.05367655711775e-06 -3.8490282240841796e-19
6.083497623901582e-06 -3.767400942537906e-19
6.1133186906854125e-06 -3.6522867813775414e-19
6.143139757469244e-06 -3.687753759753442e-19
6.172960824253076e-06 -3.6048767697908076e-19
6.202781891036906e-06 -3.7194557906220844e-19
6.2326029578207375e-06 -3.644601171573916e-19
6.262424024604569e-06 -3.448922655712108e-19
6.2922450913884e-06 -3.635390644191882e-19
6.322066158172232e-06 -3.624026408954518e-19
6.351887224956063e-06 -3.469549757943038e-19
6.381708291739894e-06 -3.4910898154053827e-19
6.411529358523725e-06 -3.4335377205780212e-19
6.441350425307557e-06 -3.4910483932490284e-19
6.4711714920913876e-06 -3.502708566276391e-19
6.500992558875219e-06 -3.2707628122034453e-19
6.530813625659051e-06 -3.338588858746802e-19
6.560634692442883e-06 -3.459839316739008e-19
6.5904557592267126e-06 -3.270755396064223e-19
6.620276826010544e-06 -3.239590751041532e-19
6.650097892794376e-06 -3.2433755772604885e-19
6.679918959578207e-06 -3.226778836102553e-19
6.7097400263620384e-06 -3.309629129271261e-19
6.73956109314587e-06 -3.0949503532057267e-19
6.769382159929701e-06 -3.050900022530797e-19
6.799203226713532e-06 -3.244404060848344e-19
6.8290242934973634e-06 -3.0631359728740774e-19
6.858845360281194e-06 -2.993484076239872e-19
6.888666427065027e-06 -3.0045784229345783e-19
6.918487493848858e-06 -2.935951835977216e-19
6.9483085606326885e-06 -3.054156756200715e-19
6.97812962741652e-06 -2.875593860298127e-19
7.007950694200351e-06 -2.74791780618593e-19
7.037771760984182e-06 -2.959426673367829e-19
7.067592827768014e-06 -2.862010227683808e-19
7.097413894551845e-06 -2.7184569007413206e-19
7.127234961335676e-06 -2.7333661498864936e-19
7.1570560281195085e-06 -2.682769099719046e-19
7.186877094903339e-06 -2.738543870846364e-19
7.216698161687169e-06 -2.6635825958008635e-19
7.246519228471002e-06 -2.4592432245048375e-19
7.276340295254833e-06 -2.588677695956283e-19
7.3061613620386635e-06 -2.6264637207355146e-19
7.335982428822496e-06 -2.4220455538180947e-19
7.365803495606327e-06 -2.4225870221355497e-19
7.395624562390158e-06 -2.401423332767187e-19
7.425445629173989e-06 -2.412144218246769e-19
7.45526669595782e-06 -2.4244829696056613e-19
7.485087762741651e-06 -2.19328677571768e-19
7.5149088295254836e-06 -2.2461481856991853e-19
7.544729896309314e-06 -2.3541414318359564e-19
7.574550963093145e-06 -2.133756556788463e-19
7.604372029876977e-06 -2.0945227330920543e-19
7.634193096660808e-06 -2.0987200674779755e-19
7.66401416344464e-06 -2.0615633015234472e-19
7.693835230228471e-06 -2.098575867175439e-19
7.723656297012301e-06 -1.9123152996205467e-19
7.753477363796133e-06 -1.857901749869797e-19
7.783298430579964e-06 -2.016660803883817e-19
7.813119497363796e-06 -1.8765928247763901e-19
7.842940564147626e-06 -1.7281515215572143e-19
7.87276163093146e-06 -1.7780942367040272e-19
7.90258269771529e-06 -1.7356682736389618e-19
7.93240376449912e-06 -1.7456746160604975e-19
7.962224831282953e-06 -1.6440250151329067e-19
7.992045898066783e-06 -1.464673758914699e-19
8.021866964850614e-06 -1.6193461198724198e-19
8.051688031634446e-06 -1.5903195598092945e-19
8.081509098418278e-06 -1.3741316466808713e-19
8.111330165202108e-06 -1.4064247270728625e-19
8.14115123198594e-06 -1.3918819223555675e-19
8.170972298769771e-06 -1.3804703552943236e-19
8.200793365553601e-06 -1.3301265746787e-19
8.230614432337434e-06 -1.124472745596882e-19
8.260435499121264e-06 -1.2077723303860475e-19
8.290256565905096e-06 -1.2724319300213686e-19
8.320077632688928e-06 -1.0424541746048424e-19
8.349898699472758e-06 -1.0079385694177071e-19
8.37971976625659e-06 -1.0144056160690178e-19
8.409540833040421e-06 -9.919880151555424e-20
8.439361899824253e-06 -9.904850136834289e-20
8.469182966608085e-06 -7.71838181784343e-20
8.499004033391916e-06 -7.80547093368903e-20
8.528825100175746e-06 -9.091358950348456e-20
8.558646166959578e-06 -7.189282465254694e-20
8.58846723374341e-06 -6.323738333020647e-20
8.61828830052724e-06 -6.471481585427597e-20
8.648109367311073e-06 -5.990219406335019e-20
8.677930434094903e-06 -6.189307556216878e-20
8.707751500878735e-06 -4.564339825502885e-20
8.737572567662566e-06 -3.4557715679455545e-20
8.767393634446396e-06 -5.300487705008212e-20
8.797214701230228e-06 -4.0193418492665234e-20
8.82703576801406e-06 -2.123445051356889e-20
8.856856834797891e-06 -2.8422320932987775e-20
8.886677901581721e-06 -2.2896473206962478e-20
8.916498968365553e-06 -2.3277341903237385e-20
8.946320035149385e-06 -1.2851326589473879e-20
8.976141101933215e-06 4.303608042399024e-21
9.005962168717048e-06 -1.2600761838967526e-20
9.035783235500878e-06 -7.56795476409217e-21
9.06560430228471e-06 1.5280288185349954e-20
9.095425369068541e-06 1.1359426598114542e-20
9.125246435852371e-06 1.406427432809129e-20
9.155067502636203e-06 1.6612445942971058e-20
9.184888569420035e-06 1.921925539386366e-20
9.214709636203866e-06 3.935880173757088e-20
9.244530702987696e-06 3.029822492675898e-20
9.27435176977153e-06 2.3020642259325855e-20
9.30417283655536e-06 4.868324974580794e-20
9.333993903339191e-06 4.969904038557114e-20
9.363814970123023e-06 4.634727139585618e-20
9.393636036906853e-06 5.094119829307311e-20
9.423457103690685e-06 5.218247359722393e-20
9.453278170474516e-06 7.225954297405828e-20
9.483099237258348e-06 7.103665119424301e-20
9.512920304042178e-06 5.740914760485746e-20
9.54274137082601e-06 7.645010667763681e-20
9.572562437609841e-06 8.697219256887132e-20
9.602383504393671e-06 8.199414328393316e-20
9.632204571177505e-06 8.388877252788694e-20
9.662025637961335e-06 8.55940950593524e-20
9.691846704745166e-06 9.990006608784325e-20
9.721667771528998e-06 1.0830076641422816e-19
9.751488838312828e-06 9.288474876402534e-20
9.78130990509666e-06 1.0186988819336353e-19
9.811130971880491e-06 1.2285523791105816e-19
9.840952038664323e-06 1.1511511541682184e-19
9.870773105448153e-06 1.1323612305857247e-19
9.900594172231986e-06 1.1870765992525012e-19
9.930415239015816e-06 1.2758129137734658e-19
9.960236305799648e-06 1.40928047605766e-19
9.99005737258348e-06 1.2758878435762192e-19
1.001987843936731e-05 1.2758883583452676e-19
1.0049699506151143e-05 1.5154675976292995e-19
1.0079520572934973e-05 1.4843727604756644e-19
1.0109341639718805e-05 1.4258672874844759e-19
1.0139162706502636e-05 1.4825495110250003e-19
1.0168983773286466e-05 1.5485417697369502e-19
1.0198804840070298e-05 1.6960606135345697e-19
1.022862590685413e-05 1.6264242742323865e-19
1.0258446973637961e-05 1.533927280874862e-19
1.0288268040421791e-05 1.778439485996607e-19
1.0318089107205623e-05 1.8195461275694428e-19
1.0347910173989455e-05 1.6915088649850855e-19
1.0377731240773285e-05 1.7838123182964189e-19
1.0407552307557118e-05 1.8140337781513976e-19
1.0437373374340948e-05 1.907499877859538e-19
1.046719444112478e-05 1.9521992588373153e-19
1.0497015507908611e-05 1.8052388340180332e-19
1.0526836574692443e-05 1.9724954712553942e-19
1.0556657641476273e-05 2.0999888001037048e-19
1.0586478708260105e-05 1.9829526420778313e-19
1.0616299775043936e-05 2.0259752036538184e-19
1.0646120841827766e-05 2.0647621859881587e-19
1.06759419086116e-05 2.169782818589281e-19
1.070576297539543e-05 2.234679748968918e-19
1.0735584042179261e-05 2.0671223171691784e-19
1.0765405108963093e-05 2.167175460361152e-19
1.0795226175746923e-05 2.352582922406316e-19
1.0825047242530755e-05 2.269564280383257e-19
1.0854868309314587e-05 2.2471388793996913e-19
1.0884689376098418e-05 2.284559452139676e-19
1.0914510442882248e-05 2.376103760085251e-19
1.094433150966608e-05 2.4924522223259365e-19
1.0974152576449912e-05 2.3620013697710264e-19
1.1003973643233742e-05 2.345739249081409e-19
1.1033794710017575e-05 2.5711269670966394e-19
1.1063615776801405e-05 2.542271774625805e-19
1.1093436843585237e-05 2.4567907914092564e-19
1.1123257910369068e-05 2.5294399561646997e-19
1.1153078977152898e-05 2.571230679412514e-19
1.118290004393673e-05 2.672638564796556e-19
1.1212721110720562e-05 2.6248363403738385e-19
1.1242542177504393e-05 2.5252617942678924e-19
1.1272363244288223e-05 2.7417139188498245e-19
1.1302184311072057e-05 2.7962328419195827e-19
1.1332005377855887e-05 2.6593357751285883e-19
1.1361826444639718e-05 2.71988446532567e-19
1.139164751142355e-05 2.7741936358314636e-19
1.142146857820738e-05 2.842297068919022e-19
1.1451289644991212e-05 2.857116067840113e-19
1.1481110711775043e-05 2.709383041045674e-19
1.1510931778558875e-05 2.8485704347303506e-19
1.1540752845342707e-05 2.997183606263464e-19
1.1570573912126537e-05 2.83581570922177e-19
1.1600394978910368e-05 2.8441760115742367e-19
1.16302160456942e-05 2.9283912539957756e-19
1.1660037112478032e-05 2.9924773913603517e-19
1.1689858179261862e-05 3.0327675662649583e-19
1.1719679246045695e-05 2.8885488040550824e-19
1.1749500312829525e-05 2.9682499465633664e-19
1.1779321379613355e-05 3.1414259788554844e-19
1.1809142446397188e-05 3.022211267506017e-19
1.1838963513181018e-05 2.973292418699368e-19
1.186878457996485e-05 3.0519615278673405e-19
1.1898605646748682e-05 3.10220448836432e-19
1.1928426713532513e-05 3.1562746254763973e-19
1.1958247780316343e-05 3.045456386102672e-19
1.1988068847100175e-05 3.0214021466299574e-19
1.2017889913884007e-05 3.2426821031071027e-19
1.2047710980667837e-05 3.186757926574203e-19
1.207753204745167e-05 3.0580721908132614e-19
1.21073531142355e-05 3.15990313403077e-19
1.2137174181019332e-05 3.200730230221896e-19
1.2166995247803163e-05 3.250861354388696e-19
1.2196816314586993e-05 3.187190201742187e-19
1.2226637381370825e-05 3.0773179113182805e-19
1.2256458448154657e-05 3.276344122258029e-19
1.2286279514938488e-05 3.313396008981093e-19
1.2316100581722318e-05 3.1336215438289353e-19
1.2345921648506152e-05 3.194284133204402e-19
1.2375742715289982e-05 3.2657873007690774e-19
1.2405563782073812e-05 3.2888969014507105e-19
1.2435384848857645e-05 3.2783624757188173e-19
1.2465205915641475e-05 3.1511054287452774e-19
1.2495026982425307e-05 3.272331275275135e-19
1.2524848049209138e-05 3.398883704697092e-19
1.255466911599297e-05 3.2073352419441907e-19
1.25844901827768e-05 3.2052668786868762e-19
1.2614311249560632e-05 3.31537235974247e-19
1.2644132316344463e-05 3.2895822850735503e-19
1.2673953383128293e-05 3.321660089015615e-19
1.2703774449912127e-05 3.2191972936911376e-19
1.2733595516695957e-05 3.2143561035686716e-19
1.2763416583479788e-05 3.4274675320547395e-19
1.279323765026362e-05 3.278760476737555e-19
1.282305871704745e-05 3.1649561030260135e-19
1.2852879783831282e-05 3.3325888367317315e-19
1.2882700850615113e-05 3.30123604325651e-19
1.2912521917398945e-05 3.3091429802524975e-19
1.2942342984182775e-05 3.2548010116995886e-19
1.2972164050966607e-05 3.159560937454693e-19
1.3001985117750438e-05 3.373494671054048e-19
1.303180618453427e-05 3.3088648969474354e-19
1.3061627251318102e-05 3.131719946345133e-19
1.3091448318101932e-05 3.2825637906733513e-19
1.3121269384885765e-05 3.291729454487934e-19
1.3151090451669595e-05 3.269257862856359e-19
1.3180911518453425e-05 3.246746222265689e-19
1.3210732585237259e-05 3.13276276064023e-19
1.3240553652021089e-05 3.2849330895326174e-19
1.327037471880492e-05 3.31443174179916e-19
1.3300195785588752e-05 3.10976644665118e-19
1.3330016852372584e-05 3.179572366485726e-19
1.3359837919156414e-05 3.2404378134623003e-19
1.3389658985940245e-05 3.1862866662931464e-19
1.3419480052724077e-05 3.1917123966623677e-19
1.3449301119507907e-05 3.090039920800535e-19
1.347912218629174e-05 3.155946424199373e-19
1.350894325307557e-05 3.2687217778169815e-19
1.3538764319859402e-05 3.059034618776399e-19
1.3568585386643234e-05 3.0396824911033667e-19
1.3598406453427064e-05 3.17706606002544e-19
1.3628227520210895e-05 3.117095906156867e-19
1.3658048586994727e-05 3.099806290742529e-19
1.3687869653778559e-05 3.0021856890035515e-19
1.3717690720562389e-05 2.9945986149139575e-19
1.374751178734622e-05 3.17317593053695e-19
1.3777332854130054e-05 2.993158332980977e-19
1.3807153920913884e-05 2.881525385405347e-19
1.3836974987697715e-05 3.0613640860658006e-19
1.3866796054481545e-05 3.016085362290558e-19
1.3896617121265377e-05 2.980682160670307e-19
1.3926438188049207e-05 2.9216636944265073e-19
1.395625925483304e-05 2.838139428359486e-19
1.3986080321616872e-05 3.0214273721459325e-19
1.4015901388400702e-05 2.945010951891517e-19
1.4045722455184534e-05 2.744181262755295e-19
1.4075543521968364e-05 2.8872613568531847e-19
1.4105364588752195e-05 2.90341181804714e-19
1.4135185655536029e-05 2.819932612527094e-19
1.4165006722319859e-05 2.793419381567216e-19
1.419482778910369e-05 2.706976942834677e-19
1.422464885588752e-05 2.8265465722303483e-19
1.4254469922671352e-05 2.852492314515816e-19
1.4284290989455182e-05 2.6386727068978194e-19
1.4314112056239017e-05 2.6902143403177434e-19
1.4343933123022847e-05 2.7838170166045647e-19
1.4373754189806679e-05 2.688517563903999e-19
1.4403575256590509e-05 2.6439075462744897e-19
1.4433396323374339e-05 2.5853240700714126e-19
1.446321739015817e-05 2.6137268462593297e-19
1.4493038456942004e-05 2.703798367982257e-19
1.4522859523725835e-05 2.52744346373647e-19
1.4552680590509665e-05 2.487275121958858e-19
1.4582501657293497e-05 2.6405827042998763e-19
1.4612322724077327e-05 2.5356310005632144e-19
1.4642143790861157e-05 2.482669205428261e-19
1.4671964857644992e-05 2.4590717387570034e-19
1.4701785924428822e-05 2.4287848432509232e-19
1.4731606991212654e-05 2.5562105755785864e-19
1.4761428057996484e-05 2.4004693319704613e-19
1.4791249124780315e-05 2.2767760055172037e-19
1.4821070191564145e-05 2.44705441341012e-19
1.4850891258347979e-05 2.3997412492563565e-19
1.488071232513181e-05 2.307733717034285e-19
1.491053339191564e-05 2.299771198091868e-19
1.4940354458699472e-05 2.241872995828788e-19
1.4970175525483302e-05 2.3428538280602083e-19
1.4999996592267134e-05 2.305306299388555e-19
1.5029817659050967e-05 2.1058679570453996e-19
1.5059638725834797e-05 2.2261912444606637e-19
1.5089459792618629e-05 2.25845548986459e-19
1.5119280859402459e-05 2.1222877143997194e-19
1.514910192618629e-05 2.1261981824730423e-19
1.517892299297012e-05 2.0606225041788242e-19
1.5208744059753954e-05 2.113260198619829e-19
1.5238565126537785e-05 2.1497637286895133e-19
1.5268386193321615e-05 1.9474125369966544e-19
1.5298207260105445e-05 1.9707286150642434e-19
1.532802832688928e-05 2.0897423993409193e-19
1.5357849393673112e-05 1.984887216451696e-19
1.5387670460456942e-05 1.9202262896401343e-19
1.5417491527240772e-05 1.8993914000300672e-19
1.5447312594024602e-05 1.8994093635076818e-19
1.5477133660808435e-05 1.9475901664508615e-19
1.5506954727592265e-05 1.799755609951502e-19
1.55367757943761e-05 1.7389491124326617e-19
1.556659686115993e-05 1.8726181423675942e-19
1.559641792794376e-05 1.7865326081502227e-19
1.5626238994727592e-05 1.703231675009508e-19
1.5656060061511422e-05 1.7024198713349594e-19
1.5685881128295252e-05 1.6661078675333772e-19
1.5715702195079086e-05 1.739047131977366e-19
1.574552326186292e-05 1.6280556823146837e-19
1.577534432864675e-05 1.5077623635997484e-19
1.580516539543058e-05 1.6531981924702694e-19
1.583498646221441e-05 1.6048619657982945e-19
1.586480752899824e-05 1.4828697522009026e-19
1.5894628595782076e-05 1.4960167010122556e-19
1.5924449662565906e-05 1.4423797065905227e-19
1.5954270729349736e-05 1.488295294684155e-19
1.5984091796133566e-05 1.4616734989451034e-19
1.60139128629174e-05 1.289340612416925e-19
1.604373392970123e-05 1.370143182209332e-19
1.6073554996485062e-05 1.4104854404988343e-19
1.6103376063268892e-05 1.2818045155874795e-19
1.6133197130052722e-05 1.2665470784483482e-19
1.6163018196836556e-05 1.218778762002492e-19
1.6192839263620386e-05 1.249655255550665e-19
1.6222660330404216e-05 1.2736428572000453e-19
1.625248139718805e-05 1.0760302260833898e-19
1.628230246397188e-05 1.1055419827901757e-19
1.6312123530755712e-05 1.1953741250168385e-19
1.6341944597539542e-05 1.0481552270602377e-19
1.6371765664323372e-05 1.0147755196920148e-19
1.6401586731107202e-05 1.0060176393682341e-19
1.6431407797891036e-05 9.959344002354438e-20
1.646122886467487e-05 1.0434452293792095e-19
1.64910499314587e-05 8.92602142184696e-20
1.652087099824253e-05 8.322853908714392e-20
1.655069206502636e-05 9.622150866971873e-20
1.6580513131810192e-05 8.701887992206414e-20
1.6610334198594026e-05 7.787736209489603e-20
1.6640155265377856e-05 7.9129707215432e-20
1.6669976332161686e-05 7.399834497761757e-20
1.6699797398945516e-05 8.074295777223272e-20
1.672961846572935e-05 7.093827566870059e-20
1.675943953251318e-05 5.714720659145765e-20
1.6789260599297012e-05 7.35815228185127e-20
1.6819081666080842e-05 6.672736173820305e-20
1.6848902732864672e-05 5.45536608749026e-20
1.6878723799648506e-05 5.831533553724045e-20
1.6908544866432336e-05 5.0552165267389833e-20
1.693836593321617e-05 5.609113404454674e-20
1.6968187e-05 5.4165521528814414e-20
1.6998008066783832e-05 3.596976404672624e-20
1.7027829133567662e-05 4.377242465717228e-20
1.7057650200351492e-05 4.9059944018482126e-20
1.7087471267135322e-05 3.334323272706599e-20
1.7117292333919156e-05 3.333735004834485e-20
1.714711340070299e-05 3.363657627819145e-20
1.717693446748682e-05 3.0655486684288474e-20
1.720675553427065e-05 3.4615526514235924e-20
1.723657660105448e-05 1.8682642414276652e-20
1.726639766783831e-05 1.865931604551717e-20
1.7296218734622146e-05 3.0925374329826406e-20
1.7326039801405976e-05 1.5519081240765805e-20
1.7355860868189806e-05 1.1389056504672892e-20
1.7385681934973636e-05 1.2390281600609677e-20
1.741550300175747e-05 7.981328987534984e-21
1.74453240685413e-05 1.4448192366676325e-20
1.7475145135325132e-05 1.7486103967914808e-21
1.7504966202108962e-05 -6.692999740501056e-21
1.7534787268892792e-05 9.694974434062256e-21
1.7564608335676626e-05 2.8814326009385684e-22
1.7594429402460456e-05 -1.2008474678589888e-20
1.7624250469244286e-05 -6.2902419404768535e-21
1.765407153602812e-05 -1.0980602679964119e-20
1.768389260281195e-05 -6.58864387557876e-21
1.7713713669595782e-05 -1.234791420862471e-20
1.7743534736379612e-05 -2.754907552826371e-20
1.7773355803163442e-05 -1.5029625748894947e-20
1.7803176869947272e-05 -1.5890931474437632e-20
1.7832997936731106e-05 -3.0245411189244675e-20
1.786281900351494e-05 -2.6999437685745896e-20
1.789264007029877e-05 -2.873198176651267e-20
1.79224611370826e-05 -2.83299962830249e-20
1.795228220386643e-05 -2.7205227240635215e-20
1.7982103270650262e-05 -4.369403986059291e-20
1.8011924337434096e-05 -3.888770607344716e-20
1.8041745404217926e-05 -2.784012012539944e-20
1.8071566471001756e-05 -4.581912964502941e-20
1.8101387537785586e-05 -4.6722711071402683e-20
1.813120860456942e-05 -4.389892331839142e-20
1.816102967135325e-05 -4.936565955368756e-20
1.8190850738137083e-05 -4.315925442137108e-20
1.8220671804920913e-05 -5.755179093925748e-20
1.8250492871704743e-05 -6.03253088164946e-20
1.8280313938488576e-05 -4.446340359404468e-20
1.8310135005272406e-05 -5.774836837088972e-20
1.833995607205624e-05 -6.558974505775444e-20
1.836977713884007e-05 -6.05149891622334e-20
1.8399598205623903e-05 -6.290106291902449e-20
1.8429419272407733e-05 -5.891899423910143e-20
1.8459240339191563e-05 -6.896693566186909e-20
1.8489061405975393e-05 -7.856725899296025e-20
1.8518882472759226e-05 -6.252111541389171e-20
1.854870353954306e-05 -6.822912572667184e-20
1.857852460632689e-05 -8.2233653392293e-20
1.860834567311072e-05 -7.383407518927112e-20
1.863816673989455e-05 -7.690117496194793e-20
1.8667987806678383e-05 -7.51209939280328e-20
1.8697808873462216e-05 -7.719093057404065e-20
1.8727629940246046e-05 -9.31555077106836e-20
1.8757451007029876e-05 -7.893157534595398e-20
1.8787272073813706e-05 -7.570275745037986e-20
1.881709314059754e-05 -9.508581488893448e-20
1.884691420738137e-05 -9.01175798955977e-20
1.8876735274165203e-05 -8.897516450123504e-20
1.8906556340949033e-05 -9.129722207119703e-20
1.8936377407732863e-05 -8.714690531042628e-20
1.8966198474516696e-05 -1.0280627253806678e-19
1.8996019541300526e-05 -9.929387710739777e-20
1.9025840608084356e-05 -8.502348747625663e-20
1.905566167486819e-05 -1.030683334635491e-19
1.908548274165202e-05 -1.0512657892030219e-19
1.9115303808435853e-05 -9.71255905606413e-20
1.9145124875219683e-05 -1.0329065161240996e-19
1.9174945942003513e-05 -9.992886275260466e-20
1.9204767008787343e-05 -1.093518599960863e-19
1.9234588075571176e-05 -1.1420218692613656e-19
1.926440914235501e-05 -9.838885981498351e-20
1.929423020913884e-05 -1.0852577077762287e-19
1.932405127592267e-05 -1.1900099723339987e-19
1.93538723427065e-05 -1.0899656100103953e-19
1.9383693409490333e-05 -1.1211862391613718e-19
1.9413514476274166e-05 -1.1051953091668186e-19
1.9443335543057996e-05 -1.1537864414347386e-19
1.9473156609841826e-05 -1.2693368427256316e-19
1.9502977676625656e-05 -1.1095665205321513e-19
1.953279874340949e-05 -1.1323521086289163e-19
1.956261981019332e-05 -1.2967204346270275e-19
1.9592440876977153e-05 -1.2299904167066272e-19
1.9622261943760983e-05 -1.2053239860181148e-19
1.9652083010544816e-05 -1.2135019353807933e-19
1.9681904077328646e-05 -1.256586033359252e-19
1.9711725144112476e-05 -1.3606942273200122e-19
1.9741546210896306e-05 -1.2462338285754698e-19
1.977136727768014e-05 -1.1736261486926278e-19
1.9801188344463973e-05 -1.3734834757802925e-19
1.9831009411247803e-05 -1.3658308908809742e-19
1.9860830478031633e-05 -1.266833379708913e-19
1.9890651544815463e-05 -1.3196229551384852e-19
1.9920472611599296e-05 -1.3221289428151522e-19
1.995029367838313e-05 -1.4214523119058427e-19
1.998011474516696e-05 -1.3935479103851916e-19
2.000993581195079e-05 -1.2678298432226763e-19
2.003975687873462e-05 -1.4279223974293926e-19
2.0069577945518453e-05 -1.471995673456501e-19
2.0099399012302286e-05 -1.3660192433641366e-19
2.0129220079086116e-05 -1.3826036506697315e-19
2.0159041145869946e-05 -1.3888189385189323e-19
2.0188862212653776e-05 -1.4795789429330413e-19
2.021868327943761e-05 -1.4921190211756995e-19
2.024850434622144e-05 -1.3351986737611134e-19
2.0278325413005273e-05 -1.4394493051282564e-19
2.0308146479789103e-05 -1.5579237644546487e-19
2.0337967546572933e-05 -1.450618703372598e-19
2.0367788613356766e-05 -1.4491835227969294e-19
2.0397609680140596e-05 -1.463794370817204e-19
2.0427430746924426e-05 -1.5162392622607265e-19
2.045725181370826e-05 -1.5829483790521936e-19
2.048707288049209e-05 -1.4131202636730934e-19
2.0516893947275923e-05 -1.430535804718173e-19
2.0546715014059753e-05 -1.6073426669375591e-19
2.0576536080843583e-05 -1.527920708976112e-19
2.0606357147627413e-05 -1.4821489184099575e-19
2.0636178214411246e-05 -1.506542854969018e-19
2.066599928119508e-05 -1.5386207412760963e-19
2.069582034797891e-05 -1.6287873890408467e-19
2.072564141476274e-05 -1.505422267112381e-19
2.075546248154657e-05 -1.449951159069763e-19
2.0785283548330403e-05 -1.6365263611419187e-19
2.0815104615114236e-05 -1.6042454477593383e-19
2.0844925681898066e-05 -1.5034397715387795e-19
2.0874746748681896e-05 -1.5254101611959267e-19
2.0904567815465726e-05 -1.562160876811998e-19
2.093438888224956e-05 -1.6427809041042243e-19
2.096420994903339e-05 -1.549513869568093e-19
2.0994031015817223e-05 -1.456841795475463e-19
2.1023852082601053e-05 -1.6276593301515442e-19
2.1053673149384886e-05 -1.6489802520977834e-19
2.1083494216168716e-05 -1.5192462856139215e-19
2.1113315282952546e-05 -1.5376976140797544e-19
2.1143136349736376e-05 -1.566615433915559e-19
2.117295741652021e-05 -1.6241603460556339e-19
2.1202778483304043e-05 -1.6172301771883043e-19
2.1232599550087873e-05 -1.4576221802506242e-19
2.1262420616871703e-05 -1.5614819326603235e-19
2.1292241683655533e-05 -1.6879997127543766e-19
2.1322062750439363e-05 -1.5215618337498374e-19
2.13518838172232e-05 -1.5056256795102502e-19
2.138170488400703e-05 -1.5707917291014478e-19
2.141152595079086e-05 -1.5817571480104969e-19
2.144134701757469e-05 -1.6179629342346177e-19
2.1471168084358523e-05 -1.4808740520099431e-19
2.1500989151142356e-05 -1.5061864312339408e-19
2.1530810217926186e-05 -1.684239252928784e-19
2.1560631284710016e-05 -1.5407534580103627e-19
2.1590452351493846e-05 -1.4652848814874447e-19
2.162027341827768e-05 -1.5505813783075397e-19
2.165009448506151e-05 -1.5518930778700986e-19
2.1679915551845343e-05 -1.597085108873457e-19
2.1709736618629173e-05 -1.487687130670797e-19
2.1739557685413003e-05 -1.436860250185662e-19
2.1769378752196836e-05 -1.631835504391357e-19
2.1799199818980666e-05 -1.573515400289593e-19
2.1829020885764496e-05 -1.4366244475790166e-19
2.185884195254833e-05 -1.4959133180357974e-19
2.188866301933216e-05 -1.5330498968821112e-19
2.1918484086115993e-05 -1.565864760283368e-19
2.1948305152899823e-05 -1.4953034437302333e-19
2.1978126219683653e-05 -1.3724035764763463e-19
2.2007947286467483e-05 -1.5435728119294946e-19
2.203776835325132e-05 -1.588578696605205e-19
2.206758942003515e-05 -1.3771671789318037e-19
2.209741048681898e-05 -1.4346102501384797e-19
2.212723155360281e-05 -1.4950207219601677e-19
2.215705262038664e-05 -1.4899417176481833e-19
2.2186873687170473e-05 -1.4868345024708995e-19
2.2216694753954306e-05 -1.3293416131189675e-19
2.2246515820738136e-05 -1.4482529513974065e-19
2.2276336887521966e-05 -1.5674333075982288e-19
2.2306157954305796e-05 -1.3567437573595012e-19
2.233597902108963e-05 -1.3542827701120122e-19
2.236580008787346e-05 -1.4446169319774046e-19
2.2395621154657293e-05 -1.4266964788370178e-19
2.2425442221441123e-05 -1.4331119769054607e-19
2.2455263288224956e-05 -1.3010480038051712e-19
2.2485084355008786e-05 -1.3260625168633694e-19
2.2514905421792616e-05 -1.5211921688091407e-19
2.2544726488576446e-05 -1.3492405786353804e-19
2.257454755536028e-05 -1.2428106390243256e-19
2.2604368622144113e-05 -1.3923513195535515e-19
2.2634189688927943e-05 -1.373658782781234e-19
2.2664010755711773e-05 -1.3558337665021329e-19
2.2693831822495603e-05 -1.2727748023249863e-19
2.2723652889279436e-05 -1.214802005132087e-19
2.275347395606327e-05 -1.4120724405292094e-19
2.27832950228471e-05 -1.33916342208172e-19
2.281311608963093e-05 -1.141585956659954e-19
2.284293715641476e-05 -1.279824059910658e-19
2.2872758223198593e-05 -1.333668455287865e-19
2.2902579289982423e-05 -1.2616822253517366e-19
2.2932400356766257e-05 -1.2232494091514605e-19
2.2962221423550087e-05 -1.1334772889094745e-19
2.2992042490333917e-05 -1.2713719140245597e-19
2.302186355711775e-05 -1.3213453040161921e-19
2.305168462390158e-05 -1.0837944466513879e-19
2.3081505690685413e-05 -1.152888648683232e-19
2.3111326757469243e-05 -1.2473744264360695e-19
2.3141147824253073e-05 -1.1767756582092552e-19
2.3170968891036907e-05 -1.1694266135736582e-19
2.3200789957820737e-05 -1.0441263872515798e-19
2.3230611024604567e-05 -1.1489409336279858e-19
2.32604320913884e-05 -1.2755350112870667e-19
2.329025315817223e-05 -1.0175511090290895e-19
2.3320074224956063e-05 -1.022816851034176e-19
2.3349895291739893e-05 -1.1814171967462396e-19
2.3379716358523723e-05 -1.1004764414893516e-19
2.3409537425307553e-05 -1.06147510701849e-19
2.343935849209139e-05 -9.812224981741869e-20
2.346917955887522e-05 -9.984069984836855e-20
2.349900062565905e-05 -1.1765854402767808e-19
2.352882169244288e-05 -1.009922958181007e-19
2.355864275922671e-05 -8.693737400379605e-20
2.3588463826010543e-05 -1.0650622137440098e-19
2.3618284892794377e-05 -1.0458067978080135e-19
2.3648105959578207e-05 -9.644421667022395e-20
2.3677927026362037e-05 -9.453136441732465e-20
2.370774809314587e-05 -8.932239416762652e-20
2.37375691599297e-05 -1.0549831264069339e-19
2.376739022671353e-05 -9.759650900361654e-20
2.3797211293497363e-05 -7.570790925482651e-20
2.3827032360281193e-05 -9.259666845951059e-20
2.3856853427065027e-05 -9.763964263156122e-20
2.3886674493848857e-05 -8.668285176708869e-20
2.3916495560632687e-05 -8.461801095523228e-20
2.3946316627416517e-05 -7.889512433998828e-20
2.397613769420035e-05 -8.951122601550105e-20
2.4005958760984183e-05 -9.401896508983203e-20
2.4035779827768013e-05 -7.075107666597015e-20
2.4065600894551843e-05 -7.505431227216686e-20
2.4095421961335673e-05 -9.065216577266596e-20
2.4125243028119507e-05 -7.800782097834722e-20
2.415506409490334e-05 -7.186415931154139e-20
2.418488516168717e-05 -7.006559358065463e-20
2.4214706228471e-05 -7.523634301626682e-20
2.424452729525483e-05 -8.401324892956193e-20
2.4274348362038663e-05 -6.363149773646183e-20
2.4304169428822493e-05 -6.044605175849028e-20
2.4333990495606327e-05 -7.789850179453578e-20
2.4363811562390157e-05 -6.973233075234297e-20
2.4393632629173987e-05 -6.201374075310121e-20
2.442345369595782e-05 -6.070412040327576e-20
2.445327476274165e-05 -6.22093158068353e-20
2.4483095829525483e-05 -7.313375417711025e-20
2.4512916896309313e-05 -5.878067047663834e-20
2.4542737963093143e-05 -4.4158679102433337e-20
2.4572559029876977e-05 -6.238143320619457e-20
2.4602380096660807e-05 -6.287106312963208e-20
2.4632201163444637e-05 -4.8524574854842406e-20
2.466202223022847e-05 -4.8044525751314464e-20
2.4691843297012303e-05 -4.874458241787207e-20
2.4721664363796133e-05 -5.755223073595854e-20
2.4751485430579963e-05 -5.2451650351006394e-20
2.4781306497363793e-05 -3.2804831694082765e-20
2.4811127564147623e-05 -4.6156216483130833e-20
2.484094863093146e-05 -5.455863829887113e-20
2.487076969771529e-05 -3.778970166774298e-20
2.490059076449912e-05 -3.626573848119122e-20
2.493041183128295e-05 -3.4502637860260284e-20
2.496023289806678e-05 -4.1053999168578125e-20
2.4990053964850613e-05 -4.437769726770462e-20
2.5019875031634447e-05 -2.1106506205934554e-20
2.5049696098418277e-05 -2.788290375630473e-20
2.5079517165202107e-05 -4.339249666522044e-20
2.510933823198594e-05 -2.754645755995476e-20
2.513915929876977e-05 -2.1302306126131168e-20
2.51689803655536e-05 -2.312579990636246e-20
2.5198801432337434e-05 -2.5943359941021035e-20
2.5228622499121263e-05 -3.0329661774429774e-20
2.5258443565905097e-05 -1.4388596741961856e-20
2.5288264632688927e-05 -9.345046213762163e-21
2.5318085699472757e-05 -2.7045183750091034e-20
2.5347906766256587e-05 -1.9912565938713606e-20
2.537772783304042e-05 -5.414351062575697e-21
2.5407548899824254e-05 -9.88607774574126e-21
2.5437369966608084e-05 -1.2259830459929349e-20
2.5467191033391914e-05 -1.6209470925684418e-20
2.5497012100175744e-05 -6.300792381956357e-21
2.5526833166959577e-05 6.13270143782758e-21
2.555665423374341e-05 -1.1878889549012519e-20
2.558647530052724e-05 -1.0219862777760769e-20
2.561629636731107e-05 6.90532040307736e-21
2.56461174340949e-05 3.590764876932494e-21
2.5675938500878734e-05 2.337636199469509e-21
2.5705759567662564e-05 -2.3638271047962055e-21
2.5735580634446397e-05 3.311739374547308e-21
2.5765401701230227e-05 1.8779663689874335e-20
2.5795222768014057e-05 6.496924055990212e-21
2.582504383479789e-05 -6.472428276822961e-22
2.585486490158172e-05 1.4320171888257564e-20
2.588468596836555e-05 1.7434531009940966e-20
2.5914507035149384e-05 1.4570149845265065e-20
2.5944328101933214e-05 1.0835185642726791e-20
2.5974149168717047e-05 1.1646625887886144e-20
2.6003970235500877e-05 2.717190365135081e-20
2.6033791302284707e-05 2.3761843153167502e-20
2.606361236906854e-05 9.070635305090715e-21
2.6093433435852374e-05 2.2636466081145216e-20
2.6123254502636204e-05 3.2421360196614944e-20
2.6153075569420034e-05 2.5189897609811717e-20
2.6182896636203864e-05 2.236993264536922e-20
2.6212717702987694e-05 2.176781680935027e-20
2.624253876977153e-05 3.4670213136096075e-20
2.627235983655536e-05 3.7948182712016995e-20
2.630218090333919e-05 2.059189571896918e-20
2.633200197012302e-05 2.7622259190065995e-20
2.636182303690685e-05 4.2052143205967326e-20
2.6391644103690684e-05 3.6911323214939574e-20
2.6421465170474517e-05 3.43733272642392e-20
2.6451286237258347e-05 3.303279502482763e-20
2.6481107304042177e-05 3.9754091828914926e-20
2.651092837082601e-05 4.9212448490928023e-20
2.654074943760984e-05 3.452863129025042e-20
2.657057050439367e-05 3.402611098801911e-20
2.6600391571177504e-05 5.12220671087767e-20
2.6630212637961334e-05 4.7680349448523417e-20
2.6660033704745167e-05 4.163856633386204e-20
2.6689854771528997e-05 4.175257718599149e-20
2.6719675838312827e-05 4.747722604045372e-20
2.6749496905096657e-05 5.866776247967657e-20
2.677931797188049e-05 4.881940799602503e-20
2.6809139038664324e-05 4.2121677078935536e-20
2.6838960105448154e-05 5.899459056760482e-20
2.6868781172231984e-05 5.93752566632263e-20
2.6898602239015814e-05 5.212411225226904e-20
2.6928423305799647e-05 5.1562632971710096e-20
2.695824437258348e-05 5.2921339866977e-20
2.698806543936731e-05 6.627823948153543e-20
2.701788650615114e-05 6.168721472930033e-20
2.704770757293497e-05 4.82852842028376e-20
2.7077528639718804e-05 6.301404189673079e-20
2.7107349706502634e-05 6.969811808331124e-20
2.7137170773286467e-05 6.073092605596114e-20
2.7166991840070297e-05 6.145034738891452e-20
2.7196812906854127e-05 6.129924482817229e-20
2.722663397363796e-05 7.03968007388499e-20
2.725645504042179e-05 7.327076319771859e-20
2.728627610720562e-05 5.75003129720631e-20
2.7316097173989454e-05 6.510031905185718e-20
2.7345918240773284e-05 7.703673238228531e-20
2.7375739307557117e-05 7.038247605916059e-20
2.7405560374340947e-05 6.748607542274464e-20
2.7435381441124777e-05 6.671191620760829e-20
2.746520250790861e-05 7.531572000051433e-20
2.749502357469244e-05 8.29534824720216e-20
2.7524844641476274e-05 6.922552101197877e-20
2.7554665708260107e-05 6.890220042748896e-20
2.7584486775043934e-05 8.467962386451903e-20
2.7614307841827767e-05 8.023058744669139e-20
2.7644128908611597e-05 7.346534476015781e-20
2.767394997539543e-05 7.623958767737353e-20
2.7703771042179257e-05 7.887523908967546e-20
2.773359210896309e-05 8.767775956315819e-20
2.7763413175746924e-05 7.976433248310384e-20
2.7793234242530754e-05 7.003353313268893e-20
2.7823055309314587e-05 8.812814160736348e-20
2.7852876376098414e-05 9.039551631019002e-20
2.7882697442882247e-05 8.002696325803743e-20
2.791251850966608e-05 8.13432280026852e-20
2.794233957644991e-05 8.258824391448746e-20
2.7972160643233744e-05 9.359935247568308e-20
2.800198171001757e-05 9.042577140634087e-20
2.8031802776801404e-05 7.539249240207779e-20
2.8061623843585234e-05 8.83396991656128e-20
2.8091444910369067e-05 9.669264950706252e-20
2.81212659771529e-05 8.590551327010706e-20
2.8151087043936727e-05 8.496904950517838e-20
2.818090811072056e-05 8.826373766671158e-20
2.821072917750439e-05 9.522880176659165e-20
2.8240550244288224e-05 9.734272985686148e-20
2.8270371311072057e-05 8.324221547132248e-20
2.8300192377855884e-05 9.026609961192805e-20
2.8330013444639717e-05 1.0361196714562825e-19
2.8359834511423547e-05 9.250257535591368e-20
2.838965557820738e-05 8.935415293727834e-20
2.8419476644991207e-05 9.037555455667024e-20
2.844929771177504e-05 9.67329960234759e-20
2.8479118778558877e-05 1.0377836890679406e-19
2.8508939845342704e-05 8.876995057864605e-20
2.8538760912126537e-05 9.022719267459598e-20
2.8568581978910364e-05 1.0467095299583351e-19
2.8598403045694197e-05 9.895976383304985e-20
2.8628224112478034e-05 9.327843594042548e-20
2.865804517926186e-05 9.604626486327172e-20
2.8687866246045694e-05 1.0038062056424526e-19
2.871768731282952e-05 1.0644052321030796e-19
2.8747508379613357e-05 9.750377974795534e-20
2.8777329446397184e-05 8.986087299798706e-20
2.8807150513181017e-05 1.0472606328443413e-19
2.883697157996485e-05 1.0615696306527659e-19
2.8866792646748677e-05 9.623581947523393e-20
2.8896613713532514e-05 9.753636154825424e-20
2.892643478031634e-05 1.0099760256047091e-19
2.8956255847100174e-05 1.0829669028782091e-19
2.8986076913884007e-05 1.0422824717933678e-19
2.9015897980667834e-05 9.209900220411522e-20
2.904571904745167e-05 1.0402477729154817e-19
2.9075540114235497e-05 1.1300598240772324e-19
2.910536118101933e-05 9.956607750125253e-20
2.9135182247803164e-05 9.822667383893518e-20
2.9165003314586994e-05 1.0331077315579306e-19
2.9194824381370827e-05 1.0635310841911531e-19
2.9224645448154654e-05 1.080865280278311e-19
2.9254466514938487e-05 9.433843958140088e-20
2.9284287581722314e-05 1.0034828434182029e-19
2.931410864850615e-05 1.1431543563242693e-19
2.9343929715289984e-05 1.0259973110369008e-19
2.937375078207381e-05 9.894047110869231e-20
2.9403571848857644e-05 1.0187747668625363e-19
2.9433392915641474e-05 1.0746703614873547e-19
2.9463213982425307e-05 1.1166605836502047e-19
2.949303504920914e-05 9.642374954458341e-20
2.9522856115992967e-05 9.772105165555569e-20
2.95526771827768e-05 1.135286051851987e-19
2.958249824956063e-05 1.0631558199374495e-19
2.9612319316344464e-05 9.674411444633816e-20
2.964214038312829e-05 1.0184684522168516e-19
2.9671961449912124e-05 1.0678156142614292e-19
2.9701782516695957e-05 1.0892814823201733e-19
2.9731603583479787e-05 1.0212323148856683e-19
2.976142465026362e-05 9.496510903054992e-20
2.9791245717047447e-05 1.0723208414303484e-19
2.982106678383128e-05 1.0912007118689598e-19
2.9850887850615114e-05 9.615624995006175e-20
2.9880708917398944e-05 9.694328829290738e-20
2.9910529984182778e-05 1.0148664641002779e-19
2.9940351050966604e-05 1.060021651478971e-19
2.9970172117750437e-05 1.0200010068055193e-19
2.9999993184534267e-05 9.005252888960363e-20
3.00298142513181e-05 1.0087341523060438e-19
3.0059635318101934e-05 1.099109019357919e-19
3.008945638488576e-05 9.608976167654867e-20
3.0119277451669594e-05 9.338797223403636e-20
3.0149098518453424e-05 9.846347817742553e-20
3.0178919585237258e-05 1.0137651268281833e-19
3.020874065202109e-05 1.0197643036767725e-19
3.0238561718804918e-05 8.870286694372019e-20
3.026838278558875e-05 9.196446768873461e-20
3.029820385237258e-05 1.0580545108575262e-19
3.0328024919156414e-05 9.424576691689421e-20
3.035784598594024e-05 8.899011402710608e-20
3.0387667052724074e-05 9.433951960837999e-20
3.0417488119507908e-05 9.566124556130665e-20
3.0447309186291738e-05 9.930061700076515e-20
3.047713025307557e-05 8.692064379225805e-20
3.0506951319859398e-05 8.405814088653192e-20
3.053677238664323e-05 1.0091501756226996e-19
3.0566593453427064e-05 9.331871740886437e-20
3.059641452021089e-05 8.287848521660353e-20
3.0626235586994724e-05 8.905099249068956e-20
3.065605665377856e-05 8.981369632090339e-20
3.068587772056239e-05 9.263200198049186e-20
3.0715698787346224e-05 8.681837581337104e-20
3.074551985413005e-05 7.708421466587747e-20
3.0775340920913884e-05 9.055706021334505e-20
3.080516198769771e-05 9.287291165264164e-20
3.0834983054481544e-05 7.778464253618684e-20
3.086480412126537e-05 8.142979923435748e-20
3.0894625188049204e-05 8.745358499177695e-20
3.0924446254833044e-05 8.667661908315679e-20
3.095426732161687e-05 8.379349982721046e-20
3.0984088388400704e-05 7.284092924845553e-20
3.101390945518453e-05 8.075236581182316e-20
3.1043730521968364e-05 9.00798464744616e-20
3.10735515887522e-05 7.40410211638467e-20
3.1103372655536024e-05 7.3712324810565e-20
3.113319372231986e-05 8.100894187266063e-20
3.1163014789103684e-05 8.057959666724634e-20
3.119283585588752e-05 8.201298967654083e-20
3.122265692267135e-05 7.037016428355319e-20
3.1252477989455184e-05 7.360564452573596e-20
3.128229905623902e-05 8.463941389964556e-20
3.1312120123022844e-05 7.246072168622367e-20
3.134194118980668e-05 6.817098900437043e-20
3.1371762256590504e-05 7.387435006001336e-20
3.140158332337434e-05 7.557017493781022e-20
3.143140439015817e-05 7.574604535267945e-20
3.1461225456942e-05 6.661965889038026e-20
3.149104652372584e-05 6.457052042285389e-20
3.1520867590509664e-05 7.854012514251234e-20
3.15506886572935e-05 7.404661177316576e-20
3.1580509724077324e-05 6.075727008455814e-20
3.161033079086116e-05 6.804945914429395e-20
3.164015185764499e-05 7.155815785063559e-20
3.166997292442882e-05 6.939348478101392e-20
3.169979399121265e-05 6.524988844736319e-20
3.172961505799648e-05 5.710223116233917e-20
3.175943612478032e-05 6.754238018083394e-20
3.178925719156415e-05 7.15496585037848e-20
3.181907825834798e-05 5.648869294026015e-20
3.184889932513181e-05 5.866302545925149e-20
3.187872039191564e-05 6.600398429296788e-20
3.190854145869947e-05 6.291567149416127e-20
3.19383625254833e-05 6.011111391261951e-20
3.196818359226713e-05 5.347005558926906e-20
3.1998004659050964e-05 5.965822647381624e-20
3.20278257258348e-05 6.636444046291977e-20
3.205764679261863e-05 5.174962021041064e-20
3.208746785940246e-05 5.091165094781267e-20
3.211728892618629e-05 5.868013110686912e-20
3.2147109992970125e-05 5.621558675967353e-20
3.217693105975395e-05 5.523734533446519e-20
3.2206752126537784e-05 4.8164110307797176e-20
3.223657319332161e-05 4.961786711489805e-20
3.2266394260105444e-05 6.097887973936945e-20
3.229621532688928e-05 5.0939758338206844e-20
3.232603639367311e-05 4.2985627983760016e-20
3.2355857460456945e-05 5.2236712767211466e-20
3.238567852724077e-05 5.062854159062288e-20
3.2415499594024605e-05 4.865663970978347e-20
3.244532066080843e-05 4.4459887420105124e-20
3.2475141727592264e-05 3.7770318125447364e-20
3.25049627943761e-05 5.158249955781166e-20
3.2534783861159924e-05 4.814104510865861e-20
3.256460492794376e-05 3.300986510496523e-20
3.259442599472759e-05 4.238791915435336e-20
3.2624247061511425e-05 4.5264805304239575e-20
3.265406812829526e-05 4.1671790443920735e-20
3.2683889195079085e-05 3.8466400164389484e-20
3.271371026186292e-05 3.2647600967609494e-20
3.2743531328646745e-05 4.084041674385278e-20
3.277335239543058e-05 4.3367559468114424e-20
3.2803173462214404e-05 2.9601136227827015e-20
3.283299452899824e-05 2.9960766513014965e-20
3.286281559578207e-05 3.758305927635126e-20
3.2892636662565905e-05 3.3168210943012455e-20
3.292245772934974e-05 3.093940459226399e-20
3.2952278796133565e-05 2.6527595734791322e-20
3.29820998629174e-05 2.893447282057314e-20
3.301192092970123e-05 3.773942030302469e-20
3.304174199648506e-05 2.5527671906977566e-20
3.307156306326889e-05 2.1334100288765114e-20
3.310138413005272e-05 3.1107029719078337e-20
3.313120519683655e-05 2.7581590483274776e-20
3.3161026263620385e-05 2.4588417642210234e-20
3.319084733040422e-05 2.0658411089540934e-20
3.322066839718805e-05 1.861999661318115e-20
3.325048946397188e-05 2.7902925914923926e-20
3.328031053075571e-05 2.0212013463618396e-20
3.331013159753954e-05 1.0891481237604856e-20
3.333995266432337e-05 2.0788621261441293e-20
3.3369773731107205e-05 2.0021354995891868e-20
3.339959479789103e-05 1.7130303098639933e-20
3.3429415864674865e-05 1.471596404850958e-20
3.34592369314587e-05 9.383800919423557e-21
3.348905799824253e-05 1.9495197490957838e-20
3.351887906502636e-05 1.708092065969356e-20
3.354870013181019e-05 3.9567838197632556e-21
3.3578521198594025e-05 1.0186857304544098e-20
3.360834226537785e-05 1.3748084473882302e-20
3.3638163332161685e-05 9.221498666258262e-21
3.366798439894551e-05 6.650902425076239e-21
3.3697805465729345e-05 2.7695622246892717e-21
3.3727626532513185e-05 8.981528696398238e-21
3.375744759929701e-05 1.0897136636333763e-20
3.3787268666080845e-05 -1.4643350882999552e-21
3.381708973286467e-05 6.934970112613098e-22
3.3846910799648505e-05 7.560476073781447e-21
3.387673186643234e-05 1.1772584238049043e-21
