0.0 -1.9517085097828937e-19
2.9815222935779816e-08 -1.780278088830603e-19
5.963044587155963e-08 -1.7302992402279074e-19
8.944566880733945e-08 -1.7836632349464863e-19
1.1926089174311926e-07 -1.9392896142852356e-19
1.490761146788991e-07 -1.9358205733511452e-19
1.788913376146789e-07 -1.7001117773931522e-19
2.0870656055045872e-07 -1.7998906491173222e-19
2.385217834862385e-07 -2.0259383188715492e-19
2.6833700642201836e-07 -1.9260833713588718e-19
2.981522293577982e-07 -1.779863699350049e-19
3.27967452293578e-07 -1.825518119275259e-19
3.577826752293578e-07 -1.971269928840248e-19
3.8759789816513765e-07 -2.007572298554192e-19
4.1741312110091743e-07 -1.8039125333535844e-19
4.4722834403669727e-07 -1.801510125427896e-19
4.77043566972477e-07 -2.045646080108843e-19
5.068587899082569e-07 -1.9827148495519973e-19
5.366740128440367e-07 -1.8551982199777338e-19
5.664892357798166e-07 -1.8634882520090673e-19
5.963044587155964e-07 -1.9593603503340197e-19
6.261196816513762e-07 -2.0963553153601214e-19
6.55934904587156e-07 -1.8912521460202001e-19
6.857501275229359e-07 -1.785882458308383e-19
7.155653504587156e-07 -2.053633395120698e-19
7.453805733944955e-07 -2.045095128982528e-19
7.751957963302753e-07 -1.8855968127925106e-19
8.05011019266055e-07 -1.8887558078204448e-19
8.348262422018349e-07 -1.967046941848619e-19
8.646414651376147e-07 -2.1051242255912863e-19
8.944566880733945e-07 -1.977406066094912e-19
9.242719110091744e-07 -1.7967755436756041e-19
9.54087133944954e-07 -2.0201465657782817e-19
9.83902356880734e-07 -2.1079410893256847e-19
1.0137175798165138e-06 -1.9297832716584485e-19
1.0435328027522938e-06 -1.892664865536073e-19
1.0733480256880734e-06 -1.9565125359376145e-19
1.1031632486238533e-06 -2.080398250059638e-19
1.1329784715596331e-06 -2.0318439823784973e-19
1.1627936944954127e-06 -1.818725360902132e-19
1.1926089174311928e-06 -1.9454057520362585e-19
1.2224241403669726e-06 -2.1294882857567325e-19
1.2522393633027525e-06 -1.9715306557779597e-19
1.282054586238532e-06 -1.8878223976455932e-19
1.311869809174312e-06 -1.9527928458720173e-19
1.3416850321100918e-06 -2.0226663524572627e-19
1.3715002550458718e-06 -2.067110507298643e-19
1.4013154779816514e-06 -1.8727248688064813e-19
1.4311307009174313e-06 -1.8554395140893492e-19
1.460945923853211e-06 -2.0968090669831719e-19
1.490761146788991e-06 -2.0117996455204953e-19
1.5205763697247708e-06 -1.874063059774905e-19
1.5503915926605506e-06 -1.908096429012678e-19
1.5802068155963304e-06 -1.9747134427394894e-19
1.61002203853211e-06 -2.059616212650552e-19
1.63983726146789e-06 -1.9119844855994618e-19
1.6696524844036697e-06 -1.8044231636499896e-19
1.6994677073394498e-06 -2.0314887470590429e-19
1.7292829302752294e-06 -2.0488383499659684e-19
1.7590981532110092e-06 -1.8448080832653854e-19
1.788913376146789e-06 -1.8490521083565826e-19
1.818728599082569e-06 -1.9426930677706196e-19
1.8485438220183487e-06 -2.0144618421266774e-19
1.8783590449541286e-06 -1.9158660775253418e-19
1.908174267889908e-06 -1.7429913687445565e-19
1.9379894908256883e-06 -1.9309460398565783e-19
1.967804713761468e-06 -2.0617489537712196e-19
1.9976199366972475e-06 -1.828193856888777e-19
2.0274351596330275e-06 -1.7885722892918033e-19
2.057250382568807e-06 -1.9028858219885155e-19
2.0870656055045876e-06 -1.9396919689874306e-19
2.1168808284403673e-06 -1.9188631876533994e-19
2.146696051376147e-06 -1.7262189386718084e-19
2.176511274311927e-06 -1.79323854249893e-19
2.2063264972477066e-06 -2.0162809394963613e-19
2.236141720183486e-06 -1.816198175662982e-19
2.2659569431192662e-06 -1.7086905910120996e-19
2.295772166055046e-06 -1.8255529679396821e-19
2.3255873889908255e-06 -1.8594814852699908e-19
2.3554026119266055e-06 -1.8897615544501793e-19
2.3852178348623856e-06 -1.710993553854201e-19
2.4150330577981656e-06 -1.6666919704868868e-19
2.4448482807339452e-06 -1.9212527603860253e-19
2.474663503669725e-06 -1.8183912570913061e-19
2.504478726605505e-06 -1.6373714638060398e-19
2.5342939495412845e-06 -1.7300306300010708e-19
2.564109172477064e-06 -1.7681742790664316e-19
2.5939243954128442e-06 -1.7887913436207238e-19
2.623739618348624e-06 -1.6880490913144615e-19
2.653554841284404e-06 -1.5667717256259002e-19
2.6833700642201835e-06 -1.773654601363849e-19
2.7131852871559636e-06 -1.8122539430602417e-19
2.7430005100917436e-06 -1.5663347559979314e-19
2.7728157330275232e-06 -1.5997944761778903e-19
2.802630955963303e-06 -1.7137224983139008e-19
2.832446178899083e-06 -1.700055977302574e-19
2.8622614018348625e-06 -1.6450754271378614e-19
2.892076624770642e-06 -1.4888186522003185e-19
2.921891847706422e-06 -1.5958421086107782e-19
2.951707070642202e-06 -1.7442393923907013e-19
2.981522293577982e-06 -1.5242901329431023e-19
3.0113375165137615e-06 -1.4705136707217167e-19
3.0411527394495415e-06 -1.5730564658954927e-19
3.0709679623853216e-06 -1.6082511858829873e-19
3.100783185321101e-06 -1.5742646826711963e-19
3.130598408256881e-06 -1.3825751429985823e-19
3.160413631192661e-06 -1.455332981804918e-19
3.1902288541284405e-06 -1.6363966532767467e-19
3.22004407706422e-06 -1.4632350937536797e-19
3.2498593e-06 -1.3410253310591513e-19
3.27967452293578e-06 -1.4303223330748235e-19
3.30948974587156e-06 -1.470343656917046e-19
3.3393049688073395e-06 -1.4610702159813166e-19
3.3691201917431195e-06 -1.3099716702701768e-19
3.3989354146788996e-06 -1.2697911784320996e-19
3.428750637614679e-06 -1.4843218478329294e-19
3.458565860550459e-06 -1.3871537984517209e-19
3.488381083486239e-06 -1.200217616272882e-19
3.5181963064220185e-06 -1.2981424084769339e-19
3.548011529357798e-06 -1.3411451255544261e-19
3.577826752293578e-06 -1.3207501187039454e-19
3.6076419752293578e-06 -1.213310005317014e-19
3.637457198165138e-06 -1.1090373748689587e-19
3.6672724211009174e-06 -1.2796379046679934e-19
3.6970876440366975e-06 -1.2951554062086448e-19
3.726902866972477e-06 -1.0606619190916992e-19
3.756718089908257e-06 -1.0836668496733017e-19
3.7865333128440364e-06 -1.197663734738297e-19
3.816348535779816e-06 -1.167498209220239e-19
3.846163758715597e-06 -1.0774217176783557e-19
3.8759789816513765e-06 -9.555922061906498e-20
3.905794204587156e-06 -1.0679373732199339e-19
3.935609427522936e-06 -1.1713547760922753e-19
3.965424650458716e-06 -9.525307973594138e-20
3.995239873394495e-06 -8.873653343450098e-20
4.0250550963302755e-06 -9.947548859610246e-20
4.054870319266055e-06 -9.99956636367055e-20
4.084685542201835e-06 -9.363508655728403e-20
4.114500765137614e-06 -7.920894728447097e-20
4.144315988073395e-06 -8.291071352857738e-20
4.174131211009175e-06 -9.942831023291519e-20
4.203946433944954e-06 -8.382545582829849e-20
4.2337616568807345e-06 -6.742821985886509e-20
4.263576879816514e-06 -7.918722944990209e-20
4.293392102752294e-06 -8.361943702361965e-20
4.323207325688073e-06 -7.800172113429863e-20
4.353022548623854e-06 -6.661941753055205e-20
4.382837771559633e-06 -6.054135139893048e-20
4.412652994495413e-06 -7.748488111548337e-20
4.442468217431193e-06 -7.146219944599624e-20
4.472283440366972e-06 -4.993978878820325e-20
4.502098663302753e-06 -5.78485053509139e-20
4.5319138862385325e-06 -6.540236816221563e-20
4.561729109174312e-06 -6.229629902405829e-20
4.591544332110092e-06 -5.049696697164893e-20
4.621359555045872e-06 -3.90828418638338e-20
4.651174777981651e-06 -5.797332039940315e-20
4.6809900009174314e-06 -6.041337274004714e-20
4.710805223853211e-06 -3.2969629352932386e-20
4.7406204467889915e-06 -3.549359738743155e-20
4.770435669724771e-06 -4.799952850668429e-20
4.800250892660551e-06 -4.283711302804495e-20
4.830066115596331e-06 -3.493242311308795e-20
4.85988133853211e-06 -2.3099289721467442e-20
4.8896965614678905e-06 -3.2901972997463725e-20
4.91951178440367e-06 -4.731339773063382e-20
4.94932700733945e-06 -2.1897372701357254e-20
4.979142230275229e-06 -1.3243241382009358e-20
5.00895745321101e-06 -3.0859633766884875e-20
5.038772676146789e-06 -2.823779096117795e-20
5.068587899082569e-06 -2.0588232153376545e-20
5.0984031220183496e-06 -7.157904040985247e-21
5.128218344954128e-06 -1.0372242529073464e-20
5.158033567889909e-06 -2.9057203865540695e-20
5.1878487908256884e-06 -9.378397354154228e-21
5.217664013761468e-06 4.842575252781255e-21
5.247479236697248e-06 -9.017809990411625e-21
5.277294459633028e-06 -1.0981174889062024e-20
5.307109682568808e-06 -6.858099275764315e-21
5.336924905504587e-06 7.683931699266158e-21
5.366740128440367e-06 1.0291698302255833e-20
5.3965553513761475e-06 -9.956301409525091e-21
5.426370574311927e-06 1.7253198459661272e-22
5.456185797247707e-06 2.1669749802127757e-20
5.486001020183487e-06 1.1858888721875719e-20
5.515816243119266e-06 3.352508444642533e-21
5.5456314660550465e-06 1.1021245669788528e-20
5.575446688990826e-06 2.166120794598286e-20
5.605261911926606e-06 2.8235248538263783e-20
5.635077134862385e-06 1.1722345836930972e-20
5.664892357798166e-06 8.7019241708567e-21
5.6947075807339446e-06 3.663878224229833e-20
5.724522803669725e-06 3.3134093801865486e-20
5.7543380266055055e-06 1.766718608088821e-20
5.784153249541284e-06 2.6293801405796063e-20
5.813968472477065e-06 3.447832047865122e-20
5.843783695412844e-06 4.38206609219139e-20
5.873598918348624e-06 3.6259048201824044e-20
5.903414141284404e-06 2.2872043175706926e-20
5.933229364220184e-06 4.7259734221932384e-20
5.963044587155964e-06 5.538881327030028e-20
5.992859810091743e-06 3.441886215510809e-20
6.022675033027523e-06 3.931236393084416e-20
6.0524902559633034e-06 4.857020218965979e-20
6.082305478899083e-06 5.571256231921634e-20
6.112120701834863e-06 5.491682321635948e-20
6.141935924770643e-06 3.7301209032885427e-20
6.171751147706422e-06 5.589080402336628e-20
6.201566370642202e-06 7.469767372977892e-20
6.231381593577982e-06 5.3189852281477945e-20
6.261196816513762e-06 5.2382679958426776e-20
6.291012039449541e-06 6.503905089062015e-20
6.320827262385322e-06 7.137188375745752e-20
6.3506424853211005e-06 7.423504860453621e-20
6.380457708256881e-06 5.665448691628408e-20
6.4102729311926615e-06 6.371297883251469e-20
6.44008815412844e-06 8.929620673728455e-20
6.469903377064221e-06 7.56004289981571e-20
6.4997186e-06 6.384888152945832e-20
6.52953382293578e-06 7.883244618367744e-20
6.55934904587156e-06 8.53907583364992e-20
6.58916426880734e-06 8.747758835681247e-20
6.61897949174312e-06 7.7148501810112e-20
6.648794714678899e-06 7.350501157088448e-20
6.678609937614679e-06 1.008642603508446e-19
6.708425160550459e-06 9.646505341519864e-20
6.738240383486239e-06 7.705407889079516e-20
6.768055606422019e-06 8.942402987274933e-20
6.797870829357799e-06 9.723554874367056e-20
6.827686052293578e-06 1.0184860134351689e-19
6.857501275229358e-06 9.538418363067352e-20
6.887316498165138e-06 8.262892611754105e-20
6.917131721100918e-06 1.0835653455891522e-19
6.946946944036697e-06 1.1599698465980818e-19
6.976762166972478e-06 9.188715528586385e-20
7.006577389908257e-06 1.0094035004756473e-19
7.036392612844037e-06 1.1244269801199487e-19
7.0662078357798174e-06 1.1329175030413938e-19
7.096023058715596e-06 1.125260039144341e-19
7.125838281651377e-06 9.846012022002949e-20
7.155653504587156e-06 1.1280726340593515e-19
7.185468727522936e-06 1.2983752144956131e-19
7.2152839504587156e-06 1.0846294712936293e-19
7.245099173394496e-06 1.0707220167250848e-19
7.274914396330276e-06 1.2403213832972855e-19
7.304729619266054e-06 1.254651305662312e-19
7.334544842201835e-06 1.254703105665091e-19
7.364360065137615e-06 1.134986176074865e-19
7.394175288073395e-06 1.1850119366220368e-19
7.4239905110091755e-06 1.433823821103489e-19
7.453805733944954e-06 1.2712461781910255e-19
7.483620956880734e-06 1.140101638675412e-19
7.513436179816514e-06 1.3277183680510994e-19
7.543251402752295e-06 1.3632476061501834e-19
7.573066625688073e-06 1.3494826255160408e-19
7.602881848623853e-06 1.278590440209601e-19
7.632697071559633e-06 1.2379405453118324e-19
7.662512294495413e-06 1.4800576630919868e-19
7.692327517431194e-06 1.4473889984813006e-19
7.722142740366973e-06 1.2157117033655212e-19
7.751957963302753e-06 1.3801527594688737e-19
7.781773186238533e-06 1.4856439250200251e-19
7.811588409174312e-06 1.4235340011665288e-19
7.841403632110091e-06 1.41384793644423e-19
7.871218855045872e-06 1.3167109075355874e-19
7.901034077981652e-06 1.4777236321473713e-19
7.930849300917432e-06 1.5874030470286955e-19
7.960664523853213e-06 1.3211422837599011e-19
7.99047974678899e-06 1.4014045081930397e-19
8.02029496972477e-06 1.57515100398871e-19
8.050110192660551e-06 1.4990770515793725e-19
8.079925415596331e-06 1.4973619290722877e-19
8.10974063853211e-06 1.40061097810626e-19
8.13955586146789e-06 1.494542965667871e-19
8.16937108440367e-06 1.6709368528214052e-19
8.19918630733945e-06 1.4510937176432674e-19
8.229001530275229e-06 1.418612741831504e-19
8.25881675321101e-06 1.595410796535175e-19
8.28863197614679e-06 1.5721740012133115e-19
8.31844719908257e-06 1.538387457771234e-19
8.34826242201835e-06 1.4736425956276584e-19
8.378077644954128e-06 1.5066234248478657e-19
8.407892867889908e-06 1.6876685738873153e-19
8.437708090825689e-06 1.5573012388586192e-19
8.467523313761469e-06 1.4205478161198038e-19
8.497338536697248e-06 1.6085918802900829e-19
8.527153759633028e-06 1.6362205894131714e-19
8.556968982568807e-06 1.566953180940778e-19
8.586784205504588e-06 1.5381784573621888e-19
8.616599428440368e-06 1.4965596141442872e-19
8.646414651376147e-06 1.6555555668970031e-19
8.676229874311927e-06 1.6402904734424667e-19
8.706045097247708e-06 1.4300443457985098e-19
8.735860320183487e-06 1.5603737536637895e-19
8.765675543119265e-06 1.6755297350369907e-19
8.795490766055046e-06 1.5662440929657988e-19
8.825305988990826e-06 1.533662117258796e-19
8.855121211926607e-06 1.4977816468692368e-19
8.884936434862385e-06 1.6032644295556466e-19
8.914751657798166e-06 1.6844205722830778e-19
8.944566880733945e-06 1.4505705722837298e-19
8.974382103669725e-06 1.481563166387733e-19
9.004197326605506e-06 1.6500718402694113e-19
9.034012549541284e-06 1.5502049738217984e-19
9.063827772477065e-06 1.5172456107658664e-19
9.093642995412845e-06 1.4816246752546477e-19
9.123458218348624e-06 1.5371268891623445e-19
9.153273441284403e-06 1.6622370198892374e-19
9.183088664220183e-06 1.47372974741095e-19
9.212903887155964e-06 1.4219136355658695e-19
9.242719110091744e-06 1.5938191565868411e-19
9.272534333027525e-06 1.5478270863518132e-19
9.302349555963302e-06 1.4793951879889525e-19
9.332164778899082e-06 1.453202986189127e-19
9.361980001834863e-06 1.4641123622936107e-19
9.391795224770643e-06 1.5946600096433492e-19
9.421610447706422e-06 1.4901505471587392e-19
9.451425670642203e-06 1.3336496021892795e-19
9.481240893577983e-06 1.5088900008819736e-19
9.511056116513762e-06 1.545724241566434e-19
9.540871339449542e-06 1.4180265347751815e-19
9.570686562385321e-06 1.4209852129856464e-19
9.600501785321102e-06 1.39759585815105e-19
9.630317008256882e-06 1.4871971929276106e-19
9.660132231192662e-06 1.4879185821373794e-19
9.68994745412844e-06 1.2910242073447868e-19
9.71976267706422e-06 1.3924096671514168e-19
9.7495779e-06 1.4817151236218578e-19
9.779393122935781e-06 1.3672640014058162e-19
9.80920834587156e-06 1.368731671200488e-19
9.83902356880734e-06 1.3259338180964906e-19
9.868838791743119e-06 1.3847870403131124e-19
9.8986540146789e-06 1.4617559361610226e-19
9.92846923761468e-06 1.2556450963940085e-19
9.958284460550459e-06 1.2843940943575663e-19
9.98809968348624e-06 1.4274579675125749e-19
1.001791490642202e-05 1.3359825128881043e-19
1.0047730129357798e-05 1.299828653844315e-19
1.0077545352293577e-05 1.245943161482914e-19
1.0107360575229358e-05 1.2809427458236742e-19
1.0137175798165138e-05 1.4001981273585866e-19
1.0166991021100919e-05 1.2358925325658692e-19
1.0196806244036699e-05 1.1575121470581843e-19
1.0226621466972478e-05 1.3322609299782632e-19
1.0256436689908257e-05 1.2859501673332907e-19
1.0286251912844037e-05 1.2066997699742332e-19
1.0316067135779818e-05 1.229210783898323e-19
1.0345882358715596e-05 1.1899685157209572e-19
1.0375697581651377e-05 1.293634828955772e-19
1.0405512804587157e-05 1.2337139576658577e-19
1.0435328027522936e-05 1.0583744557755799e-19
1.0465143250458715e-05 1.224494142581343e-19
1.0494958473394495e-05 1.2395908781923662e-19
1.0524773696330276e-05 1.1083520481335387e-19
1.0554588919266056e-05 1.1418589798995514e-19
1.0584404142201837e-05 1.1039272812377462e-19
1.0614219365137616e-05 1.166867158633661e-19
1.0644034588073394e-05 1.1753232450331408e-19
1.0673849811009175e-05 1.0087526910665487e-19
1.0703665033944955e-05 1.08859059058466e-19
1.0733480256880734e-05 1.1645392403457e-19
1.0763295479816515e-05 1.0586364721427416e-19
1.0793110702752295e-05 1.0289319608882377e-19
1.0822925925688074e-05 1.003026653256529e-19
1.0852741148623854e-05 1.0371182399801724e-19
1.0882556371559633e-05 1.0906109138435746e-19
1.0912371594495413e-05 9.281401857405799e-20
1.0942186817431194e-05 9.254788714690413e-20
1.0972002040366974e-05 1.0665770818758872e-19
1.1001817263302751e-05 9.670536879828697e-20
1.1031632486238532e-05 9.352858492891991e-20
1.1061447709174312e-05 9.232704094738573e-20
1.1091262932110093e-05 9.046728341659856e-20
1.1121078155045872e-05 1.0093460223826134e-19
1.1150893377981652e-05 8.798020514527634e-20
1.1180708600917431e-05 7.798688450719413e-20
1.1210523823853211e-05 9.248298989663759e-20
1.1240339046788992e-05 8.897915590516698e-20
1.127015426972477e-05 8.010449072744004e-20
1.1299969492660551e-05 8.110884115201788e-20
1.1329784715596332e-05 7.803139670637169e-20
1.135959993853211e-05 8.569230360506998e-20
1.1389415161467889e-05 8.266848619580564e-20
1.141923038440367e-05 6.519295858265841e-20
1.144904560733945e-05 7.698425235069134e-20
1.147886083027523e-05 8.219415883288733e-20
1.1508676053211011e-05 6.81170757599842e-20
1.153849127614679e-05 6.861712508191114e-20
1.1568306499082569e-05 6.420879551125547e-20
1.1598121722018349e-05 6.88653146832273e-20
1.162793694495413e-05 7.291840765177081e-20
1.1657752167889908e-05 5.335542070164458e-20
1.1687567390825689e-05 5.889497783520817e-20
1.171738261376147e-05 6.972167077134485e-20
1.1747197836697248e-05 5.704431004889976e-20
1.1777013059633028e-05 5.691459485945028e-20
1.1806828282568807e-05 5.324980615769262e-20
1.1836643505504588e-05 5.2099669319362717e-20
1.1866458728440368e-05 6.165983958979901e-20
1.1896273951376149e-05 4.461601234195943e-20
1.1926089174311927e-05 4.0296550155184083e-20
1.1955904397247706e-05 5.443970680375506e-20
1.1985719620183487e-05 4.5129650905864026e-20
1.2015534843119267e-05 4.114815756408319e-20
1.2045350066055046e-05 4.050232720539915e-20
1.2075165288990826e-05 3.6179363371107076e-20
1.2104980511926607e-05 4.6508578225554654e-20
1.2134795734862386e-05 3.698916399116978e-20
1.2164610957798166e-05 2.300066588746765e-20
1.2194426180733945e-05 3.85170375194197e-20
1.2224241403669725e-05 3.7015830802866043e-20
1.2254056626605506e-05 2.4749559696342725e-20
1.2283871849541286e-05 2.738044532059504e-20
1.2313687072477063e-05 2.206860052214148e-20
1.2343502295412844e-05 2.6606826926648167e-20
1.2373317518348624e-05 2.80898130722051e-20
1.2403132741284405e-05 9.552037594841702e-21
1.2432947964220185e-05 1.8269093848541676e-20
1.2462763187155964e-05 2.6369516094570088e-20
1.2492578410091743e-05 1.1002605334042057e-20
1.2522393633027523e-05 1.2653383393467474e-20
1.2552208855963304e-05 1.0414897765065083e-20
1.2582024078899083e-05 1.0727869528094705e-20
1.2611839301834863e-05 1.743815494918031e-20
1.2641654524770644e-05 -2.1828262002749092e-21
1.2671469747706424e-05 -3.0341847021424483e-21
1.2701284970642201e-05 1.1167422680450355e-20
1.2731100193577982e-05 -2.9415553421352014e-22
1.2760915416513762e-05 -4.448373038995413e-21
1.2790730639449542e-05 -4.7406863962221974e-21
1.2820545862385323e-05 -6.764887049460986e-21
1.2850361085321102e-05 3.6488143387365805e-21
1.288017630825688e-05 -1.1584742761070267e-20
1.2909991531192661e-05 -2.1999043641811966e-20
1.2939806754128441e-05 -1.7190310519870827e-21
1.296962197706422e-05 -1.1228745546525668e-20
1.29994372e-05 -2.2423159347363696e-20
1.3029252422935781e-05 -1.780749136924594e-20
1.305906764587156e-05 -2.2550707794858088e-20
1.308888286880734e-05 -1.3214342611580114e-20
1.311869809174312e-05 -2.1929910390282598e-20
1.31485133146789e-05 -3.898303350769116e-20
1.317832853761468e-05 -1.944344967614777e-20
1.320814376055046e-05 -1.904579352918827e-20
1.323795898348624e-05 -3.6368957350585747e-20
1.3267774206422018e-05 -3.2221353094185577e-20
1.3297589429357799e-05 -3.399388437277354e-20
1.3327404652293579e-05 -3.1513067701848417e-20
1.3357219875229358e-05 -3.099491715967919e-20
1.3387035098165138e-05 -4.947116929351635e-20
1.3416850321100919e-05 -4.103080770065265e-20
1.3446665544036698e-05 -3.031841605621528e-20
1.3476480766972478e-05 -4.821519416251897e-20
1.3506295989908257e-05 -4.7903874648566625e-20
1.3536111212844037e-05 -4.5498765670400314e-20
1.3565926435779818e-05 -4.723776898661149e-20
1.3595741658715598e-05 -3.9770867206373413e-20
1.3625556881651375e-05 -5.834255911985544e-20
1.3655372104587156e-05 -5.926540798083167e-20
1.3685187327522936e-05 -3.956575419394624e-20
1.3715002550458717e-05 -5.645060306177372e-20
1.3744817773394497e-05 -6.191629009291206e-20
1.3774632996330276e-05 -5.614522021320304e-20
1.3804448219266056e-05 -6.240468999644419e-20
1.3834263442201835e-05 -5.2766156287465286e-20
1.3864078665137616e-05 -6.318624735911699e-20
1.3893893888073394e-05 -7.575010780104252e-20
1.3923709111009175e-05 -5.519602441789301e-20
1.3953524333944955e-05 -6.02936196973398e-20
1.3983339556880736e-05 -7.470573200063278e-20
1.4013154779816515e-05 -6.782999283226789e-20
1.4042970002752293e-05 -7.22595714171994e-20
1.4072785225688074e-05 -6.588723906725485e-20
1.4102600448623854e-05 -6.770642456736142e-20
1.4132415671559635e-05 -8.820708885361264e-20
1.4162230894495414e-05 -7.244353693302895e-20
1.4192046117431192e-05 -6.582817463266903e-20
1.4221861340366973e-05 -8.567937639300092e-20
1.4251676563302753e-05 -8.238149381784758e-20
1.4281491786238532e-05 -7.874480504534975e-20
1.4311307009174313e-05 -7.809071459022017e-20
1.4341122232110093e-05 -7.64858514301804e-20
1.4370937455045872e-05 -9.246359043665728e-20
1.4400752677981652e-05 -8.752418069429437e-20
1.4430567900917431e-05 -7.196599691440068e-20
1.4460383123853213e-05 -9.022836208353839e-20
1.4490198346788992e-05 -9.500999070722573e-20
1.452001356972477e-05 -8.612020840305375e-20
1.4549828792660551e-05 -9.031414369094734e-20
1.457964401559633e-05 -8.516502422747339e-20
1.4609459238532109e-05 -9.831187614162483e-20
1.4639274461467891e-05 -1.0177233504569691e-19
1.466908968440367e-05 -8.075664840763964e-20
1.4698904907339452e-05 -9.474573689293521e-20
1.472872013027523e-05 -1.0452774075555227e-19
1.4758535353211008e-05 -9.495759707273582e-20
1.478835057614679e-05 -9.838340874972038e-20
1.4818165799082569e-05 -9.576041439541443e-20
1.4847981022018351e-05 -1.0275803238324121e-19
1.487779624495413e-05 -1.1246605271874912e-19
1.4907611467889908e-05 -9.53918421833992e-20
1.4937426690825689e-05 -9.648898547942378e-20
1.4967241913761468e-05 -1.1421801297381915e-19
1.499705713669725e-05 -1.0560842285971397e-19
1.5026872359633029e-05 -1.0462777275803897e-19
1.5056687582568807e-05 -1.0648808346364096e-19
1.508650280550459e-05 -1.042097976523834e-19
1.5116318028440368e-05 -1.2110613836730694e-19
1.5146133251376145e-05 -1.0854479663423512e-19
1.5175948474311928e-05 -9.916259891958688e-20
1.5205763697247706e-05 -1.2322398930394118e-19
1.5235578920183489e-05 -1.1745504132722638e-19
1.5265394143119266e-05 -1.1060033131260224e-19
1.5295209366055046e-05 -1.1625523362417855e-19
1.5325024588990827e-05 -1.1261964723090167e-19
1.5354839811926607e-05 -1.2562560350865347e-19
1.5384655034862388e-05 -1.2224039113645507e-19
1.5414470257798165e-05 -1.0632720575575232e-19
1.5444285480733945e-05 -1.2398629201611862e-19
1.5474100703669726e-05 -1.2943762460190177e-19
1.5503915926605506e-05 -1.1829379868994004e-19
1.5533731149541283e-05 -1.2270628731002675e-19
1.5563546372477067e-05 -1.2140849548807146e-19
1.5593361595412844e-05 -1.2899662815682623e-19
1.5623176818348625e-05 -1.3293340038792803e-19
1.5652992041284405e-05 -1.1490180525893924e-19
1.5682807264220182e-05 -1.2614716254940438e-19
1.5712622487155966e-05 -1.3940924054200101e-19
1.5742437710091743e-05 -1.2542052054990456e-19
1.5772252933027523e-05 -1.284014535479022e-19
1.5802068155963304e-05 -1.2946978960763105e-19
1.583188337889908e-05 -1.3055112213972467e-19
1.5861698601834865e-05 -1.4141357341554596e-19
1.5891513824770642e-05 -1.2587250982370236e-19
1.5921329047706426e-05 -1.2756147657075973e-19
1.5951144270642203e-05 -1.4497029582129213e-19
1.598095949357798e-05 -1.3313733282738718e-19
1.6010774716513764e-05 -1.3272963738873444e-19
1.604058993944954e-05 -1.365171592972552e-19
1.607040516238532e-05 -1.3300466629557574e-19
1.6100220385321102e-05 -1.447428974994386e-19
1.6130035608256882e-05 -1.3629197133431407e-19
1.6159850831192663e-05 -1.2725634311321979e-19
1.618966605412844e-05 -1.4629222810817737e-19
1.621948127706422e-05 -1.4156824305522674e-19
1.62492965e-05 -1.33032325022342e-19
1.627911172293578e-05 -1.4236707295266366e-19
1.6308926945871562e-05 -1.3706729967050083e-19
1.633874216880734e-05 -1.4441733079314959e-19
1.636855739174312e-05 -1.4515365824502056e-19
1.63983726146789e-05 -1.281907944567506e-19
1.642818783761468e-05 -1.4505351216385416e-19
1.6458003060550457e-05 -1.490911574040321e-19
1.648781828348624e-05 -1.3472021560143989e-19
1.651763350642202e-05 -1.428341919154971e-19
1.65474487293578e-05 -1.3912729901955227e-19
1.657726395229358e-05 -1.420280128610302e-19
1.6607079175229356e-05 -1.487862704873969e-19
1.663689439816514e-05 -1.327801541117891e-19
1.6666709621100917e-05 -1.4053154369433202e-19
1.66965248440367e-05 -1.5174923351681019e-19
1.6726340066972478e-05 -1.3801385437051274e-19
1.6756155289908255e-05 -1.4107316998712724e-19
1.678597051284404e-05 -1.4363878094415692e-19
1.6815785735779816e-05 -1.3908101110669747e-19
1.6845600958715597e-05 -1.4926066476837218e-19
1.6875416181651377e-05 -1.3936019753381345e-19
1.6905231404587158e-05 -1.3293320033729712e-19
1.6935046627522938e-05 -1.494738245652062e-19
1.6964861850458715e-05 -1.4160802322548116e-19
1.6994677073394496e-05 -1.364368181317511e-19
1.7024492296330276e-05 -1.4443891419911032e-19
1.7054307519266057e-05 -1.3857590801396568e-19
1.7084122742201837e-05 -1.4535182065010177e-19
1.7113937965137614e-05 -1.4276841164552436e-19
1.7143753188073395e-05 -1.3080235798501622e-19
1.7173568411009175e-05 -1.4649324126047884e-19
1.7203383633944956e-05 -1.4350831324907428e-19
1.7233198856880736e-05 -1.3242343555842092e-19
1.7263014079816517e-05 -1.4246056295885308e-19
1.7292829302752294e-05 -1.3631064936849708e-19
1.7322644525688074e-05 -1.3824767613868546e-19
1.7352459748623855e-05 -1.425390195356803e-19
1.738227497155963e-05 -1.2851571001577858e-19
1.7412090194495416e-05 -1.3863760726829207e-19
1.7441905417431193e-05 -1.4227440869593787e-19
1.7471720640366973e-05 -1.2993106435565674e-19
1.7501535863302754e-05 -1.3844102280113246e-19
1.753135108623853e-05 -1.3524594751788072e-19
1.7561166309174314e-05 -1.3082473907586517e-19
1.759098153211009e-05 -1.4001947007457202e-19
1.7620796755045875e-05 -1.2878804050750513e-19
1.7650611977981652e-05 -1.2806615242990365e-19
1.768042720091743e-05 -1.3853288658855e-19
1.7710242423853213e-05 -1.2690904788446165e-19
1.774005764678899e-05 -1.2794125554402984e-19
1.776987286972477e-05 -1.3149068587512202e-19
1.779968809266055e-05 -1.2367534655782406e-19
1.7829503315596332e-05 -1.3192871008607158e-19
1.7859318538532112e-05 -1.277040896204779e-19
1.788913376146789e-05 -1.1920712022024803e-19
1.791894898440367e-05 -1.3157713548408477e-19
1.794876420733945e-05 -1.2544105695830432e-19
1.797857943027523e-05 -1.183269211588394e-19
1.800839465321101e-05 -1.2625936447949882e-19
1.803820987614679e-05 -1.1718784881724962e-19
1.806802509908257e-05 -1.2153982342043995e-19
1.809784032201835e-05 -1.2524175708881476e-19
1.812765554495413e-05 -1.094916198021612e-19
1.815747076788991e-05 -1.1990835154808787e-19
1.818728599082569e-05 -1.2102013218556585e-19
1.8217101213761468e-05 -1.1085989415456404e-19
1.824691643669725e-05 -1.1966156211795028e-19
1.827673165963303e-05 -1.1036274757097263e-19
1.8306546882568806e-05 -1.1071334727474724e-19
1.833636210550459e-05 -1.1970816513774922e-19
1.8366177328440367e-05 -1.0284531629200015e-19
1.8395992551376147e-05 -1.0697135363720701e-19
1.8425807774311928e-05 -1.1478831600120335e-19
1.8455622997247705e-05 -1.0275250625616723e-19
1.848543822018349e-05 -1.0762936359035378e-19
1.8515253443119266e-05 -1.0465971160231162e-19
1.854506866605505e-05 -9.841577224374707e-20
1.8574883888990827e-05 -1.1074144431095734e-19
1.8604699111926604e-05 -9.906026270276385e-20
1.8634514334862388e-05 -9.299571196408251e-20
1.8664329557798165e-05 -1.066526573382728e-19
1.8694144780733945e-05 -9.473040967589905e-20
1.8723960003669726e-05 -9.436343836669646e-20
1.8753775226605506e-05 -9.805902298742585e-20
1.8783590449541287e-05 -8.626115182715178e-20
1.8813405672477064e-05 -9.730935777570036e-20
1.8843220895412844e-05 -9.457342041172961e-20
1.8873036118348625e-05 -8.084555010821262e-20
1.8902851341284405e-05 -9.236150957401371e-20
1.8932666564220186e-05 -8.982401482711388e-20
1.8962481787155966e-05 -8.419964775014363e-20
1.8992297010091743e-05 -8.838657502573099e-20
1.9022112233027524e-05 -7.846889094447963e-20
1.9051927455963304e-05 -8.355494666221148e-20
1.9081742678899085e-05 -8.910105648876913e-20
1.9111557901834865e-05 -7.135055887788213e-20
1.9141373124770642e-05 -7.605495592574248e-20
1.9171188347706423e-05 -8.375480764931114e-20
1.9201003570642203e-05 -7.314601320009972e-20
1.923081879357798e-05 -7.661274044420701e-20
1.9260634016513764e-05 -6.990140313741468e-20
1.929044923944954e-05 -6.816813530480527e-20
1.9320264462385325e-05 -8.181306342103373e-20
1.9350079685321102e-05 -6.349180109855304e-20
1.937989490825688e-05 -5.960693061861681e-20
1.9409710131192663e-05 -7.508715182993548e-20
1.943952535412844e-05 -6.341149611907918e-20
1.9469340577064224e-05 -6.198063258186468e-20
1.94991558e-05 -6.142201640643371e-20
1.952897102293578e-05 -5.494536292826289e-20
1.9558786245871562e-05 -6.654177937681045e-20
1.958860146880734e-05 -5.616038431898856e-20
1.961841669174312e-05 -4.549597202760847e-20
1.96482319146789e-05 -6.100684262313812e-20
1.967804713761468e-05 -5.527073934134255e-20
1.970786236055046e-05 -4.715334483002237e-20
1.9737677583486238e-05 -4.88463382883671e-20
1.976749280642202e-05 -4.20942165730497e-20
1.97973080293578e-05 -5.2316614238126054e-20
1.982712325229358e-05 -4.9466526233320497e-20
1.985693847522936e-05 -2.9694634419361354e-20
1.988675369816514e-05 -4.2241071497789765e-20
1.9916568921100917e-05 -4.545146835175308e-20
1.9946384144036698e-05 -3.306039114902281e-20
1.997619936697248e-05 -3.5639550949977745e-20
2.0006014589908255e-05 -2.879117255320681e-20
2.003582981284404e-05 -3.3326145971367005e-20
2.0065645035779816e-05 -3.886080740927525e-20
2.0095460258715597e-05 -1.8685343583565847e-20
2.0125275481651377e-05 -2.275173753010597e-20
2.0155090704587154e-05 -3.1652030311586776e-20
2.018490592752294e-05 -1.855728050279279e-20
2.0214721150458715e-05 -1.921993131797233e-20
2.02445363733945e-05 -1.419998958757872e-20
2.0274351596330276e-05 -1.247358074321306e-20
2.0304166819266053e-05 -2.438070814944338e-20
2.0333982042201837e-05 -7.244266136506958e-21
2.0363797265137614e-05 2.7932873363517883e-22
2.0393612488073398e-05 -1.641822153945427e-20
2.0423427711009175e-05 -8.51432057818612e-21
2.0453242933944956e-05 -1.5767381252767914e-22
2.0483058156880736e-05 -5.371379927113676e-23
2.0512873379816513e-05 3.958087064392502e-21
2.0542688602752294e-05 -5.3242519220616454e-21
2.0572503825688074e-05 3.473781718961047e-21
2.0602319048623855e-05 2.136806709435394e-20
2.0632134271559635e-05 5.1144737946429155e-21
2.0661949494495412e-05 3.68532908835868e-21
2.0691764717431193e-05 1.9342995789128278e-20
2.0721579940366973e-05 1.7836213596798172e-20
2.0751395163302754e-05 2.1018555445751308e-20
2.0781210386238534e-05 1.3799630200511237e-20
2.0811025609174315e-05 1.6637164267750065e-20
2.0840840832110092e-05 3.769310215057292e-20
2.0870656055045872e-05 2.4829818466682105e-20
2.0900471277981653e-05 1.944064146440965e-20
2.093028650091743e-05 3.5458463512731275e-20
2.0960101723853214e-05 3.5566815816327475e-20
2.098991694678899e-05 4.00620380675362e-20
2.1019732169724775e-05 3.413487609777354e-20
2.104954739266055e-05 3.070638794038348e-20
2.107936261559633e-05 5.3227605425799326e-20
2.1109177838532113e-05 4.791533562154145e-20
2.113899306146789e-05 3.31835292193666e-20
2.1168808284403674e-05 4.7616485263882876e-20
2.119862350733945e-05 5.514021204762676e-20
2.122843873027523e-05 5.3688503521122317e-20
2.125825395321101e-05 5.116479742302209e-20
2.128806917614679e-05 4.8396831067380135e-20
2.1317884399082572e-05 6.526095730298223e-20
2.134769962201835e-05 6.97601109283947e-20
2.137751484495413e-05 5.2065003180832706e-20
2.140733006788991e-05 6.161206153088157e-20
2.1437145290825688e-05 7.364734090914409e-20
2.1466960513761468e-05 6.853886541067616e-20
2.149677573669725e-05 6.967340557169661e-20
2.152659095963303e-05 6.364195723745754e-20
2.155640618256881e-05 7.427946441657982e-20
2.158622140550459e-05 8.906523682223578e-20
2.1616036628440367e-05 7.010980671920659e-20
2.1645851851376148e-05 7.237085316239185e-20
2.1675667074311928e-05 8.933069120709082e-20
2.170548229724771e-05 8.568019567033237e-20
2.173529752018349e-05 8.802405072953922e-20
2.1765112743119266e-05 8.100056450269764e-20
2.1794927966055046e-05 8.420403321368783e-20
2.1824743188990827e-05 1.050270457026918e-19
2.1854558411926604e-05 9.173789608629689e-20
2.1884373634862388e-05 8.296724198459019e-20
2.1914188857798165e-05 1.0074938370588235e-19
2.194400408073395e-05 1.0175348864833169e-19
2.1973819303669726e-05 1.0005439059265305e-19
2.2003634526605503e-05 9.744713803760259e-20
2.2033449749541287e-05 9.393861638707806e-20
2.2063264972477064e-05 1.158310874324406e-19
2.2093080195412848e-05 1.1465895523820967e-19
2.2122895418348625e-05 9.394647682468173e-20
2.2152710641284405e-05 1.1023459514925641e-19
2.2182525864220186e-05 1.1865139202643023e-19
2.2212341087155963e-05 1.1175945793560554e-19
2.2242156310091743e-05 1.1253126134026938e-19
2.2271971533027524e-05 1.0814117316285407e-19
2.2301786755963304e-05 1.2319915066241145e-19
2.2331601978899085e-05 1.2832127263600345e-19
2.2361417201834862e-05 1.0826758506981271e-19
2.2391232424770642e-05 1.1802190401983433e-19
2.2421047647706423e-05 1.3297633785629617e-19
2.2450862870642203e-05 1.258700856447041e-19
2.2480678093577984e-05 1.2450361635882627e-19
2.2510493316513764e-05 1.2157808735509796e-19
2.254030853944954e-05 1.2974037014747285e-19
2.2570123762385322e-05 1.447862251998871e-19
2.2599938985321102e-05 1.2325670862166952e-19
2.2629754208256883e-05 1.219834149774715e-19
2.2659569431192663e-05 1.4720509879400305e-19
2.268938465412844e-05 1.3754638738167116e-19
2.271919987706422e-05 1.3419403410312997e-19
2.27490151e-05 1.3406653810893318e-19
2.2778830322935778e-05 1.3496881280085603e-19
2.2808645545871562e-05 1.5667789115477613e-19
2.283846076880734e-05 1.4043248827839077e-19
2.2868275991743123e-05 1.2847442445025166e-19
2.28980912146789e-05 1.5350374765079208e-19
2.2927906437614677e-05 1.498482160432703e-19
2.295772166055046e-05 1.4268181071801285e-19
2.2987536883486238e-05 1.4487838206588865e-19
2.3017352106422022e-05 1.4281348285066173e-19
2.30471673293578e-05 1.5892273588863642e-19
2.307698255229358e-05 1.5538469323253149e-19
2.310679777522936e-05 1.3770102917044987e-19
2.3136612998165137e-05 1.536283762856418e-19
2.3166428221100918e-05 1.640382095602128e-19
2.3196243444036698e-05 1.5216816095391688e-19
2.322605866697248e-05 1.510898620051981e-19
2.325587388990826e-05 1.5113000269630823e-19
2.328568911284404e-05 1.6045953872198476e-19
2.3315504335779817e-05 1.6842643454287533e-19
2.3345319558715597e-05 1.448864892338969e-19
2.3375134781651378e-05 1.5247071897755103e-19
2.3404950004587158e-05 1.7388675410846931e-19
2.343476522752294e-05 1.5802311889974834e-19
2.3464580450458716e-05 1.5828665677007665e-19
2.3494395673394496e-05 1.5927836973311993e-19
2.3524210896330277e-05 1.626238595690486e-19
2.3554026119266057e-05 1.7850790838099398e-19
2.3583841342201837e-05 1.5588508342298846e-19
2.3613656565137615e-05 1.5397154725313346e-19
2.36434717880734e-05 1.799784710048301e-19
2.3673287011009175e-05 1.6784975241645562e-19
2.3703102233944953e-05 1.6292022258044094e-19
2.3732917456880736e-05 1.6646142846534747e-19
2.3762732679816513e-05 1.639164738357153e-19
2.3792547902752297e-05 1.8104855969768146e-19
2.3822363125688074e-05 1.6970145219179027e-19
2.3852178348623855e-05 1.549432588359754e-19
2.3881993571559635e-05 1.8021027795010436e-19
2.3911808794495412e-05 1.7852442259574124e-19
2.3941624017431196e-05 1.6601159444137391e-19
2.3971439240366973e-05 1.7169838655102084e-19
2.4001254463302754e-05 1.6916740729383846e-19
2.4031069686238534e-05 1.8134997971982547e-19
2.406088490917431e-05 1.7920518498621085e-19
2.4090700132110092e-05 1.5816005640732765e-19
2.4120515355045872e-05 1.766118154139958e-19
2.4150330577981653e-05 1.8761256889446273e-19
2.4180145800917433e-05 1.6926913511411294e-19
2.4209961023853214e-05 1.7274272994132543e-19
2.423977624678899e-05 1.759768645582205e-19
2.426959146972477e-05 1.7951258393890113e-19
2.4299406692660552e-05 1.8709102637403194e-19
2.4329221915596332e-05 1.6590700402840321e-19
2.4359037138532113e-05 1.7112710072628876e-19
2.438885236146789e-05 1.9147966639938463e-19
2.441866758440367e-05 1.743040375698266e-19
2.444848280733945e-05 1.7290662477854935e-19
2.4478298030275228e-05 1.7704078218793005e-19
2.4508113253211012e-05 1.7617197323957442e-19
2.453792847614679e-05 1.8892802386022274e-19
2.4567743699082573e-05 1.7175087036277696e-19
2.459755892201835e-05 1.6627265671085137e-19
2.4627374144954127e-05 1.917052228949325e-19
2.465718936788991e-05 1.8195227256228074e-19
2.4687004590825688e-05 1.7058740842125696e-19
2.471681981376147e-05 1.7857650125832992e-19
2.474663503669725e-05 1.7658715708669645e-19
2.477645025963303e-05 1.8462722117571966e-19
2.480626548256881e-05 1.788663121063921e-19
2.4836080705504587e-05 1.6185840045624512e-19
2.486589592844037e-05 1.828867664854585e-19
2.4895711151376148e-05 1.8740375727206145e-19
2.4925526374311928e-05 1.668756988881145e-19
2.495534159724771e-05 1.7409535773804646e-19
2.4985156820183486e-05 1.7594980632998773e-19
2.5014972043119266e-05 1.7923955177869038e-19
2.5044787266055047e-05 1.816662574192815e-19
2.5074602488990827e-05 1.5997841062017074e-19
2.5104417711926608e-05 1.7217368886696487e-19
2.5134232934862388e-05 1.859474825504019e-19
2.5164048157798165e-05 1.6465105796161156e-19
2.5193863380733946e-05 1.6612133300002795e-19
2.5223678603669726e-05 1.709726653004285e-19
2.5253493826605507e-05 1.6956645157288235e-19
2.5283309049541287e-05 1.7696671322507964e-19
2.5313124272477064e-05 1.594087601512636e-19
2.5342939495412848e-05 1.5877016483832526e-19
2.5372754718348625e-05 1.8129431997694861e-19
2.5402569941284402e-05 1.6495088169314073e-19
2.5432385164220186e-05 1.563194755058024e-19
2.5462200387155963e-05 1.6549444156682747e-19
2.5492015610091747e-05 1.623519791442123e-19
2.5521830833027524e-05 1.6920500857329022e-19
2.55516460559633e-05 1.560333190618831e-19
2.5581461278899085e-05 1.4536577570116692e-19
2.5611276501834862e-05 1.6809127789954643e-19
2.5641091724770646e-05 1.622036446803458e-19
2.5670906947706423e-05 1.4568755112129786e-19
2.5700722170642203e-05 1.5378364186497164e-19
2.5730537393577984e-05 1.5418609860070885e-19
2.576035261651376e-05 1.5639481930415283e-19
2.5790167839449545e-05 1.5386972744759507e-19
2.5819983062385322e-05 1.3722269244704602e-19
2.5849798285321102e-05 1.5148951634747768e-19
2.5879613508256883e-05 1.5867368112014652e-19
2.5909428731192663e-05 1.3623101824564301e-19
2.593924395412844e-05 1.3916919246259106e-19
2.596905917706422e-05 1.4324940414742344e-19
2.59988744e-05 1.4219840327609368e-19
2.6028689622935782e-05 1.4524625509979692e-19
2.6058504845871562e-05 1.2625557729064129e-19
2.608832006880734e-05 1.3296839592167738e-19
2.611813529174312e-05 1.5044153208738972e-19
2.61479505146789e-05 1.2886584390142933e-19
2.617776573761468e-05 1.2477368738154613e-19
2.620758096055046e-05 1.3355566330349096e-19
2.623739618348624e-05 1.2985202093650848e-19
2.6267211406422022e-05 1.3406936068809875e-19
2.62970266293578e-05 1.1915340262594282e-19
2.6326841852293576e-05 1.1447035098775062e-19
2.635665707522936e-05 1.3536901736042914e-19
2.6386472298165137e-05 1.2272377899849357e-19
2.641628752110092e-05 1.0895888213778272e-19
2.6446102744036698e-05 1.1915406580953946e-19
2.647591796697248e-05 1.1860545215561812e-19
2.650573318990826e-05 1.199589980463548e-19
2.6535548412844036e-05 1.1214621148108494e-19
2.656536363577982e-05 9.993259079321147e-20
2.6595178858715597e-05 1.1876576087480978e-19
2.6624994081651378e-05 1.1688032379692895e-19
2.6654809304587158e-05 9.486285023890381e-20
2.6684624527522935e-05 1.0306491183114651e-19
2.6714439750458716e-05 1.0625948170763434e-19
2.6744254973394496e-05 1.0589993122462006e-19
2.6774070196330277e-05 1.0212214950055304e-19
2.6803885419266057e-05 8.533836760755322e-20
2.6833700642201838e-05 1.0009635347050269e-19
2.6863515865137615e-05 1.080603131027472e-19
2.6893331088073395e-05 8.7807586551626e-20
2.6923146311009176e-05 8.691190943938274e-20
2.6952961533944956e-05 9.123902020254712e-20
2.6982776756880737e-05 9.290773090484312e-20
2.7012591979816514e-05 9.060404610034366e-20
2.7042407202752294e-05 7.38527970560277e-20
2.7072222425688075e-05 8.027263991940796e-20
2.7102037648623855e-05 9.617273437125796e-20
2.7131852871559636e-05 7.786542589902738e-20
2.7161668094495413e-05 7.007867977776581e-20
2.7191483317431196e-05 7.953642980306847e-20
2.7221298540366974e-05 7.621196038971639e-20
2.725111376330275e-05 7.98220678718743e-20
2.7280928986238535e-05 6.717254631122398e-20
2.731074420917431e-05 5.778613947272923e-20
2.7340559432110095e-05 8.090622035598772e-20
2.7370374655045873e-05 7.069125965751416e-20
2.7400189877981653e-05 5.0759953462844444e-20
2.7430005100917433e-05 6.208113540402376e-20
2.745982032385321e-05 6.511888752837312e-20
2.7489635546788994e-05 6.522500336678049e-20
2.751945076972477e-05 5.520602368105131e-20
2.7549265992660552e-05 4.233965865090489e-20
2.7579081215596332e-05 6.324990754286309e-20
2.7608896438532113e-05 6.34624403387093e-20
2.763871166146789e-05 3.842769766899134e-20
2.766852688440367e-05 4.5056881831676416e-20
2.769834210733945e-05 5.140959447148284e-20
2.772815733027523e-05 4.756122071349945e-20
2.7757972553211012e-05 4.3968900503089383e-20
2.778778777614679e-05 2.7807042625364515e-20
2.781760299908257e-05 3.936612004845435e-20
2.784741822201835e-05 5.238203780417489e-20
2.787723344495413e-05 2.687643122832477e-20
2.790704866788991e-05 2.5853196702061307e-20
2.7936863890825688e-05 3.74842552876035e-20
2.7966679113761472e-05 3.342854964720109e-20
2.799649433669725e-05 3.2758456800872864e-20
2.802630955963303e-05 1.5912299684104965e-20
2.805612478256881e-05 1.934568148367033e-20
2.8085940005504587e-05 4.0069306226792286e-20
2.811575522844037e-05 1.800765246271386e-20
2.8145570451376148e-05 5.383469045711667e-21
2.817538567431193e-05 2.0965619423955897e-20
2.820520089724771e-05 1.9680820018653405e-20
2.8235016120183486e-05 1.6500946528266538e-20
2.826483134311927e-05 6.066585550186699e-21
2.8294646566055047e-05 7.9424784847837015e-22
2.8324461788990827e-05 2.2167114290789935e-20
2.8354277011926608e-05 1.1109593044434959e-20
2.8384092234862385e-05 -1.0543019440707985e-20
2.841390745779817e-05 3.0977620827167674e-21
2.8443722680733946e-05 5.821277930897187e-21
2.8473537903669726e-05 1.2244341247321064e-21
2.8503353126605507e-05 -6.966148739975222e-21
2.8533168349541287e-05 -1.8220921301465603e-20
2.8562983572477064e-05 1.0973608768662859e-21
2.8592798795412845e-05 2.3251093557820043e-21
2.8622614018348625e-05 -2.5037070388941402e-20
2.8652429241284406e-05 -1.7498979713692372e-20
2.8682244464220186e-05 -7.038649514908578e-21
2.8712059687155967e-05 -1.3154195665938722e-20
2.8741874910091744e-05 -1.8438428243153212e-20
2.8771690133027524e-05 -3.396752543604634e-20
2.8801505355963305e-05 -2.101414425688117e-20
2.8831320578899082e-05 -7.95370463943642e-21
2.8861135801834862e-05 -3.7451397566660287e-20
2.8890951024770646e-05 -3.997144651680725e-20
2.8920766247706427e-05 -2.3457699534572222e-20
2.89505814706422e-05 -3.004842306903969e-20
2.8980396693577984e-05 -3.442405565054014e-20
2.9010211916513765e-05 -4.5492374806043534e-20
2.904002713944954e-05 -4.288613525639005e-20
2.9069842362385322e-05 -2.3184942895842116e-20
2.9099657585321103e-05 -4.552036674187852e-20
2.912947280825688e-05 -6.00947964902057e-20
2.915928803119266e-05 -3.9778624771870597e-20
2.9189103254128444e-05 -4.415392903893595e-20
2.9218918477064218e-05 -5.076578511857179e-20
2.92487337e-05 -5.851138984409358e-20
2.9278548922935782e-05 -6.434945669200588e-20
2.9308364145871562e-05 -4.373132884379446e-20
2.933817936880734e-05 -5.425008208835719e-20
2.936799459174312e-05 -7.738030010462743e-20
2.9397809814678904e-05 -6.139470562095086e-20
2.9427625037614678e-05 -5.554024879899443e-20
2.945744026055046e-05 -6.572673701046612e-20
2.9487255483486242e-05 -7.233820945989502e-20
2.9517070706422016e-05 -8.006321251215336e-20
2.95468859293578e-05 -6.436921967963519e-20
2.957670115229358e-05 -6.367461186824591e-20
2.9606516375229364e-05 -9.087901829435479e-20
2.9636331598165138e-05 -8.329511414829482e-20
2.966614682110092e-05 -7.015471544991734e-20
2.9695962044036702e-05 -8.01815856914247e-20
2.9725777266972476e-05 -8.786950365361815e-20
2.975559248990826e-05 -9.493161547218768e-20
2.978540771284404e-05 -8.280439242051718e-20
2.9815222935779817e-05 -7.366285547456052e-20
2.9845038158715597e-05 -1.0002639792177886e-19
2.9874853381651378e-05 -1.0300865480319419e-19
2.9904668604587155e-05 -8.374639503253676e-20
2.9934483827522935e-05 -9.132550169296422e-20
2.996429905045872e-05 -9.992102213665368e-20
2.99941142733945e-05 -1.0564771093221881e-19
3.0023929496330277e-05 -1.0371377027677001e-19
3.0053744719266057e-05 -8.71776525753438e-20
3.0083559942201838e-05 -1.054036552250634e-19
3.0113375165137615e-05 -1.2148078182218303e-19
3.0143190388073395e-05 -9.926391238244207e-20
3.017300561100918e-05 -9.942312908123049e-20
3.0202820833944953e-05 -1.12319944727894e-19
3.0232636056880737e-05 -1.1500449253283876e-19
3.0262451279816517e-05 -1.1739708874883154e-19
3.029226650275229e-05 -1.0267693454441203e-19
3.0322081725688075e-05 -1.0861637958764218e-19
3.0351896948623855e-05 -1.3357685315782084e-19
3.038171217155964e-05 -1.1774890956392509e-19
3.0411527394495413e-05 -1.0568400476543035e-19
3.0441342617431193e-05 -1.2228066386827967e-19
3.0471157840366977e-05 -1.2774065349257647e-19
3.050097306330275e-05 -1.2783145947198012e-19
3.053078828623853e-05 -1.1586747032949818e-19
3.0560603509174315e-05 -1.139892592645854e-19
3.059041873211009e-05 -1.4016687913730307e-19
3.062023395504587e-05 -1.322822185852597e-19
3.065004917798165e-05 -1.133505749497528e-19
3.067986440091743e-05 -1.291149241955604e-19
3.0709679623853214e-05 -1.375124010174153e-19
3.073949484678899e-05 -1.3625425510161277e-19
3.0769310069724775e-05 -1.2912117433151174e-19
3.079912529266055e-05 -1.21580308228768e-19
3.082894051559633e-05 -1.4315966010563085e-19
3.085875573853211e-05 -1.4590577390603296e-19
3.088857096146789e-05 -1.2308372714145475e-19
3.0918386184403674e-05 -1.3086546428576822e-19
3.094820140733945e-05 -1.4511230447496164e-19
3.097801663027523e-05 -1.4362868754437278e-19
3.100783185321101e-05 -1.3709319318384033e-19
3.103764707614679e-05 -1.292791393503923e-19
3.1067462299082566e-05 -1.4397735392815216e-19
3.109727752201835e-05 -1.5509888935676229e-19
3.1127092744954134e-05 -1.3481801895146395e-19
3.115690796788991e-05 -1.360007699354403e-19
3.118672319082569e-05 -1.5097335598308351e-19
3.121653841376147e-05 -1.4872263029110551e-19
3.124635363669725e-05 -1.4832002878176153e-19
3.1276168859633026e-05 -1.3740667578963089e-19
3.130598408256881e-05 -1.4281340689209746e-19
3.1335799305504594e-05 -1.6417821329077398e-19
3.1365614528440364e-05 -1.4643822222551996e-19
3.139542975137615e-05 -1.3840356423957488e-19
3.142524497431193e-05 -1.5671243444661826e-19
3.14550601972477e-05 -1.5553790037019746e-19
3.1484875420183486e-05 -1.5374174346448657e-19
3.151469064311927e-05 -1.4731889536999897e-19
3.154450586605505e-05 -1.4575709192794848e-19
3.1574321088990824e-05 -1.6750209467390236e-19
3.160413631192661e-05 -1.599147183117596e-19
3.163395153486239e-05 -1.414938737001889e-19
3.166376675779816e-05 -1.5535074036900003e-19
3.1693581980733946e-05 -1.6397592019833473e-19
3.172339720366973e-05 -1.6015652282075582e-19
3.175321242660551e-05 -1.5333346822823854e-19
3.1783027649541284e-05 -1.4971906743539253e-19
3.181284287247707e-05 -1.6782277365647783e-19
3.184265809541285e-05 -1.703175258775755e-19
3.187247331834862e-05 -1.4922982350758657e-19
3.1902288541284406e-05 -1.5695541136801695e-19
3.193210376422019e-05 -1.6983819089607058e-19
3.196191898715596e-05 -1.650311486674613e-19
3.1991734210091744e-05 -1.6163916247577722e-19
3.202154943302753e-05 -1.5391884522147986e-19
3.2051364655963305e-05 -1.6514688687335698e-19
3.208117987889908e-05 -1.7703541190173146e-19
3.2110995101834866e-05 -1.58277486988942e-19
3.214081032477064e-05 -1.5789353379758695e-19
3.217062554770642e-05 -1.7284157533720425e-19
3.2200440770642204e-05 -1.711437280398954e-19
3.223025599357799e-05 -1.6613984855634897e-19
3.2260071216513765e-05 -1.5944529097192848e-19
3.228988643944954e-05 -1.6661006283467202e-19
3.2319701662385326e-05 -1.801154987914106e-19
3.23495168853211e-05 -1.6507339520236844e-19
3.237933210825688e-05 -1.5693480691791083e-19
3.2409147331192664e-05 -1.7314338975949584e-19
3.243896255412844e-05 -1.7489326717734132e-19
