0.0 3.4601777817156524e-20
2.980323891891892e-08 3.354435363459691e-20
5.960647783783784e-08 3.526302377950472e-20
8.940971675675676e-08 3.8513186485631384e-20
1.1921295567567569e-07 2.6227661939564175e-20
1.490161945945946e-07 3.298550920046468e-20
1.7881943351351353e-07 4.3317033925030895e-20
2.0862267243243248e-07 3.086594219979769e-20
2.3842591135135137e-07 3.244308090512183e-20
2.6822915027027027e-07 3.519563442164295e-20
2.980323891891892e-07 3.488164295480443e-20
3.2783562810810816e-07 4.003765857250202e-20
3.5763886702702706e-07 2.932104286688312e-20
3.87442105945946e-07 3.07517960615424e-20
4.1724534486486495e-07 4.231134637579921e-20
4.470485837837838e-07 3.3352419922785454e-20
4.768518227027027e-07 2.9954265317176777e-20
5.066550616216217e-07 3.4187844575327057e-20
5.364583005405405e-07 3.467608581433746e-20
5.662615394594596e-07 3.982451055684861e-20
5.960647783783784e-07 3.115024100977317e-20
6.258680172972974e-07 2.5895561133277674e-20
6.556712562162163e-07 4.233408548535256e-20
6.854744951351353e-07 3.834223113028589e-20
7.152777340540541e-07 2.841200289438757e-20
7.450809729729731e-07 3.519909764116919e-20
7.74884211891892e-07 3.4168426032735096e-20
8.046874508108109e-07 3.7278025739639e-20
8.344906897297299e-07 3.5713912967318874e-20
8.642939286486488e-07 2.5749434774047286e-20
8.940971675675676e-07 3.729881897706588e-20
9.239004064864866e-07 4.140181954907781e-20
9.537036454054055e-07 2.97306315107022e-20
9.835068843243244e-07 3.2532184611772053e-20
1.0133101232432434e-06 3.5752487752887185e-20
1.0431133621621623e-06 3.8450482139253685e-20
1.072916601081081e-06 3.856762942912582e-20
1.10271984e-06 2.669233973467878e-20
1.1325230789189192e-06 3.451144241625379e-20
1.1623263178378381e-06 4.5164663177571913e-20
1.1921295567567569e-06 3.135025477867916e-20
1.2219327956756758e-06 2.991911139120226e-20
1.2517360345945948e-06 3.6403967728374956e-20
1.2815392735135135e-06 3.677789107196309e-20
1.3113425124324327e-06 4.05162317634096e-20
1.3411457513513516e-06 2.9161096507636796e-20
1.3709489902702706e-06 2.9903500265993013e-20
1.4007522291891893e-06 4.818094143885737e-20
1.4305554681081082e-06 3.7185737864707783e-20
1.4603587070270272e-06 2.8725916706407854e-20
1.4901619459459461e-06 3.778361112924126e-20
1.519965184864865e-06 3.7849830649965836e-20
1.549768423783784e-06 4.1085880070104946e-20
1.579571662702703e-06 3.385291472530151e-20
1.6093749016216217e-06 2.855793497925839e-20
1.6391781405405407e-06 4.5081753971286516e-20
1.6689813794594598e-06 4.234127518168171e-20
1.6987846183783786e-06 3.004784690343022e-20
1.7285878572972975e-06 3.665971970275479e-20
1.7583910962162165e-06 4.07395254537906e-20
1.7881943351351352e-06 4.149571935118878e-20
1.8179975740540541e-06 3.854151018115329e-20
1.8478008129729733e-06 3.0960676620465245e-20
1.8776040518918922e-06 4.2279254969956823e-20
1.907407290810811e-06 4.657028028828517e-20
1.93721052972973e-06 3.196835027581445e-20
1.967013768648649e-06 3.468754063604033e-20
1.996817007567568e-06 4.236502327082877e-20
2.0266202464864868e-06 4.154168675030228e-20
2.0564234854054055e-06 3.9432025036384535e-20
2.0862267243243247e-06 3.2809890766651116e-20
2.1160299632432434e-06 3.831476643973039e-20
2.145833202162162e-06 4.951532052707143e-20
2.1756364410810813e-06 3.7914921694069015e-20
2.20543968e-06 3.1047571258110305e-20
2.235242918918919e-06 4.1447948098194215e-20
2.2650461578378384e-06 4.208940443574472e-20
2.294849396756757e-06 4.1342545096283366e-20
2.3246526356756763e-06 3.4163545677469643e-20
2.354455874594595e-06 3.3367370494293964e-20
2.3842591135135137e-06 5.029280722096001e-20
2.414062352432433e-06 4.116797295507248e-20
2.4438655913513516e-06 3.075861454012407e-20
2.4736688302702704e-06 4.182443458009612e-20
2.5034720691891895e-06 4.4205593446256816e-20
2.5332753081081083e-06 4.329776553680726e-20
2.563078547027027e-06 3.6215321050736416e-20
2.592881785945946e-06 3.254496732558394e-20
2.6226850248648653e-06 4.731699531445977e-20
2.6524882637837845e-06 4.536204291565308e-20
2.682291502702703e-06 2.9733337121503505e-20
2.712094741621622e-06 3.7105806850547693e-20
2.741897980540541e-06 4.413120102005388e-20
2.77170121945946e-06 4.1088106194445245e-20
2.8015044583783786e-06 3.8860627229323804e-20
2.8313076972972977e-06 3.213930443028565e-20
2.8611109362162165e-06 4.365031164879069e-20
2.890914175135135e-06 4.905859400606178e-20
2.9207174140540544e-06 3.1545803692593024e-20
2.9505206529729735e-06 3.548500655451417e-20
2.9803238918918923e-06 4.5041849161433114e-20
3.0101271308108114e-06 4.173142764532712e-20
3.03993036972973e-06 3.7726378049806036e-20
3.069733608648649e-06 3.0445449219642537e-20
3.099536847567568e-06 3.92283324732381e-20
3.129340086486487e-06 5.033846897775431e-20
3.159143325405406e-06 3.402081733583317e-20
3.1889465643243247e-06 3.069569902558277e-20
3.2187498032432434e-06 4.4835008381705504e-20
3.2485530421621626e-06 4.2894267387757033e-20
3.2783562810810813e-06 3.861581384841607e-20
3.3081595200000005e-06 3.223514792302206e-20
3.3379627589189196e-06 3.570397732303872e-20
3.3677659978378384e-06 4.959116490756435e-20
3.397569236756757e-06 3.688241534552207e-20
3.4273724756756763e-06 2.6783576516985697e-20
3.457175714594595e-06 4.033857238786591e-20
3.4869789535135137e-06 4.256335009798399e-20
3.516782192432433e-06 3.7364014887462216e-20
3.5465854313513516e-06 3.3252339975754614e-20
3.5763886702702704e-06 3.2117221619596926e-20
3.6061919091891895e-06 4.485806031641718e-20
3.6359951481081083e-06 4.2253537207305346e-20
3.665798387027028e-06 2.6591544458901977e-20
3.6956016259459466e-06 3.5544000380161176e-20
3.7254048648648653e-06 4.3107935194057656e-20
3.7552081037837845e-06 3.5599651550367586e-20
3.7850113427027032e-06 3.2856465138247714e-20
3.814814581621622e-06 2.970574230585184e-20
3.844617820540541e-06 3.8062906536454936e-20
3.87442105945946e-06 4.4534144117597646e-20
3.904224298378379e-06 2.546429456328855e-20
3.934027537297298e-06 2.8220550085686236e-20
3.963830776216217e-06 4.4565146929888455e-20
3.993634015135136e-06 3.578423864226131e-20
4.023437254054054e-06 3.126704527545325e-20
4.0532404929729735e-06 2.829156228925131e-20
4.083043731891893e-06 3.3282917592128244e-20
4.112846970810811e-06 4.4349234378553935e-20
4.14265020972973e-06 2.6462079350686563e-20
4.172453448648649e-06 2.213482583421582e-20
4.202256687567568e-06 3.995222348510008e-20
4.232059926486487e-06 3.535787480097265e-20
4.261863165405406e-06 2.8413058092050777e-20
4.291666404324324e-06 2.744112566467407e-20
4.321469643243244e-06 2.8407735211571765e-20
4.351272882162163e-06 4.084852560066107e-20
4.381076121081082e-06 3.126077806702659e-20
4.41087936e-06 1.7007291819393324e-20
4.440682598918919e-06 3.3257064943953777e-20
4.470485837837838e-06 3.651356503250122e-20
4.5002890767567576e-06 2.649189768557042e-20
4.530092315675677e-06 2.4524548838895498e-20
4.559895554594595e-06 2.5090974952845073e-20
4.589698793513514e-06 3.633447696419829e-20
4.6195020324324325e-06 3.1860581409601536e-20
4.6493052713513525e-06 1.6018189831784884e-20
4.679108510270271e-06 2.716369253911378e-20
4.70891174918919e-06 3.7002615112618536e-20
4.738714988108108e-06 2.6913103027659912e-20
4.7685182270270275e-06 2.1093219913326795e-20
4.798321465945946e-06 2.3941991460478825e-20
4.828124704864866e-06 3.220111058371834e-20
4.857927943783785e-06 3.2703790794753025e-20
4.887731182702703e-06 1.7234173387558314e-20
4.917534421621622e-06 1.984885900319916e-20
4.947337660540541e-06 3.5013529685269234e-20
4.977140899459461e-06 2.6563247441836063e-20
5.006944138378379e-06 2.0197524989582247e-20
5.036747377297298e-06 2.1273835599267086e-20
5.0665506162162165e-06 2.4226338287549382e-20
5.096353855135136e-06 3.447699910800285e-20
5.126157094054054e-06 2.0235069595510158e-20
5.155960332972974e-06 1.3516134533531009e-20
5.185763571891892e-06 3.1167808913313364e-20
5.2155668108108115e-06 2.7090851872714514e-20
5.245370049729731e-06 2.009109740195983e-20
5.275173288648649e-06 1.878970958310006e-20
5.304976527567569e-06 2.017691207067654e-20
5.334779766486487e-06 3.1364940613017474e-20
5.364583005405406e-06 2.0999851326856067e-20
5.394386244324325e-06 1.0278996896917688e-20
5.424189483243244e-06 2.6264282068009126e-20
5.453992722162162e-06 2.8684979973161483e-20
5.483795961081082e-06 1.7555201829648494e-20
5.5135992000000005e-06 1.6499734554248028e-20
5.54340243891892e-06 1.8452765335234333e-20
5.573205677837839e-06 2.5278622289262362e-20
5.603008916756757e-06 2.262068995480353e-20
5.632812155675676e-06 9.136067607835691e-21
5.6626153945945955e-06 1.7893956853899672e-20
5.692418633513515e-06 2.839883398574562e-20
5.722221872432433e-06 1.7561257493043925e-20
5.752025111351352e-06 1.2947502405440243e-20
5.78182835027027e-06 1.5921556355683765e-20
5.81163158918919e-06 2.2970481212555588e-20
5.841434828108109e-06 2.397170767020523e-20
5.871238067027028e-06 7.654624822902871e-21
5.901041305945947e-06 1.2306948161621999e-20
5.930844544864865e-06 2.6040926413233907e-20
5.9606477837837845e-06 1.539995485190595e-20
5.990451022702704e-06 9.78991415493284e-21
6.020254261621623e-06 1.1812617779405453e-20
6.050057500540541e-06 1.5233853792650675e-20
6.07986073945946e-06 2.2015919460882453e-20
6.109663978378379e-06 9.02748091065055e-21
6.139467217297298e-06 3.11616688159326e-21
6.169270456216217e-06 2.001930979435775e-20
6.199073695135136e-06 1.6433753970456595e-20
6.2288769340540544e-06 5.541709511702263e-21
6.258680172972974e-06 7.604096492515144e-21
6.288483411891893e-06 9.011061719627367e-21
6.318286650810812e-06 1.5606723719447897e-20
6.348089889729731e-06 8.861509814011663e-21
6.377893128648649e-06 -3.870561641214207e-21
6.4076963675675685e-06 1.1335771361120404e-20
6.437499606486487e-06 1.5503159193749617e-20
6.467302845405406e-06 1.4408621169415272e-21
6.497106084324325e-06 2.925098247220168e-21
6.526909323243244e-06 6.000009790185624e-21
6.556712562162163e-06 1.0504661310587169e-20
6.586515801081082e-06 7.356370479064507e-21
6.616319040000001e-06 -6.7595872958384725e-21
6.646122278918919e-06 2.482813927919374e-21
6.675925517837839e-06 1.2588873277036206e-20
6.705728756756758e-06 -3.869714553052719e-22
6.735531995675677e-06 -5.2770279815223016e-21
6.765335234594595e-06 -1.4652005541769387e-21
6.795138473513514e-06 3.173363904058047e-21
6.824941712432433e-06 4.212216046658754e-21
6.8547449513513525e-06 -9.03026989463829e-21
6.884548190270271e-06 -5.496248264509144e-21
6.91435142918919e-06 7.464848025619718e-21
6.944154668108109e-06 -3.253268336881111e-21
6.9739579070270275e-06 -9.497650694068717e-21
7.0037611459459475e-06 -5.132103354130113e-21
7.033564384864866e-06 -1.5320721683028264e-21
7.063367623783785e-06 1.5967083272769247e-22
7.093170862702703e-06 -1.2315797769611618e-20
7.1229741016216224e-06 -1.376334870097617e-20
7.152777340540541e-06 9.202739314270647e-22
7.182580579459461e-06 -4.469511711677216e-21
7.212383818378379e-06 -1.428352023974718e-20
7.242187057297298e-06 -1.0131592233811074e-20
7.2719902962162165e-06 -7.963588765518993e-21
7.301793535135136e-06 -3.473100648862066e-21
7.331596774054056e-06 -9.221708641048625e-21
7.361400012972974e-06 -2.022588579470701e-20
7.391203251891893e-06 -6.512409645252067e-21
7.4210064908108115e-06 -4.218813313492317e-21
7.450809729729731e-06 -1.7763073271953727e-20
7.480612968648649e-06 -1.5494270121996858e-20
7.510416207567569e-06 -1.3370996140406628e-20
7.540219446486487e-06 -9.14721245547109e-21
7.5700226854054065e-06 -1.0969963107441192e-20
7.599825924324325e-06 -2.366861477648682e-20
7.629629163243244e-06 -1.3417512634257222e-20
7.659432402162164e-06 -5.140021140025816e-21
7.689235641081082e-06 -1.8248981415124656e-20
7.71903888e-06 -2.005042527233311e-20
7.74884211891892e-06 -1.6758469098388407e-20
7.778645357837839e-06 -1.3015514986435136e-20
7.808448596756757e-06 -1.1590422753178884e-20
7.838251835675677e-06 -2.449378908340715e-20
7.868055074594596e-06 -2.2532511593219096e-20
7.897858313513514e-06 -8.43875873175935e-21
7.927661552432434e-06 -1.6872156659887194e-20
7.957464791351352e-06 -2.5848043206168667e-20
7.987268030270272e-06 -1.9796558664568685e-20
8.01707126918919e-06 -1.6935926760355644e-20
8.046874508108109e-06 -1.3646458617576295e-20
8.076677747027027e-06 -2.098313194182764e-20
8.106480985945947e-06 -2.8525006739394e-20
8.136284224864865e-06 -1.2859447290098399e-20
8.166087463783785e-06 -1.6475559056453234e-20
8.195890702702704e-06 -2.9918193191666024e-20
8.225693941621622e-06 -2.1815053854221427e-20
8.25549718054054e-06 -2.1411341545197806e-20
8.28530041945946e-06 -1.798047159791601e-20
8.315103658378379e-06 -1.95648913604853e-20
8.344906897297299e-06 -3.247400634248776e-20
8.374710136216217e-06 -1.8155543168409307e-20
8.404513375135135e-06 -1.3648929627534396e-20
8.434316614054055e-06 -2.8954436901071415e-20
8.464119852972974e-06 -2.3751889038426833e-20
8.493923091891894e-06 -2.163633955122129e-20
8.523726330810812e-06 -2.0603725933662184e-20
8.55352956972973e-06 -1.918366432296222e-20
8.583332808648649e-06 -3.2630122458330056e-20
8.613136047567569e-06 -2.5423732847734734e-20
8.642939286486489e-06 -1.2757972411456937e-20
8.672742525405407e-06 -2.6764331300061016e-20
8.702545764324325e-06 -2.957825665527313e-20
8.732349003243244e-06 -2.078691818942945e-20
8.762152242162164e-06 -2.2564836405434454e-20
8.791955481081084e-06 -1.9802658244417405e-20
8.82175872e-06 -2.795521710810318e-20
8.85156195891892e-06 -3.11021082116897e-20
8.881365197837838e-06 -1.3962634589866193e-20
8.911168436756758e-06 -2.2673475248965094e-20
8.940971675675677e-06 -3.282819081354506e-20
8.970774914594595e-06 -2.2894877449783118e-20
9.000578153513515e-06 -2.3758033094159855e-20
9.030381392432433e-06 -2.1398679217645822e-20
9.060184631351353e-06 -2.4522751353424042e-20
9.08998787027027e-06 -3.295310062031123e-20
9.11979110918919e-06 -1.8042726660282208e-20
9.14959434810811e-06 -1.7514146918968618e-20
9.179397587027028e-06 -3.244914787958464e-20
9.209200825945947e-06 -2.4780024352781328e-20
9.239004064864865e-06 -2.137436821409304e-20
9.268807303783785e-06 -2.306211499006671e-20
9.298610542702705e-06 -2.20604847901296e-20
9.328413781621622e-06 -3.242262969748382e-20
9.358217020540542e-06 -2.3079937153868905e-20
9.38802025945946e-06 -1.3090654693795524e-20
9.41782349837838e-06 -2.994121868247671e-20
9.4476267372973e-06 -2.802184508094536e-20
9.477429976216217e-06 -1.969136647759348e-20
9.507233215135137e-06 -2.307945814341351e-20
9.537036454054055e-06 -1.8842561209185868e-20
9.566839692972975e-06 -2.93078600079301e-20
9.596642931891892e-06 -2.7470531426910514e-20
9.626446170810812e-06 -1.1074175481680444e-20
9.656249409729732e-06 -2.625715708758979e-20
9.68605264864865e-06 -2.97534974557622e-20
9.71585588756757e-06 -1.973839183222786e-20
9.745659126486486e-06 -2.233900622096447e-20
9.775462365405406e-06 -1.852753467551984e-20
9.805265604324326e-06 -2.4729771661022223e-20
9.835068843243245e-06 -2.8550391755827954e-20
9.864872082162163e-06 -1.3617373691933892e-20
9.894675321081081e-06 -1.815851144553218e-20
9.924478560000001e-06 -3.07878988612433e-20
9.954281798918921e-06 -2.0562484074474742e-20
9.984085037837838e-06 -1.7956009526432777e-20
1.0013888276756758e-05 -2.1157683643410876e-20
1.0043691515675676e-05 -2.0892936250478338e-20
1.0073494754594596e-05 -2.9078833465520475e-20
1.0103297993513516e-05 -1.7245296492557346e-20
1.0133101232432433e-05 -1.2976799244994224e-20
1.0162904471351353e-05 -2.973394957291389e-20
1.0192707710270271e-05 -2.1196951334989646e-20
1.0222510949189191e-05 -1.560532126878358e-20
1.0252314188108108e-05 -1.8748790027866502e-20
1.0282117427027028e-05 -1.7141692397113235e-20
1.0311920665945948e-05 -2.805237553775157e-20
1.0341723904864866e-05 -1.9993326758326642e-20
1.0371527143783785e-05 -8.680124801017514e-21
1.0401330382702703e-05 -2.5547699885039452e-20
1.0431133621621623e-05 -2.5534574272243635e-20
1.0460936860540543e-05 -1.462960880243146e-20
1.0490740099459461e-05 -1.8117135476310832e-20
1.052054333837838e-05 -1.549235736842567e-20
1.0550346577297298e-05 -2.1923404774215102e-20
1.0580149816216218e-05 -2.2045463139162423e-20
1.0609953055135138e-05 -5.308914373305506e-21
1.0639756294054054e-05 -1.659600742013011e-20
1.0669559532972975e-05 -2.4688803502215448e-20
1.0699362771891893e-05 -1.2750057410713702e-20
1.0729166010810813e-05 -1.440653536194361e-20
1.0758969249729733e-05 -1.4339748959184254e-20
1.078877248864865e-05 -1.7306998524683954e-20
1.081857572756757e-05 -2.153934538760485e-20
1.0848378966486488e-05 -6.85167388573559e-21
1.0878182205405408e-05 -9.06044808090375e-21
1.0907985444324324e-05 -2.272367372337172e-20
1.0937788683243244e-05 -1.2881337202936936e-20
1.0967591922162164e-05 -8.489851723185065e-21
1.0997395161081083e-05 -9.820791439998655e-21
1.1027198400000001e-05 -9.998452865825508e-21
1.105700163891892e-05 -1.88266058996626e-20
1.108680487783784e-05 -7.250024425050075e-21
1.111660811675676e-05 -1.9940802778733386e-21
1.1146411355675678e-05 -1.8703652784886215e-20
1.1176214594594596e-05 -1.1900617948152636e-20
1.1206017833513514e-05 -2.9075203911015864e-21
1.1235821072432434e-05 -6.237228906698937e-21
1.1265624311351353e-05 -5.0292963546330496e-21
1.1295427550270271e-05 -1.1417145397497599e-20
1.1325230789189191e-05 -6.39144737917875e-21
1.135503402810811e-05 6.2191843480361106e-21
1.138483726702703e-05 -6.695517632725409e-21
1.1414640505945946e-05 -8.957458993205162e-21
1.1444443744864866e-05 4.0351944216265306e-21
1.1474246983783786e-05 -1.278460549806637e-21
1.1504050222702704e-05 1.7933870134997798e-22
1.1533853461621624e-05 -5.100316167835756e-22
1.156365670054054e-05 -5.160009443234961e-21
1.159345993945946e-05 9.301315912791296e-21
1.162326317837838e-05 3.804993905337718e-21
1.16530664172973e-05 -5.42450352925181e-21
1.1682869656216217e-05 7.538242184585653e-21
1.1712672895135136e-05 8.446240203016048e-21
1.1742476134054056e-05 8.820027078599562e-21
1.1772279372972974e-05 7.063519814164595e-21
1.1802082611891894e-05 1.1005839340574836e-21
1.1831885850810812e-05 1.4279925075330334e-20
1.186168908972973e-05 1.4275654618436847e-20
1.189149232864865e-05 2.2693930139815626e-21
1.1921295567567569e-05 1.0947605072333645e-20
1.1951098806486487e-05 1.6528500744376647e-20
1.1980902045405407e-05 1.4304160066951576e-20
1.2010705284324326e-05 1.5070432736143832e-20
1.2040508523243246e-05 8.972747822550617e-21
1.2070311762162162e-05 1.6329988896987876e-20
1.2100115001081082e-05 2.663867577426784e-20
1.2129918240000002e-05 1.1943563028838951e-20
1.215972147891892e-05 1.3350331288708182e-20
1.218952471783784e-05 2.5167584256927622e-20
1.2219327956756757e-05 2.0359176107909867e-20
1.2249131195675677e-05 2.1987658008237344e-20
1.2278934434594596e-05 1.7635795810185424e-20
1.2308737673513516e-05 1.9976019101234e-20
1.2338540912432434e-05 3.397523784171483e-20
1.2368344151351352e-05 2.163810272083528e-20
1.2398147390270272e-05 1.661037390736811e-20
1.242795062918919e-05 3.1569730174444935e-20
1.2457753868108109e-05 2.991690021158299e-20
1.2487557107027029e-05 2.8475626887244983e-20
1.2517360345945947e-05 2.6074970325065543e-20
1.2547163584864867e-05 2.3942165553074436e-20
1.2576966823783785e-05 3.986007576982579e-20
1.2606770062702704e-05 3.2866535219941406e-20
1.2636573301621624e-05 2.0958186701565456e-20
1.2666376540540542e-05 3.708926431857912e-20
1.2696179779459462e-05 3.628151311935198e-20
1.2725983018378379e-05 3.2193107088393364e-20
1.2755786257297299e-05 3.630691638504749e-20
1.2785589496216217e-05 2.983567962641429e-20
1.2815392735135137e-05 4.2151663832675406e-20
1.2845195974054057e-05 4.5842084919525984e-20
1.2874999212972974e-05 2.779537510309673e-20
1.2904802451891894e-05 3.861789578557855e-20
1.2934605690810812e-05 4.579125984026726e-20
1.2964408929729732e-05 3.730915177748497e-20
1.299421216864865e-05 4.3179201871767276e-20
1.3024015407567569e-05 3.6880952143547734e-20
1.3053818646486489e-05 4.193327445718061e-20
1.3083621885405407e-05 5.4106465483398676e-20
1.3113425124324325e-05 3.810298469211141e-20
1.3143228363243245e-05 4.125324656012547e-20
1.3173031602162164e-05 5.2945088386703555e-20
1.3202834841081084e-05 4.591708983205456e-20
1.3232638080000002e-05 4.89397304945115e-20
1.326244131891892e-05 4.5550523517161643e-20
1.3292244557837839e-05 4.415220572618075e-20
1.3322047796756759e-05 5.929855090136534e-20
1.3351851035675679e-05 4.917972519487899e-20
1.3381654274594595e-05 4.0992513852331596e-20
1.3411457513513515e-05 5.65007388218339e-20
1.3441260752432433e-05 5.441807672445385e-20
1.3471063991351354e-05 5.277049540854644e-20
1.3500867230270272e-05 5.3701120702188914e-20
1.353067046918919e-05 4.7273541817029575e-20
1.356047370810811e-05 6.279594233206315e-20
1.3590276947027028e-05 6.09778915821934e-20
1.3620080185945948e-05 4.427415947010126e-20
1.3649883424864867e-05 6.026877199110631e-20
1.3679686663783785e-05 6.318768789297383e-20
1.3709489902702705e-05 5.571520323898074e-20
1.3739293141621623e-05 5.936855823591671e-20
1.3769096380540542e-05 5.1894071888518405e-20
1.379889961945946e-05 6.284643586398814e-20
1.382870285837838e-05 7.042026533772507e-20
1.38585060972973e-05 5.2391737310501004e-20
1.3888309336216218e-05 5.898013212956862e-20
1.3918112575135137e-05 6.955572633831128e-20
1.3947915814054055e-05 6.239233425292905e-20
1.3977719052972975e-05 6.397756876094886e-20
1.4007522291891895e-05 5.973255034230075e-20
1.4037325530810812e-05 6.16509370554331e-20
1.4067128769729732e-05 7.56026114835085e-20
1.409693200864865e-05 6.038719862040078e-20
1.412673524756757e-05 5.474913626120142e-20
1.4156538486486487e-05 7.408305636833679e-20
1.4186341725405407e-05 6.848970318906437e-20
1.4216144964324327e-05 6.573826481682835e-20
1.4245948203243245e-05 6.641968089899931e-20
1.4275751442162165e-05 6.239047828035054e-20
1.4305554681081082e-05 7.870321295245024e-20
1.4335357920000002e-05 7.057346058713288e-20
1.4365161158918922e-05 5.693396936370123e-20
1.439496439783784e-05 7.401459628470179e-20
1.4424767636756758e-05 7.461436508405702e-20
1.4454570875675676e-05 6.847946789192533e-20
1.4484374114594596e-05 6.88521070003139e-20
1.4514177353513516e-05 6.46706075627184e-20
1.4543980592432433e-05 7.750405325884222e-20
1.4573783831351353e-05 7.875819789942522e-20
1.4603587070270271e-05 6.048691907834212e-20
1.4633390309189191e-05 7.305720006675353e-20
1.4663193548108111e-05 8.317909433988621e-20
1.4692996787027028e-05 7.111851625166844e-20
1.4722800025945948e-05 7.282686750663276e-20
1.4752603264864866e-05 6.925387531930896e-20
1.4782406503783786e-05 7.462261993135491e-20
1.4812209742702703e-05 8.532422023485689e-20
1.4842012981621623e-05 6.544816315856999e-20
1.4871816220540543e-05 6.889828550920951e-20
1.4901619459459461e-05 8.647614649311043e-20
1.4931422698378381e-05 7.531914265677607e-20
1.4961225937297298e-05 7.372691370402349e-20
1.4991029176216218e-05 7.338743788851431e-20
1.5020832415135138e-05 7.560854169149607e-20
1.5050635654054056e-05 8.87070301871497e-20
1.5080438892972975e-05 7.460904703361611e-20
1.5110242131891893e-05 6.8122014286657e-20
1.5140045370810813e-05 8.53791321186284e-20
1.5169848609729733e-05 8.268358887656173e-20
1.519965184864865e-05 7.5123387054777e-20
1.522945508756757e-05 7.463028918093996e-20
1.5259258326486488e-05 7.60612285978754e-20
1.5289061565405408e-05 8.773385123904699e-20
1.5318864804324328e-05 8.239586051979645e-20
1.5348668043243244e-05 6.887030147019225e-20
1.5378471282162164e-05 8.393218853951314e-20
1.5408274521081084e-05 8.9606074412378e-20
1.543807776e-05 7.691137289551098e-20
1.546788099891892e-05 7.805914930191389e-20
1.549768423783784e-05 7.832764449883602e-20
1.5527487476756758e-05 8.369495126332225e-20
1.5557290715675678e-05 8.750922108312719e-20
1.5587093954594594e-05 7.132590960691479e-20
1.5616897193513514e-05 7.727867926292623e-20
1.5646700432432434e-05 9.184183684691022e-20
1.5676503671351354e-05 8.011576423953797e-20
1.5706306910270274e-05 7.684288848837636e-20
1.573611014918919e-05 7.901658113892785e-20
1.576591338810811e-05 8.320779192618988e-20
1.5795716627027028e-05 9.091903947039052e-20
1.5825519865945948e-05 7.417398403963512e-20
1.5855323104864868e-05 7.428191588300592e-20
1.5885126343783784e-05 9.101195745112451e-20
1.5914929582702704e-05 8.107799410090564e-20
1.5944732821621624e-05 7.695633070964361e-20
1.5974536060540544e-05 7.830898580812223e-20
1.600433929945946e-05 7.962634361152803e-20
1.603414253837838e-05 9.03409165502017e-20
1.60639457772973e-05 7.825032931736596e-20
1.6093749016216218e-05 6.937003655485076e-20
1.6123552255135138e-05 8.72836863325141e-20
1.6153355494054054e-05 8.679640688563215e-20
1.6183158732972974e-05 7.385518819914956e-20
1.6212961971891894e-05 7.476925222593344e-20
1.624276521081081e-05 7.8008383246595e-20
1.627256844972973e-05 8.546738258100641e-20
1.630237168864865e-05 8.098085118572425e-20
1.633217492756757e-05 6.410256449366032e-20
1.636197816648649e-05 7.769856857946846e-20
1.6391781405405407e-05 8.794914861833255e-20
1.6421584644324327e-05 7.22888706264177e-20
1.6451387883243244e-05 7.124543441283067e-20
1.6481191122162164e-05 7.327924168273178e-20
1.651099436108108e-05 7.937208521997067e-20
1.65407976e-05 8.186218895884059e-20
1.657060083891892e-05 6.300146269463347e-20
1.660040407783784e-05 6.869204254134372e-20
1.6630207316756757e-05 8.304885248511534e-20
1.6660010555675677e-05 6.997348126770075e-20
1.6689813794594597e-05 6.357602129113643e-20
1.6719617033513517e-05 6.690984228635075e-20
1.6749420272432434e-05 7.250847816361618e-20
1.6779223511351354e-05 7.781613504366664e-20
1.680902675027027e-05 6.080761634966183e-20
1.683882998918919e-05 5.831300136073469e-20
1.686863322810811e-05 7.847655948414571e-20
1.6898436467027027e-05 6.815827619923942e-20
1.6928239705945947e-05 5.787412269778709e-20
1.6958042944864867e-05 6.283298809403097e-20
1.6987846183783787e-05 6.309051084084072e-20
1.7017649422702707e-05 7.113143680928291e-20
1.7047452661621624e-05 5.912701900555099e-20
1.7077255900540544e-05 4.87878801385463e-20
1.710705913945946e-05 6.79599696399083e-20
1.713686237837838e-05 6.484600792528916e-20
1.7166665617297297e-05 5.1226732848951997e-20
1.7196468856216217e-05 5.468964886785735e-20
1.7226272095135137e-05 5.661678899594286e-20
1.7256075334054057e-05 6.456586380760229e-20
1.7285878572972977e-05 5.746595017525444e-20
1.7315681811891897e-05 3.951866586696536e-20
1.7345485050810814e-05 5.563784415082016e-20
1.737528828972973e-05 6.344361116166612e-20
1.740509152864865e-05 4.554439251324518e-20
1.743489476756757e-05 4.467589046422232e-20
1.7464698006486487e-05 4.8909121375049985e-20
1.7494501245405407e-05 5.258380229378578e-20
1.7524304484324327e-05 5.350668709863713e-20
1.7554107723243247e-05 3.662975317505905e-20
1.7583910962162167e-05 4.071959393287606e-20
1.761371420108108e-05 5.744766746369057e-20
1.764351744e-05 4.2564597155185685e-20
1.767332067891892e-05 3.535365209788532e-20
1.770312391783784e-05 4.214797105533597e-20
1.773292715675676e-05 4.32901345684199e-20
1.7762730395675677e-05 4.781534410070471e-20
1.7792533634594597e-05 3.1709166426430436e-20
1.7822336873513517e-05 2.738409367523704e-20
1.7852140112432437e-05 4.98739100096029e-20
1.7881943351351354e-05 3.989259718378554e-20
1.791174659027027e-05 2.6910142644446638e-20
1.794154982918919e-05 3.5116512896202325e-20
1.797135306810811e-05 3.438283474069792e-20
1.800115630702703e-05 3.9476105257318606e-20
1.803095954594595e-05 3.0572214875375555e-20
1.8060762784864867e-05 1.756155519401375e-20
1.8090566023783787e-05 3.853037115750994e-20
1.8120369262702707e-05 3.624577320290519e-20
1.8150172501621623e-05 1.7206677507208116e-20
1.817997574054054e-05 2.4711345442987722e-20
1.820977897945946e-05 2.702269551486232e-20
1.823958221837838e-05 2.923725417030908e-20
1.82693854572973e-05 2.6764675267819653e-20
1.829918869621622e-05 1.129207332171359e-20
1.8328991935135137e-05 2.384143777484937e-20
1.8358795174054057e-05 3.2609219977453907e-20
1.8388598412972977e-05 1.2381145911185652e-20
1.8418401651891893e-05 1.2992710618026563e-20
1.8448204890810813e-05 1.9238155154495748e-20
1.847800812972973e-05 1.8894115650758855e-20
1.850781136864865e-05 2.16155921036627e-20
1.853761460756757e-05 4.0733094263187316e-21
1.856741784648649e-05 7.873154893810319e-21
1.859722108540541e-05 2.813651194360138e-20
1.8627024324324327e-05 9.166507256246618e-21
1.8656827563243243e-05 7.810277071936627e-22
1.8686630802162163e-05 1.1977632927114974e-20
1.8716434041081083e-05 1.0899443646510659e-20
1.8746237280000003e-05 1.456404523587357e-20
1.877604051891892e-05 1.719923412809936e-21
1.880584375783784e-05 -4.691842830176202e-21
1.883564699675676e-05 1.672276405210547e-20
1.886545023567568e-05 6.443025348473533e-21
1.88952534745946e-05 -1.0086278728950867e-20
1.8925056713513513e-05 1.6774566720913015e-21
1.8954859952432433e-05 2.7689154081319863e-21
1.8984663191351353e-05 2.8311115844481737e-21
1.9014466430270273e-05 -1.772251978158069e-21
1.9044269669189193e-05 -1.3289026945975844e-20
1.907407290810811e-05 3.2511379962969488e-21
1.910387614702703e-05 5.105117623576027e-21
1.913367938594595e-05 -1.6909157682740513e-20
1.916348262486487e-05 -1.032196464286944e-20
1.9193285863783783e-05 -2.7824652250350162e-21
1.9223089102702703e-05 -5.996745272199933e-21
1.9252892341621623e-05 -7.898419121448052e-21
1.9282695580540543e-05 -2.1861449655173e-20
1.9312498819459463e-05 -1.1777071941172954e-20
1.934230205837838e-05 -8.475051147428852e-22
1.93721052972973e-05 -2.160619215464213e-20
1.940190853621622e-05 -2.0682397464964534e-20
1.943171177513514e-05 -1.2159434336606559e-20
1.9461515014054056e-05 -1.3790143820961966e-20
1.9491318252972973e-05 -1.2924803259093589e-20
1.9521121491891893e-05 -2.744306864854803e-20
1.9550924730810813e-05 -2.56347804887872e-20
1.9580727969729733e-05 -8.262682454268846e-21
1.9610531208648653e-05 -2.3431666809084382e-20
1.964033444756757e-05 -3.4391184299296264e-20
1.967013768648649e-05 -2.0861862599052808e-20
1.9699940925405406e-05 -2.1628461123223555e-20
1.9729744164324326e-05 -2.401581689091574e-20
1.9759547403243246e-05 -2.973208091221044e-20
1.9789350642162163e-05 -3.72943928120343e-20
1.9819153881081083e-05 -2.037346773648306e-20
1.9848957120000003e-05 -2.409256811977534e-20
1.9878760358918923e-05 -4.2813226848902227e-20
1.9908563597837843e-05 -3.3621273582826513e-20
1.993836683675676e-05 -2.86984990806467e-20
1.9968170075675676e-05 -3.1770027438483537e-20
1.9997973314594596e-05 -3.72376406078391e-20
2.0027776553513516e-05 -4.6768304942177267e-20
2.0057579792432436e-05 -3.4281205851427306e-20
2.0087383031351353e-05 -2.8336560670640464e-20
2.0117186270270273e-05 -4.8454664831933604e-20
2.0146989509189193e-05 -4.670767486477783e-20
2.0176792748108113e-05 -3.466104770623397e-20
2.0206595987027033e-05 -4.1142289329505917e-20
2.0236399225945946e-05 -4.291587592256587e-20
2.0266202464864866e-05 -5.155729917016685e-20
2.0296005703783786e-05 -5.0193308716245125e-20
2.0325808942702706e-05 -3.396802882835092e-20
2.0355612181621623e-05 -5.3171622535806954e-20
2.0385415420540543e-05 -6.128211107175352e-20
2.0415218659459463e-05 -4.39203466237437e-20
2.0445021898378383e-05 -4.923683059956089e-20
2.0474825137297303e-05 -5.333802415043047e-20
2.0504628376216216e-05 -5.77834847910798e-20
2.0534431615135136e-05 -5.854399780461294e-20
2.0564234854054056e-05 -4.4798116038107283e-20
2.0594038092972976e-05 -5.637069461409432e-20
2.0623841331891896e-05 -6.92829343492086e-20
2.0653644570810813e-05 -5.556386222119044e-20
2.0683447809729733e-05 -5.38075895700788e-20
2.0713251048648653e-05 -5.983541598296965e-20
2.074305428756757e-05 -6.383047551413773e-20
2.077285752648649e-05 -7.003941900626559e-20
2.0802660765405406e-05 -5.675998682929235e-20
2.0832464004324326e-05 -5.735487932894938e-20
2.0862267243243246e-05 -7.578082598155862e-20
2.0892070482162166e-05 -6.509120715830234e-20
2.0921873721081086e-05 -5.881420005184313e-20
2.0951676960000002e-05 -6.840318701594684e-20
2.0981480198918922e-05 -6.837177479136884e-20
2.101128343783784e-05 -7.507386740364142e-20
2.104108667675676e-05 -6.781760895542826e-20
2.107088991567568e-05 -5.960838487748385e-20
2.1100693154594596e-05 -7.915493930899265e-20
2.1130496393513516e-05 -7.766551592916605e-20
2.1160299632432436e-05 -6.484464818746068e-20
2.1190102871351356e-05 -7.052900836187142e-20
2.1219906110270276e-05 -7.31090961759644e-20
2.1249709349189192e-05 -7.931491957965307e-20
2.127951258810811e-05 -7.57410836161167e-20
2.130931582702703e-05 -6.326488378189815e-20
2.133911906594595e-05 -7.911690259217211e-20
2.1368922304864866e-05 -8.624715962587844e-20
2.1398725543783786e-05 -7.097754534826505e-20
2.1428528782702706e-05 -7.307981607575887e-20
2.1458332021621626e-05 -7.812861490723978e-20
2.1488135260540546e-05 -8.157193997026381e-20
2.1517938499459466e-05 -8.285979409213933e-20
2.154774173837838e-05 -6.945051177476806e-20
2.15775449772973e-05 -7.534226428448382e-20
2.160734821621622e-05 -8.892189531943011e-20
2.163715145513514e-05 -7.740503518604501e-20
2.1666954694054056e-05 -7.345999620468838e-20
2.1696757932972976e-05 -7.816336923972756e-20
2.1726561171891896e-05 -8.18576793895627e-20
2.1756364410810816e-05 -8.747214275492527e-20
2.1786167649729732e-05 -7.338691868850191e-20
2.181597088864865e-05 -7.254764972925991e-20
2.184577412756757e-05 -9.16716426039923e-20
2.187557736648649e-05 -8.214670776986019e-20
2.190538060540541e-05 -7.264982071099741e-20
2.193518384432433e-05 -8.089361791824444e-20
2.1964987083243245e-05 -8.171725499705573e-20
2.1994790322162165e-05 -8.63130699925204e-20
2.2024593561081085e-05 -7.866555105324347e-20
2.2054396800000002e-05 -6.857689106520085e-20
2.2084200038918922e-05 -8.819583625124817e-20
2.211400327783784e-05 -8.861591583524916e-20
2.214380651675676e-05 -7.31552517910055e-20
2.217360975567568e-05 -7.90400131350762e-20
2.22034129945946e-05 -8.208422141116131e-20
2.223321623351352e-05 -8.608835114694223e-20
2.2263019472432435e-05 -8.265707525850638e-20
2.2292822711351355e-05 -6.881521288342692e-20
2.2322625950270272e-05 -8.316365330574704e-20
2.2352429189189192e-05 -9.085785489940538e-20
2.238223242810811e-05 -7.363622815471095e-20
2.241203566702703e-05 -7.64188825396422e-20
2.244183890594595e-05 -8.200866102033234e-20
2.247164214486487e-05 -8.328729297736821e-20
2.250144538378379e-05 -8.474583738892729e-20
2.2531248622702705e-05 -7.07526144880222e-20
2.2561051861621625e-05 -7.791106851470415e-20
2.2590855100540542e-05 -9.211751159189894e-20
2.2620658339459462e-05 -7.791765708449798e-20
2.2650461578378382e-05 -7.240072783151664e-20
2.26802648172973e-05 -7.976072696368766e-20
2.271006805621622e-05 -8.230411753441606e-20
2.273987129513514e-05 -8.401803588435831e-20
2.276967453405406e-05 -7.43857928074953e-20
2.279947777297298e-05 -7.060429778332247e-20
2.2829281011891892e-05 -8.918351944025727e-20
2.2859084250810812e-05 -8.31819074864877e-20
2.2888887489729732e-05 -6.782739076726144e-20
2.2918690728648652e-05 -7.913840603068046e-20
2.2948493967567572e-05 -8.136444406371083e-20
2.297829720648649e-05 -8.324514547540472e-20
2.300810044540541e-05 -7.665874195040294e-20
2.303790368432433e-05 -6.4789182002615e-20
2.306770692324325e-05 -8.459297209020066e-20
2.3097510162162165e-05 -8.49426040647821e-20
2.312731340108108e-05 -6.779774894041596e-20
2.315711664e-05 -7.396455656271386e-20
2.318691987891892e-05 -7.875817428692677e-20
2.321672311783784e-05 -8.148215483231019e-20
2.324652635675676e-05 -7.710768927831687e-20
2.327632959567568e-05 -6.548889393578415e-20
2.33061328345946e-05 -7.811208007367646e-20
2.333593607351352e-05 -8.574106016157613e-20
2.3365739312432435e-05 -6.979882788222894e-20
2.339554255135135e-05 -7.025397048374452e-20
2.342534579027027e-05 -7.654558317501873e-20
2.345514902918919e-05 -7.672662813350464e-20
2.348495226810811e-05 -7.811188765657298e-20
2.351475550702703e-05 -6.403041458175037e-20
2.3544558745945948e-05 -6.764100321732284e-20
2.3574361984864868e-05 -8.706575932758335e-20
2.3604165223783788e-05 -7.123138005751171e-20
2.3633968462702705e-05 -6.363251898897314e-20
2.3663771701621625e-05 -7.48149159940172e-20
2.369357494054054e-05 -7.402472408363526e-20
2.372337817945946e-05 -7.710542514004659e-20
2.375318141837838e-05 -6.561363331189103e-20
2.37829846572973e-05 -6.064096604897094e-20
2.381278789621622e-05 -8.079706463832228e-20
2.3842591135135138e-05 -7.252686124338834e-20
2.3872394374054055e-05 -5.818600368552929e-20
2.3902197612972975e-05 -6.878468411478463e-20
2.3932000851891895e-05 -7.088332385440471e-20
2.3961804090810815e-05 -7.314257755976184e-20
2.399160732972973e-05 -6.768240247721811e-20
2.402141056864865e-05 -5.530368427854533e-20
2.405121380756757e-05 -7.34333705725019e-20
2.408101704648649e-05 -7.579079107361635e-20
2.411082028540541e-05 -5.619378432563303e-20
2.4140623524324325e-05 -6.206927534779364e-20
2.4170426763243245e-05 -6.708656649432715e-20
2.4200230002162165e-05 -6.691272714862346e-20
2.4230033241081085e-05 -6.549026143702204e-20
2.4259836480000005e-05 -5.283463743778272e-20
2.428963971891892e-05 -6.336400528873642e-20
2.431944295783784e-05 -7.511102254450104e-20
2.434924619675676e-05 -5.509831853103558e-20
2.437904943567568e-05 -5.3296686110369207e-20
2.4408852674594595e-05 -6.58209027791054e-20
2.4438655913513515e-05 -6.362905008690904e-20
2.4468459152432435e-05 -6.254227024287812e-20
2.4498262391351355e-05 -5.049402160855025e-20
2.4528065630270275e-05 -5.314940870297484e-20
2.455786886918919e-05 -7.095534715577495e-20
2.458767210810811e-05 -5.51565736896077e-20
2.461747534702703e-05 -4.6956818042718067e-20
2.464727858594595e-05 -5.815222053231117e-20
2.4677081824864868e-05 -5.837010356039096e-20
2.4706885063783784e-05 -5.963959912501152e-20
2.4736688302702704e-05 -4.8643595922470746e-20
2.4766491541621624e-05 -4.471512039295095e-20
2.4796294780540544e-05 -6.371970134856103e-20
2.4826098019459464e-05 -5.631105677558369e-20
2.485590125837838e-05 -4.036161985080296e-20
2.48857044972973e-05 -4.95147334564682e-20
2.4915507736216218e-05 -5.3004004813431047e-20
2.4945310975135138e-05 -5.2384796708024e-20
2.4975114214054058e-05 -4.66732775866953e-20
2.5004917452972974e-05 -3.727444104082786e-20
2.5034720691891894e-05 -5.369296548022208e-20
2.5064523930810814e-05 -5.571071340812175e-20
2.5094327169729734e-05 -3.524961859408725e-20
2.5124130408648654e-05 -4.124475766643057e-20
2.515393364756757e-05 -5.0252823133930526e-20
2.5183736886486488e-05 -4.630338445303754e-20
2.5213540125405408e-05 -4.229546540818911e-20
2.5243343364324328e-05 -3.2552076284975607e-20
2.5273146603243248e-05 -4.073396844468807e-20
2.5302949842162164e-05 -5.267468183981222e-20
2.5332753081081084e-05 -3.2881652451538905e-20
2.5362556320000004e-05 -2.863900392836621e-20
2.5392359558918924e-05 -4.36952965139507e-20
2.5422162797837844e-05 -3.990877868999938e-20
2.5451966036756757e-05 -3.739199122685357e-20
2.5481769275675677e-05 -2.7982803780051693e-20
2.5511572514594598e-05 -2.846260437961067e-20
2.5541375753513518e-05 -4.6539558043014394e-20
2.5571178992432434e-05 -3.077699131694193e-20
2.5600982231351354e-05 -1.94970254690983e-20
2.5630785470270274e-05 -3.344646554603014e-20
2.5660588709189194e-05 -3.3433378928504335e-20
2.5690391948108114e-05 -3.085950188571124e-20
2.5720195187027027e-05 -2.1942014779087048e-20
2.5749998425945947e-05 -1.906658712512858e-20
2.5779801664864867e-05 -3.8160932264328007e-20
2.5809604903783787e-05 -3.0020291939079676e-20
2.5839408142702707e-05 -1.0675396866213477e-20
2.5869211381621624e-05 -2.3565303776674652e-20
2.5899014620540544e-05 -2.9930266448020595e-20
2.5928817859459464e-05 -2.344859414252905e-20
2.595862109837838e-05 -1.7980860074698786e-20
2.59884243372973e-05 -9.664790442068725e-21
2.6018227576216217e-05 -2.474297479455563e-20
2.6048030815135137e-05 -2.923407258337507e-20
2.6077834054054057e-05 -4.771723570952395e-21
2.6107637292972977e-05 -1.0894107274259526e-20
2.6137440531891897e-05 -2.4252843547223333e-20
2.6167243770810814e-05 -1.6065310348679867e-20
2.6197047009729734e-05 -1.300916972046504e-20
2.622685024864865e-05 -6.070788434440321e-21
2.625665348756757e-05 -1.3464561152039417e-20
2.628645672648649e-05 -2.5626450004213085e-20
2.6316259965405407e-05 -3.615547893095115e-21
2.6346063204324327e-05 4.833642843777455e-22
2.6375866443243247e-05 -1.709395051274921e-20
2.6405669682162167e-05 -1.223682601546243e-20
2.6435472921081087e-05 -5.912877756408934e-21
2.6465276160000004e-05 -1.3488088423655374e-21
2.649507939891892e-05 -3.557285780901978e-21
2.652488263783784e-05 -1.8291884773552045e-20
2.655468587675676e-05 -6.136329056668619e-21
2.6584489115675677e-05 8.269268326621673e-21
2.6614292354594597e-05 -9.802538131315843e-21
2.6644095593513517e-05 -1.1747508669521251e-20
2.6673898832432437e-05 -1.2587268846826863e-21
2.6703702071351357e-05 1.3429740877126652e-21
2.6733505310270277e-05 5.7480748543739555e-21
2.676330854918919e-05 -9.744760425755943e-21
2.679311178810811e-05 -6.683039423722944e-21
2.682291502702703e-05 1.4780008516130863e-20
2.685271826594595e-05 3.8350429920859195e-22
2.6882521504864867e-05 -7.911432541036434e-21
2.6912324743783787e-05 2.7909386442461976e-21
2.6942127982702707e-05 6.138675697719965e-21
2.6971931221621627e-05 9.712966023615788e-21
2.7001734460540544e-05 -2.5905035613152796e-21
2.703153769945946e-05 -6.455202188254263e-21
2.706134093837838e-05 1.726384188381541e-20
2.70911441772973e-05 1.0691555344433728e-20
2.712094741621622e-05 -5.3064317209886206e-21
2.715075065513514e-05 6.851474821144331e-21
2.7180553894054057e-05 1.1232282413678675e-20
2.7210357132972977e-05 1.3361158196189742e-20
2.7240160371891897e-05 7.920272057796045e-21
2.7269963610810814e-05 -2.888608005340383e-21
2.7299766849729734e-05 1.5460520699118095e-20
2.732957008864865e-05 1.999542421666519e-20
2.735937332756757e-05 6.452259866033035e-22
2.738917656648649e-05 6.160729745705625e-21
2.741897980540541e-05 1.6897046386644233e-20
2.744878304432433e-05 1.7323250936097154e-20
2.7478586283243247e-05 1.5448911075921915e-20
2.7508389522162167e-05 3.438077649410618e-21
