0.0 8.870827519326531e-21
2.98130111223458e-08 1.802051164224954e-20
5.96260222446916e-08 2.1810631325607413e-20
8.943903336703741e-08 7.009079344434689e-22
1.192520444893832e-07 2.2167864156598486e-21
1.49065055611729e-07 1.246433628720297e-20
1.7887806673407483e-07 5.154647739697755e-21
2.0869107785642063e-07 4.1158764195381904e-22
2.385040889787664e-07 -6.998718493997971e-21
2.683171001011122e-07 -1.5569169189481673e-21
2.98130111223458e-07 8.687475864899748e-21
3.279431223458038e-07 -9.646898931267988e-21
3.5775613346814965e-07 -1.586836296615585e-20
3.8756914459049545e-07 -2.830426888729415e-21
4.1738215571284125e-07 -8.19904267772487e-21
4.4719516683518705e-07 -1.4666120888467042e-20
4.770081779575328e-07 -1.904943877434011e-20
5.068211890798787e-07 -2.1123217679345123e-20
5.366342002022244e-07 -1.0590257330107304e-20
5.664472113245703e-07 -1.955962934269865e-20
5.96260222446916e-07 -3.4005378532701775e-20
6.260732335692619e-07 -2.2218327186203124e-20
6.558862446916076e-07 -2.067549520674197e-20
6.856992558139535e-07 -2.985419123897187e-20
7.155122669362993e-07 -3.298955384998333e-20
7.453252780586451e-07 -3.7728970225448937e-20
7.751382891809909e-07 -2.807833727230357e-20
8.049513003033367e-07 -3.119903456321913e-20
8.347643114256825e-07 -5.071984264445862e-20
8.645773225480283e-07 -4.211764310323834e-20
8.943903336703741e-07 -3.5611811091006554e-20
9.242033447927199e-07 -4.5405585430177705e-20
9.540163559150656e-07 -4.908085429355966e-20
9.838293670374115e-07 -5.481495634674125e-20
1.0136423781597573e-06 -4.78002886512976e-20
1.043455389282103e-06 -4.243087995027744e-20
1.0732684004044488e-06 -6.270714428939995e-20
1.1030814115267947e-06 -6.321313157225227e-20
1.1328944226491405e-06 -5.047513099742044e-20
1.1627074337714862e-06 -5.892108193427805e-20
1.192520444893832e-06 -6.502529702162453e-20
1.2223334560161779e-06 -7.034190356226172e-20
1.2521464671385237e-06 -6.78081556391099e-20
1.2819594782608696e-06 -5.88841158990178e-20
1.3117724893832152e-06 -7.587635010204393e-20
1.341585500505561e-06 -8.253011884256453e-20
1.371398511627907e-06 -6.826338613547457e-20
1.4012115227502528e-06 -7.278901707009094e-20
1.4310245338725986e-06 -8.082285137569792e-20
1.4608375449949443e-06 -8.492236432112479e-20
1.4906505561172901e-06 -8.651604251225086e-20
1.520463567239636e-06 -7.609030089851191e-20
1.5502765783619818e-06 -8.566393204932987e-20
1.5800895894843275e-06 -1.0177882919885122e-19
1.6099026006066733e-06 -8.901960447708612e-20
1.6397156117290192e-06 -8.843650284233659e-20
1.669528622851365e-06 -9.774268270882723e-20
1.6993416339737109e-06 -9.809088313301054e-20
1.7291546450960565e-06 -1.0551079664956634e-19
1.7589676562184024e-06 -9.533317225594232e-20
1.7887806673407482e-06 -9.527911929603452e-20
1.818593678463094e-06 -1.1724314544462475e-19
1.8484066895854397e-06 -1.079652048065367e-19
1.8782197007077856e-06 -1.0043905375165797e-19
1.908032711830131e-06 -1.1235462478956048e-19
1.937845722952477e-06 -1.1334606762922958e-19
1.967658734074823e-06 -1.2058817460360088e-19
1.9974717451971688e-06 -1.172378470326448e-19
2.0272847563195146e-06 -1.0674984799613366e-19
2.0570977674418605e-06 -1.2714683188404554e-19
2.086910778564206e-06 -1.3103420127125348e-19
2.116723789686552e-06 -1.1368389329597275e-19
2.1465368008088976e-06 -1.2306472281602663e-19
2.176349811931244e-06 -1.3025825643248048e-19
2.2061628230535893e-06 -1.3155680662966175e-19
2.235975834175935e-06 -1.3279350521295216e-19
2.265788845298281e-06 -1.223833080358234e-19
2.295601856420627e-06 -1.37445907536758e-19
2.3254148675429723e-06 -1.4797475759035523e-19
2.3552278786653186e-06 -1.3086732867944622e-19
2.385040889787664e-06 -1.3662490998373606e-19
2.4148539009100103e-06 -1.4507525165240923e-19
2.4446669120323557e-06 -1.4602996234330582e-19
2.4744799231547016e-06 -1.4869024224014716e-19
2.5042929342770474e-06 -1.3669024072751055e-19
2.5341059453993933e-06 -1.4489363007259506e-19
2.563918956521739e-06 -1.626495499503708e-19
2.593731967644085e-06 -1.4853853231279879e-19
2.6235449787664304e-06 -1.4350137127408324e-19
2.6533579898887767e-06 -1.5848268522718055e-19
2.683171001011122e-06 -1.6050865429124404e-19
2.7129840121334684e-06 -1.608606345351429e-19
2.742797023255814e-06 -1.546070364022359e-19
2.7726100343781597e-06 -1.531541289894202e-19
2.8024230455005055e-06 -1.748336156937251e-19
2.8322360566228514e-06 -1.6869928296671974e-19
2.8620490677451972e-06 -1.5221216492708567e-19
2.891862078867543e-06 -1.6784806878108154e-19
2.9216750899898885e-06 -1.7485425933616366e-19
2.951488101112235e-06 -1.7228331536206845e-19
2.9813011122345802e-06 -1.6855875534384414e-19
3.011114123356926e-06 -1.6277166670489444e-19
3.040927134479272e-06 -1.8242260252054732e-19
3.0707401456016178e-06 -1.868287589495816e-19
3.1005531567239636e-06 -1.6609965570400396e-19
3.1303661678463095e-06 -1.7619572846468282e-19
3.160179178968655e-06 -1.8711577305491697e-19
3.189992190091001e-06 -1.827160413075878e-19
3.2198052012133466e-06 -1.840617039549005e-19
3.249618212335693e-06 -1.7582867856323604e-19
3.2794312234580383e-06 -1.852823061587776e-19
3.3092442345803838e-06 -1.9940809288988705e-19
3.33905724570273e-06 -1.809401308511511e-19
3.3688702568250755e-06 -1.8194503259393584e-19
3.3986832679474217e-06 -1.9863614123580009e-19
3.428496279069767e-06 -1.9600339894388822e-19
3.458309290192113e-06 -1.962019053763944e-19
3.488122301314459e-06 -1.8914607511175487e-19
3.5179353124368047e-06 -1.9245356262830327e-19
3.54774832355915e-06 -2.130182950492943e-19
3.5775613346814964e-06 -1.9882265220617152e-19
3.607374345803842e-06 -1.8821041771232642e-19
3.637187356926188e-06 -2.0769474950925817e-19
3.6670003680485336e-06 -2.0823705341637851e-19
3.6968133791708794e-06 -2.0462555602880208e-19
3.7266263902932253e-06 -2.0270772600675667e-19
3.756439401415571e-06 -1.9929539062903047e-19
3.786252412537917e-06 -2.1933742428837373e-19
3.816065423660262e-06 -2.168965277902591e-19
3.845878434782609e-06 -1.9746101873660274e-19
3.875691445904954e-06 -2.1395471095963397e-19
3.9055044570273e-06 -2.2283907531783273e-19
3.935317468149646e-06 -2.1597873759259483e-19
3.965130479271992e-06 -2.1249186144845582e-19
3.9949434903943375e-06 -2.0769940759718842e-19
4.024756501516683e-06 -2.2470157201135367e-19
4.054569512639029e-06 -2.2840208506131435e-19
4.0843825237613755e-06 -2.0769420710988572e-19
4.114195534883721e-06 -2.1813276482454e-19
4.144008546006066e-06 -2.3302149170659296e-19
4.173821557128412e-06 -2.243241122541235e-19
4.203634568250759e-06 -2.226914918720783e-19
4.233447579373104e-06 -2.206785223724782e-19
4.26326059049545e-06 -2.265435344704263e-19
4.293073601617795e-06 -2.40233190739433e-19
4.3228866127401415e-06 -2.2196112856235897e-19
4.352699623862488e-06 -2.1856166624353168e-19
4.382512634984833e-06 -2.405756600445336e-19
4.412325646107179e-06 -2.3278381482430343e-19
4.442138657229525e-06 -2.26766356767765e-19
4.47195166835187e-06 -2.281969511228728e-19
4.501764679474216e-06 -2.2950797764506684e-19
4.531577690596562e-06 -2.455844086128166e-19
4.561390701718908e-06 -2.3448841708734648e-19
4.591203712841254e-06 -2.2117837454719773e-19
4.621016723963599e-06 -2.4244843450663614e-19
4.650829735085945e-06 -2.430702810731307e-19
4.680642746208292e-06 -2.318742804073441e-19
4.710455757330637e-06 -2.341790331600055e-19
4.740268768452983e-06 -2.321317125279991e-19
4.770081779575328e-06 -2.4468534442328163e-19
4.799894790697674e-06 -2.4344351574088417e-19
4.8297078018200206e-06 -2.2348484940185086e-19
4.859520812942366e-06 -2.3949907825291266e-19
4.8893338240647114e-06 -2.5064650931990498e-19
4.919146835187058e-06 -2.363547624032536e-19
4.948959846309403e-06 -2.3611873244647893e-19
4.978772857431749e-06 -2.367295707113349e-19
5.008585868554095e-06 -2.439512198737273e-19
5.03839887967644e-06 -2.486855199794444e-19
5.0682118907987865e-06 -2.2842686338847987e-19
5.098024901921132e-06 -2.3447765744253217e-19
5.127837913043478e-06 -2.5186884828355173e-19
5.157650924165824e-06 -2.388514003636749e-19
5.18746393528817e-06 -2.347523227092085e-19
5.217276946410515e-06 -2.3659998412379724e-19
5.247089957532861e-06 -2.4152988869936323e-19
5.276902968655207e-06 -2.500368316700561e-19
5.306715979777553e-06 -2.3256022678732126e-19
5.336528990899899e-06 -2.30618339089298e-19
5.366342002022244e-06 -2.500717336771174e-19
5.39615501314459e-06 -2.410037173873672e-19
5.425968024266937e-06 -2.325091019900408e-19
5.455781035389282e-06 -2.3584518840597465e-19
5.485594046511628e-06 -2.3532136295077302e-19
5.515407057633973e-06 -2.461253067558836e-19
5.545220068756319e-06 -2.369405441755956e-19
5.575033079878666e-06 -2.23765472126153e-19
5.604846091001011e-06 -2.4359831081535605e-19
5.6346591021233565e-06 -2.433088922400077e-19
5.664472113245703e-06 -2.2951022124698963e-19
5.694285124368048e-06 -2.33535154175078e-19
5.7240981354903945e-06 -2.3346408088204203e-19
5.75391114661274e-06 -2.4042499113528845e-19
5.783724157735086e-06 -2.3672774441411035e-19
5.813537168857432e-06 -2.2003903483014434e-19
5.843350179979777e-06 -2.3413479702177763e-19
5.8731631911021225e-06 -2.411512790738287e-19
5.90297620222447e-06 -2.2476677476448565e-19
5.932789213346815e-06 -2.263417919190939e-19
5.9626022244691604e-06 -2.2884146505993297e-19
5.992415235591506e-06 -2.31270637524466e-19
6.022228246713852e-06 -2.3456604157581683e-19
6.0520412578361984e-06 -2.1748652616453617e-19
6.081854268958544e-06 -2.2229354047622156e-19
6.111667280080889e-06 -2.3740110570057584e-19
6.1414802912032356e-06 -2.2159487117817965e-19
6.171293302325581e-06 -2.1675314156828197e-19
6.201106313447927e-06 -2.2158045966082043e-19
6.230919324570273e-06 -2.2190838453613504e-19
6.260732335692619e-06 -2.2759992332970853e-19
6.290545346814964e-06 -2.1447277935627013e-19
6.32035835793731e-06 -2.0931028850493605e-19
6.350171369059656e-06 -2.2746596261873933e-19
6.379984380182002e-06 -2.182462038384633e-19
6.409797391304348e-06 -2.0632731987017494e-19
6.439610402426693e-06 -2.1466788999926173e-19
6.469423413549039e-06 -2.1323925802647403e-19
6.499236424671386e-06 -2.1625883044416079e-19
6.529049435793731e-06 -2.0978566755022026e-19
6.558862446916077e-06 -1.978807250705829e-19
6.588675458038422e-06 -2.1302985485982567e-19
6.6184884691607675e-06 -2.1240941854233695e-19
6.648301480283115e-06 -1.9640093678347042e-19
6.67811449140546e-06 -2.008990122314933e-19
6.7079275025278055e-06 -2.0354834865373116e-19
6.737740513650151e-06 -2.048349551671717e-19
6.767553524772497e-06 -2.0090759593397897e-19
6.7973665358948435e-06 -1.8796974150280013e-19
6.827179547017189e-06 -1.9961065140200668e-19
6.856992558139534e-06 -2.0461893057573039e-19
6.886805569261881e-06 -1.861097403666647e-19
6.916618580384226e-06 -1.8771216668177894e-19
6.946431591506572e-06 -1.9292244057301355e-19
6.976244602628918e-06 -1.897965224790513e-19
7.006057613751264e-06 -1.9105775584211573e-19
7.0358706248736095e-06 -1.7876066572989207e-19
7.065683635995955e-06 -1.7915938208724542e-19
7.0954966471183e-06 -1.9286775660551735e-19
7.1253096582406474e-06 -1.7806662677590283e-19
7.155122669362993e-06 -1.7308729619044997e-19
7.184935680485338e-06 -1.8126697242902168e-19
7.214748691607684e-06 -1.7466286086464516e-19
7.24456170273003e-06 -1.776908553552778e-19
7.274374713852376e-06 -1.695556677054661e-19
7.304187724974722e-06 -1.6233062741931239e-19
7.334000736097067e-06 -1.7743208523747908e-19
7.363813747219413e-06 -1.674316933874553e-19
7.393626758341759e-06 -1.5743844339382826e-19
7.423439769464105e-06 -1.665139350915836e-19
7.4532527805864506e-06 -1.6143250858999885e-19
7.483065791708797e-06 -1.6205413836632277e-19
7.512878802831142e-06 -1.5871941344382815e-19
7.542691813953488e-06 -1.489664810719299e-19
7.572504825075834e-06 -1.6156445619153416e-19
7.60231783619818e-06 -1.5793385392747923e-19
7.632130847320525e-06 -1.429489734356328e-19
7.661943858442872e-06 -1.4940961757840986e-19
7.691756869565217e-06 -1.4922753769714677e-19
7.721569880687563e-06 -1.4458621753068568e-19
7.751382891809908e-06 -1.441620846449975e-19
7.781195902932255e-06 -1.3587528132609748e-19
7.8110089140546e-06 -1.4048599661665347e-19
7.840821925176946e-06 -1.463851623215027e-19
7.870634936299292e-06 -1.2966808164695946e-19
7.900447947421637e-06 -1.2992214317885779e-19
7.930260958543984e-06 -1.381728058184943e-19
7.96007396966633e-06 -1.2882995871446403e-19
7.989886980788675e-06 -1.2819868168062706e-19
8.019699991911022e-06 -1.2178209304430013e-19
8.049513003033366e-06 -1.195691238210831e-19
8.079326014155713e-06 -1.2941507709032314e-19
8.109139025278058e-06 -1.1600866164488656e-19
8.138952036400404e-06 -1.1058420420426916e-19
8.168765047522751e-06 -1.193135135178878e-19
8.198578058645095e-06 -1.1226806191243641e-19
8.228391069767442e-06 -1.1150952455933836e-19
8.258204080889789e-06 -1.0867074435330396e-19
8.288017092012133e-06 -1.0058693440081942e-19
8.31783010313448e-06 -1.0927508300089817e-19
8.347643114256824e-06 -1.0295768176198047e-19
8.37745612537917e-06 -9.2023682976007e-20
8.407269136501518e-06 -1.0029715440272707e-19
8.437082147623862e-06 -9.535945759083092e-20
8.466895158746209e-06 -8.873979742420538e-20
8.496708169868552e-06 -9.076840281648533e-20
8.5265211809909e-06 -8.253464740157322e-20
8.556334192113247e-06 -8.583237281770609e-20
8.58614720323559e-06 -8.851903487056798e-20
8.615960214357938e-06 -7.29406720473508e-20
8.645773225480283e-06 -7.610280730967485e-20
8.675586236602628e-06 -7.858383151830516e-20
8.705399247724976e-06 -6.968032350294632e-20
8.73521225884732e-06 -7.142002330748469e-20
8.765025269969666e-06 -6.376137954692675e-20
8.794838281092012e-06 -6.279533609269873e-20
8.824651292214357e-06 -6.723614212980813e-20
8.854464303336704e-06 -5.546575677870537e-20
8.88427731445905e-06 -5.464292825447508e-20
8.914090325581395e-06 -5.772602088744418e-20
8.94390333670374e-06 -4.9964243768314627e-20
8.973716347826086e-06 -4.935750789461052e-20
9.003529358948432e-06 -4.6180296946960904e-20
9.033342370070779e-06 -4.02527777525468e-20
9.063155381193124e-06 -4.50634129758024e-20
9.09296839231547e-06 -3.7679982494157355e-20
9.122781403437817e-06 -3.067595472380717e-20
9.15259441456016e-06 -3.469034853427883e-20
9.182407425682507e-06 -2.8542639324093307e-20
9.212220436804853e-06 -2.8012428875652587e-20
9.242033447927198e-06 -2.488906211835498e-20
9.271846459049545e-06 -1.6575388445339705e-20
9.30165947017189e-06 -2.3132214007071175e-20
9.331472481294236e-06 -1.965276712032382e-20
9.361285492416583e-06 -8.336737759873743e-21
9.391098503538927e-06 -1.3691945386829924e-20
9.420911514661274e-06 -1.0445522179152685e-20
9.450724525783618e-06 -3.887985083551547e-21
9.480537536905965e-06 -5.793869858874056e-21
9.510350548028312e-06 3.722203643195166e-21
9.540163559150656e-06 1.77491765021643e-21
9.569976570273003e-06 -1.8869446365954982e-21
9.599789581395349e-06 1.171469585405997e-20
9.629602592517694e-06 1.0627502629251976e-20
9.659415603640041e-06 7.774781374304691e-21
9.689228614762385e-06 1.5737536064584726e-20
9.719041625884732e-06 1.6393489287411406e-20
9.748854637007077e-06 2.108517975412571e-20
9.778667648129423e-06 2.5035524287911877e-20
9.80848065925177e-06 1.9348010264746535e-20
9.838293670374115e-06 2.7032777716651347e-20
9.86810668149646e-06 3.335018603480347e-20
9.897919692618806e-06 2.9420491634899355e-20
9.927732703741152e-06 3.6387396630621625e-20
9.957545714863499e-06 3.5998134503545587e-20
9.987358725985844e-06 3.7413722768315934e-20
1.001717173710819e-05 4.6397791074790547e-20
1.0046984748230535e-05 3.939844803040648e-20
1.007679775935288e-05 4.302583049367844e-20
1.0106610770475228e-05 5.31925921208649e-20
1.0136423781597573e-05 4.871561188732812e-20
1.0166236792719919e-05 5.30097887477231e-20
1.0196049803842264e-05 5.589780527836745e-20
1.0225862814964611e-05 5.547761032805315e-20
1.0255675826086957e-05 6.565071768074761e-20
1.0285488837209302e-05 6.155666192919482e-20
1.0315301848331647e-05 5.920156679561166e-20
1.0345114859453993e-05 7.173426931384859e-20
1.037492787057634e-05 6.970315996486763e-20
1.0404740881698685e-05 6.944827993214172e-20
1.043455389282103e-05 7.368041337565549e-20
1.0464366903943378e-05 7.151485530022243e-20
1.0494179915065722e-05 8.061239295175499e-20
1.0523992926188069e-05 8.102861859919948e-20
1.0553805937310414e-05 7.546761982052567e-20
1.058361894843276e-05 8.692247222277692e-20
1.0613431959555107e-05 9.036709852996547e-20
1.064324497067745e-05 8.68379482182738e-20
1.0673057981799798e-05 9.100966691393347e-20
1.0702870992922145e-05 8.980486871842997e-20
1.0732684004044488e-05 9.433150517876799e-20
1.0762497015166836e-05 1.0075596213522039e-19
1.079231002628918e-05 9.347464988607771e-20
1.0822123037411526e-05 9.819519845951554e-20
1.0851936048533874e-05 1.0557890731936249e-19
1.0881749059656217e-05 1.0113341034240792e-19
1.0911562070778564e-05 1.054830843061716e-19
1.094137508190091e-05 1.0758682529846797e-19
1.0971188093023255e-05 1.0920157715026397e-19
1.1001001104145602e-05 1.1606590050686445e-19
1.1030814115267946e-05 1.115572047054742e-19
1.1060627126390293e-05 1.1286059611103408e-19
1.1090440137512639e-05 1.2058177099224289e-19
1.1120253148634984e-05 1.1901633773691894e-19
1.1150066159757331e-05 1.1954687869079156e-19
1.1179879170879677e-05 1.2067979762547602e-19
1.1209692182002022e-05 1.229551062251629e-19
1.1239505193124368e-05 1.3012437141564576e-19
1.1269318204246713e-05 1.2686687214503113e-19
1.129913121536906e-05 1.2416235745089573e-19
1.1328944226491406e-05 1.3394064794695295e-19
1.1358757237613751e-05 1.3443445656752083e-19
1.1388570248736096e-05 1.329388199980618e-19
1.1418383259858444e-05 1.3618986157596736e-19
1.1448196270980789e-05 1.3548740101751196e-19
1.1478009282103134e-05 1.4336775516126101e-19
1.150782229322548e-05 1.4293063573019962e-19
1.1537635304347825e-05 1.3637827463630966e-19
1.1567448315470172e-05 1.4626752188109423e-19
1.1597261326592516e-05 1.486046088311879e-19
1.1627074337714863e-05 1.4502372492332235e-19
1.165688734883721e-05 1.4826307917437067e-19
1.1686700359959554e-05 1.4825158765142338e-19
1.1716513371081901e-05 1.5361835300420193e-19
1.1746326382204245e-05 1.5687584018576507e-19
1.1776139393326592e-05 1.5113096122997875e-19
1.180595240444894e-05 1.5509257532333044e-19
1.1835765415571283e-05 1.6140522694551036e-19
1.186557842669363e-05 1.5807540871378073e-19
1.1895391437815974e-05 1.5781373706825917e-19
1.1925204448938321e-05 1.6106118977465074e-19
1.1955017460060668e-05 1.6450162900530513e-19
1.1984830471183012e-05 1.6785099319541013e-19
1.2014643482305359e-05 1.6217627281516904e-19
1.2044456493427704e-05 1.63779662366681e-19
1.207426950455005e-05 1.7466481140439278e-19
1.2104082515672397e-05 1.7141876821182253e-19
1.213389552679474e-05 1.684066869827453e-19
1.2163708537917088e-05 1.7256810827653343e-19
1.2193521549039433e-05 1.743139637326792e-19
1.2223334560161779e-05 1.7942298151712207e-19
1.2253147571284126e-05 1.758728006961135e-19
1.2282960582406471e-05 1.719365152063738e-19
1.2312773593528817e-05 1.8213745051324504e-19
1.2342586604651162e-05 1.818020582561909e-19
1.2372399615773507e-05 1.7839686501088384e-19
1.2402212626895855e-05 1.8331621224455363e-19
1.24320256380182e-05 1.8247964873892898e-19
1.2461838649140545e-05 1.8777782139445415e-19
1.249165166026289e-05 1.883630385035306e-19
1.2521464671385238e-05 1.8115155834185054e-19
1.2551277682507583e-05 1.9079890657162265e-19
1.2581090693629929e-05 1.9425821407270144e-19
1.2610903704752274e-05 1.8655037813527499e-19
1.264071671587462e-05 1.8950792262469487e-19
1.2670529726996967e-05 1.9258377192265282e-19
1.2700342738119312e-05 1.9546612697700374e-19
1.2730155749241658e-05 1.9657981681544154e-19
1.2759968760364005e-05 1.9097699156045612e-19
1.2789781771486349e-05 1.9693631949857344e-19
1.2819594782608696e-05 2.0305831249146106e-19
1.2849407793731041e-05 1.9570142244161718e-19
1.2879220804853386e-05 1.9681168097659875e-19
1.2909033815975734e-05 2.0004640998655077e-19
1.2938846827098077e-05 2.0124296806164553e-19
1.2968659838220424e-05 2.0591064219178398e-19
1.2998472849342772e-05 1.9849955027395989e-19
1.3028285860465115e-05 2.0061097124378358e-19
1.3058098871587462e-05 2.1069504542327489e-19
1.3087911882709806e-05 2.0382993499053483e-19
1.3117724893832153e-05 2.0303237281353652e-19
1.31475379049545e-05 2.056799312300809e-19
1.3177350916076844e-05 2.0618102797681422e-19
1.3207163927199191e-05 2.1311057327633485e-19
1.3236976938321535e-05 2.0609823941792254e-19
1.3266789949443882e-05 2.0286286156096407e-19
1.329660296056623e-05 2.1515629407919772e-19
1.3326415971688573e-05 2.1133268721686915e-19
1.335622898281092e-05 2.0584776300533384e-19
1.3386041993933266e-05 2.10448032810006e-19
1.3415855005055611e-05 2.093378982587589e-19
1.3445668016177958e-05 2.1365829664533505e-19
1.3475481027300302e-05 2.1311242054247685e-19
1.3505294038422649e-05 2.0579333972130553e-19
1.3535107049544994e-05 2.1555755327876312e-19
1.356492006066734e-05 2.1692350172866056e-19
1.3594733071789687e-05 2.0742894943211092e-19
1.3624546082912032e-05 2.1242863137570705e-19
1.3654359094034378e-05 2.1361042979487817e-19
1.3684172105156723e-05 2.1284088046555368e-19
1.3713985116279069e-05 2.1461680792025066e-19
1.3743798127401416e-05 2.0727457309165261e-19
1.3773611138523761e-05 2.1179284211082098e-19
1.3803424149646107e-05 2.1831677600625414e-19
1.3833237160768452e-05 2.090446879706279e-19
1.38630501718908e-05 2.10378227278292e-19
1.3892863183013145e-05 2.144316707392789e-19
1.392267619413549e-05 2.1217365665331358e-19
1.3952489205257836e-05 2.1441788842798102e-19
1.3982302216380181e-05 2.0960509716085443e-19
1.4012115227502528e-05 2.0982643999201086e-19
1.4041928238624872e-05 2.1606092591496752e-19
1.4071741249747219e-05 2.0935598069671277e-19
1.4101554260869566e-05 2.0647687417553822e-19
1.413136727199191e-05 2.1094019997684609e-19
1.4161180283114257e-05 2.106412381769103e-19
1.41909932942366e-05 2.1075338739296106e-19
1.4220806305358948e-05 2.0737457001330823e-19
1.4250619316481295e-05 2.0474237542380112e-19
1.4280432327603639e-05 2.131453881688963e-19
1.4310245338725986e-05 2.1071893776193773e-19
1.4340058349848331e-05 2.018727002502729e-19
1.4369871360970677e-05 2.0860990490768373e-19
1.4399684372093024e-05 2.0861661234479938e-19
1.4429497383215367e-05 2.0635230513017383e-19
1.4459310394337715e-05 2.066125770852223e-19
1.448912340546006e-05 1.9871072319365732e-19
1.4518936416582405e-05 2.0624418359112224e-19
1.4548749427704753e-05 2.0902158228072543e-19
1.4578562438827098e-05 1.9728574042715958e-19
1.4608375449949443e-05 2.0317337149629191e-19
1.4638188461071789e-05 2.0576902200424187e-19
1.4668001472194134e-05 2.0004329821108527e-19
1.4697814483316481e-05 2.0407356550018532e-19
1.4727627494438827e-05 1.990181469328382e-19
1.4757440505561172e-05 1.9836310045297653e-19
1.4787253516683518e-05 2.0733738671659234e-19
1.4817066527805865e-05 1.9604745416009432e-19
1.484687953892821e-05 1.9362279063958313e-19
1.4876692550050556e-05 2.0215672162203488e-19
1.4906505561172901e-05 1.9465611584163767e-19
1.4936318572295247e-05 1.957349222404676e-19
1.4966131583417594e-05 1.9575091537899568e-19
1.4995944594539939e-05 1.930572789864927e-19
1.5025757605662285e-05 2.0029173026020471e-19
1.5055570616784632e-05 1.9322247787051097e-19
1.5085383627906975e-05 1.8915766548147388e-19
1.5115196639029322e-05 1.965665348098001e-19
1.5145009650151668e-05 1.9285856435495332e-19
1.5174822661274013e-05 1.9032447320397647e-19
1.520463567239636e-05 1.9103088923380344e-19
1.5234448683518704e-05 1.8719528313536993e-19
1.526426169464105e-05 1.9116246237970585e-19
1.52940747057634e-05 1.9032485761216559e-19
1.5323887716885744e-05 1.813340705976399e-19
1.535370072800809e-05 1.8830661038316762e-19
1.5383513739130435e-05 1.9083023259110696e-19
1.541332675025278e-05 1.8420995082365932e-19
1.5443139761375126e-05 1.868941244457208e-19
1.547295277249747e-05 1.8282163930344192e-19
1.5502765783619816e-05 1.8359172081022177e-19
1.5532578794742162e-05 1.8740531505595993e-19
1.556239180586451e-05 1.7819277259239763e-19
1.5592204816986856e-05 1.7967729127951636e-19
1.56220178281092e-05 1.8326472125549323e-19
1.5651830839231547e-05 1.7786963214267612e-19
1.5681643850353892e-05 1.801013287544055e-19
1.5711456861476238e-05 1.7802468647159816e-19
1.5741269872598583e-05 1.741346037225808e-19
1.577108288372093e-05 1.8104593096336002e-19
1.5800895894843274e-05 1.7587800137764556e-19
1.583070890596562e-05 1.7042451640101018e-19
1.586052191708797e-05 1.7801121450190908e-19
1.5890334928210314e-05 1.720758851403888e-19
1.592014793933266e-05 1.7070900128421208e-19
1.5949960950455005e-05 1.7223716182132617e-19
1.597977396157735e-05 1.6423114904645091e-19
1.6009586972699696e-05 1.7396706586303236e-19
1.6039399983822044e-05 1.6991090304879354e-19
1.606921299494439e-05 1.5976094682086028e-19
1.6099026006066732e-05 1.7097915903257616e-19
1.6128839017189077e-05 1.6524503932881887e-19
1.6158652028311426e-05 1.618172358335453e-19
1.618846503943377e-05 1.6757188966109378e-19
1.6218278050556117e-05 1.6047685442724044e-19
1.6248091061678462e-05 1.628258202241861e-19
1.6277904072800808e-05 1.6327069476035599e-19
1.6307717083923153e-05 1.5467248799427458e-19
1.6337530095045502e-05 1.5968933497949413e-19
1.6367343106167847e-05 1.5961280271727607e-19
1.639715611729019e-05 1.5358092750738582e-19
1.642696912841254e-05 1.5743736255809799e-19
1.6456782139534884e-05 1.5330901491980536e-19
1.648659515065723e-05 1.5186246617196129e-19
1.6516408161779578e-05 1.5589927031370873e-19
1.654622117290192e-05 1.479258884508945e-19
1.6576034184024265e-05 1.496939017797712e-19
1.660584719514661e-05 1.5271934560600264e-19
1.663566020626896e-05 1.4503033476196967e-19
1.6665473217391305e-05 1.4666497713602846e-19
1.6695286228513647e-05 1.4534217418857918e-19
1.6725099239635996e-05 1.4243288155950864e-19
1.675491225075834e-05 1.4526370928438773e-19
1.6784725261880687e-05 1.4020076131485032e-19
1.6814538273003036e-05 1.3840377799121804e-19
1.6844351284125378e-05 1.4271871192316265e-19
1.6874164295247723e-05 1.380051304906876e-19
1.6903977306370072e-05 1.3471825697241658e-19
1.6933790317492417e-05 1.3700093125173475e-19
1.6963603328614763e-05 1.3360399311136914e-19
1.6993416339737105e-05 1.342370818966854e-19
1.7023229350859454e-05 1.3373551170650474e-19
1.70530423619818e-05 1.261894410465827e-19
1.7082855373104145e-05 1.3015207555515065e-19
1.7112668384226493e-05 1.2959359774756895e-19
1.7142481395348835e-05 1.241990296313884e-19
1.717229440647118e-05 1.2818887831862582e-19
1.720210741759353e-05 1.2244843143261077e-19
1.7231920428715875e-05 1.2128933384412126e-19
1.726173343983822e-05 1.2460259842943584e-19
1.7291546450960566e-05 1.162467165839632e-19
1.732135946208291e-05 1.1869628277950452e-19
1.7351172473205257e-05 1.208512789810527e-19
1.7380985484327606e-05 1.1445397247969022e-19
1.741079849544995e-05 1.1553728945575384e-19
1.7440611506572293e-05 1.1114674523871453e-19
1.747042451769464e-05 1.093893061877976e-19
1.7500237528816987e-05 1.1298175692151992e-19
1.7530050539939333e-05 1.0613092481827566e-19
1.7559863551061678e-05 1.0546691578778979e-19
1.7589676562184024e-05 1.0885061412948843e-19
1.761948957330637e-05 1.0405944175236399e-19
1.7649302584428715e-05 1.0294296258606425e-19
1.7679115595551063e-05 1.0126726248502089e-19
1.770892860667341e-05 9.791502599145322e-20
1.773874161779575e-05 1.0009822610639111e-19
1.77685546289181e-05 9.600292913735718e-20
1.7798367640040445e-05 9.129859441610846e-20
1.782818065116279e-05 9.636065713967121e-20
1.7857993662285136e-05 9.329273879243344e-20
1.788780667340748e-05 8.790931728223266e-20
1.7917619684529827e-05 8.954851016605017e-20
1.7947432695652172e-05 8.634141192449412e-20
1.797724570677452e-05 8.684882753755802e-20
1.8007058717896863e-05 8.606379608636745e-20
1.803687172901921e-05 8.052274337325178e-20
1.8066684740141557e-05 8.276675066879891e-20
1.8096497751263903e-05 8.126068237135603e-20
1.8126310762386248e-05 7.68930090624762e-20
1.8156123773508594e-05 7.786607166905881e-20
1.818593678463094e-05 7.426131818816213e-20
1.8215749795753284e-05 7.329681597565046e-20
1.8245562806875633e-05 7.576763613571836e-20
1.827537581799798e-05 6.927078855133862e-20
1.830518882912032e-05 6.839926748687258e-20
1.8335001840242666e-05 7.136424016591952e-20
1.8364814851365015e-05 6.693887216531524e-20
1.839462786248736e-05 6.652781910678155e-20
1.8424440873609706e-05 6.385555648228895e-20
1.845425388473205e-05 6.1541965968325e-20
1.8484066895854397e-05 6.472992673792952e-20
1.8513879906976742e-05 5.815402687854074e-20
1.854369291809909e-05 5.448386336358465e-20
1.8573505929221436e-05 5.960440481319011e-20
1.860331894034378e-05 5.668603208417616e-20
1.8633131951466127e-05 5.404068871327801e-20
1.8662944962588473e-05 5.404582252836117e-20
1.8692757973710818e-05 5.0564716166922716e-20
1.8722570984833167e-05 5.395665693484197e-20
1.875238399595551e-05 5.0845711090946093e-20
1.8782197007077854e-05 4.381990794683011e-20
1.88120100182002e-05 5.08459371614452e-20
1.884182302932255e-05 4.8361580767672895e-20
1.8871636040444894e-05 4.2590295062593033e-20
1.8901449051567236e-05 4.435775276096885e-20
1.8931262062689585e-05 3.983237148135003e-20
1.896107507381193e-05 4.2470625055825175e-20
1.8990888084934276e-05 4.2807841413087883e-20
1.9020701096056625e-05 3.439220180832222e-20
1.9050514107178967e-05 3.7852690709665366e-20
1.9080327118301312e-05 4.010698173829591e-20
1.911014012942366e-05 3.460250124221026e-20
1.9139953140546006e-05 3.4715997865188566e-20
1.9169766151668352e-05 3.3909201405653237e-20
1.9199579162790697e-05 3.221194929756238e-20
1.9229392173913043e-05 3.343118647776891e-20
1.9259205185035388e-05 2.7278457223661127e-20
1.9289018196157733e-05 2.6221210964097517e-20
1.9318831207280082e-05 3.146839207849222e-20
1.9348644218402424e-05 2.5267795809391867e-20
1.937845722952477e-05 2.3613670505159232e-20
1.940827024064712e-05 2.530870755730367e-20
1.9438083251769464e-05 2.2806205928502268e-20
1.946789626289181e-05 2.5233832554767025e-20
1.9497709274014155e-05 2.0088934163200976e-20
1.95275222851365e-05 1.771038567598727e-20
1.9557335296258846e-05 2.3635663237966417e-20
1.9587148307381195e-05 1.7102091366546656e-20
1.961696131850354e-05 1.440245739346699e-20
1.9646774329625882e-05 1.5045361899217857e-20
1.967658734074823e-05 1.0695702758688557e-20
1.9706400351870576e-05 1.5975856269192592e-20
1.973621336299292e-05 1.0983136979712901e-20
1.9766026374115267e-05 5.781006874831867e-21
1.9795839385237613e-05 1.4153670922075474e-20
1.9825652396359958e-05 8.816792470820219e-21
1.9855465407482303e-05 3.387545058456626e-21
1.9885278418604652e-05 6.867469037334144e-21
1.9915091429726998e-05 3.7388910244306674e-21
1.994490444084934e-05 2.137657041362073e-21
1.997471745197169e-05 2.3925372411292275e-21
2.0004530463094034e-05 -3.471523393061611e-21
2.003434347421638e-05 -1.549813108517117e-21
2.0064156485338728e-05 1.1305958591431533e-21
2.009396949646107e-05 -6.964530980524365e-21
2.0123782507583416e-05 -6.636326572705449e-21
2.015359551870576e-05 -4.883371649399547e-21
2.018340852982811e-05 -6.27855723865619e-21
2.0213221540950455e-05 -6.785941937776428e-21
2.0243034552072797e-05 -1.4212768062824666e-20
2.0272847563195146e-05 -1.2270189752904384e-20
2.030266057431749e-05 -7.790090611442328e-21
2.0332473585439837e-05 -1.70721541806139e-20
2.0362286596562186e-05 -1.8282413763579576e-20
2.0392099607684528e-05 -1.5213350330458747e-20
2.0421912618806873e-05 -2.0710520975787362e-20
2.0451725629929222e-05 -1.848674239951277e-20
2.0481538641051568e-05 -2.2134481479108425e-20
2.0511351652173913e-05 -2.7280888486982513e-20
2.054116466329626e-05 -1.8679091072320006e-20
2.0570977674418604e-05 -2.4318644317896683e-20
2.060079068554095e-05 -3.1433840253969367e-20
2.0630603696663295e-05 -2.6747274201546852e-20
2.0660416707785644e-05 -2.7853512524001615e-20
2.0690229718907986e-05 -3.099290810607467e-20
2.072004273003033e-05 -3.5304289421367126e-20
2.074985574115268e-05 -3.58228554557469e-20
2.0779668752275025e-05 -3.165265132418677e-20
2.080948176339737e-05 -3.592458253800489e-20
2.0839294774519716e-05 -4.078333738780463e-20
2.086910778564206e-05 -3.890341403696398e-20
2.0898920796764407e-05 -3.9712048346760315e-20
2.0928733807886756e-05 -4.138263277858018e-20
2.09585468190091e-05 -4.268546051708657e-20
2.0988359830131443e-05 -4.730625782185706e-20
2.1018172841253792e-05 -4.54726023123236e-20
2.1047985852376138e-05 -4.49527597921261e-20
2.1077798863498483e-05 -5.1594294447974604e-20
2.110761187462083e-05 -5.0968618556226326e-20
2.1137424885743174e-05 -5.052613637520878e-20
2.116723789686552e-05 -5.242232918127789e-20
2.1197050907987865e-05 -5.332147415045989e-20
2.1226863919110213e-05 -5.840715239895085e-20
2.125667693023256e-05 -5.631805214018253e-20
2.12864899413549e-05 -5.2386919328641226e-20
2.131630295247725e-05 -6.116544890276529e-20
2.1346115963599595e-05 -6.330970141075259e-20
2.137592897472194e-05 -5.767004892340533e-20
2.140574198584429e-05 -6.248883225414881e-20
2.143555499696663e-05 -6.649652754381223e-20
2.1465368008088977e-05 -6.676048877329789e-20
2.1495181019211326e-05 -6.783194041695737e-20
2.152499403033367e-05 -6.432629393744805e-20
2.1554807041456017e-05 -6.82210862029607e-20
2.158462005257836e-05 -7.497793981593804e-20
2.1614433063700707e-05 -7.001746068786549e-20
2.1644246074823053e-05 -6.994139168933994e-20
2.16740590859454e-05 -7.488106868660564e-20
2.1703872097067747e-05 -7.613617916918878e-20
2.173368510819009e-05 -7.842847314030969e-20
2.1763498119312435e-05 -7.479333397682475e-20
2.1793311130434783e-05 -7.679018470431121e-20
2.182312414155713e-05 -8.625338414800177e-20
2.1852937152679474e-05 -8.152112922878806e-20
2.188275016380182e-05 -7.963275427736231e-20
2.1912563174924165e-05 -8.560988211871746e-20
2.194237618604651e-05 -8.678597483093035e-20
2.1972189197168856e-05 -8.803460396671356e-20
2.2002002208291205e-05 -8.457574097238165e-20
2.2031815219413547e-05 -8.634054168934741e-20
2.2061628230535892e-05 -9.310598287203397e-20
2.209144124165824e-05 -9.026759733103696e-20
2.2121254252780587e-05 -8.715687397130415e-20
2.2151067263902932e-05 -9.274379917412725e-20
2.2180880275025277e-05 -9.727594143098993e-20
2.2210693286147623e-05 -9.499061644050845e-20
2.2240506297269968e-05 -9.496564830094397e-20
2.2270319308392317e-05 -9.543408952076369e-20
2.2300132319514662e-05 -1.0004613065316973e-19
2.2329945330637005e-05 -1.0154870525158862e-19
2.2359758341759353e-05 -9.48581050923765e-20
2.23895713528817e-05 -9.933014344070529e-20
2.2419384364004044e-05 -1.0396274278212116e-19
2.244919737512639e-05 -1.0351080185030859e-19
2.2479010386248735e-05 -1.0178153376627478e-19
2.250882339737108e-05 -1.0079582380111995e-19
2.2538636408493426e-05 -1.0831393959477979e-19
2.2568449419615775e-05 -1.0968813831773154e-19
2.259826243073812e-05 -1.0493931956642352e-19
2.2628075441860462e-05 -1.0682911217996995e-19
2.265788845298281e-05 -1.1135160038318004e-19
2.2687701464105156e-05 -1.1288687116992117e-19
2.2717514475227502e-05 -1.0997382130377983e-19
2.274732748634985e-05 -1.075219526221701e-19
2.2777140497472193e-05 -1.1413214336459232e-19
2.2806953508594538e-05 -1.175582262096046e-19
2.2836766519716887e-05 -1.108042283569196e-19
2.2866579530839232e-05 -1.1273547164268245e-19
2.2896392541961578e-05 -1.189593030399626e-19
2.292620555308392e-05 -1.1875888800178588e-19
2.295601856420627e-05 -1.1880704315929462e-19
2.2985831575328614e-05 -1.1621422342590693e-19
2.301564458645096e-05 -1.1837964038476347e-19
2.3045457597573305e-05 -1.254322895117077e-19
2.307527060869565e-05 -1.2091547184114272e-19
2.3105083619817996e-05 -1.1770188359181264e-19
2.3134896630940345e-05 -1.2465236989598288e-19
2.316470964206269e-05 -1.2646617576636884e-19
2.3194522653185032e-05 -1.2440802677947238e-19
2.322433566430738e-05 -1.2261870157665382e-19
2.3254148675429726e-05 -1.2341703847814999e-19
2.3283961686552072e-05 -1.3235471755562754e-19
2.331377469767442e-05 -1.299619064503158e-19
2.3343587708796763e-05 -1.2232299648267164e-19
2.3373400719919108e-05 -1.3080315564053656e-19
2.3403213731041454e-05 -1.3370843546659645e-19
2.3433026742163802e-05 -1.3052073777229741e-19
2.3462839753286148e-05 -1.3013530314181702e-19
2.349265276440849e-05 -1.2845273823564508e-19
2.352246577553084e-05 -1.3612486239621946e-19
2.3552278786653184e-05 -1.3642900166855245e-19
2.358209179777553e-05 -1.2987894971710842e-19
2.361190480889788e-05 -1.3633866850416037e-19
2.364171782002022e-05 -1.3872657884006007e-19
2.3671530831142566e-05 -1.3729778388465106e-19
2.3701343842264915e-05 -1.3786880577066987e-19
2.373115685338726e-05 -1.3613258069351825e-19
2.3760969864509605e-05 -1.4212950229624096e-19
2.3790782875631948e-05 -1.4519250573788546e-19
2.3820595886754296e-05 -1.3799730899983945e-19
2.3850408897876642e-05 -1.3952026617559714e-19
2.3880221908998987e-05 -1.4766183087001328e-19
2.3910034920121336e-05 -1.4496117877685387e-19
2.3939847931243678e-05 -1.4134200828548737e-19
2.3969660942366023e-05 -1.445559676509545e-19
2.3999473953488372e-05 -1.471888568394399e-19
2.4029286964610718e-05 -1.525303614609763e-19
2.4059099975733063e-05 -1.466806021663876e-19
2.408891298685541e-05 -1.4407465717224349e-19
2.4118725997977754e-05 -1.5533262614626318e-19
2.41485390091001e-05 -1.511215127671524e-19
2.4178352020222448e-05 -1.5065995088681306e-19
2.4208165031344794e-05 -1.5183500397009828e-19
2.4237978042467136e-05 -1.498113567983787e-19
2.426779105358948e-05 -1.593544701460385e-19
2.429760406471183e-05 -1.5472849759170134e-19
2.4327417075834175e-05 -1.5035297407870814e-19
2.435723008695652e-05 -1.5803236371012229e-19
2.4387043098078866e-05 -1.5870750210883117e-19
2.4416856109201212e-05 -1.5844610831585626e-19
2.4446669120323557e-05 -1.5673638774636307e-19
2.4476482131445906e-05 -1.5760105529787377e-19
2.450629514256825e-05 -1.6424170482578023e-19
2.4536108153690593e-05 -1.6245390233257572e-19
2.4565921164812942e-05 -1.5559561879589357e-19
2.4595734175935288e-05 -1.6000056957186235e-19
2.4625547187057633e-05 -1.6719506487943336e-19
2.4655360198179982e-05 -1.6226073502443412e-19
2.4685173209302324e-05 -1.5985086304281056e-19
2.471498622042467e-05 -1.6458593656213185e-19
2.4744799231547015e-05 -1.6675799316406693e-19
2.4774612242669364e-05 -1.6794852456043286e-19
2.480442525379171e-05 -1.6242348295178507e-19
2.483423826491405e-05 -1.6265659595755323e-19
2.48640512760364e-05 -1.716258791955848e-19
2.4893864287158745e-05 -1.6624331150151414e-19
2.492367729828109e-05 -1.6310014848219278e-19
2.495349030940344e-05 -1.6764488349885845e-19
2.498330332052578e-05 -1.683820817105026e-19
2.5013116331648127e-05 -1.7099091114670968e-19
2.5042929342770476e-05 -1.6594644485924754e-19
2.507274235389282e-05 -1.644445725229433e-19
2.5102555365015167e-05 -1.7412357917691758e-19
2.513236837613751e-05 -1.7119856393443821e-19
2.5162181387259858e-05 -1.6502941082563272e-19
2.5191994398382203e-05 -1.694726070939209e-19
2.522180740950455e-05 -1.715088448553454e-19
2.5251620420626897e-05 -1.7289375720910674e-19
2.528143343174924e-05 -1.6889128879663876e-19
2.5311246442871585e-05 -1.6520501700018317e-19
2.5341059453993934e-05 -1.7425690616276048e-19
2.537087246511628e-05 -1.7208283106849213e-19
2.5400685476238624e-05 -1.6605933249398457e-19
2.543049848736097e-05 -1.7088292121294692e-19
2.5460311498483315e-05 -1.7058206087072427e-19
2.549012450960566e-05 -1.7141851042988195e-19
2.551993752072801e-05 -1.7258293369346129e-19
2.5549750531850355e-05 -1.664837284697725e-19
2.5579563542972697e-05 -1.6855706409455798e-19
2.5609376554095042e-05 -1.7454160708640052e-19
2.563918956521739e-05 -1.6927521688293914e-19
2.5669002576339737e-05 -1.6774953234477063e-19
2.5698815587462082e-05 -1.698602181569703e-19
2.5728628598584428e-05 -1.6938733751172297e-19
2.5758441609706773e-05 -1.7195840262900833e-19
2.578825462082912e-05 -1.6626660373964618e-19
2.5818067631951467e-05 -1.6572317969763037e-19
2.5847880643073813e-05 -1.7343424085559455e-19
2.5877693654196155e-05 -1.6890403433941418e-19
2.5907506665318504e-05 -1.6610141732210398e-19
2.593731967644085e-05 -1.6929308421297276e-19
2.5967132687563194e-05 -1.6930494100693136e-19
2.5996945698685543e-05 -1.6951356712576854e-19
2.6026758709807885e-05 -1.656931149838948e-19
2.605657172093023e-05 -1.6387565421271348e-19
2.6086384732052576e-05 -1.7091377207709297e-19
2.6116197743174925e-05 -1.682216085213663e-19
2.614601075429727e-05 -1.6117407148329409e-19
2.6175823765419612e-05 -1.666897488559623e-19
2.620563677654196e-05 -1.6721013144904884e-19
2.6235449787664307e-05 -1.6452806995551105e-19
2.6265262798786652e-05 -1.6528776913568065e-19
2.6295075809909e-05 -1.613079207344147e-19
2.6324888821031343e-05 -1.6609227671286445e-19
2.635470183215369e-05 -1.6744525705722807e-19
2.6384514843276037e-05 -1.5816421109947014e-19
2.6414327854398383e-05 -1.6149875204006366e-19
2.6444140865520728e-05 -1.6355796830173923e-19
2.647395387664307e-05 -1.6127077957948893e-19
2.650376688776542e-05 -1.6339332821565448e-19
2.6533579898887764e-05 -1.577274107250669e-19
2.656339291001011e-05 -1.5895867906028224e-19
2.659320592113246e-05 -1.6482350911758397e-19
2.66230189322548e-05 -1.5871919579885916e-19
2.6652831943377146e-05 -1.5719573321321938e-19
2.6682644954499495e-05 -1.601633309750167e-19
2.671245796562184e-05 -1.5752523101158997e-19
2.6742270976744186e-05 -1.5862339397660667e-19
2.677208398786653e-05 -1.5689481676830662e-19
2.6801896998988877e-05 -1.528693386347057e-19
2.6831710010111222e-05 -1.5756286644543767e-19
2.686152302123357e-05 -1.557428978765495e-19
2.6891336032355916e-05 -1.5111016159543482e-19
2.6921149043478258e-05 -1.5338769553654698e-19
2.6950962054600604e-05 -1.5320371765623166e-19
2.6980775065722953e-05 -1.5488071173464373e-19
2.7010588076845298e-05 -1.5372044271043724e-19
2.7040401087967643e-05 -1.481595156451665e-19
2.707021409908999e-05 -1.5230837603158555e-19
2.7100027110212334e-05 -1.5400035553328589e-19
2.712984012133468e-05 -1.4712227370899677e-19
2.715965313245703e-05 -1.4691058254912332e-19
2.7189466143579374e-05 -1.494352941804451e-19
2.7219279154701716e-05 -1.490083315585201e-19
2.7249092165824065e-05 -1.4591420813911112e-19
2.727890517694641e-05 -1.418796190384918e-19
2.7308718188068756e-05 -1.4545847863845337e-19
2.7338531199191104e-05 -1.4761950876631537e-19
2.7368344210313446e-05 -1.4271597554988218e-19
2.7398157221435792e-05 -1.4214447858484232e-19
2.7427970232558137e-05 -1.427711760662312e-19
2.7457783243680486e-05 -1.4278086266597004e-19
2.748759625480283e-05 -1.4268943321018992e-19
2.7517409265925174e-05 -1.3679847212655193e-19
2.7547222277047522e-05 -1.3750016208888128e-19
2.7577035288169868e-05 -1.4297712362008593e-19
2.7606848299292213e-05 -1.3684330498664396e-19
2.7636661310414562e-05 -1.3305954278251394e-19
2.7666474321536904e-05 -1.3624396723045288e-19
2.769628733265925e-05 -1.3629847354148885e-19
2.77261003437816e-05 -1.3644710808300412e-19
2.7755913354903944e-05 -1.3348509784710413e-19
2.778572636602629e-05 -1.3022295513205623e-19
2.7815539377148635e-05 -1.3370724706222944e-19
2.784535238827098e-05 -1.326766358782544e-19
2.7875165399393326e-05 -1.28717919230204e-19
2.790497841051567e-05 -1.2937545462530054e-19
2.793479142163802e-05 -1.29313040871849e-19
2.7964604432760362e-05 -1.2856378069935965e-19
2.7994417443882707e-05 -1.2595012301700403e-19
2.8024230455005056e-05 -1.2359867926008517e-19
2.80540434661274e-05 -1.2665405329323594e-19
2.8083856477249744e-05 -1.2775357435823792e-19
2.8113669488372092e-05 -1.2164460100244522e-19
2.8143482499494438e-05 -1.2020224977630868e-19
2.8173295510616783e-05 -1.2363450909185246e-19
2.8203108521739132e-05 -1.2222358358512465e-19
2.8232921532861474e-05 -1.1890718701189706e-19
2.826273454398382e-05 -1.151265793951076e-19
2.829254755510617e-05 -1.1699201410947485e-19
2.8322360566228514e-05 -1.19632592088938e-19
2.835217357735086e-05 -1.146206393058022e-19
2.83819865884732e-05 -1.1167918228315696e-19
2.841179959959555e-05 -1.120809680488218e-19
2.8441612610717896e-05 -1.1447884299416843e-19
2.847142562184024e-05 -1.1355844198021002e-19
2.850123863296259e-05 -1.0658076124893334e-19
2.8531051644084932e-05 -1.0659030584428717e-19
2.8560864655207277e-05 -1.116178095830909e-19
2.8590677666329626e-05 -1.0705091210274483e-19
2.862049067745197e-05 -1.0094918106086789e-19
2.8650303688574317e-05 -1.0276983928465104e-19
2.8680116699696662e-05 -1.0389058668686852e-19
2.8709929710819008e-05 -1.035259248112985e-19
2.8739742721941353e-05 -9.746321121528996e-20
2.87695557330637e-05 -9.310786712876817e-20
2.8799368744186047e-05 -1.0139082671346321e-19
2.882918175530839e-05 -9.870310133252156e-20
2.8858994766430735e-05 -9.082234235290067e-20
2.8888807777553084e-05 -9.256741886473657e-20
2.891862078867543e-05 -9.301151018206742e-20
2.8948433799797775e-05 -9.379778501754968e-20
2.897824681092012e-05 -8.73429223277736e-20
2.9008059822042465e-05 -8.174548204082879e-20
2.903787283316481e-05 -8.835797341345587e-20
2.906768584428716e-05 -8.837528487239462e-20
2.9097498855409505e-05 -7.947513528107001e-20
2.9127311866531847e-05 -7.804030593847621e-20
2.9157124877654196e-05 -8.220550248650345e-20
2.918693788877654e-05 -8.190801228160042e-20
2.9216750899898887e-05 -7.708624785589753e-20
2.9246563911021232e-05 -7.08870781225723e-20
2.9276376922143578e-05 -7.458365499801758e-20
2.9306189933265923e-05 -7.895750563769829e-20
2.933600294438827e-05 -6.798074419071372e-20
2.9365815955510617e-05 -6.490520319259462e-20
2.9395628966632963e-05 -7.027574568458449e-20
2.9425441977755305e-05 -6.618717019185923e-20
