0.0 2.7742245447878186e-19
2.982237391304348e-08 2.8780516246417167e-19
5.964474782608696e-08 2.8847973873008853e-19
8.946712173913044e-08 2.9046034519581917e-19
1.1928949565217392e-07 2.952529056605317e-19
1.491118695652174e-07 2.8915059656520726e-19
1.789342434782609e-07 2.9664403279103126e-19
2.0875661739130437e-07 3.0387256673662996e-19
2.3857899130434783e-07 2.9394192318046956e-19
2.6840136521739135e-07 2.981903254158141e-19
2.982237391304348e-07 3.0658769495952983e-19
3.2804611304347827e-07 3.0404356942604525e-19
3.578684869565218e-07 3.0733954077247663e-19
3.8769086086956524e-07 3.0605587741682837e-19
4.1751323478260875e-07 3.0846607310246066e-19
4.4733560869565216e-07 3.184362425702597e-19
4.771579826086957e-07 3.103629140451913e-19
5.069803565217391e-07 3.098831482985091e-19
5.368027304347827e-07 3.206958981498808e-19
5.666251043478262e-07 3.1600263890580976e-19
5.964474782608696e-07 3.187703305547371e-19
6.262698521739132e-07 3.196961235573613e-19
6.560922260869565e-07 3.1574065085689255e-19
6.859146e-07 3.2827910824365375e-19
7.157369739130436e-07 3.2365691112761534e-19
7.45559347826087e-07 3.1737150287300454e-19
7.753817217391305e-07 3.3020401474990435e-19
8.052040956521739e-07 3.2693364716645523e-19
8.350264695652175e-07 3.2619653001576693e-19
8.64848843478261e-07 3.299319253957401e-19
8.946712173913043e-07 3.2415642086567953e-19
9.244935913043479e-07 3.3315814052600483e-19
9.543159652173913e-07 3.347601784793683e-19
9.84138339130435e-07 3.2322670897718045e-19
1.0139607130434783e-06 3.318409036953089e-19
1.0437830869565218e-06 3.359356286219714e-19
1.0736054608695654e-06 3.2967421187869015e-19
1.1034278347826087e-06 3.3473284859394684e-19
1.1332502086956523e-06 3.3002422366817546e-19
1.1630725826086959e-06 3.328270973034471e-19
1.1928949565217392e-06 3.4180506257924197e-19
1.2227173304347828e-06 3.286128498388006e-19
1.2525397043478264e-06 3.327041322991696e-19
1.2823620782608695e-06 3.4165007248808213e-19
1.312184452173913e-06 3.324548283078991e-19
1.3420068260869566e-06 3.351470103524418e-19
1.3718292e-06 3.32649656508643e-19
1.4016515739130435e-06 3.317139057938585e-19
1.4314739478260871e-06 3.4303181639624545e-19
1.4612963217391305e-06 3.313075732151699e-19
1.491118695652174e-06 3.269291130029633e-19
1.5209410695652174e-06 3.414145985873444e-19
1.550763443478261e-06 3.329556963313099e-19
1.5805858173913045e-06 3.3108437132981687e-19
1.6104081913043479e-06 3.356900943495092e-19
1.6402305652173914e-06 3.280272887809197e-19
1.670052939130435e-06 3.367667576784513e-19
1.6998753130434784e-06 3.3319375167235185e-19
1.729697686956522e-06 3.223993785855916e-19
1.7595200608695655e-06 3.3462042914530413e-19
1.7893424347826086e-06 3.3120565203549477e-19
1.8191648086956522e-06 3.249071679886659e-19
1.8489871826086958e-06 3.3033024102474757e-19
1.8788095565217391e-06 3.2357905398874615e-19
1.9086319304347827e-06 3.292029654884561e-19
1.938454304347826e-06 3.2996641138513923e-19
1.96827667826087e-06 3.1537241614406446e-19
1.998099052173913e-06 3.253425435338578e-19
2.0279214260869565e-06 3.2804067824520763e-19
2.0577438000000003e-06 3.1597330801670975e-19
2.0875661739130436e-06 3.18584239374212e-19
2.117388547826087e-06 3.1620365244876674e-19
2.1472109217391308e-06 3.1623114774498884e-19
2.177033295652174e-06 3.2058393364002486e-19
2.2068556695652175e-06 3.0800243642960505e-19
2.2366780434782613e-06 3.0877904699223848e-19
2.2665004173913046e-06 3.195811536082267e-19
2.296322791304348e-06 3.0798175866960563e-19
2.3261451652173917e-06 3.0394877271441e-19
2.355967539130435e-06 3.0629944671701143e-19
2.3857899130434784e-06 3.024293297540327e-19
2.4156122869565222e-06 3.0784529991478457e-19
2.4454346608695656e-06 2.9922020612361803e-19
2.475257034782609e-06 2.922928341967417e-19
2.5050794086956527e-06 3.0345362604309552e-19
2.5349017826086956e-06 2.951358955291765e-19
2.564724156521739e-06 2.876329437601546e-19
2.5945465304347828e-06 2.925529442624619e-19
2.624368904347826e-06 2.869718539443019e-19
2.6541912782608695e-06 2.8976843069430553e-19
2.6840136521739133e-06 2.8609237829000183e-19
2.7138360260869566e-06 2.7535656087498825e-19
2.7436584e-06 2.853428030318825e-19
2.7734807739130437e-06 2.81868546110159e-19
2.803303147826087e-06 2.704698665965662e-19
2.8331255217391304e-06 2.734050971607596e-19
2.8629478956521742e-06 2.682655126394488e-19
2.8927702695652176e-06 2.6888938912538055e-19
2.922592643478261e-06 2.694594495572555e-19
2.9524150173913043e-06 2.5618627342921155e-19
2.982237391304348e-06 2.6247599148193605e-19
3.0120597652173914e-06 2.6641850396808303e-19
3.0418821391304348e-06 2.509368715912511e-19
3.0717045130434785e-06 2.5253032027963988e-19
3.101526886956522e-06 2.5176044013391406e-19
3.1313492608695652e-06 2.468286234451033e-19
3.161171634782609e-06 2.511869205142174e-19
3.1909940086956524e-06 2.376778188043746e-19
3.2208163826086957e-06 2.3490463479474314e-19
3.2506387565217395e-06 2.457632723059022e-19
3.280461130434783e-06 2.3231193130241484e-19
3.3102835043478262e-06 2.2630354922182636e-19
3.34010587826087e-06 2.3180893870255606e-19
3.3699282521739133e-06 2.261985127953467e-19
3.3997506260869567e-06 2.256976881950749e-19
3.4295730000000005e-06 2.193945887895825e-19
3.459395373913044e-06 2.1278023028889814e-19
3.489217747826087e-06 2.205199203504382e-19
3.519040121739131e-06 2.1186171694926088e-19
3.548862495652174e-06 2.0185829487062226e-19
3.5786848695652172e-06 2.0733720198881473e-19
3.608507243478261e-06 2.0055613641023162e-19
3.6383296173913044e-06 1.9837386538475311e-19
3.6681519913043477e-06 1.9733031438078837e-19
3.6979743652173915e-06 1.8392640959957758e-19
3.727796739130435e-06 1.9363466629571995e-19
3.7576191130434782e-06 1.931892036906176e-19
3.787441486956522e-06 1.74875736612741e-19
3.817263860869565e-06 1.8190099814079752e-19
3.847086234782609e-06 1.7750289592523589e-19
3.876908608695652e-06 1.7124674195013503e-19
3.906730982608696e-06 1.7386645538964623e-19
3.93655335652174e-06 1.583324152157082e-19
3.966375730434783e-06 1.6192462243897966e-19
3.996198104347826e-06 1.6610094038871966e-19
4.02602047826087e-06 1.495384031446361e-19
4.055842852173913e-06 1.5106264892689532e-19
4.085665226086956e-06 1.50816440319971e-19
4.1154876000000006e-06 1.4345830111738625e-19
4.1453099739130435e-06 1.4559053836990618e-19
4.175132347826087e-06 1.3451751215441767e-19
4.20495472173913e-06 1.3015264256734207e-19
4.234777095652174e-06 1.3822395419729074e-19
4.264599469565217e-06 1.237960228996921e-19
4.2944218434782615e-06 1.1546022518319706e-19
4.3242442173913045e-06 1.2123555746518064e-19
4.354066591304348e-06 1.1418025605105688e-19
4.383888965217391e-06 1.1181242630431077e-19
4.413711339130435e-06 1.0660778927993697e-19
4.443533713043478e-06 9.778197607379037e-20
4.4733560869565225e-06 1.0515914164824509e-19
4.5031784608695654e-06 9.742212559829704e-20
4.533000834782609e-06 8.573841620300878e-20
4.562823208695652e-06 9.138360183804752e-20
4.592645582608696e-06 8.362524293024575e-20
4.622467956521739e-06 7.930975708314864e-20
4.6522903304347835e-06 7.768139424276626e-20
4.682112704347826e-06 6.493033060624073e-20
4.71193507826087e-06 6.980544920645578e-20
4.741757452173913e-06 6.910433804084817e-20
4.771579826086957e-06 5.1388423563607634e-20
4.8014022e-06 5.481175423403342e-20
4.8312245739130444e-06 5.698260202852821e-20
4.861046947826087e-06 4.528293737827251e-20
4.890869321739131e-06 4.6521594792337155e-20
4.920691695652174e-06 3.635172851977881e-20
4.950514069565218e-06 3.1627748818089007e-20
4.980336443478261e-06 4.101330903865579e-20
5.010158817391305e-06 2.141155744965229e-20
5.039981191304348e-06 1.7793387711783948e-20
5.069803565217391e-06 2.56075787541697e-20
5.099625939130435e-06 1.0776109061879797e-20
5.129448313043478e-06 1.1271867588101603e-20
5.159270686956522e-06 6.195902068385442e-21
5.1890930608695655e-06 -1.8202678295453357e-21
5.218915434782609e-06 6.596043233494374e-21
5.248737808695652e-06 -5.604686603877445e-21
5.278560182608696e-06 -1.6270498675501856e-20
5.308382556521739e-06 -8.725843958153416e-21
5.338204930434783e-06 -1.7611303421270035e-20
5.3680273043478265e-06 -2.4131341155113537e-20
5.39784967826087e-06 -2.431653108962121e-20
5.427672052173913e-06 -3.464809308148995e-20
5.457494426086957e-06 -3.039978749040692e-20
5.4873168e-06 -3.32276487351197e-20
5.517139173913044e-06 -4.963060687047776e-20
5.5469615478260875e-06 -4.399097887165891e-20
5.576783921739131e-06 -4.593510192285019e-20
5.606606295652174e-06 -5.719297342269519e-20
5.636428669565218e-06 -5.523252808345884e-20
5.666251043478261e-06 -6.436361392059047e-20
5.696073417391305e-06 -6.599132316868909e-20
5.7258957913043484e-06 -6.227006716489874e-20
5.755718165217392e-06 -8.081861040213978e-20
5.785540539130435e-06 -8.012331951417517e-20
5.815362913043479e-06 -7.289779167237155e-20
5.845185286956522e-06 -8.808099130371038e-20
5.875007660869566e-06 -8.906282060772073e-20
5.9048300347826086e-06 -9.34316768424857e-20
5.934652408695653e-06 -9.96045490989947e-20
5.964474782608696e-06 -9.115749887324958e-20
5.99429715652174e-06 -1.0606270336600678e-19
6.024119530434783e-06 -1.1245518299975314e-19
6.053941904347827e-06 -1.0348721265135622e-19
6.0837642782608695e-06 -1.1657975965874988e-19
6.113586652173913e-06 -1.1957885773526894e-19
6.143409026086957e-06 -1.2006495753418967e-19
6.1732314e-06 -1.2968871686465555e-19
6.203053773913044e-06 -1.2438108503873098e-19
6.232876147826087e-06 -1.3025793373368486e-19
6.2626985217391305e-06 -1.4256012426213984e-19
6.292520895652174e-06 -1.3672986240480662e-19
6.322343269565218e-06 -1.4136013922866307e-19
6.352165643478261e-06 -1.5040139633657555e-19
6.381988017391305e-06 -1.4725550107369e-19
6.411810391304348e-06 -1.5603570107629e-19
6.4416327652173915e-06 -1.5677468677685208e-19
6.471455139130435e-06 -1.539163902001394e-19
6.501277513043479e-06 -1.7254295043007945e-19
6.531099886956522e-06 -1.680458267290468e-19
6.560922260869566e-06 -1.6324068968177794e-19
6.590744634782609e-06 -1.7896725874162673e-19
6.6205670086956524e-06 -1.7559147100661583e-19
6.650389382608696e-06 -1.8063893515120627e-19
6.68021175652174e-06 -1.8544406728068258e-19
6.710034130434783e-06 -1.7900460061973876e-19
6.739856504347827e-06 -1.9325924899879988e-19
6.76967887826087e-06 -1.9701850884432305e-19
6.799501252173913e-06 -1.8991207950562626e-19
6.829323626086957e-06 -1.995041628057554e-19
6.859146000000001e-06 -2.0287468886801346e-19
6.888968373913044e-06 -2.0484513261834028e-19
6.918790747826088e-06 -2.1050128788971576e-19
6.948613121739131e-06 -2.0452447891221687e-19
6.978435495652174e-06 -2.1340983330357994e-19
7.008257869565218e-06 -2.230100399088433e-19
7.038080243478262e-06 -2.127992980103592e-19
7.067902617391305e-06 -2.1988280778680208e-19
7.097724991304348e-06 -2.2715296838948347e-19
7.1275473652173916e-06 -2.254497294272015e-19
7.1573697391304345e-06 -2.3272902573461384e-19
7.187192113043479e-06 -2.2832274361955533e-19
7.217014486956522e-06 -2.3189101311991396e-19
7.246836860869566e-06 -2.4521331421517933e-19
7.276659234782609e-06 -2.382308002729082e-19
7.3064816086956525e-06 -2.3889583999642214e-19
7.3363039826086955e-06 -2.4881464003202233e-19
7.36612635652174e-06 -2.4606332029174824e-19
7.395948730434783e-06 -2.4926301026431577e-19
7.425771104347827e-06 -2.508806619299798e-19
7.45559347826087e-06 -2.4881775496690243e-19
7.4854158521739135e-06 -2.6080214431475175e-19
7.5152382260869564e-06 -2.59953665167434e-19
7.545060600000001e-06 -2.5450066727690794e-19
7.574882973913044e-06 -2.652598699127435e-19
7.604705347826087e-06 -2.6459536406528137e-19
7.63452772173913e-06 -2.6682905734927626e-19
7.664350095652175e-06 -2.713150553910538e-19
7.694172469565218e-06 -2.6546270251420676e-19
7.723994843478261e-06 -2.7602201740128464e-19
7.753817217391304e-06 -2.781511331459694e-19
7.783639591304349e-06 -2.698042287259323e-19
7.813461965217392e-06 -2.786391946039055e-19
7.843284339130435e-06 -2.8010064420288283e-19
7.87310671304348e-06 -2.7893171821643145e-19
7.902929086956522e-06 -2.8577356953957127e-19
7.932751460869567e-06 -2.8076215894217265e-19
7.962573834782608e-06 -2.8486553856631184e-19
7.992396208695653e-06 -2.954943134935409e-19
8.022218582608697e-06 -2.863839841816892e-19
8.05204095652174e-06 -2.8841826199471027e-19
8.081863330434783e-06 -2.955713498919333e-19
8.111685704347826e-06 -2.9182757341027237e-19
8.14150807826087e-06 -2.971512259756419e-19
8.171330452173912e-06 -2.930929010437198e-19
8.201152826086957e-06 -2.9276234586942325e-19
8.230975200000001e-06 -3.0503583932134927e-19
8.260797573913044e-06 -2.989437454531848e-19
8.290619947826087e-06 -2.9713813846376136e-19
8.32044232173913e-06 -3.0487095003563187e-19
8.350264695652175e-06 -3.047810019016025e-19
8.38008706956522e-06 -3.071719599210053e-19
8.40990944347826e-06 -3.055138283809638e-19
8.439731817391305e-06 -3.036678817686306e-19
8.469554191304348e-06 -3.1107117341979873e-19
8.499376565217393e-06 -3.106827743318826e-19
8.529198939130434e-06 -3.0610680887475986e-19
8.559021313043478e-06 -3.102421643472976e-19
8.588843686956523e-06 -3.125461139533047e-19
8.618666060869566e-06 -3.1331351287923545e-19
8.648488434782609e-06 -3.1228314544635414e-19
8.678310808695652e-06 -3.0911758870724917e-19
8.708133182608696e-06 -3.164283259374013e-19
8.737955556521741e-06 -3.205453190779754e-19
8.767777930434782e-06 -3.1266620531764143e-19
8.797600304347827e-06 -3.1345616041739075e-19
8.82742267826087e-06 -3.1882470600272437e-19
8.857245052173915e-06 -3.1732999166500293e-19
8.887067426086956e-06 -3.1695268321097704e-19
8.9168898e-06 -3.1377509043878326e-19
8.946712173913045e-06 -3.170031208311727e-19
8.976534547826088e-06 -3.2359327815876126e-19
9.006356921739131e-06 -3.152924686380206e-19
9.036179295652174e-06 -3.1448794806745045e-19
9.066001669565218e-06 -3.1997592133829967e-19
9.095824043478261e-06 -3.1962837333344923e-19
9.125646417391304e-06 -3.209279544896617e-19
9.155468791304349e-06 -3.146540699942402e-19
9.185291165217392e-06 -3.146210150022194e-19
9.215113539130435e-06 -3.244420493132469e-19
9.244935913043478e-06 -3.183088733451879e-19
9.274758286956522e-06 -3.104904874153575e-19
9.304580660869567e-06 -3.16019784567158e-19
9.334403034782608e-06 -3.179274126316179e-19
9.364225408695653e-06 -3.1654189564760824e-19
9.394047782608696e-06 -3.1319761584242017e-19
9.42387015652174e-06 -3.0958891803170743e-19
9.453692530434783e-06 -3.1848129080896566e-19
9.483514904347826e-06 -3.1725909795362254e-19
9.513337278260871e-06 -3.0672807015193186e-19
9.543159652173914e-06 -3.1144147165011193e-19
9.572982026086957e-06 -3.1214209952611246e-19
9.6028044e-06 -3.100711613947933e-19
9.632626773913044e-06 -3.083785071243441e-19
9.662449147826089e-06 -3.0106699479432235e-19
9.69227152173913e-06 -3.0871611363338903e-19
9.722093895652175e-06 -3.1111161479420047e-19
9.751916269565218e-06 -2.9849049871787705e-19
9.781738643478262e-06 -2.995670064092658e-19
9.811561017391304e-06 -3.0405024880698434e-19
9.841383391304348e-06 -3.0247826115641254e-19
9.871205765217393e-06 -2.987444728881697e-19
9.901028139130436e-06 -2.920432825565361e-19
9.930850513043479e-06 -2.9500583040169845e-19
9.960672886956522e-06 -2.9955319699456727e-19
9.990495260869566e-06 -2.8873175540901013e-19
1.002031763478261e-05 -2.8424624290945544e-19
1.0050140008695652e-05 -2.9024078641037423e-19
1.0079962382608697e-05 -2.8889422841457067e-19
1.010978475652174e-05 -2.8614942774537933e-19
1.0139607130434783e-05 -2.793462144572351e-19
1.0169429504347825e-05 -2.7828139122656037e-19
1.019925187826087e-05 -2.8671030619887347e-19
1.0229074252173915e-05 -2.774079347206412e-19
1.0258896626086956e-05 -2.683674322593177e-19
1.0288719e-05 -2.758768873831169e-19
1.0318541373913044e-05 -2.7359289185666394e-19
1.0348363747826088e-05 -2.693685916793691e-19
1.0378186121739131e-05 -2.663385024633543e-19
1.0408008495652174e-05 -2.587671820720622e-19
1.0437830869565219e-05 -2.668350715034556e-19
1.0467653243478262e-05 -2.651326654656204e-19
1.0497475617391304e-05 -2.500171884580549e-19
1.0527297991304347e-05 -2.5480596933769695e-19
1.0557120365217392e-05 -2.583945576066822e-19
1.0586942739130437e-05 -2.525811014661655e-19
1.0616765113043478e-05 -2.4842492019122595e-19
1.0646587486956523e-05 -2.4188329128547934e-19
1.0676409860869565e-05 -2.4446598188791146e-19
1.070623223478261e-05 -2.4825210696776246e-19
1.0736054608695653e-05 -2.3417462474612145e-19
1.0765876982608696e-05 -2.2956757065632584e-19
1.079569935652174e-05 -2.3858340524866914e-19
1.0825521730434783e-05 -2.3217817793364314e-19
1.0855344104347826e-05 -2.265767098989435e-19
1.088516647826087e-05 -2.230608099727939e-19
1.0914988852173914e-05 -2.210213056737717e-19
1.0944811226086959e-05 -2.287471540406725e-19
1.09746336e-05 -2.1638589252752947e-19
1.1004455973913044e-05 -2.0663979040395919e-19
1.1034278347826087e-05 -2.1620472355718413e-19
1.1064100721739132e-05 -2.1138813808542383e-19
1.1093923095652175e-05 -2.0344918519296095e-19
1.1123745469565218e-05 -1.992837581667264e-19
1.1153567843478262e-05 -1.9835974229157498e-19
1.1183390217391304e-05 -2.0555482023738238e-19
1.1213212591304348e-05 -1.9565308571743876e-19
1.1243034965217391e-05 -1.8228881038861466e-19
1.1272857339130436e-05 -1.9021736580274553e-19
1.1302679713043479e-05 -1.9132034833785198e-19
1.1332502086956522e-05 -1.8232010530113686e-19
1.1362324460869566e-05 -1.7749948372487931e-19
1.139214683478261e-05 -1.7310903055392815e-19
1.1421969208695652e-05 -1.7837344936048706e-19
1.1451791582608697e-05 -1.74781879193439e-19
1.148161395652174e-05 -1.5787837296342965e-19
1.1511436330434784e-05 -1.6095087966973946e-19
1.1541258704347826e-05 -1.6684596802901972e-19
1.157108107826087e-05 -1.5791125438723273e-19
1.1600903452173913e-05 -1.5218039349492895e-19
1.1630725826086958e-05 -1.481351930340581e-19
1.16605482e-05 -1.5084443171400794e-19
1.1690370573913044e-05 -1.5309947144432515e-19
1.1720192947826088e-05 -1.3547035785970576e-19
1.1750015321739131e-05 -1.334546810830749e-19
1.1779837695652174e-05 -1.4300830641424067e-19
1.1809660069565217e-05 -1.3267738649621612e-19
1.1839482443478262e-05 -1.2673054109597686e-19
1.1869304817391306e-05 -1.2177232160540975e-19
1.1899127191304348e-05 -1.2122823752975909e-19
1.1928949565217392e-05 -1.2770558959101952e-19
1.1958771939130435e-05 -1.1234158245759446e-19
1.198859431304348e-05 -1.0430885103859119e-19
1.2018416686956523e-05 -1.1524613950020013e-19
1.2048239060869566e-05 -1.095718262029097e-19
1.207806143478261e-05 -9.979845532245838e-20
1.2107883808695653e-05 -9.665110511482853e-20
1.2137706182608696e-05 -9.405329072293802e-20
1.2167528556521739e-05 -9.981469922513939e-20
1.2197350930434784e-05 -9.001516267504396e-20
1.2227173304347827e-05 -7.501852978256537e-20
1.225699567826087e-05 -8.538185797718102e-20
1.2286818052173914e-05 -8.509263770694285e-20
1.2316640426086957e-05 -7.400384828101359e-20
1.23464628e-05 -6.960157846679438e-20
1.2376285173913045e-05 -6.546930002853139e-20
1.2406107547826088e-05 -7.255975588840509e-20
1.2435929921739132e-05 -6.600639818541883e-20
1.2465752295652173e-05 -4.9442208391602184e-20
1.2495574669565218e-05 -5.535870669564678e-20
1.2525397043478261e-05 -5.97278313336475e-20
1.2555219417391306e-05 -4.8923600093130625e-20
1.2585041791304349e-05 -3.993447775216575e-20
1.2614864165217391e-05 -3.785115420042483e-20
1.2644686539130436e-05 -4.379820553244664e-20
1.2674508913043479e-05 -4.1431491166373526e-20
1.2704331286956522e-05 -2.3282891956718968e-20
1.2734153660869567e-05 -2.3761249077514705e-20
1.276397603478261e-05 -3.4288601387391024e-20
1.2793798408695654e-05 -2.45903529373801e-20
1.2823620782608695e-05 -1.4489769268832258e-20
1.285344315652174e-05 -1.198744979995341e-20
1.2883265530434783e-05 -1.482078484493829e-20
1.2913087904347828e-05 -1.5696484553693156e-20
1.294291027826087e-05 3.434598724491336e-22
1.2972732652173913e-05 7.032078054206624e-21
1.3002555026086958e-05 -4.413810091767918e-21
1.3032377400000001e-05 -6.458950348036513e-22
1.3062199773913044e-05 1.4226657424889522e-20
1.3092022147826089e-05 1.589691779531231e-20
1.3121844521739131e-05 1.1958963601474239e-20
1.3151666895652174e-05 1.194635688751478e-20
1.3181489269565217e-05 2.2129329918991865e-20
1.3211311643478262e-05 3.388560526849841e-20
1.3241134017391305e-05 2.54664015652714e-20
1.3270956391304348e-05 2.2761630322737654e-20
1.3300778765217392e-05 3.822328807388587e-20
1.3330601139130435e-05 4.339529423889115e-20
1.336042351304348e-05 4.118491107443788e-20
1.3390245886956521e-05 3.8966200706420315e-20
1.3420068260869566e-05 4.5102647426213307e-20
1.3449890634782609e-05 6.103641299933486e-20
1.3479713008695653e-05 5.523187039845399e-20
1.3509535382608696e-05 4.65125270671755e-20
1.353935775652174e-05 6.184920000455613e-20
1.3569180130434784e-05 6.934259029335505e-20
1.3599002504347827e-05 6.815182621724696e-20
1.362882487826087e-05 6.616139142413539e-20
1.3658647252173914e-05 6.807763021814813e-20
1.3688469626086957e-05 8.580144052349887e-20
1.3718292000000002e-05 8.427701805117416e-20
1.3748114373913043e-05 7.285152392713562e-20
1.3777936747826088e-05 8.616611406781393e-20
1.380775912173913e-05 9.489557793537371e-20
1.3837581495652175e-05 9.295157505991423e-20
1.3867403869565218e-05 9.176251345613822e-20
1.3897226243478261e-05 9.151049439161111e-20
1.3927048617391306e-05 1.061236193042479e-19
1.3956870991304349e-05 1.125614431919197e-19
1.3986693365217392e-05 9.803406244205011e-20
1.4016515739130436e-05 1.0500697796069247e-19
1.404633811304348e-05 1.2202906312808822e-19
1.4076160486956524e-05 1.178586541637212e-19
1.4105982860869565e-05 1.151913708107395e-19
1.413580523478261e-05 1.1690923222480182e-19
1.4165627608695653e-05 1.2483365321328937e-19
1.4195449982608696e-05 1.3598846482020212e-19
1.422527235652174e-05 1.2576609297683189e-19
1.4255094730434783e-05 1.2208883938282813e-19
1.4284917104347828e-05 1.404739593075964e-19
1.4314739478260869e-05 1.4277302967055125e-19
1.4344561852173914e-05 1.3559837425065703e-19
1.4374384226086958e-05 1.3680163503217673e-19
1.4404206600000001e-05 1.4457074623242587e-19
1.4434028973913044e-05 1.5703882435040233e-19
1.4463851347826087e-05 1.4799795126020756e-19
1.4493673721739132e-05 1.3975872291636027e-19
1.4523496095652175e-05 1.5766562471591728e-19
1.4553318469565218e-05 1.6226096860272227e-19
1.4583140843478262e-05 1.5453612402415615e-19
1.4612963217391305e-05 1.5505156738111316e-19
1.464278559130435e-05 1.5894598966187204e-19
1.4672607965217391e-05 1.7079433020295406e-19
1.4702430339130436e-05 1.6953065709582601e-19
1.473225271304348e-05 1.5671725444569711e-19
1.4762075086956523e-05 1.689293639497404e-19
1.4791897460869566e-05 1.8019623302071485e-19
1.4821719834782609e-05 1.719413923515016e-19
1.4851542208695654e-05 1.7079533482515587e-19
1.4881364582608697e-05 1.7343968240173216e-19
1.491118695652174e-05 1.818113980879326e-19
1.4941009330434784e-05 1.863820860371302e-19
1.4970831704347827e-05 1.713298205990206e-19
1.5000654078260872e-05 1.7710682219000098e-19
1.5030476452173913e-05 1.932700247833854e-19
1.5060298826086957e-05 1.8656088467098128e-19
1.5090121200000002e-05 1.8207400248038689e-19
1.5119943573913045e-05 1.845080620565213e-19
1.5149765947826088e-05 1.936770570657014e-19
1.5179588321739133e-05 1.9944099410185436e-19
1.5209410695652174e-05 1.8607034695100537e-19
1.5239233069565217e-05 1.8545630346420738e-19
1.526905544347826e-05 2.0079979289639676e-19
1.5298877817391304e-05 1.9944630001026871e-19
1.532870019130435e-05 1.9143477377019092e-19
1.535852256521739e-05 1.92216494293033e-19
1.5388344939130436e-05 1.9850268931772129e-19
1.541816731304348e-05 2.07231180033329e-19
1.5447989686956522e-05 1.9870656491038763e-19
1.547781206086957e-05 1.8998819632841004e-19
1.5507634434782608e-05 2.0736675429788608e-19
1.553745680869565e-05 2.1087043192008426e-19
1.5567279182608697e-05 1.9954167984552817e-19
1.559710155652174e-05 2.0101970099935699e-19
1.5626923930434783e-05 2.0492835482396123e-19
1.5656746304347826e-05 2.1349628403589266e-19
1.568656867826087e-05 2.079701972156029e-19
1.5716391052173915e-05 1.9488723186263863e-19
1.574621342608696e-05 2.0915052319798243e-19
1.5776035799999998e-05 2.1769556084505996e-19
1.5805858173913044e-05 2.0592228481958481e-19
1.5835680547826087e-05 2.0356176419734778e-19
1.5865502921739134e-05 2.1053114245089964e-19
1.5895325295652176e-05 2.1738945802594625e-19
1.5925147669565216e-05 2.1532183897528566e-19
1.5954970043478262e-05 2.020006231269546e-19
1.5984792417391305e-05 2.0703350797401863e-19
1.6014614791304348e-05 2.2271366917918435e-19
1.6044437165217394e-05 2.1254410573628566e-19
1.6074259539130434e-05 2.056213258025482e-19
1.610408191304348e-05 2.1231915775554523e-19
1.6133904286956523e-05 2.1442792378443063e-19
1.6163726660869566e-05 2.194370252188057e-19
1.6193549034782613e-05 2.089321811188731e-19
1.6223371408695652e-05 2.045748629445659e-19
1.6253193782608695e-05 2.228483334972968e-19
1.628301615652174e-05 2.179550524032686e-19
1.6312838530434784e-05 2.0700170753326598e-19
1.6342660904347824e-05 2.1266964106717141e-19
1.637248327826087e-05 2.1571433869313728e-19
1.6402305652173913e-05 2.184215614716238e-19
1.643212802608696e-05 2.1196423044832155e-19
1.6461950400000002e-05 2.0429273652428799e-19
1.6491772773913042e-05 2.174508675886498e-19
1.6521595147826088e-05 2.198480817813562e-19
1.655141752173913e-05 2.0716778236494978e-19
1.6581239895652174e-05 2.0799185169892487e-19
1.661106226956522e-05 2.1271752792919427e-19
1.664088464347826e-05 2.177455174677063e-19
1.6670707017391306e-05 2.132116126476157e-19
1.670052939130435e-05 2.0104362419188908e-19
1.6730351765217392e-05 2.1121814681147856e-19
1.676017413913044e-05 2.196388329046637e-19
1.6789996513043478e-05 2.0547808870296458e-19
1.681981888695652e-05 2.024837723961984e-19
1.6849641260869567e-05 2.1005973663203525e-19
1.687946363478261e-05 2.1067945889083222e-19
1.6909286008695656e-05 2.0954092585841403e-19
1.6939108382608696e-05 1.9987041903562056e-19
1.696893075652174e-05 2.01290465346106e-19
1.6998753130434785e-05 2.160852963655931e-19
1.7028575504347828e-05 2.0513568977057379e-19
1.7058397878260868e-05 1.9598921185431785e-19
1.7088220252173914e-05 2.0465891951284647e-19
1.7118042626086957e-05 2.0495956160561775e-19
1.7147865e-05 2.0399518104016502e-19
1.7177687373913046e-05 1.9564726246404175e-19
1.7207509747826086e-05 1.9324899342993157e-19
1.7237332121739132e-05 2.0713710743346863e-19
1.7267154495652175e-05 2.0043070379260926e-19
1.7296976869565218e-05 1.8734538953232944e-19
1.7326799243478264e-05 1.9560935308625618e-19
1.7356621617391304e-05 1.9919178272476404e-19
1.7386443991304347e-05 1.9547068236568965e-19
1.7416266365217393e-05 1.9181684975538323e-19
1.7446088739130436e-05 1.8462174618526156e-19
1.7475911113043482e-05 1.9400032491264543e-19
1.7505733486956522e-05 1.965235481828897e-19
1.7535555860869565e-05 1.8044507266893497e-19
1.756537823478261e-05 1.8402795959598898e-19
1.7595200608695654e-05 1.8906082987301589e-19
1.7625022982608694e-05 1.8575151364710491e-19
1.765484535652174e-05 1.8402209001377243e-19
1.7684667730434783e-05 1.7438251555852935e-19
1.771449010434783e-05 1.815431022649389e-19
1.7744312478260872e-05 1.891116020332757e-19
1.777413485217391e-05 1.7187653104935404e-19
1.7803957226086958e-05 1.6949335537580176e-19
1.78337796e-05 1.7849503992995895e-19
1.7863601973913044e-05 1.753353635254928e-19
1.789342434782609e-05 1.723362951439517e-19
1.792324672173913e-05 1.6492459098871676e-19
1.7953069095652176e-05 1.6463108564865981e-19
1.798289146956522e-05 1.754716952109108e-19
1.8012713843478262e-05 1.6558487036733008e-19
1.8042536217391308e-05 1.5715391634945129e-19
1.8072358591304348e-05 1.6432126394391354e-19
1.810218096521739e-05 1.621529064586705e-19
1.8132003339130437e-05 1.6019276426362449e-19
1.816182571304348e-05 1.555693056191519e-19
1.8191648086956523e-05 1.494542586613425e-19
1.8221470460869566e-05 1.5912967970076672e-19
1.825129283478261e-05 1.563722644123435e-19
1.8281115208695655e-05 1.4139695927783163e-19
1.8310937582608698e-05 1.468593925965258e-19
1.8340759956521737e-05 1.51301958012983e-19
1.8370582330434784e-05 1.441663979506365e-19
1.8400404704347827e-05 1.4000771898336535e-19
1.843022707826087e-05 1.3564137343053005e-19
1.8460049452173916e-05 1.4120054207535244e-19
1.8489871826086955e-05 1.4301544323390853e-19
1.8519694200000002e-05 1.2747655559362235e-19
1.8549516573913045e-05 1.2822621600618503e-19
1.8579338947826088e-05 1.3470694998460788e-19
1.8609161321739134e-05 1.2703843381895362e-19
1.8638983695652173e-05 1.2409926048642475e-19
1.8668806069565216e-05 1.1849436418701466e-19
1.8698628443478263e-05 1.1917668343090723e-19
1.8728450817391306e-05 1.26667008936693e-19
1.8758273191304352e-05 1.132800698654055e-19
1.878809556521739e-05 1.0872122816561618e-19
1.8817917939130434e-05 1.1773181767558294e-19
1.884774031304348e-05 1.1075717852100878e-19
1.8877562686956524e-05 1.0781460027882982e-19
1.8907385060869567e-05 1.0460130490867062e-19
1.893720743478261e-05 9.807317685648711e-20
1.8967029808695652e-05 1.0738129025660038e-19
1.89968521826087e-05 1.0105689842022214e-19
1.9026674556521742e-05 8.740746377281249e-20
1.905649693043478e-05 9.50191495606804e-20
1.9086319304347828e-05 9.438951077399758e-20
1.911614167826087e-05 8.946059336076066e-20
1.9145964052173913e-05 8.705338844889058e-20
1.917578642608696e-05 7.927275269310153e-20
1.92056088e-05 8.64207588229046e-20
1.9235431173913042e-05 8.717840731083702e-20
1.926525354782609e-05 7.142905121708133e-20
1.929507592173913e-05 7.566820705140537e-20
1.9324898295652178e-05 7.891347482227786e-20
1.9354720669565217e-05 6.98604775477847e-20
1.938454304347826e-05 6.952782910211756e-20
1.9414365417391307e-05 6.30247737454353e-20
1.944418779130435e-05 6.360101007736914e-20
1.9474010165217392e-05 6.996493784593184e-20
1.9503832539130435e-05 5.682508901378219e-20
1.9533654913043478e-05 5.3331456778347095e-20
1.9563477286956525e-05 6.102902100277067e-20
1.9593299660869568e-05 5.479418683006979e-20
1.9623122034782607e-05 5.074236401538917e-20
1.9652944408695653e-05 4.8234107587009294e-20
1.9682766782608696e-05 4.5047067567816744e-20
1.971258915652174e-05 5.197599527006793e-20
1.9742411530434786e-05 4.3351094591950244e-20
1.9772233904347825e-05 3.209119683764484e-20
1.980205627826087e-05 4.2707215133289573e-20
1.9831878652173914e-05 3.975957199654176e-20
1.9861701026086957e-05 3.21896390220451e-20
1.9891523400000004e-05 3.409239282000246e-20
1.9921345773913043e-05 2.841781066043672e-20
1.9951168147826086e-05 3.2421535993078633e-20
1.9980990521739132e-05 3.109600728296913e-20
2.0010812895652175e-05 1.8471581871857424e-20
2.004063526956522e-05 2.440895645565158e-20
2.007045764347826e-05 2.614354862690529e-20
2.0100280017391304e-05 1.6670531394842962e-20
2.013010239130435e-05 1.7588541377135367e-20
2.0159924765217393e-05 1.3866041994798113e-20
2.0189747139130436e-05 1.3098308590334527e-20
2.021956951304348e-05 1.7936176012149722e-20
2.0249391886956522e-05 5.834995727769227e-21
2.0279214260869565e-05 4.611176284972432e-21
2.030903663478261e-05 1.2412733791803657e-20
2.033885900869565e-05 4.442658940613378e-21
2.0368681382608697e-05 1.884535920443159e-21
2.039850375652174e-05 -1.1474738223399892e-21
2.0428326130434783e-05 -2.305099036180553e-21
2.045814850434783e-05 3.2467416376238265e-21
2.048797087826087e-05 -6.73421077980385e-21
2.0517793252173912e-05 -1.2472762269767259e-20
2.0547615626086958e-05 -4.8230410043367794e-21
2.0577438e-05 -7.70236986520343e-21
2.0607260373913047e-05 -1.3459264014445632e-20
2.0637082747826087e-05 -1.5369794434208624e-20
2.066690512173913e-05 -1.7466888712017816e-20
2.0696727495652176e-05 -1.210659759126157e-20
2.072654986956522e-05 -1.6619767007291005e-20
2.0756372243478262e-05 -2.8217199013369947e-20
2.0786194617391305e-05 -2.2520213583047308e-20
2.0816016991304348e-05 -1.981602402043984e-20
2.0845839365217394e-05 -2.708706163618557e-20
2.0875661739130437e-05 -3.0907526272448224e-20
2.090548411304348e-05 -3.2331583689549225e-20
2.0935306486956523e-05 -2.866013376310109e-20
2.0965128860869566e-05 -2.996903710775653e-20
2.099495123478261e-05 -3.9988014261753376e-20
2.1024773608695655e-05 -3.870086247496719e-20
2.1054595982608695e-05 -3.390239349670691e-20
2.108441835652174e-05 -3.995061989831183e-20
2.1114240730434784e-05 -4.3373837117079427e-20
2.1144063104347827e-05 -4.5607628078916867e-20
2.1173885478260873e-05 -4.3945990788038663e-20
2.1203707852173913e-05 -4.112396010320253e-20
2.1233530226086956e-05 -5.224581894244035e-20
2.1263352600000002e-05 -5.441589852224967e-20
2.1293174973913045e-05 -4.827234231145963e-20
2.1322997347826088e-05 -5.1809108347938483e-20
2.135281972173913e-05 -5.600699271324174e-20
2.1382642095652174e-05 -5.872668389904251e-20
2.141246446956522e-05 -5.79123455242749e-20
2.1442286843478263e-05 -5.504441085054997e-20
2.1472109217391306e-05 -6.05149946169596e-20
2.150193159130435e-05 -6.811952173177886e-20
2.1531753965217392e-05 -6.299855291902898e-20
2.1561576339130435e-05 -6.083253127110428e-20
2.159139871304348e-05 -6.957040318956223e-20
2.162122108695652e-05 -7.17959696290342e-20
2.1651043460869567e-05 -7.0672570697052e-20
2.168086583478261e-05 -6.799428427851783e-20
2.1710688208695653e-05 -6.828200317829212e-20
2.17405105826087e-05 -7.956610085695573e-20
2.177033295652174e-05 -7.707951446298113e-20
2.180015533043478e-05 -7.044436895341038e-20
2.1829977704347828e-05 -7.850905562123623e-20
2.185980007826087e-05 -8.134651289617202e-20
2.1889622452173917e-05 -8.464232296310389e-20
2.1919444826086957e-05 -8.083305023720838e-20
2.19492672e-05 -7.666710809480181e-20
2.1979089573913046e-05 -8.994671137647382e-20
2.200891194782609e-05 -9.00848184555705e-20
2.2038734321739132e-05 -8.185721224062873e-20
2.2068556695652175e-05 -8.564850670461172e-20
2.2098379069565218e-05 -9.286746178605826e-20
2.2128201443478264e-05 -9.428226463881154e-20
2.2158023817391307e-05 -8.805233918131391e-20
2.218784619130435e-05 -8.639361564358737e-20
2.2217668565217393e-05 -9.536897155770061e-20
2.2247490939130436e-05 -1.0016032776485694e-19
2.227731331304348e-05 -9.268811576405672e-20
2.2307135686956525e-05 -9.162631950054301e-20
2.2336958060869565e-05 -9.966954753615815e-20
2.2366780434782607e-05 -1.0213751361598792e-19
2.2396602808695654e-05 -9.961649586447857e-20
2.2426425182608697e-05 -9.439776288788287e-20
2.2456247556521743e-05 -1.0005744923771987e-19
2.2486069930434783e-05 -1.0974833865685686e-19
2.2515892304347826e-05 -1.0225054680068424e-19
2.2545714678260872e-05 -9.721394370713866e-20
2.2575537052173915e-05 -1.0465421961352841e-19
2.2605359426086958e-05 -1.1056445357698712e-19
2.26351818e-05 -1.0785826370707496e-19
2.2665004173913044e-05 -1.006212293171161e-19
2.269482654782609e-05 -1.0486222984211785e-19
2.2724648921739133e-05 -1.1481892619453617e-19
2.2754471295652176e-05 -1.1123488359697348e-19
2.278429366956522e-05 -1.037238694325877e-19
2.281411604347826e-05 -1.0905735070319346e-19
2.2843938417391305e-05 -1.1450158245750707e-19
2.287376079130435e-05 -1.13063817121348e-19
2.2903583165217394e-05 -1.087142465103664e-19
2.2933405539130437e-05 -1.0640520594962521e-19
2.296322791304348e-05 -1.1731146734906946e-19
2.2993050286956523e-05 -1.1889462196334776e-19
2.302287266086957e-05 -1.0746111278373615e-19
2.305269503478261e-05 -1.1141094658146876e-19
2.308251740869565e-05 -1.1907742256417547e-19
2.3112339782608698e-05 -1.1853127631261707e-19
2.314216215652174e-05 -1.1308747695113958e-19
2.3171984530434784e-05 -1.0899942290061909e-19
2.3201806904347826e-05 -1.187004058374667e-19
2.323162927826087e-05 -1.2251200830357467e-19
2.3261451652173916e-05 -1.1224019672132e-19
2.329127402608696e-05 -1.1110285972275314e-19
2.33210964e-05 -1.1902091974100876e-19
2.3350918773913044e-05 -1.2172613401879186e-19
2.3380741147826087e-05 -1.1619800791443988e-19
2.341056352173913e-05 -1.1053253081377335e-19
2.3440385895652177e-05 -1.1808604715041968e-19
2.347020826956522e-05 -1.2588455219374847e-19
2.3500030643478263e-05 -1.1460344796017469e-19
2.3529853017391305e-05 -1.088670867565458e-19
2.355967539130435e-05 -1.1929241718860595e-19
2.3589497765217395e-05 -1.2235360657728014e-19
2.3619320139130434e-05 -1.1557436971963001e-19
2.3649142513043477e-05 -1.0950114524248377e-19
2.3678964886956523e-05 -1.135932731111766e-19
2.3708787260869566e-05 -1.2406541398044118e-19
2.3738609634782613e-05 -1.1753080319115316e-19
2.3768432008695652e-05 -1.06711393462547e-19
2.3798254382608695e-05 -1.1447697133440744e-19
2.382807675652174e-05 -1.2185982884342596e-19
2.3857899130434784e-05 -1.1783512764569802e-19
2.3887721504347827e-05 -1.0928839474252423e-19
2.391754387826087e-05 -1.0850600733204876e-19
2.3947366252173913e-05 -1.2096059157753973e-19
2.397718862608696e-05 -1.1976167435943055e-19
2.4007011000000002e-05 -1.0494982049998699e-19
2.4036833373913045e-05 -1.0857996940043207e-19
2.406665574782609e-05 -1.1844703913868805e-19
2.409647812173913e-05 -1.1589600474157635e-19
2.4126300495652174e-05 -1.0844250966847957e-19
2.415612286956522e-05 -1.0500205144059098e-19
2.4185945243478263e-05 -1.1503446677393893e-19
2.4215767617391306e-05 -1.1864703639480929e-19
2.424558999130435e-05 -1.0401633595160024e-19
2.4275412365217392e-05 -1.0257134248769356e-19
2.430523473913044e-05 -1.143820171255215e-19
2.4335057113043478e-05 -1.154693570137706e-19
2.436487948695652e-05 -1.0495184658615885e-19
2.4394701860869567e-05 -9.88381240544492e-20
2.442452423478261e-05 -1.0971965159915037e-19
2.4454346608695653e-05 -1.162953017461205e-19
2.4484168982608696e-05 -1.0350460150288169e-19
2.451399135652174e-05 -9.814412169383204e-20
2.4543813730434785e-05 -1.0799080532326865e-19
2.457363610434783e-05 -1.126203611469751e-19
2.460345847826087e-05 -1.0561597680544987e-19
2.4633280852173914e-05 -9.749224640891075e-20
2.4663103226086957e-05 -1.0330815937995299e-19
2.46929256e-05 -1.1166746515746845e-19
2.4722747973913046e-05 -1.0372482002469547e-19
2.475257034782609e-05 -9.374048749587995e-20
2.4782392721739132e-05 -1.0042233110112799e-19
2.4812215095652175e-05 -1.0977388824537645e-19
2.4842037469565218e-05 -1.0279500039333768e-19
2.4871859843478264e-05 -9.376791944953904e-20
2.4901682217391304e-05 -9.887881103581869e-20
2.4931504591304347e-05 -1.087978942372459e-19
2.4961326965217393e-05 -1.0376827617721497e-19
2.4991149339130436e-05 -8.998167947211541e-20
2.5020971713043482e-05 -9.524029821396909e-20
2.5050794086956522e-05 -1.0748222134699183e-19
2.5080616460869565e-05 -1.02367368160122e-19
2.511043883478261e-05 -9.105473386034583e-20
2.5140261208695654e-05 -8.999929529307676e-20
2.5170083582608697e-05 -1.0188188920906831e-19
2.519990595652174e-05 -1.042187577310228e-19
2.5229728330434783e-05 -8.829714584571585e-20
2.5259550704347826e-05 -8.838046139340463e-20
2.5289373078260872e-05 -1.0248197372455002e-19
2.5319195452173915e-05 -1.0006794179799889e-19
2.5349017826086958e-05 -8.96467895055871e-20
2.53788402e-05 -8.756585109654743e-20
2.5408662573913044e-05 -9.696588746340279e-20
2.543848494782609e-05 -1.0151007898585731e-19
2.5468307321739133e-05 -8.76190971965817e-20
2.5498129695652173e-05 -8.195072843845509e-20
2.552795206956522e-05 -9.485197633288374e-20
2.5557774443478262e-05 -9.914920694110196e-20
2.5587596817391308e-05 -8.684952564509307e-20
2.5617419191304348e-05 -8.101372365397368e-20
2.564724156521739e-05 -9.10167829468653e-20
2.5677063939130437e-05 -9.742462138226639e-20
2.570688631304348e-05 -8.770734369079341e-20
2.5736708686956523e-05 -7.745060372562803e-20
2.5766531060869566e-05 -8.615514138802872e-20
2.579635343478261e-05 -9.485095905195956e-20
2.5826175808695655e-05 -8.589654284257262e-20
2.5855998182608698e-05 -7.650882625570651e-20
2.588582055652174e-05 -7.955547448536059e-20
2.5915642930434784e-05 -9.054231929463629e-20
2.5945465304347827e-05 -8.674245325847619e-20
2.597528767826087e-05 -7.199931559445292e-20
2.6005110052173916e-05 -7.752108929629316e-20
2.603493242608696e-05 -8.882606650531477e-20
2.6064754800000002e-05 -8.275596138303039e-20
2.6094577173913045e-05 -7.233723992356976e-20
2.6124399547826088e-05 -7.267198567822637e-20
2.6154221921739134e-05 -8.271771087493675e-20
2.6184044295652177e-05 -8.209661778145817e-20
2.6213866669565217e-05 -6.702095171604583e-20
2.6243689043478263e-05 -6.826505138454555e-20
2.6273511417391306e-05 -8.190800413193143e-20
2.630333379130435e-05 -7.771087918450434e-20
2.633315616521739e-05 -6.592901761231027e-20
2.6362978539130435e-05 -6.454983072363999e-20
2.639280091304348e-05 -7.381373890535919e-20
2.6422623286956524e-05 -7.782190497592682e-20
2.6452445660869567e-05 -6.30651651281594e-20
2.648226803478261e-05 -5.814462665084826e-20
2.6512090408695653e-05 -7.140388200605885e-20
2.6541912782608696e-05 -7.315971705347656e-20
2.6571735156521742e-05 -6.089218791076969e-20
2.6601557530434785e-05 -5.488295929954841e-20
2.6631379904347828e-05 -6.571431003594198e-20
2.666120227826087e-05 -7.09235613213533e-20
2.6691024652173914e-05 -5.701344146621834e-20
2.672084702608696e-05 -5.170585396369153e-20
2.6750669400000003e-05 -6.188526012980075e-20
2.6780491773913042e-05 -6.720621981487143e-20
2.681031414782609e-05 -5.7924768295594e-20
2.684013652173913e-05 -4.612587663644655e-20
2.6869958895652178e-05 -5.471696225524551e-20
2.6899781269565218e-05 -6.52811954687115e-20
2.692960364347826e-05 -5.218337738884887e-20
2.6959426017391307e-05 -4.314162609177505e-20
2.698924839130435e-05 -5.122043313816831e-20
2.7019070765217393e-05 -5.822428870546651e-20
2.7048893139130436e-05 -5.2209288125707516e-20
2.707871551304348e-05 -4.038469837211393e-20
2.7108537886956525e-05 -4.569294806540709e-20
2.7138360260869568e-05 -5.636972229885371e-20
2.716818263478261e-05 -5.0319151074619306e-20
2.7198005008695654e-05 -3.683923531684625e-20
2.7227827382608697e-05 -3.881580639476789e-20
2.725764975652174e-05 -5.143850112122514e-20
2.7287472130434786e-05 -4.770544763193487e-20
2.731729450434783e-05 -3.389103669955554e-20
2.7347116878260868e-05 -3.211983225503175e-20
2.7376939252173915e-05 -4.61276211059275e-20
2.7406761626086958e-05 -4.8485547219480177e-20
2.7436584000000004e-05 -3.036224421350926e-20
2.7466406373913047e-05 -2.905776370174813e-20
2.7496228747826086e-05 -4.2991983558803446e-20
2.7526051121739133e-05 -4.203453043925555e-20
2.7555873495652176e-05 -3.076948040742096e-20
2.758569586956522e-05 -2.5116413038157576e-20
2.761551824347826e-05 -3.4234514366114603e-20
2.7645340617391304e-05 -4.1808781120315896e-20
2.767516299130435e-05 -2.6047939688839824e-20
2.7704985365217394e-05 -1.8889766756215054e-20
2.7734807739130437e-05 -3.349378681724368e-20
2.776463011304348e-05 -3.474398535667061e-20
2.7794452486956522e-05 -2.3389172633543132e-20
2.7824274860869565e-05 -1.9152781321103176e-20
2.785409723478261e-05 -2.592265761201712e-20
2.7883919608695655e-05 -3.40064986332064e-20
2.7913741982608697e-05 -2.3012434691562952e-20
2.794356435652174e-05 -1.1078308139608518e-20
2.7973386730434783e-05 -2.3365989368528808e-20
2.800320910434783e-05 -3.0058304020590785e-20
2.8033031478260873e-05 -1.8697081685395713e-20
2.8062853852173912e-05 -1.1015256029963459e-20
2.809267622608696e-05 -1.4380671468199954e-20
2.81224986e-05 -2.4854967198082326e-20
2.8152320973913048e-05 -2.126800946242733e-20
2.818214334782609e-05 -5.6210007809164005e-21
2.821196572173913e-05 -1.1486464804864763e-20
2.8241788095652176e-05 -2.4073371718328322e-20
2.827161046956522e-05 -1.6068110578375e-20
2.8301432843478262e-05 -5.487992815604392e-21
2.8331255217391305e-05 -6.934210405761912e-21
2.8361077591304348e-05 -1.5490342464538722e-20
2.839089996521739e-05 -1.661918223005555e-20
2.8420722339130437e-05 -2.691208808622461e-21
2.845054471304348e-05 1.816214172506605e-22
2.8480367086956523e-05 -1.511580933760196e-20
2.8510189460869566e-05 -1.4059923379147385e-20
2.854001183478261e-05 1.0718650000300728e-22
2.8569834208695655e-05 6.976732273715605e-23
2.85996565826087e-05 -8.688329162723665e-21
2.8629478956521738e-05 -1.2502707227805524e-20
2.8659301330434784e-05 -2.606728509096012e-21
2.8689123704347827e-05 6.836663329275812e-21
2.8718946078260874e-05 -6.101668159281632e-21
2.8748768452173916e-05 -1.1838810768944862e-20
2.8778590826086956e-05 3.074202714006533e-21
2.8808413200000002e-05 7.157164480860155e-21
2.8838235573913045e-05 -4.682143960035367e-22
2.8868057947826088e-05 -7.606461534895998e-21
2.889788032173913e-05 -9.727034078965153e-22
2.8927702695652174e-05 1.2986681149902379e-20
2.895752506956522e-05 2.130721880349582e-21
2.8987347443478263e-05 -8.705755127855366e-21
2.9017169817391306e-05 5.480339083542079e-21
2.904699219130435e-05 1.219695696397423e-20
2.9076814565217392e-05 4.888714017752556e-21
2.9106636939130435e-05 -1.983268985477819e-21
2.913645931304348e-05 2.736862077554843e-21
2.9166281686956524e-05 1.7264993114323832e-20
2.9196104060869567e-05 1.1544584988451482e-20
2.922592643478261e-05 -3.8776318821990084e-21
2.9255748808695653e-05 5.249549073655886e-21
2.92855711826087e-05 1.788330106765699e-20
2.9315393556521742e-05 1.2183005879918019e-20
2.9345215930434782e-05 3.979516122762331e-21
2.9375038304347828e-05 4.390784257662862e-21
2.940486067826087e-05 1.697656468077852e-20
2.9434683052173914e-05 2.019024656382413e-20
2.946450542608696e-05 3.30971874621534e-21
2.94943278e-05 6.534839970103132e-21
2.9524150173913046e-05 2.3196305294140567e-20
2.955397254782609e-05 1.9774997887229857e-20
2.9583794921739132e-05 9.885147401368618e-21
2.9613617295652175e-05 9.236012701697152e-21
2.9643439669565218e-05 1.9574387467989493e-20
2.967326204347826e-05 2.553677545401887e-20
2.9703084417391307e-05 1.364987593656596e-20
2.973290679130435e-05 9.66074604605559e-21
2.9762729165217393e-05 2.4073536475495377e-20
2.9792551539130436e-05 2.6943125844987844e-20
2.982237391304348e-05 1.7996904473272196e-20
2.9852196286956525e-05 1.5622342460077148e-20
2.9882018660869568e-05 2.2796979179872664e-20
2.9911841034782608e-05 3.2205043640219135e-20
2.9941663408695654e-05 2.3912315068376802e-20
2.9971485782608697e-05 1.469026863851989e-20
3.0001308156521743e-05 2.785830379409449e-20
3.0031130530434786e-05 3.4005526741369953e-20
3.0060952904347826e-05 2.6592924368295707e-20
3.0090775278260872e-05 2.1916879766431032e-20
3.0120597652173915e-05 2.5107175186568694e-20
3.0150420026086958e-05 3.703992756741757e-20
3.0180242400000004e-05 3.5112275169384594e-20
3.0210064773913044e-05 2.2019950559795776e-20
3.023988714782609e-05 2.773857971847915e-20
3.0269709521739133e-05 4.331166261021633e-20
3.0299531895652176e-05 3.862239956646655e-20
3.0329354269565222e-05 2.7445569345690226e-20
3.0359176643478265e-05 3.2553526312635686e-20
3.0388999017391308e-05 4.122195106993039e-20
3.0418821391304348e-05 4.3066806925641366e-20
3.044864376521739e-05 3.156581157869682e-20
3.0478466139130434e-05 3.000563325549005e-20
3.050828851304348e-05 4.9168088862630025e-20
3.053811088695652e-05 4.6600652116056476e-20
3.0567933260869566e-05 3.315701349502554e-20
3.059775563478261e-05 3.719327111432869e-20
3.062757800869566e-05 4.6793128394618775e-20
3.06574003826087e-05 5.005883389884042e-20
3.068722275652174e-05 3.911031770750903e-20
3.071704513043478e-05 3.5715756145069984e-20
3.074686750434782e-05 5.0401566517413123e-20
3.077668987826087e-05 5.329290625908383e-20
3.0806512252173916e-05 4.1513384653641116e-20
