0.0 1.7490630914782786e-19
2.97982e-08 1.5869749134848815e-19
5.95964e-08 1.5942418305591705e-19
8.93946e-08 1.72188007716548e-19
1.191928e-07 1.7532968873914614e-19
1.48991e-07 1.5782645556678246e-19
1.787892e-07 1.5305701356867824e-19
2.0858739999999998e-07 1.7140218534242787e-19
2.383856e-07 1.7245913781392574e-19
2.681838e-07 1.5638252797738677e-19
2.97982e-07 1.514235195795467e-19
3.277802e-07 1.6662775408934629e-19
3.575784e-07 1.7413894982470503e-19
3.873766e-07 1.539725467916287e-19
4.1717479999999996e-07 1.4621296725817952e-19
4.46973e-07 1.640635822723669e-19
4.767712e-07 1.685852991312273e-19
5.065694e-07 1.5086166774503398e-19
5.363676e-07 1.43714111106317e-19
5.661658e-07 1.5763924098548092e-19
5.95964e-07 1.6606670051789298e-19
6.257622000000001e-07 1.5361014479495907e-19
6.555604e-07 1.381714957952488e-19
6.853586e-07 1.5072862399827796e-19
7.151568e-07 1.6561869833435606e-19
7.44955e-07 1.5044891048474202e-19
7.747532e-07 1.358839215207906e-19
8.045514e-07 1.4439074444647546e-19
8.343495999999999e-07 1.6023858878116782e-19
8.641478e-07 1.5028668146251958e-19
8.93946e-07 1.2974777042272042e-19
9.237442000000001e-07 1.3925252363036425e-19
9.535424e-07 1.5559931344643986e-19
9.833405999999999e-07 1.465203023694497e-19
1.0131388e-06 1.2900241916076268e-19
1.042937e-06 1.339039969116712e-19
1.0727352e-06 1.518327063677058e-19
1.1025334e-06 1.4662267042386986e-19
1.1323316e-06 1.2487975094061137e-19
1.1621298e-06 1.2780742521495324e-19
1.191928e-06 1.4657388336809201e-19
1.2217261999999998e-06 1.423372233022622e-19
1.2515244000000002e-06 1.2147861385282187e-19
1.2813226000000002e-06 1.2050113522231878e-19
1.3111208e-06 1.3963972848066716e-19
1.340919e-06 1.400915819177885e-19
1.3707172e-06 1.197135183779335e-19
1.4005154000000001e-06 1.150821406376323e-19
1.4303136e-06 1.348865211002312e-19
1.4601118e-06 1.371862535252024e-19
1.48991e-06 1.163111699074159e-19
1.5197082e-06 1.121639628489827e-19
1.5495064e-06 1.2568731559274944e-19
1.5793046e-06 1.331185220840917e-19
1.6091028e-06 1.1506237967044966e-19
1.638901e-06 1.0206919383721802e-19
1.6686991999999999e-06 1.2161739939111616e-19
1.6984974e-06 1.2797409413144215e-19
1.7282956e-06 1.1053744805568615e-19
1.7580938e-06 1.0020062603487453e-19
1.787892e-06 1.1084867020277832e-19
1.8176902e-06 1.2579994563244555e-19
1.8474884000000002e-06 1.1077296611839738e-19
1.8772866e-06 9.257719543946078e-20
1.9070848e-06 1.0460162556143538e-19
1.9368829999999998e-06 1.1798666764557582e-19
1.9666811999999997e-06 1.0519828742338214e-19
1.9964794e-06 8.742395614125119e-20
2.0262776e-06 9.636152922529453e-20
2.0560758e-06 1.1208686647177548e-19
2.085874e-06 1.0325063846549764e-19
2.1156722e-06 8.330736004072039e-20
2.1454704e-06 8.843661767564028e-20
2.1752685999999998e-06 1.0827855794151763e-19
2.2050668e-06 9.875298303593197e-20
2.234865e-06 7.757260212863913e-20
2.2646632e-06 8.220211783641719e-20
2.2944614e-06 9.857050963262188e-20
2.3242596e-06 9.461117988978977e-20
2.3540578e-06 7.253214052100902e-20
2.383856e-06 7.144698980107403e-20
2.4136541999999997e-06 9.199862819934206e-20
2.4434523999999997e-06 9.052207187357265e-20
2.4732505999999996e-06 6.81871549614345e-20
2.5030488000000004e-06 6.603476539619282e-20
2.5328470000000004e-06 8.513749683267583e-20
2.5626452000000003e-06 8.630402580751998e-20
2.5924434000000003e-06 6.47730596565817e-20
2.6222416e-06 5.671677825342376e-20
2.6520398e-06 7.550508918378586e-20
2.681838e-06 8.205982582287099e-20
2.7116362e-06 5.888377297372529e-20
2.7414344e-06 5.033945344972494e-20
2.7712326e-06 6.598170014801649e-20
2.8010308000000003e-06 7.375155781142121e-20
2.8308290000000002e-06 5.793068493009312e-20
2.8606272e-06 4.1142820873660016e-20
2.8904254e-06 5.8153293680778e-20
2.9202236e-06 7.07261945588638e-20
2.9500218e-06 5.003279381994927e-20
2.97982e-06 3.8781019861086355e-20
3.0096182e-06 4.886614467774032e-20
3.0394164e-06 5.962231989977727e-20
3.0692146e-06 4.967213194357228e-20
3.0990128e-06 2.977267499162874e-20
3.128811e-06 3.861328999198659e-20
3.1586092e-06 5.616360417450328e-20
3.1884074e-06 4.3368003977172176e-20
3.2182056e-06 2.4492184008916848e-20
3.2480038e-06 3.253297913730946e-20
3.277802e-06 4.7639199278981515e-20
3.3076001999999998e-06 3.9904541734029106e-20
3.3373983999999997e-06 1.98695037213925e-20
3.3671965999999997e-06 2.1755171661372372e-20
3.3969948e-06 4.0142133433690465e-20
3.426793e-06 3.326213332488585e-20
3.4565912e-06 1.2109607322526621e-20
3.4863894e-06 1.4846234152041755e-20
3.5161876e-06 3.0552757248915035e-20
3.5459858e-06 2.931279487363226e-20
3.575784e-06 1.0578483191124212e-20
3.6055822e-06 5.24813835188958e-21
3.6353804e-06 2.395385298066462e-20
3.6651786e-06 2.5465582397155567e-20
3.6949768000000003e-06 3.524413664061456e-21
3.7247750000000003e-06 2.887577472988838e-23
3.7545732e-06 1.42643709614005e-20
3.7843714e-06 1.7651407981911658e-20
3.8141696e-06 1.2421023494168552e-21
3.8439678e-06 -1.0788838316890676e-20
3.8737659999999996e-06 4.3111365120005094e-21
3.9035642e-06 1.4404759803849888e-20
3.9333623999999995e-06 -5.278726289286989e-21
3.9631606e-06 -1.5021297688430278e-20
3.9929588e-06 -1.1050438082691983e-21
4.022757e-06 5.732764499340281e-21
4.0525552e-06 -6.411474852321712e-21
4.0823534e-06 -2.286490038677223e-20
4.1121516e-06 -1.3387601928999826e-20
4.1419498e-06 2.133618608134891e-21
4.171748e-06 -1.3592210080534187e-20
4.2015462e-06 -2.9243339944286875e-20
4.2313444e-06 -1.9882977827497995e-20
4.2611426e-06 -8.594828672394048e-21
4.2909408e-06 -1.5942792357815158e-20
4.320739e-06 -3.378060672766463e-20
4.3505371999999995e-06 -2.8973477780249984e-20
4.3803354e-06 -1.2149049072291083e-20
4.4101336e-06 -2.221176713635081e-20
4.4399318e-06 -4.0277627527082075e-20
4.46973e-06 -3.557614888260219e-20
4.4995282e-06 -2.0681296102314398e-20
4.5293264e-06 -2.5590919135434993e-20
4.5591245999999996e-06 -4.455962660752869e-20
4.5889228e-06 -4.4842201533045717e-20
4.6187209999999994e-06 -2.9195437309867707e-20
4.6485192e-06 -3.0199470232473685e-20
4.678317399999999e-06 -4.9307498977422986e-20
4.7081156e-06 -5.0823451933644134e-20
4.7379138e-06 -3.6313211994292305e-20
4.767712e-06 -3.5726808333961884e-20
4.7975102e-06 -4.9118940199784116e-20
4.8273083999999995e-06 -5.867653119686449e-20
4.8571066e-06 -4.59474575009836e-20
4.886904799999999e-06 -3.684297330061189e-20
4.916703e-06 -5.713975651375311e-20
4.946501199999999e-06 -6.542678350426027e-20
4.9762994e-06 -4.982162995620397e-20
5.006097600000001e-06 -4.518456942747469e-20
5.0358957999999995e-06 -5.846233376046275e-20
5.065694000000001e-06 -6.985123970570806e-20
5.0954922e-06 -5.97754438250593e-20
5.125290400000001e-06 -4.693290619604898e-20
5.1550886e-06 -6.082804447917395e-20
5.1848868000000005e-06 -7.47554163755807e-20
5.214685e-06 -6.355453193537515e-20
5.2444832e-06 -5.470363656137373e-20
5.2742814e-06 -6.445905147132055e-20
5.3040796e-06 -7.837769956386232e-20
5.333877800000001e-06 -7.519295760802376e-20
5.363676e-06 -5.836529632886069e-20
5.3934742000000005e-06 -6.561384740870202e-20
5.4232724e-06 -8.443133029311946e-20
5.4530706000000004e-06 -7.618431141083014e-20
5.4828688e-06 -6.413049770164147e-20
5.512667e-06 -7.083056108062486e-20
5.5424652e-06 -8.33718010819497e-20
5.5722634e-06 -8.50112005552839e-20
5.602061600000001e-06 -7.07099253837467e-20
5.6318598e-06 -7.069146816792304e-20
5.6616580000000005e-06 -9.025239397081876e-20
5.6914562e-06 -8.793673159123206e-20
5.7212544e-06 -7.484376289043275e-20
5.7510526e-06 -7.777726977493854e-20
5.7808508e-06 -8.769199734897617e-20
5.810649e-06 -9.513948665349009e-20
5.8404472e-06 -8.213068868647346e-20
5.8702454000000005e-06 -7.305270942886205e-20
5.9000436e-06 -9.404398229935703e-20
5.9298418e-06 -1.0008639048570278e-19
5.95964e-06 -8.383483688646076e-20
5.9894382e-06 -8.193993445132802e-20
6.0192364e-06 -9.220475071503341e-20
6.0490346e-06 -1.0139024300142418e-19
6.0788328e-06 -9.599184854287088e-20
6.108631e-06 -8.219074098671648e-20
6.1384292e-06 -9.372559119493176e-20
6.1682274e-06 -1.0810670939412669e-19
6.1980256e-06 -9.531300332013277e-20
6.2278238e-06 -8.647379326624568e-20
6.257622e-06 -9.66763237604452e-20
6.2874202e-06 -1.071636032915443e-19
6.3172184e-06 -1.0352120490394225e-19
6.3470166e-06 -9.066187527878925e-20
6.3768148e-06 -9.570518568502445e-20
6.4066129999999995e-06 -1.1340092830261575e-19
6.4364112e-06 -1.0691876059165014e-19
6.4662094e-06 -9.367729375015535e-20
6.4960076e-06 -1.0046845268374028e-19
6.5258058e-06 -1.1127142455639385e-19
6.555604e-06 -1.1172221105559266e-19
6.5854022e-06 -9.873411519192922e-20
6.6152003999999995e-06 -9.654625362610317e-20
6.6449986e-06 -1.1423740743590727e-19
6.6747967999999994e-06 -1.1487950364664864e-19
6.704595e-06 -1.0115737198424214e-19
6.734393199999999e-06 -1.0227600561829664e-19
6.7641914e-06 -1.1407347822389231e-19
6.7939896e-06 -1.1884201424031195e-19
6.8237878e-06 -1.0935257466333307e-19
6.853586e-06 -1.0193208790701015e-19
6.8833841999999995e-06 -1.13909056671248e-19
6.9131824e-06 -1.2272013817380769e-19
6.942980599999999e-06 -1.0850207482309878e-19
6.9727788e-06 -1.0516971430515856e-19
7.002576999999999e-06 -1.1713380452569286e-19
7.0323752e-06 -1.2100854458693168e-19
7.062173400000001e-06 -1.161392987122053e-19
7.0919716e-06 -1.0510341732054739e-19
7.121769800000001e-06 -1.1402202714130176e-19
7.151568e-06 -1.290313564474909e-19
7.181366200000001e-06 -1.1587777149840187e-19
7.2111644e-06 -1.0783117751037504e-19
7.2409626000000005e-06 -1.176804977776426e-19
7.2707608e-06 -1.2380917100821322e-19
7.300559e-06 -1.220404479802006e-19
7.3303572e-06 -1.1049449947619082e-19
7.3601554e-06 -1.1209649211751987e-19
7.389953600000001e-06 -1.285928540506072e-19
7.4197518e-06 -1.232730003972252e-19
7.4495500000000005e-06 -1.1054617141067368e-19
7.4793482e-06 -1.164800999894337e-19
7.5091464e-06 -1.2654382501109305e-19
7.5389446e-06 -1.262166723610373e-19
7.5687428e-06 -1.1501859395200149e-19
7.598541e-06 -1.1258646143462297e-19
7.6283392e-06 -1.2758804867050157e-19
7.6581374e-06 -1.3123725653346342e-19
7.6879356e-06 -1.1449360801678775e-19
7.7177338e-06 -1.1212105793506396e-19
7.747531999999999e-06 -1.2668310789440436e-19
7.7773302e-06 -1.283543471696502e-19
7.8071284e-06 -1.1904074909601824e-19
7.8369266e-06 -1.1412298824389542e-19
7.866724799999999e-06 -1.2453320140398952e-19
7.896523e-06 -1.3364332262644884e-19
7.9263212e-06 -1.1922305906873063e-19
7.9561194e-06 -1.12224447534182e-19
7.9859176e-06 -1.2473729746302177e-19
8.0157158e-06 -1.3074092653375194e-19
8.045514e-06 -1.2386173996208297e-19
8.0753122e-06 -1.1333992007195605e-19
8.1051104e-06 -1.2075410812876114e-19
8.1349086e-06 -1.345213581592365e-19
8.1647068e-06 -1.2354573609588468e-19
8.194505e-06 -1.132689286870576e-19
8.2243032e-06 -1.2437384021688272e-19
8.2541014e-06 -1.3279393995375462e-19
8.2838996e-06 -1.2741201394976301e-19
8.3136978e-06 -1.1593427623885452e-19
8.343496e-06 -1.19023989427293e-19
8.3732942e-06 -1.3436791811718105e-19
8.4030924e-06 -1.286509737491774e-19
8.432890599999999e-06 -1.1460349137304774e-19
8.4626888e-06 -1.206576267988657e-19
8.492487e-06 -1.3247205292271288e-19
8.5222852e-06 -1.3099021560646294e-19
8.5520834e-06 -1.1778173929752134e-19
8.5818816e-06 -1.1678266268681123e-19
8.6116798e-06 -1.3263702861437214e-19
8.641478e-06 -1.335330993911398e-19
8.6712762e-06 -1.183799781798858e-19
8.701074399999999e-06 -1.1795804346277887e-19
8.7308726e-06 -1.3108503431095387e-19
8.7606708e-06 -1.3169665626972264e-19
8.790469e-06 -1.211248769050478e-19
8.8202672e-06 -1.1586211456596173e-19
8.8500654e-06 -1.27548038665412e-19
8.8798636e-06 -1.3794509407033369e-19
8.9096618e-06 -1.2188793363311058e-19
8.93946e-06 -1.1535176409612666e-19
8.969258199999999e-06 -1.3127666002599969e-19
8.9990564e-06 -1.3489258138178128e-19
9.0288546e-06 -1.2412202683959494e-19
9.0586528e-06 -1.1591729771087146e-19
9.088450999999999e-06 -1.2556930297910943e-19
9.118249199999999e-06 -1.3696335073245043e-19
9.1480474e-06 -1.2565183649905063e-19
9.1778456e-06 -1.1435459247423277e-19
9.2076438e-06 -1.2445370401890665e-19
9.237441999999999e-06 -1.3557960070604348e-19
9.2672402e-06 -1.2802440321645993e-19
9.2970384e-06 -1.1730790120580871e-19
9.3268366e-06 -1.227390346943545e-19
9.356634799999999e-06 -1.359215064880658e-19
9.386432999999999e-06 -1.3172524132804525e-19
9.4162312e-06 -1.1685481937100746e-19
9.4460294e-06 -1.2171765234621766e-19
9.4758276e-06 -1.349703359433229e-19
9.505625799999999e-06 -1.30886646485779e-19
9.535424e-06 -1.172532545280347e-19
9.5652222e-06 -1.19321659637875e-19
9.5950204e-06 -1.3451072421568583e-19
9.624818599999999e-06 -1.3345656374877334e-19
9.654616799999999e-06 -1.1958072789850718e-19
9.684415e-06 -1.1961146989778167e-19
9.7142132e-06 -1.33578564233847e-19
9.7440114e-06 -1.358873463112418e-19
9.773809599999999e-06 -1.2137826283632208e-19
9.803607799999999e-06 -1.178823970044333e-19
9.833406e-06 -1.3218377746121933e-19
9.8632042e-06 -1.369803980674059e-19
9.893002399999999e-06 -1.2165416037191372e-19
9.922800599999999e-06 -1.1621252661247531e-19
9.9525988e-06 -1.2992204607041756e-19
9.982397e-06 -1.3465415001068817e-19
1.0012195200000002e-05 -1.257892403185194e-19
1.0041993399999999e-05 -1.1781180213686874e-19
1.0071791599999999e-05 -1.2718397246998115e-19
1.0101589800000001e-05 -1.3972247160162314e-19
1.0131388000000001e-05 -1.273905097282412e-19
1.01611862e-05 -1.1636883730492e-19
1.01909844e-05 -1.2617318169362796e-19
1.0220782600000001e-05 -1.3834135789952405e-19
1.0250580800000001e-05 -1.3055934322461622e-19
1.0280379000000002e-05 -1.1506691237854931e-19
1.03101772e-05 -1.2642313633694796e-19
1.03399754e-05 -1.392824962699971e-19
1.0369773600000001e-05 -1.2953305493865065e-19
1.0399571800000001e-05 -1.1923119983355225e-19
1.042937e-05 -1.230868947260979e-19
1.04591682e-05 -1.379407126504806e-19
1.04889664e-05 -1.362175287893441e-19
1.0518764600000001e-05 -1.191741690685033e-19
1.05485628e-05 -1.2329753249231312e-19
1.0578361e-05 -1.3721820340325487e-19
1.06081592e-05 -1.3431607720586017e-19
1.0637957400000001e-05 -1.2208567333458736e-19
1.0667755600000001e-05 -1.2118188801670321e-19
1.06975538e-05 -1.3519439366244575e-19
1.0727352e-05 -1.3666305492962252e-19
1.07571502e-05 -1.2306240841474153e-19
1.0786948400000001e-05 -1.2229720939177265e-19
1.08167466e-05 -1.3649499039422094e-19
1.08465448e-05 -1.39816279965377e-19
1.0876343e-05 -1.246854732926786e-19
1.0906141200000001e-05 -1.2203704003857094e-19
1.0935939400000001e-05 -1.3459824757236511e-19
1.09657376e-05 -1.37178846575536e-19
1.09955358e-05 -1.278044777907006e-19
1.1025334e-05 -1.2098893047028406e-19
1.1055132200000001e-05 -1.3174210687487784e-19
1.10849304e-05 -1.409845617781809e-19
1.11147286e-05 -1.2790395058539738e-19
1.11445268e-05 -1.209798718979424e-19
1.1174325e-05 -1.327697649051407e-19
1.1204123200000001e-05 -1.4007743075154713e-19
1.12339214e-05 -1.3282663096923185e-19
1.12637196e-05 -1.2059176801561703e-19
1.12935178e-05 -1.2855481733756159e-19
1.1323316000000001e-05 -1.4152345247657652e-19
1.13531142e-05 -1.3127335327225057e-19
1.13829124e-05 -1.2114954915539444e-19
1.14127106e-05 -1.2801973624523497e-19
1.14425088e-05 -1.392052022068395e-19
1.1472307000000001e-05 -1.3460741219558911e-19
1.15021052e-05 -1.2041474564663773e-19
1.15319034e-05 -1.2627947684755373e-19
1.15617016e-05 -1.4038877851460847e-19
1.1591499800000001e-05 -1.3403183337155324e-19
1.1621298e-05 -1.2197327041332858e-19
1.16510962e-05 -1.2581841247669462e-19
1.16808944e-05 -1.364455738219038e-19
1.17106926e-05 -1.3639400595438477e-19
1.1740490800000001e-05 -1.2371602676826572e-19
1.1770289e-05 -1.2107166189249717e-19
1.18000872e-05 -1.3662299271772102e-19
1.18298854e-05 -1.380334906757929e-19
1.18596836e-05 -1.2231475214333692e-19
1.18894818e-05 -1.2267426610290924e-19
1.191928e-05 -1.3417548047551194e-19
1.19490782e-05 -1.3589007192654043e-19
1.19788764e-05 -1.2729227866990881e-19
1.20086746e-05 -1.2031102224100364e-19
1.20384728e-05 -1.3124299244873857e-19
1.2068271e-05 -1.3859550221995272e-19
1.20980692e-05 -1.2528674260810235e-19
1.21278674e-05 -1.1858949095628173e-19
1.21576656e-05 -1.2947774658025583e-19
1.21874638e-05 -1.3744038996376064e-19
1.2217262e-05 -1.2836293305439685e-19
1.22470602e-05 -1.1952717341054062e-19
1.22768584e-05 -1.2697999867402067e-19
1.23066566e-05 -1.3782432339999297e-19
1.23364548e-05 -1.3019915618503565e-19
1.2366253e-05 -1.1768318940018414e-19
1.23960512e-05 -1.2627172454309738e-19
1.24258494e-05 -1.3498626926532086e-19
1.24556476e-05 -1.2869102473760142e-19
1.24854458e-05 -1.1912593053682078e-19
1.2515244e-05 -1.2176220950271827e-19
1.2545042199999999e-05 -1.3491528734548154e-19
1.25748404e-05 -1.3101038099829774e-19
1.26046386e-05 -1.1828275916078667e-19
1.26344368e-05 -1.2148183008820126e-19
1.2664235e-05 -1.3276541567847983e-19
1.26940332e-05 -1.3146393950585124e-19
1.27238314e-05 -1.1833960880056703e-19
1.27536296e-05 -1.1854662687228381e-19
1.27834278e-05 -1.3085257207779113e-19
1.2813225999999999e-05 -1.310121954298767e-19
1.28430242e-05 -1.1811169744037979e-19
1.28728224e-05 -1.1554444411406442e-19
1.29026206e-05 -1.275083309149917e-19
1.29324188e-05 -1.3074366869369128e-19
1.2962217e-05 -1.204463657757069e-19
1.29920152e-05 -1.1394239321523315e-19
1.30218134e-05 -1.246484254556804e-19
1.30516116e-05 -1.3177361662000202e-19
1.3081409799999999e-05 -1.192243286946826e-19
1.3111208e-05 -1.1284659047302583e-19
1.31410062e-05 -1.2074129155725903e-19
1.31708044e-05 -1.2594486078949084e-19
1.3200602599999999e-05 -1.1899425359994849e-19
1.3230400799999999e-05 -1.0995496001129717e-19
1.3260199e-05 -1.1652916724954593e-19
1.32899972e-05 -1.259599179322733e-19
1.33197954e-05 -1.181519506916562e-19
1.3349593599999999e-05 -1.0790421957464617e-19
1.33793918e-05 -1.13840913062377e-19
1.340919e-05 -1.238313602191247e-19
1.34389882e-05 -1.170232242853737e-19
1.3468786399999999e-05 -1.0529004395851318e-19
1.3498584599999999e-05 -1.09927447422648e-19
1.35283828e-05 -1.188949786052088e-19
1.3558181e-05 -1.1418321006113968e-19
1.35879792e-05 -1.0187450597717548e-19
1.3617777399999999e-05 -1.0387292049490525e-19
1.36475756e-05 -1.1567608073035596e-19
1.36773738e-05 -1.1244993673457656e-19
1.3707172e-05 -1.0088397553391796e-19
1.3736970199999999e-05 -9.99893096957523e-20
1.3766768399999999e-05 -1.1107872716341345e-19
1.37965666e-05 -1.1173022646854376e-19
1.38263648e-05 -9.571189370865506e-20
1.3856163e-05 -9.483188271924756e-20
1.3885961199999999e-05 -1.0497644295981526e-19
1.3915759399999999e-05 -1.0467088023352845e-19
1.39455576e-05 -9.622022156447598e-20
1.39753558e-05 -8.867638162234044e-20
1.4005153999999998e-05 -9.831734870463356e-20
1.4034952199999999e-05 -1.0475077652941895e-19
1.40647504e-05 -9.019783708357525e-20
1.4094548600000001e-05 -8.429095292889788e-20
1.4124346800000002e-05 -9.395994186775486e-20
1.4154145e-05 -9.762200581408857e-20
1.41839432e-05 -8.875343068931937e-20
1.4213741400000001e-05 -8.012469347169601e-20
1.4243539600000001e-05 -8.443971585723661e-20
1.42733378e-05 -9.371432861923895e-20
1.4303136e-05 -8.551912403349063e-20
1.43329342e-05 -7.31996211684198e-20
1.4362732400000001e-05 -7.981495294860655e-20
1.4392530600000002e-05 -8.666585180579463e-20
1.44223288e-05 -8.054475825471268e-20
1.4452127e-05 -7.059167566393894e-20
1.4481925200000001e-05 -7.150476446500286e-20
1.4511723400000001e-05 -8.119864200894979e-20
1.45415216e-05 -7.81630110832243e-20
1.45713198e-05 -6.473920816411998e-20
1.4601118e-05 -6.49808715062596e-20
1.4630916200000001e-05 -7.513695868008332e-20
1.46607144e-05 -7.143136204207036e-20
1.46905126e-05 -5.965587235710478e-20
1.47203108e-05 -5.657574560220113e-20
1.4750109000000001e-05 -6.691004003470429e-20
1.4779907200000001e-05 -6.955970093594384e-20
1.48097054e-05 -5.1877022450623e-20
1.48395036e-05 -5.049278854794669e-20
1.48693018e-05 -6.247865264065929e-20
1.4899100000000001e-05 -5.963909253055523e-20
1.49288982e-05 -4.971211668454769e-20
1.49586964e-05 -4.216778681410363e-20
1.49884946e-05 -5.062014614542961e-20
1.50182928e-05 -5.799584003481415e-20
1.5048091000000001e-05 -4.110897451642464e-20
1.50778892e-05 -3.2837533687226456e-20
1.51076874e-05 -4.507239861941258e-20
1.51374856e-05 -4.822375117301175e-20
1.5167283800000001e-05 -3.6336139542680164e-20
1.5197082e-05 -2.8075284372522683e-20
1.52268802e-05 -3.3740835547289955e-20
1.52566784e-05 -4.155405170826218e-20
1.52864766e-05 -3.167828597564771e-20
1.53162748e-05 -1.7368684993994117e-20
1.5346072999999998e-05 -2.6149933753967562e-20
1.53758712e-05 -3.436734075602862e-20
1.54056694e-05 -2.352592821810561e-20
1.54354676e-05 -1.3419791756546461e-20
1.54652658e-05 -1.2538674319130233e-20
1.5495063999999998e-05 -2.232618565063533e-20
1.55248622e-05 -2.11503416976376e-20
1.55546604e-05 -3.159317489090104e-21
1.55844586e-05 -4.735852351086981e-21
1.56142568e-05 -1.7971741053171504e-20
1.5644055e-05 -1.0548473567700256e-20
1.56738532e-05 2.4942698452840666e-21
1.57036514e-05 2.66908528552228e-21
1.5733449599999998e-05 -4.660281140225365e-21
1.57632478e-05 -5.7339240304634105e-21
1.5793046e-05 1.0885385398045746e-20
1.5822844199999997e-05 1.643321745252286e-20
1.58526424e-05 8.298810789775179e-22
1.5882440599999998e-05 4.021603759413113e-21
1.59122388e-05 1.9527284729127668e-20
1.5942037e-05 2.2233132872255765e-20
1.59718352e-05 1.6371291417264155e-20
1.60016334e-05 1.0273200428408216e-20
1.60314316e-05 2.2870272158644555e-20
1.6061229799999997e-05 3.6324085869117284e-20
1.6091028e-05 2.2449723108857562e-20
1.6120826199999998e-05 1.8959309316817705e-20
1.61506244e-05 3.577559521388169e-20
1.61804226e-05 4.053743490046983e-20
1.62102208e-05 3.589794425481037e-20
1.6240019000000002e-05 2.943081689185071e-20
1.62698172e-05 3.8070355578463806e-20
1.6299615400000003e-05 5.513370045514003e-20
1.63294136e-05 4.4143649404844114e-20
1.63592118e-05 3.4913111292146086e-20
1.638901e-05 5.0139999397567385e-20
1.64188082e-05 5.863780639155633e-20
1.64486064e-05 5.523858379652444e-20
1.6478404600000002e-05 4.9065535684017605e-20
1.65082028e-05 5.325081500864108e-20
1.6538001000000003e-05 7.027066909342442e-20
1.65677992e-05 6.810510488037198e-20
1.65975974e-05 5.435570801992432e-20
1.66273956e-05 6.3686789277121e-20
1.66571938e-05 7.771063064126647e-20
1.6686992e-05 7.580800078342761e-20
1.67167902e-05 6.77405256810742e-20
1.67465884e-05 6.931256492752243e-20
1.6776386600000002e-05 8.600499905718404e-20
1.68061848e-05 9.055758507232956e-20
1.6835983000000003e-05 7.522053046156506e-20
1.6865781199999998e-05 7.85553913340241e-20
1.68955794e-05 9.654279212321403e-20
1.69253776e-05 9.689615733130787e-20
1.69551758e-05 8.804017511516743e-20
1.6984974e-05 8.681094150800782e-20
1.7014772200000002e-05 1.008482759288642e-19
1.70445704e-05 1.1188476655655646e-19
1.7074368600000003e-05 9.745321869865795e-20
1.71041668e-05 9.38899706417145e-20
1.7133965e-05 1.131857659178224e-19
1.71637632e-05 1.1724254985227752e-19
1.71935614e-05 1.0890588645709567e-19
1.72233596e-05 1.0758419390336542e-19
1.72531578e-05 1.1715817822112624e-19
1.7282956e-05 1.3022052474403638e-19
1.7312754200000002e-05 1.2187446250860844e-19
1.73425524e-05 1.104962714759776e-19
1.7372350600000003e-05 1.2868641451679133e-19
1.7402148799999998e-05 1.3911519479318455e-19
1.7431947e-05 1.2877680484293363e-19
1.74617452e-05 1.2669781015415852e-19
1.74915434e-05 1.3334022988765326e-19
1.75213416e-05 1.4643529710805886e-19
1.75511398e-05 1.45643234068843e-19
1.7580938e-05 1.3079711071211514e-19
1.7610736200000002e-05 1.4257841491351437e-19
1.76405344e-05 1.5919027667716527e-19
1.76703326e-05 1.5140003650401176e-19
1.77001308e-05 1.4535874819986325e-19
1.7729929e-05 1.499836984886582e-19
1.77597272e-05 1.6312889711114735e-19
1.77895254e-05 1.6606277245029716e-19
1.78193236e-05 1.504850230386561e-19
1.7849121800000002e-05 1.5713643868489336e-19
1.787892e-05 1.7572682162385092e-19
1.7908718200000003e-05 1.7157030823463483e-19
1.7938516399999998e-05 1.6335760577208391e-19
1.79683146e-05 1.6722008654713005e-19
1.79981128e-05 1.7970792695971027e-19
1.8027911e-05 1.8481654165880436e-19
1.80577092e-05 1.7310969200792824e-19
1.80875074e-05 1.7151468032019816e-19
1.81173056e-05 1.8967707050684603e-19
1.8147103800000002e-05 1.9332031754057463e-19
1.8176901999999997e-05 1.817069375758506e-19
1.82067002e-05 1.819463191470268e-19
1.8236498399999998e-05 1.9221576900730303e-19
1.82662966e-05 2.0153379582810265e-19
1.82960948e-05 1.943044414307789e-19
1.8325893e-05 1.8454479127862567e-19
1.83556912e-05 2.0163583931007293e-19
1.8385489400000002e-05 2.110434162537386e-19
1.84152876e-05 1.9835748169143865e-19
1.84450858e-05 1.9716847383376803e-19
1.8474883999999998e-05 2.0545048369364336e-19
1.85046822e-05 2.1524085166189146e-19
1.85344804e-05 2.1068863761229622e-19
1.85642786e-05 1.9744000678625028e-19
1.85940768e-05 2.115785689557549e-19
1.8623875e-05 2.2388853430887926e-19
1.86536732e-05 2.131768455425367e-19
1.8683471400000002e-05 2.0943619547877348e-19
1.8713269599999997e-05 2.1735094127565895e-19
1.87430678e-05 2.275613784237402e-19
1.8772865999999998e-05 2.2450604174545613e-19
1.88026642e-05 2.1322271626381288e-19
1.88324624e-05 2.1977303379375845e-19
1.88622606e-05 2.332423851159289e-19
1.88920588e-05 2.2994782065743265e-19
1.8921857e-05 2.1948178521935857e-19
1.89516552e-05 2.2366888216197985e-19
1.89814534e-05 2.360270789258703e-19
1.9011251599999998e-05 2.3708534584949504e-19
1.90410498e-05 2.257358782274066e-19
1.9070848e-05 2.2600135397398107e-19
1.91006462e-05 2.4287418867771903e-19
1.91304444e-05 2.4187785185298044e-19
1.91602426e-05 2.293395328312066e-19
1.91900408e-05 2.324526006431145e-19
1.9219839000000002e-05 2.417392296649393e-19
1.9249637199999997e-05 2.4533691740935583e-19
1.92794354e-05 2.372372536094785e-19
1.9309233599999998e-05 2.323370360030975e-19
1.93390318e-05 2.454592020159484e-19
1.936883e-05 2.501268188958522e-19
1.93986282e-05 2.399828977876242e-19
1.94284264e-05 2.39558724094336e-19
1.94582246e-05 2.4779868452596917e-19
1.94880228e-05 2.5383341232930776e-19
1.9517821e-05 2.4610752199247164e-19
1.9547619199999997e-05 2.3691645409673036e-19
1.95774174e-05 2.5049186128215197e-19
1.9607215599999998e-05 2.5742182038799994e-19
1.96370138e-05 2.461654902099473e-19
1.9666812e-05 2.432293346818996e-19
1.96966102e-05 2.50552161534501e-19
1.97264084e-05 2.5765350868172853e-19
1.9756206600000002e-05 2.5289537675604372e-19
1.9786004799999997e-05 2.441322074723701e-19
1.9815803e-05 2.499143740273415e-19
1.9845601199999998e-05 2.6127176099852603e-19
1.98753994e-05 2.549067919849455e-19
1.99051976e-05 2.453808739835081e-19
1.99349958e-05 2.5243794806837915e-19
1.9964794e-05 2.5852831177858435e-19
1.99945922e-05 2.569177311686187e-19
2.0024390400000003e-05 2.4955392165281966e-19
2.00541886e-05 2.4806078394481345e-19
2.0083986799999997e-05 2.609825617068909e-19
2.0113785e-05 2.589800127282889e-19
2.0143583199999998e-05 2.473967213271789e-19
2.01733814e-05 2.525511911966137e-19
2.0203179600000002e-05 2.597851706539813e-19
2.02329778e-05 2.5833960058289185e-19
2.0262776000000003e-05 2.5172941453846824e-19
2.02925742e-05 2.4999207296242274e-19
2.03223724e-05 2.579632176609264e-19
2.03521706e-05 2.5898367094734236e-19
2.03819688e-05 2.491050173423168e-19
2.0411767e-05 2.4794671686153764e-19
2.0441565200000002e-05 2.5678198409899783e-19
2.04713634e-05 2.587765172634739e-19
2.0501161600000002e-05 2.5097106064194673e-19
2.05309598e-05 2.461467594129152e-19
2.0560758000000003e-05 2.5532685013438197e-19
2.05905562e-05 2.586210751383857e-19
2.06203544e-05 2.484102283711135e-19
2.06501526e-05 2.4734345651410483e-19
2.06799508e-05 2.523027683627178e-19
2.0709749e-05 2.53911861477027e-19
2.0739547200000002e-05 2.4979582477797166e-19
2.07693454e-05 2.4434509746196545e-19
2.0799143600000003e-05 2.48032075682674e-19
2.0828941799999998e-05 2.522513425757056e-19
2.085874e-05 2.48781635840515e-19
2.08885382e-05 2.4332537598761714e-19
2.09183364e-05 2.4698177363146136e-19
2.09481346e-05 2.5166033732348997e-19
2.09779328e-05 2.4540283756197093e-19
2.1007731e-05 2.3969300932801535e-19
2.1037529200000002e-05 2.4095017234183357e-19
2.10673274e-05 2.4848474521639523e-19
2.10971256e-05 2.4585310440731425e-19
2.11269238e-05 2.350039953996461e-19
2.1156722e-05 2.387026218170709e-19
2.11865202e-05 2.418160768260741e-19
2.12163184e-05 2.4106566165370786e-19
2.12461166e-05 2.364362086757261e-19
2.1275914800000002e-05 2.3239576039388325e-19
2.1305713e-05 2.4075406270538853e-19
2.1335511200000003e-05 2.383192161475068e-19
2.1365309399999998e-05 2.3074796382887997e-19
2.13951076e-05 2.305923041902151e-19
2.14249058e-05 2.3424103735278105e-19
2.1454704e-05 2.3555147934368515e-19
2.14845022e-05 2.273887525322001e-19
2.15143004e-05 2.237517072055959e-19
2.15440986e-05 2.293293081767887e-19
2.1573896800000002e-05 2.3198861520581636e-19
2.1603695e-05 2.237824796680194e-19
2.16334932e-05 2.214232044453142e-19
2.1663291399999998e-05 2.261621930477179e-19
2.16930896e-05 2.24491112790303e-19
2.17228878e-05 2.226506406381185e-19
2.1752686e-05 2.1568821177535825e-19
2.17824842e-05 2.1643565796820334e-19
2.1812282400000002e-05 2.2302825709147466e-19
2.18420806e-05 2.1479435298095478e-19
2.1871878800000002e-05 2.1107926860424981e-19
2.1901676999999998e-05 2.1445646835232073e-19
2.19314752e-05 2.1336061799448083e-19
2.19612734e-05 2.1252779725394577e-19
2.19910716e-05 2.0806647157220848e-19
2.20208698e-05 2.0574220818779426e-19
2.2050668e-05 2.1145666998149743e-19
2.20804662e-05 2.0809907853284043e-19
2.2110264400000002e-05 2.022201864679742e-19
2.21400626e-05 2.0264770253066543e-19
2.21698608e-05 2.015479762637729e-19
2.2199658999999998e-05 2.0258806762758822e-19
2.22294572e-05 1.9727815727951669e-19
2.22592554e-05 1.918768385054271e-19
2.22890536e-05 1.9781021317549425e-19
2.23188518e-05 1.972764008221302e-19
2.234865e-05 1.9008449367692647e-19
2.23784482e-05 1.9016146888709965e-19
2.2408246400000002e-05 1.916116029169153e-19
2.2438044599999998e-05 1.8979512670103418e-19
2.24678428e-05 1.8715848643797274e-19
2.2497641e-05 1.8237916386320784e-19
2.25274392e-05 1.8205975987765062e-19
2.25572374e-05 1.8554576527047739e-19
2.25870356e-05 1.8013539743442982e-19
2.26168338e-05 1.7422276953118836e-19
2.2646632000000002e-05 1.7626373055737196e-19
2.26764302e-05 1.7733941722247465e-19
2.27062284e-05 1.7550210335167548e-19
2.2736026599999998e-05 1.6930134821277645e-19
2.27658248e-05 1.6808419220247683e-19
2.2795623e-05 1.73007526683731e-19
2.28254212e-05 1.679625407423804e-19
2.28552194e-05 1.6304010682113315e-19
2.28850176e-05 1.6300101094513976e-19
2.29148158e-05 1.6202909018347793e-19
2.2944614000000002e-05 1.6305860774155216e-19
2.2974412199999997e-05 1.5619457653938757e-19
2.30042104e-05 1.518804550257845e-19
2.3034008599999998e-05 1.604577002698305e-19
2.30638068e-05 1.5616117959340826e-19
2.3093605e-05 1.4772064189646775e-19
2.31234032e-05 1.5087752587764174e-19
2.31532014e-05 1.4979890405976972e-19
2.3182999600000002e-05 1.5031808811524781e-19
2.32127978e-05 1.4666219827689682e-19
2.3242596e-05 1.3828902983208172e-19
2.3272394199999998e-05 1.4335612173705758e-19
2.33021924e-05 1.4452564163587446e-19
2.33319906e-05 1.3656369588195663e-19
2.33617888e-05 1.3578182500970958e-19
2.3391587e-05 1.3648732456460636e-19
2.34213852e-05 1.3505667473229592e-19
2.34511834e-05 1.3571046012108651e-19
2.3480981600000002e-05 1.2928326287985235e-19
2.3510779799999997e-05 1.27645163807824e-19
2.3540578e-05 1.345386951935074e-19
2.3570376199999998e-05 1.2678269057034686e-19
2.36001744e-05 1.2254119816897287e-19
2.36299726e-05 1.2635926797884055e-19
2.36597708e-05 1.225626380576178e-19
2.3689569e-05 1.230610784794309e-19
2.37193672e-05 1.1765866623736689e-19
2.3749165399999997e-05 1.1285725007989098e-19
2.37789636e-05 1.222710419039414e-19
2.3808761799999998e-05 1.1754487587157006e-19
2.383856e-05 1.09231971597851e-19
2.38683582e-05 1.1343825309020527e-19
2.38981564e-05 1.123468036039931e-19
2.39279546e-05 1.1307738351033397e-19
2.39577528e-05 1.0932937575240517e-19
2.3987551e-05 1.0134007488631648e-19
2.40173492e-05 1.0841381702828117e-19
2.4047147399999997e-05 1.0803328365175845e-19
2.40769456e-05 9.847210577631569e-20
2.4106743799999998e-05 9.997171934988579e-20
2.4136542e-05 1.010742566502205e-19
2.4166340200000002e-05 1.0135150138123367e-19
2.41961384e-05 9.970000571522918e-20
2.4225936600000003e-05 9.22745995616472e-20
2.42557348e-05 9.609409302508154e-20
2.4285532999999997e-05 9.983290884086385e-20
2.43153312e-05 8.934839295787209e-20
2.43451294e-05 8.683476979565015e-20
2.43749276e-05 9.210139346158017e-20
2.44047258e-05 9.079407097577572e-20
2.4434524e-05 8.895545608760596e-20
2.4464322200000002e-05 8.230397839128782e-20
2.44941204e-05 8.14246064136661e-20
2.4523918600000003e-05 8.997465804004395e-20
2.45537168e-05 8.219980650419088e-20
2.4583515e-05 7.612113921669165e-20
2.46133132e-05 8.132360586082684e-20
2.46431114e-05 8.030645189223781e-20
2.46729096e-05 7.961175599982741e-20
2.4702707800000002e-05 7.371186043062783e-20
2.4732506e-05 6.93243905960463e-20
2.4762304200000003e-05 7.784571355965223e-20
2.47921024e-05 7.514219667035087e-20
2.48219006e-05 6.38033584696298e-20
2.48516988e-05 6.857358585883372e-20
2.4881497e-05 7.175886489110927e-20
2.49112952e-05 6.817625464099036e-20
2.49410934e-05 6.528533638264452e-20
2.49708916e-05 5.86187156928964e-20
2.5000689800000002e-05 6.77131856841915e-20
2.5030488e-05 6.783846260334059e-20
2.5060286200000003e-05 5.28539980297318e-20
2.5090084399999998e-05 5.842653666754336e-20
2.51198826e-05 6.101008825305525e-20
2.51496808e-05 5.798004820182437e-20
2.5179479e-05 5.61619683133337e-20
2.52092772e-05 4.765395359530783e-20
2.5239075400000002e-05 5.3003913360445325e-20
2.52688736e-05 5.905267465430623e-20
2.5298671800000002e-05 4.7774525014708756e-20
2.532847e-05 4.432636277625523e-20
2.53582682e-05 5.1104770172081534e-20
2.53880664e-05 5.084061478265193e-20
2.54178646e-05 4.641176597183098e-20
2.54476628e-05 3.923468835734415e-20
2.5477461e-05 4.163251857124466e-20
2.55072592e-05 4.954187451714913e-20
2.5537057400000002e-05 3.960885787985307e-20
2.55668556e-05 3.250240633793341e-20
2.5596653800000003e-05 3.97227850546955e-20
2.5626451999999998e-05 4.083662224151544e-20
2.56562502e-05 3.6550848745397405e-20
2.56860484e-05 3.1976148935755435e-20
2.57158466e-05 3.100575380705501e-20
2.57456448e-05 3.820442809478689e-20
2.5775443e-05 3.360663297731832e-20
2.58052412e-05 2.1235324467269976e-20
2.5835039400000002e-05 2.8074360586783745e-20
2.58648376e-05 3.218170768328131e-20
2.58946358e-05 2.5711608554672803e-20
2.5924434e-05 2.347772830640334e-20
2.59542322e-05 1.879312458601808e-20
2.59840304e-05 2.520103794343674e-20
2.60138286e-05 2.6795378760962032e-20
2.60436268e-05 1.2733530048534985e-20
2.6073425000000002e-05 1.7559025473515293e-20
2.61032232e-05 2.359136462619444e-20
2.6133021400000003e-05 1.7251173074788655e-20
2.6162819599999998e-05 1.4966428013804802e-20
2.61926178e-05 1.0108750095336604e-20
2.6222416e-05 1.394898387956909e-20
2.62522142e-05 1.778865910874439e-20
2.62820124e-05 3.967072202940162e-21
2.63118106e-05 3.6872757173636866e-21
2.63416088e-05 1.2834960083993311e-20
2.6371407000000002e-05 6.983823439465331e-21
2.6401205199999997e-05 4.4974796217630376e-21
2.64310034e-05 1.7160197987816005e-21
2.6460801599999998e-05 1.1197903355922039e-21
2.64905998e-05 9.07696614567916e-21
2.6520398e-05 -2.3292451431359577e-21
2.65501962e-05 -8.723103396661565e-21
2.65799944e-05 1.202850780657014e-21
2.6609792600000002e-05 -1.963508866625715e-21
2.66395908e-05 -6.50741248402463e-21
2.6669389e-05 -1.0616608371755277e-20
2.6699187199999998e-05 -1.1808009381033807e-20
2.67289854e-05 -4.388239152479448e-21
2.67587836e-05 -1.0847147143092542e-20
2.67885818e-05 -2.114327524743435e-20
2.681838e-05 -1.1876084433838358e-20
2.68481782e-05 -8.753019325675472e-21
2.68779764e-05 -2.0409802413009598e-20
2.6907774600000002e-05 -2.09706192086728e-20
2.6937572799999997e-05 -2.1041355363491918e-20
2.6967371e-05 -1.9932259401097716e-20
2.6997169199999998e-05 -1.8324776768061416e-20
2.70269674e-05 -3.3318756192052313e-20
2.70567656e-05 -2.970899500707373e-20
2.70865638e-05 -1.8443469912824004e-20
2.7116362e-05 -3.1955329682585623e-20
2.71461602e-05 -3.4122041253186664e-20
2.71759584e-05 -3.15478952276355e-20
2.72057566e-05 -3.335976932327851e-20
2.7235554799999998e-05 -2.9022521840973825e-20
2.7265353e-05 -4.233087882397447e-20
2.72951512e-05 -4.448920721023669e-20
2.73249494e-05 -3.165338400696536e-20
2.73547476e-05 -4.1777085652959067e-20
2.73845458e-05 -4.7939758587400376e-20
2.7414344e-05 -4.6055076277106204e-20
2.7444142200000002e-05 -4.766098168007077e-20
2.7473940399999997e-05 -4.3270651857110267e-20
2.75037386e-05 -5.1282998388709314e-20
2.7533536799999998e-05 -5.726994367524807e-20
2.7563335e-05 -4.6814138773359777e-20
2.75931332e-05 -5.0906228866915206e-20
2.76229314e-05 -6.088703495323064e-20
2.76527296e-05 -5.85434133306446e-20
2.76825278e-05 -5.956770917928496e-20
2.7712326e-05 -6.035560539877991e-20
2.77421242e-05 -6.116136708436902e-20
2.7771922399999997e-05 -7.118219804790892e-20
2.78017206e-05 -6.577689209090163e-20
2.7831518799999998e-05 -6.159049442176772e-20
2.7861317e-05 -7.503017701588852e-20
2.78911152e-05 -7.323280503536385e-20
2.79209134e-05 -7.227156584172563e-20
2.79507116e-05 -7.407435593101766e-20
2.79805098e-05 -7.247688876730662e-20
2.8010307999999997e-05 -8.622662626252344e-20
2.80401062e-05 -8.154805223190619e-20
2.8069904399999998e-05 -7.31173123908366e-20
2.80997026e-05 -8.956847842078466e-20
2.81295008e-05 -9.032366694251909e-20
2.8159299e-05 -8.530531696217729e-20
2.8189097200000003e-05 -8.889711721558853e-20
2.82188954e-05 -8.837899223695475e-20
2.8248693600000003e-05 -9.777224018202441e-20
2.82784918e-05 -9.974469371877055e-20
2.830829e-05 -8.887565656580845e-20
2.83380882e-05 -9.767499306651315e-20
2.83678864e-05 -1.0720006553951802e-19
2.83976846e-05 -1.0141156287358149e-19
2.8427482800000002e-05 -1.0314567786802854e-19
2.8457281e-05 -1.0563814614203704e-19
2.8487079200000003e-05 -1.0992886228795862e-19
2.85168774e-05 -1.166464001535178e-19
2.85466756e-05 -1.0881191226560601e-19
2.85764738e-05 -1.118643417157356e-19
2.8606272e-05 -1.2441780332615293e-19
2.86360702e-05 -1.1927820450027743e-19
2.86658684e-05 -1.1825123809353972e-19
2.86956666e-05 -1.237581294442787e-19
2.8725464800000002e-05 -1.2634870982848432e-19
2.8755263e-05 -1.321881174088321e-19
2.8785061200000003e-05 -1.276237870145723e-19
2.88148594e-05 -1.261425477479853e-19
2.88446576e-05 -1.4144275006882073e-19
2.88744558e-05 -1.3970322198924457e-19
2.8904254e-05 -1.327506591745302e-19
2.89340522e-05 -1.4370244719707587e-19
2.8963850400000002e-05 -1.4463833211987786e-19
2.89936486e-05 -1.461934615003699e-19
2.9023446800000003e-05 -1.4997103497266791e-19
2.9053245e-05 -1.4395338439123159e-19
2.90830432e-05 -1.5585968890731287e-19
2.91128414e-05 -1.5992173989781288e-19
2.91426396e-05 -1.5068671155601163e-19
2.91724378e-05 -1.5997056920224274e-19
2.9202236e-05 -1.6346046464284462e-19
2.92320342e-05 -1.64601320849434e-19
2.9261832400000002e-05 -1.6793288775244512e-19
2.92916306e-05 -1.635282177442395e-19
2.93214288e-05 -1.7121427006475224e-19
2.9351226999999998e-05 -1.7786738424061014e-19
2.93810252e-05 -1.7165477254769322e-19
2.94108234e-05 -1.752239373696303e-19
2.94406216e-05 -1.8162013124478594e-19
2.94704198e-05 -1.8110897703908093e-19
2.9500218000000002e-05 -1.8608804323568044e-19
2.95300162e-05 -1.8414431125273816e-19
2.9559814400000003e-05 -1.8581932948202943e-19
2.9589612599999998e-05 -1.9790201909410387e-19
2.96194108e-05 -1.9275288514092604e-19
2.9649209e-05 -1.9099249691040288e-19
2.96790072e-05 -2.0114896136876121e-19
2.97088054e-05 -2.0035082113083257e-19
2.97386036e-05 -2.0150484664089713e-19
2.97684018e-05 -2.0328654908977866e-19
2.9798200000000002e-05 -2.0339817164239645e-19
2.98279982e-05 -2.1314075670506938e-19
2.98577964e-05 -2.1262437135009707e-19
2.9887594599999998e-05 -2.0802450193445818e-19
2.99173928e-05 -2.173443965550381e-19
2.9947191e-05 -2.201524787785727e-19
2.99769892e-05 -2.197713708529551e-19
3.00067874e-05 -2.2295703667269816e-19
3.00365856e-05 -2.1987715207725675e-19
3.00663838e-05 -2.2759753829730397e-19
3.0096182000000002e-05 -2.3324554824978265e-19
3.0125980199999998e-05 -2.248511106266867e-19
3.01557784e-05 -2.314530130040935e-19
3.01855766e-05 -2.369555407163749e-19
3.02153748e-05 -2.3472959213416407e-19
3.0245173e-05 -2.3970266881928713e-19
3.02749712e-05 -2.3777215772365954e-19
3.03047694e-05 -2.421017754797724e-19
3.0334567600000002e-05 -2.484371960741339e-19
3.03643658e-05 -2.4234683300695834e-19
3.0394164e-05 -2.4669983209468907e-19
3.0423962199999998e-05 -2.5268040576930454e-19
3.04537604e-05 -2.500186409352756e-19
3.04835586e-05 -2.533935587593966e-19
3.05133568e-05 -2.5336377589433173e-19
3.0543155e-05 -2.5450884183900727e-19
3.05729532e-05 -2.627674130555502e-19
3.0602751400000004e-05 -2.591906018985891e-19
3.06325496e-05 -2.6002861659271413e-19
3.06623478e-05 -2.6878635003544238e-19
3.0692145999999996e-05 -2.653343686459823e-19
3.07219442e-05 -2.6744494701321376e-19
3.07517424e-05 -2.709278677307231e-19
3.07815406e-05 -2.686554354779062e-19
3.08113388e-05 -2.743857095615941e-19
3.0841137e-05 -2.7433343673038126e-19
3.08709352e-05 -2.722480874517439e-19
3.0900733400000004e-05 -2.7845869989559693e-19
3.09305316e-05 -2.7960003811424064e-19
3.09603298e-05 -2.788645802292479e-19
3.0990127999999997e-05 -2.810904327405805e-19
3.10199262e-05 -2.812653936910719e-19
3.10497244e-05 -2.854948814260952e-19
3.10795226e-05 -2.8853562184937076e-19
3.11093208e-05 -2.8381649672486207e-19
3.1139119e-05 -2.876138658728011e-19
3.11689172e-05 -2.9073560810880313e-19
3.11987154e-05 -2.870486629842878e-19
3.12285136e-05 -2.9221713328228583e-19
3.12583118e-05 -2.920751568577859e-19
3.128811e-05 -2.923328572301805e-19
3.13179082e-05 -2.973827996131001e-19
3.13477064e-05 -2.933495697981547e-19
3.13775046e-05 -2.9700199981678183e-19
3.14073028e-05 -2.99933207083728e-19
3.1437101e-05 -2.9600831245150695e-19
3.1466899199999996e-05 -2.9969158538122984e-19
3.14966974e-05 -2.999877832664087e-19
3.15264956e-05 -3.003032029499261e-19
3.15562938e-05 -3.0357371767861744e-19
3.1586092e-05 -3.001093279309075e-19
3.16158902e-05 -3.015163793558526e-19
3.1645688399999994e-05 -3.0523287226397443e-19
3.16754866e-05 -3.0296071967819964e-19
3.17052848e-05 -3.04587209631909e-19
3.1735083e-05 -3.0427226572644656e-19
3.1764881199999996e-05 -3.0336415118740476e-19
3.1794679400000005e-05 -3.084971501418711e-19
3.18244776e-05 -3.061280741928114e-19
3.1854275799999995e-05 -3.043595373233773e-19
3.1884074e-05 -3.094032171830503e-19
3.19138722e-05 -3.070199948738662e-19
3.19436704e-05 -3.054143153574542e-19
3.19734686e-05 -3.0688448324774668e-19
3.20032668e-05 -3.0596480757135556e-19
3.2033065e-05 -3.0827544652126023e-19
3.20628632e-05 -3.0834967530645136e-19
3.20926614e-05 -3.0537476084338505e-19
3.2122459599999994e-05 -3.093041726821587e-19
3.21522578e-05 -3.095455889906311e-19
3.2182056e-05 -3.0516164838640383e-19
3.22118542e-05 -3.0923468005539534e-19
3.2241652399999995e-05 -3.066679956204731e-19
3.2271450600000004e-05 -3.0478905594239723e-19
3.23012488e-05 -3.091330899057957e-19
3.2331047e-05 -3.0391020920425365e-19
3.23608452e-05 -3.0595082462945916e-19
3.23906434e-05 -3.0822714521512694e-19
3.24204416e-05 -3.0164514879281756e-19
3.2450239799999996e-05 -3.0516613954053905e-19
3.2480038000000005e-05 -3.0588426354722786e-19
3.25098362e-05 -3.0159342601969427e-19
3.25396344e-05 -3.059241789939453e-19
3.25694326e-05 -3.0270732305361074e-19
3.2599230800000006e-05 -2.9934107199710337e-19
3.2629029e-05 -3.0381287858668577e-19
3.26588272e-05 -2.998259108611418e-19
3.26886254e-05 -3.003569928698547e-19
3.27184236e-05 -3.006206170206871e-19
3.27482218e-05 -2.954806370766536e-19
3.277802e-05 -2.9992020803500386e-19
3.28078182e-05 -2.96752925079132e-19
3.28376164e-05 -2.9310802366222345e-19
3.2867414600000004e-05 -2.9766224865445834e-19
3.28972128e-05 -2.9273415517781528e-19
3.2927010999999995e-05 -2.915085618101739e-19
3.2956809200000004e-05 -2.937703775791003e-19
3.29866074e-05 -2.8715039164980083e-19
3.30164056e-05 -2.891069499137388e-19
3.3046203799999996e-05 -2.912312953658829e-19
3.3076002000000005e-05 -2.818340504694875e-19
3.31058002e-05 -2.8517579482343907e-19
3.31355984e-05 -2.8674401679982814e-19
3.31653966e-05 -2.7787610950358386e-19
3.31951948e-05 -2.818674886429045e-19
3.3224993e-05 -2.796361778985233e-19
3.32547912e-05 -2.7475942386000483e-19
3.32845894e-05 -2.804489286910612e-19
3.33143876e-05 -2.7324345333109903e-19
3.3344185800000004e-05 -2.703939523167065e-19
3.3373984e-05 -2.743056227068806e-19
3.34037822e-05 -2.6612512287679834e-19
3.34335804e-05 -2.6772764173303477e-19
3.34633786e-05 -2.6653476692915024e-19
3.34931768e-05 -2.583468067767425e-19
3.3522974999999996e-05 -2.646707155268442e-19
3.3552773200000004e-05 -2.595571946908035e-19
3.35825714e-05 -2.527843281038471e-19
3.36123696e-05 -2.599080535759098e-19
3.36421678e-05 -2.523417330135029e-19
3.3671966000000006e-05 -2.487151782882633e-19
3.37017642e-05 -2.513834896412522e-19
3.3731562399999996e-05 -2.428628062958657e-19
3.37613606e-05 -2.4493114102655763e-19
3.37911588e-05 -2.4317875860732774e-19
3.3820957e-05 -2.3325130067029047e-19
3.38507552e-05 -2.3652015557019693e-19
3.38805534e-05 -2.349052543845893e-19
3.39103516e-05 -2.286445822037029e-19
3.3940149800000004e-05 -2.312599811421811e-19
3.3969948e-05 -2.243702961821741e-19
3.3999746199999995e-05 -2.200724558333443e-19
3.4029544400000004e-05 -2.266154511590146e-19
3.40593426e-05 -2.147978984889368e-19
3.40891408e-05 -2.1164089960753171e-19
3.4118938999999996e-05 -2.175286974105338e-19
3.4148737200000005e-05 -2.043354983712956e-19
3.41785354e-05 -2.0532115128927278e-19
3.42083336e-05 -2.051605045600605e-19
3.42381318e-05 -1.951517187547497e-19
3.426793e-05 -1.9985077224796406e-19
3.42977282e-05 -1.922648425601873e-19
3.43275264e-05 -1.8763248121736248e-19
3.43573246e-05 -1.9326002042997634e-19
3.43871228e-05 -1.8012602324964622e-19
3.4416921e-05 -1.7843876985198667e-19
3.44467192e-05 -1.8178693821741917e-19
3.44765174e-05 -1.6976680195626808e-19
3.45063156e-05 -1.7180260553710838e-19
3.45361138e-05 -1.692394454953535e-19
3.4565912e-05 -1.5896257209735485e-19
3.4595710199999995e-05 -1.6258369810344013e-19
3.4625508400000004e-05 -1.5749881360231304e-19
3.46553066e-05 -1.5134618297115395e-19
3.46851048e-05 -1.5174086587008226e-19
3.4714903e-05 -1.4504361163373414e-19
3.4744701200000006e-05 -1.4357834766564727e-19
3.47744994e-05 -1.422457129295871e-19
3.4804297599999996e-05 -1.3366815938475557e-19
3.48340958e-05 -1.3265635476373536e-19
3.4863894e-05 -1.307062182373149e-19
3.48936922e-05 -1.215952721049039e-19
3.49234904e-05 -1.2173211260035904e-19
3.49532886e-05 -1.1854892933063288e-19
3.49830868e-05 -1.1153319354837942e-19
3.5012885000000004e-05 -1.1402136121954157e-19
3.50426832e-05 -1.0558457658599499e-19
3.5072481399999994e-05 -9.976613455216753e-20
3.51022796e-05 -1.030762246238058e-19
3.51320778e-05 -9.379460832305195e-20
3.5161876e-05 -9.054896351643724e-20
3.5191674199999996e-05 -9.064503471780769e-20
3.5221472400000005e-05 -8.205076627715655e-20
3.52512706e-05 -8.177819233258444e-20
3.52810688e-05 -7.708415836437662e-20
3.5310867e-05 -6.800123332124973e-20
3.53406652e-05 -7.069414872734956e-20
3.53704634e-05 -6.51493627821102e-20
3.54002616e-05 -5.985956130254428e-20
3.54300598e-05 -6.199256699253316e-20
3.5459858e-05 -5.235795103004364e-20
3.54896562e-05 -5.0510259998128107e-20
3.55194544e-05 -4.8762395869251434e-20
3.55492526e-05 -3.7722645325224407e-20
3.55790508e-05 -4.1606877380254343e-20
3.5608849e-05 -3.579899436248075e-20
3.56386472e-05 -2.447981995890125e-20
3.5668445399999995e-05 -2.983064565022636e-20
3.5698243600000004e-05 -2.3193856728313275e-20
3.57280418e-05 -1.7090448727211993e-20
3.575784e-05 -1.8664384039563212e-20
3.5787638199999996e-05 -7.95337334503067e-21
3.5817436400000005e-05 -8.682260469095519e-21
3.58472346e-05 -8.283780053432523e-21
3.5877032799999996e-05 6.0784708950005456e-21
3.5906831e-05 2.4130398817829606e-21
3.59366292e-05 4.676150636204613e-21
3.59664274e-05 1.521223986328102e-20
3.59962256e-05 1.2044622691704961e-20
3.60260238e-05 2.190312270073422e-20
3.6055822e-05 2.4813483586313268e-20
3.60856202e-05 2.155690209578961e-20
3.61154184e-05 3.464809630392197e-20
3.6145216599999994e-05 3.35523340769583e-20
3.61750148e-05 3.456293364798321e-20
3.6204813e-05 4.583424065872671e-20
3.62346112e-05 4.3544607569068885e-20
3.6264409399999996e-05 4.793928465757272e-20
3.6294207600000004e-05 5.655927479341958e-20
3.63240058e-05 5.404196463813862e-20
3.6353803999999995e-05 6.130227423054482e-20
3.6383602200000004e-05 6.848254464816848e-20
3.64134004e-05 6.436295616243709e-20
3.64431986e-05 7.252104406817574e-20
3.6472996799999996e-05 7.777517980687036e-20
3.6502795000000005e-05 7.674784224807745e-20
3.65325932e-05 8.477665937264862e-20
3.65623914e-05 8.339627987661545e-20
3.65921896e-05 8.84209916540035e-20
3.66219878e-05 9.737653419081658e-20
3.6651786e-05 9.2205367030944e-20
3.66815842e-05 1.0029111385006718e-19
3.67113824e-05 1.0739694567944345e-19
3.67411806e-05 1.045669869264485e-19
3.6770978800000004e-05 1.140720699433913e-19
3.6800777e-05 1.1366970257001426e-19
3.68305752e-05 1.1367015488979479e-19
3.68603734e-05 1.278638884389419e-19
3.68901716e-05 1.2219020681183767e-19
3.69199698e-05 1.2310547155710734e-19
3.6949767999999996e-05 1.3590353833835465e-19
3.6979566200000004e-05 1.3175947472161457e-19
3.70093644e-05 1.3792030604631868e-19
3.70391626e-05 1.4315694282849897e-19
3.70689608e-05 1.400647536670358e-19
3.7098759000000006e-05 1.5135243724547204e-19
3.71285572e-05 1.5297765696105124e-19
3.7158355399999996e-05 1.48956660299427e-19
3.71881536e-05 1.6050218522581847e-19
3.72179518e-05 1.629960114043351e-19
3.724775e-05 1.607095757844115e-19
3.72775482e-05 1.6811648120314663e-19
3.73073464e-05 1.6825879989109269e-19
3.73371446e-05 1.732792187923336e-19
3.7366942800000004e-05 1.7973619080346036e-19
3.7396741e-05 1.7392007211900889e-19
3.7426539199999995e-05 1.8312821447191095e-19
3.7456337400000004e-05 1.905560469411737e-19
3.74861356e-05 1.8487110367120641e-19
3.75159338e-05 1.9382666821001953e-19
3.7545731999999996e-05 1.9524908195634086e-19
3.7575530200000005e-05 1.955632631698127e-19
3.76053284e-05 2.0595586683601055e-19
3.76351266e-05 1.9888887679467546e-19
3.76649248e-05 2.035746877651778e-19
3.7694723e-05 2.1600908945396875e-19
3.77245212e-05 2.0822519721459357e-19
3.77543194e-05 2.1439241255709674e-19
3.77841176e-05 2.218270778566716e-19
3.78139158e-05 2.1833043955830753e-19
3.7843714e-05 2.2768952214788277e-19
3.78735122e-05 2.256601805882279e-19
3.79033104e-05 2.244580695079218e-19
3.79331086e-05 2.3877949744452874e-19
3.79629068e-05 2.336960377913582e-19
3.7992705e-05 2.3305552749024365e-19
3.8022503199999995e-05 2.443708157673302e-19
3.8052301400000004e-05 2.4106683008787367e-19
3.80820996e-05 2.470770714689024e-19
3.81118978e-05 2.4910907618927e-19
3.8141696e-05 2.434478852654561e-19
3.8171494200000006e-05 2.5906855849495547e-19
3.82012924e-05 2.5960641901824873e-19
3.8231090599999996e-05 2.5199801175224856e-19
3.82608888e-05 2.626825344006653e-19
3.8290687e-05 2.636815102582165e-19
3.83204852e-05 2.6519272721134367e-19
3.83502834e-05 2.7013360255772145e-19
3.83800816e-05 2.6463007077527467e-19
3.84098798e-05 2.7171779754329598e-19
3.8439678000000004e-05 2.798340622579285e-19
3.84694762e-05 2.712927617809053e-19
3.8499274399999994e-05 2.772916547183225e-19
3.85290726e-05 2.8453970950579995e-19
3.85588708e-05 2.802313836598456e-19
3.8588669e-05 2.8823089837863136e-19
3.8618467199999996e-05 2.84600051121113e-19
3.8648265400000005e-05 2.8525007290516133e-19
3.86780636e-05 2.990772830779982e-19
3.87078618e-05 2.8825609388843108e-19
3.873766e-05 2.8892856526615057e-19
3.87674582e-05 3.002953840041193e-19
3.87972564e-05 2.94873150804824e-19
3.88270546e-05 2.992372664508838e-19
3.88568528e-05 2.993648371434946e-19
3.8886651e-05 2.977939699917318e-19
3.89164492e-05 3.1143815126106697e-19
3.89462474e-05 3.0509696047403025e-19
3.89760456e-05 2.989432493374291e-19
3.90058438e-05 3.138328980038085e-19
3.9035642e-05 3.1123550043956504e-19
3.90654402e-05 3.085083218479425e-19
3.9095238399999995e-05 3.132306136904397e-19
3.9125036600000004e-05 3.08097967858878e-19
3.91548348e-05 3.182265992738043e-19
3.9184633e-05 3.194314178594648e-19
3.9214431199999996e-05 3.0749083054245883e-19
3.9244229400000005e-05 3.200251794918047e-19
3.92740276e-05 3.2390492393357957e-19
3.9303825799999996e-05 3.1771995295066103e-19
3.9333624e-05 3.21315725481653e-19
3.93634222e-05 3.1835544047091533e-19
3.93932204e-05 3.2580700929823183e-19
3.94230186e-05 3.2889316323463927e-19
3.94528168e-05 3.148124326632754e-19
3.9482615e-05 3.2338241339004064e-19
3.9512413200000004e-05 3.327946839306575e-19
3.95422114e-05 3.2428759435514425e-19
3.9572009599999994e-05 3.2581742029032585e-19
3.96018078e-05 3.261149083373994e-19
3.9631606e-05 3.282077968902638e-19
3.96614042e-05 3.36696133989758e-19
3.9691202399999996e-05 3.251646760899201e-19
3.9721000600000004e-05 3.2393291343875946e-19
3.97507988e-05 3.380251340729266e-19
3.9780597e-05 3.308663608709724e-19
3.98103952e-05 3.2761613055182863e-19
3.98401934e-05 3.317292834926914e-19
3.98699916e-05 3.3112091852408853e-19
3.9899789799999996e-05 3.3758729037165887e-19
3.9929588e-05 3.318476265382408e-19
3.99593862e-05 3.238247270042634e-19
3.99891844e-05 3.3846782025713866e-19
4.00189826e-05 3.400257508809356e-19
4.004878080000001e-05 3.289652960685421e-19
4.0078579e-05 3.33781698409804e-19
4.01083772e-05 3.345383390557699e-19
4.01381754e-05 3.3750637877026777e-19
4.0167973599999995e-05 3.374226762224872e-19
4.0197771800000004e-05 3.2529237695715464e-19
4.022757e-05 3.3614919904627227e-19
4.02573682e-05 3.4181283912568257e-19
4.0287166399999996e-05 3.289691958953413e-19
4.0316964600000005e-05 3.3203764429692304e-19
4.03467628e-05 3.3464268937347204e-19
4.0376560999999996e-05 3.3811091311329236e-19
4.0406359200000004e-05 3.405489857900887e-19
4.04361574e-05 3.2693625814584674e-19
4.04659556e-05 3.3384941950572905e-19
4.04957538e-05 3.4582211843975005e-19
4.0525552000000006e-05 3.314527771301283e-19
4.05553502e-05 3.2951997700229414e-19
4.05851484e-05 3.354811748387481e-19
4.06149466e-05 3.349775310824297e-19
4.06447448e-05 3.3831143121825845e-19
4.0674543e-05 3.2828713443418116e-19
4.07043412e-05 3.2840275882751894e-19
4.07341394e-05 3.423799907862682e-19
4.07639376e-05 3.3269304724075284e-19
4.0793735800000004e-05 3.259525211449355e-19
4.0823534e-05 3.3315231067446336e-19
4.08533322e-05 3.3253877672146376e-19
4.0883130400000003e-05 3.352035447208351e-19
4.09129286e-05 3.276369941840661e-19
4.09427268e-05 3.213106086717385e-19
4.0972524999999996e-05 3.3752004708555614e-19
4.1002323200000005e-05 3.310522085226383e-19
4.10321214e-05 3.192463335511657e-19
4.10619196e-05 3.2969442924872595e-19
4.10917178e-05 3.2860287036890363e-19
4.1121516000000006e-05 3.2843085354147905e-19
4.11513142e-05 3.277720967270526e-19
4.11811124e-05 3.1806407483737552e-19
4.12109106e-05 3.2877669545039973e-19
4.12407088e-05 3.324467118979692e-19
4.1270507e-05 3.1575479991139864e-19
4.13003052e-05 3.1830519933365236e-19
4.13301034e-05 3.2479554733876497e-19
4.13599016e-05 3.234250459687549e-19
4.1389699800000005e-05 3.212564084790548e-19
4.1419498e-05 3.117642806877492e-19
4.1449296199999995e-05 3.1909504049589573e-19
4.1479094400000004e-05 3.269288775549876e-19
4.15088926e-05 3.114490898528102e-19
4.15386908e-05 3.1073027399963485e-19
4.1568489e-05 3.191968562693014e-19
4.1598287200000006e-05 3.1479256152513097e-19
4.16280854e-05 3.136880751621829e-19
4.1657883599999996e-05 3.0595853225669087e-19
4.16876818e-05 3.054292555447654e-19
4.171748e-05 3.1874506921969186e-19
4.17472782e-05 3.072165172071877e-19
4.17770764e-05 2.986729582120996e-19
4.18068746e-05 3.0865557455876514e-19
4.18366728e-05 3.070863115672724e-19
4.1866471000000004e-05 3.0484330357893317e-19
4.18962692e-05 2.990382080072397e-19
4.1926067399999994e-05 2.951647997005145e-19
4.19558656e-05 3.0791260543625293e-19
4.19856638e-05 3.0171184579485823e-19
4.2015462e-05 2.859671185323285e-19
4.2045260199999996e-05 2.955333490180306e-19
4.2075058400000005e-05 2.9911151243418653e-19
4.21048566e-05 2.917967273749869e-19
4.21346548e-05 2.885969358863279e-19
4.2164453e-05 2.820101121178878e-19
4.21942512e-05 2.916339431619343e-19
4.22240494e-05 2.94546106074894e-19
4.22538476e-05 2.753516957634704e-19
4.22836458e-05 2.803286790192796e-19
4.2313444e-05 2.8817664606691497e-19
4.23432422e-05 2.7927407155609895e-19
4.23730404e-05 2.765698726614932e-19
4.24028386e-05 2.7104839335224895e-19
4.24326368e-05 2.743004004146349e-19
4.2462435e-05 2.802600678747758e-19
4.24922332e-05 2.6441219198372095e-19
4.2522031399999995e-05 2.621348322779913e-19
4.2551829600000004e-05 2.731863177745458e-19
4.25816278e-05 2.6633373456561906e-19
4.2611426e-05 2.609250600586762e-19
4.2641224199999996e-05 2.5731012637299337e-19
4.2671022400000005e-05 2.572999110368994e-19
4.27008206e-05 2.6608364375470963e-19
4.2730618799999996e-05 2.521949157515539e-19
4.2760417e-05 2.420308416444645e-19
4.27902152e-05 2.5489711505892865e-19
4.28200134e-05 2.5036704185560624e-19
4.28498116e-05 2.4290805162997603e-19
4.28796098e-05 2.4127702837123217e-19
4.2909408e-05 2.3640811973283157e-19
4.2939206200000003e-05 2.4596957492399844e-19
4.29690044e-05 2.393270969053787e-19
4.2998802599999994e-05 2.220006047682541e-19
4.30286008e-05 2.3235800279379433e-19
4.3058399e-05 2.3609226065957886e-19
4.30881972e-05 2.260968923152795e-19
4.3117995399999996e-05 2.2012936039014653e-19
4.3147793600000004e-05 2.167047042547376e-19
4.31775918e-05 2.2494942388804305e-19
4.320739e-05 2.22566057557228e-19
4.32371882e-05 2.0357086743663192e-19
4.32669864e-05 2.0754328449835133e-19
4.32967846e-05 2.1754290660136526e-19
4.3326582799999996e-05 2.0647751412184785e-19
4.3356381e-05 2.0092816419440279e-19
4.33861792e-05 1.9826710853004567e-19
4.34159774e-05 2.0040360496970443e-19
4.34457756e-05 2.0520298328320239e-19
4.34755738e-05 1.8618402242277251e-19
4.3505372e-05 1.832785386004182e-19
4.35351702e-05 1.9634345134955203e-19
4.35649684e-05 1.8650843402065582e-19
4.3594766599999995e-05 1.7873306903049718e-19
4.3624564800000003e-05 1.754782128169636e-19
4.3654363e-05 1.7621199717105123e-19
4.36841612e-05 1.8312917146188422e-19
4.3713959399999996e-05 1.685359192802532e-19
4.3743757600000005e-05 1.6000386936151764e-19
4.37735558e-05 1.731531702946428e-19
4.3803353999999996e-05 1.6785914238848493e-19
4.38331522e-05 1.5660566114406415e-19
4.38629504e-05 1.5507445112486142e-19
4.38927486e-05 1.5315327177616007e-19
4.39225468e-05 1.5876257379839359e-19
4.3952345e-05 1.5081517785834918e-19
4.39821432e-05 1.3488546110573736e-19
4.40119414e-05 1.46556986367038e-19
4.40417396e-05 1.4848504643962806e-19
4.4071537799999994e-05 1.333650883681798e-19
4.4101336e-05 1.3364173418610373e-19
4.41311342e-05 1.3117471192088605e-19
4.41609324e-05 1.3287496359151757e-19
4.4190730599999995e-05 1.3185097246195432e-19
4.4220528800000004e-05 1.1436930759497486e-19
4.4250327e-05 1.1912513380825441e-19
4.42801252e-05 1.2738638434558399e-19
4.43099234e-05 1.1204459239875821e-19
4.43397216e-05 1.071860556889354e-19
4.43695198e-05 1.085977553774751e-19
4.4399317999999996e-05 1.0823435326425529e-19
4.4429116200000005e-05 1.1049502074140513e-19
4.44589144e-05 9.479064059269073e-20
4.44887126e-05 9.136024550620609e-20
4.45185108e-05 1.0444467475965024e-19
4.4548309000000006e-05 9.328478859538087e-20
4.45781072e-05 8.311120601060656e-20
4.46079054e-05 8.446020347019946e-20
4.46377036e-05 8.258158936715315e-20
4.46675018e-05 8.354925160081497e-20
4.46973e-05 7.49168160727518e-20
4.47270982e-05 6.43049549716696e-20
4.47568964e-05 7.401353683702007e-20
4.47866946e-05 7.42308076763369e-20
4.4816492800000005e-05 5.847420382005104e-20
4.4846291e-05 5.864581552154419e-20
4.4876089199999995e-05 5.881071355786838e-20
4.4905887400000004e-05 5.888342774427288e-20
4.49356856e-05 5.448460784727294e-20
4.49654838e-05 3.7061917064423117e-20
4.4995282e-05 4.6327005783590694e-20
4.5025080200000006e-05 5.069754420538392e-20
4.50548784e-05 3.1508448101476405e-20
4.50846766e-05 3.2329540236572004e-20
4.51144748e-05 3.184598109565357e-20
4.5144273e-05 3.1348094271404935e-20
4.51740712e-05 3.205255715744826e-20
4.52038694e-05 1.2813576580541925e-20
4.52336676e-05 1.6069577971827626e-20
4.52634658e-05 2.5374660234931154e-20
4.5293264000000004e-05 9.193778909389988e-21
4.53230622e-05 5.7406852772414585e-21
4.53528604e-05 5.3704212463699834e-21
4.53826586e-05 1.3622621957385443e-21
4.54124568e-05 4.536832481461824e-21
4.5442255e-05 -1.0452729954344064e-20
4.5472053199999996e-05 -1.5193867851768725e-20
4.5501851400000005e-05 -2.394800321747781e-21
4.55316496e-05 -1.3352273465373186e-20
4.55614478e-05 -2.363887836106547e-20
4.5591246e-05 -2.1907986137668295e-20
4.5621044200000006e-05 -2.4760811858310927e-20
4.56508424e-05 -2.3938028106342832e-20
4.56806406e-05 -3.2555272826860444e-20
4.57104388e-05 -4.4559507972532714e-20
4.5740237e-05 -3.524577520825078e-20
4.57700352e-05 -3.552557435500772e-20
4.57998334e-05 -5.222608813941873e-20
4.58296316e-05 -5.2310641659502053e-20
4.58594298e-05 -5.25307832290061e-20
4.5889228000000004e-05 -5.4113433472582144e-20
4.59190262e-05 -5.630734176061007e-20
4.5948824399999995e-05 -7.312803361956739e-20
4.5978622600000004e-05 -6.659242255862531e-20
4.60084208e-05 -5.947612332652677e-20
4.6038219e-05 -7.973705241171305e-20
4.6068017199999996e-05 -8.243916767373845e-20
4.6097815400000005e-05 -8.039440792287698e-20
4.61276136e-05 -8.283147580810663e-20
4.61574118e-05 -8.275880377436591e-20
4.618721e-05 -9.85894425669878e-20
4.62170082e-05 -9.962305653757567e-20
4.62468064e-05 -8.735672780464336e-20
4.62766046e-05 -1.0185688639355508e-19
4.63064028e-05 -1.1210557851799957e-19
4.6336201e-05 -1.0748879254594911e-19
4.6365999200000003e-05 -1.1080542036593708e-19
4.63957974e-05 -1.0956793097547836e-19
4.64255956e-05 -1.2088534701558112e-19
4.64553938e-05 -1.3173758630502918e-19
4.6485192e-05 -1.1766441188474454e-19
4.65149902e-05 -1.2491468930497698e-19
4.6544788399999995e-05 -1.42214015220528e-19
4.6574586600000004e-05 -1.362731295813982e-19
4.66043848e-05 -1.36556261394572e-19
4.6634183e-05 -1.386923731818801e-19
4.66639812e-05 -1.4358848211645975e-19
4.6693779400000006e-05 -1.5795462121524127e-19
4.67235776e-05 -1.4822067116786895e-19
4.6753375799999996e-05 -1.453592227256015e-19
4.6783174e-05 -1.6663638010899003e-19
4.68129722e-05 -1.6682167573997794e-19
4.68427704e-05 -1.6212895639862413e-19
4.68725686e-05 -1.651629815022292e-19
4.69023668e-05 -1.688362782914149e-19
4.6932165e-05 -1.8356945091991577e-19
4.6961963200000004e-05 -1.7953040750493874e-19
4.69917614e-05 -1.6858893887045633e-19
4.7021559599999995e-05 -1.8738275584987234e-19
4.7051357800000003e-05 -1.9471504140517815e-19
4.7081156e-05 -1.8538893847198413e-19
4.71109542e-05 -1.8896578395865528e-19
4.7140752399999996e-05 -1.9290103530810426e-19
4.7170550600000005e-05 -2.046231620974107e-19
4.72003488e-05 -2.0857843851603915e-19
4.7230146999999995e-05 -1.9362216106951875e-19
4.72599452e-05 -2.0549148779088046e-19
4.72897434e-05 -2.2093038980505105e-19
4.73195416e-05 -2.1212257145473718e-19
4.73493398e-05 -2.1185605909544594e-19
4.7379138e-05 -2.1282247727076495e-19
4.74089362e-05 -2.2204825037909614e-19
4.74387344e-05 -2.346550467761712e-19
4.74685326e-05 -2.1783298279865437e-19
4.7498330799999994e-05 -2.1941279092673918e-19
4.7528129e-05 -2.421909737858202e-19
4.75579272e-05 -2.368659141923606e-19
4.75877254e-05 -2.3081945901253107e-19
4.7617523599999995e-05 -2.350092042043321e-19
4.7647321800000004e-05 -2.4309262121237914e-19
4.767712e-05 -2.5347952051312455e-19
4.77069182e-05 -2.4024203759034634e-19
4.77367164e-05 -2.36790355028543e-19
4.77665146e-05 -2.5764245246210005e-19
4.77963128e-05 -2.570743571087691e-19
4.7826110999999996e-05 -2.4919635145846103e-19
4.78559092e-05 -2.525230228350112e-19
4.78857074e-05 -2.5735137998950986e-19
4.79155056e-05 -2.688045205198438e-19
4.79453038e-05 -2.648101539948265e-19
4.7975102e-05 -2.52152227436968e-19
4.80049002e-05 -2.6917571094057945e-19
4.80346984e-05 -2.7875981149157724e-19
4.80644966e-05 -2.6551868446250796e-19
4.8094294799999994e-05 -2.662496812985169e-19
4.8124093e-05 -2.7114920979243896e-19
4.81538912e-05 -2.8036716260752587e-19
4.81836894e-05 -2.824051957891131e-19
4.8213487599999996e-05 -2.650849309098257e-19
4.8243285800000005e-05 -2.7704486027050175e-19
4.8273084e-05 -2.936907520375401e-19
4.8302882199999995e-05 -2.8184657731561925e-19
4.8332680400000004e-05 -2.7940962159226856e-19
4.83624786e-05 -2.8246854731680704e-19
4.83922768e-05 -2.9238006882416233e-19
4.8422075e-05 -2.9854156060747364e-19
4.8451873200000006e-05 -2.794016618755968e-19
4.84816714e-05 -2.8296583232726065e-19
4.85114696e-05 -3.0344223543033664e-19
4.85412678e-05 -2.960388835910969e-19
4.8571065999999993e-05 -2.867091184939613e-19
4.86008642e-05 -2.909798487266621e-19
4.86306624e-05 -3.0013082608016934e-19
4.86604606e-05 -3.0745483383154624e-19
4.86902588e-05 -2.9369275444807397e-19
4.8720057000000004e-05 -2.8779213331929943e-19
4.87498552e-05 -3.1028167229652214e-19
4.87796534e-05 -3.1075466979735547e-19
4.88094516e-05 -2.9418938840093e-19
4.88392498e-05 -2.9639735064461024e-19
4.8869048e-05 -3.061887083517279e-19
4.8898846199999996e-05 -3.1520700714082685e-19
4.8928644400000005e-05 -3.0483515059209645e-19
4.89584426e-05 -2.916381450776963e-19
4.89882408e-05 -3.119352655795159e-19
4.9018039e-05 -3.1995523132462924e-19
4.9047837200000006e-05 -3.0304349268399644e-19
4.90776354e-05 -3.02071495199002e-19
4.91074336e-05 -3.0974258232060176e-19
4.91372318e-05 -3.1941785295416135e-19
4.916703e-05 -3.1549764595388753e-19
4.91968282e-05 -2.9579181211269915e-19
4.92266264e-05 -3.083616627405835e-19
4.92564246e-05 -3.2676625481531046e-19
4.92862228e-05 -3.095317206967845e-19
4.9316021000000004e-05 -3.0081548884191567e-19
4.93458192e-05 -3.108137192342219e-19
4.9375617399999995e-05 -3.194717551193273e-19
4.9405415600000004e-05 -3.198574737899136e-19
4.94352138e-05 -3.0247438432120874e-19
4.9465012e-05 -3.0481248574171096e-19
4.9494810199999996e-05 -3.271512903315861e-19
4.9524608400000005e-05 -3.159952650709242e-19
4.95544066e-05 -3.0022451705559366e-19
4.95842048e-05 -3.0756463066913945e-19
4.9614003e-05 -3.1560757405158524e-19
4.96438012e-05 -3.203263730792322e-19
4.96735994e-05 -3.0493705933699496e-19
4.97033976e-05 -2.9748481306980574e-19
4.97331958e-05 -3.2225638209872883e-19
4.9762994e-05 -3.1842350076949897e-19
4.9792792200000003e-05 -2.981388083192494e-19
4.98225904e-05 -3.0303536191938557e-19
4.98523886e-05 -3.1205129785316342e-19
4.98821868e-05 -3.184534834724503e-19
4.9911985e-05 -3.037655284334359e-19
4.99417832e-05 -2.8856828091377676e-19
4.9971581399999995e-05 -3.1051609047680073e-19
5.0001379600000004e-05 -3.170733314381206e-19
5.00311778e-05 -2.937739392112131e-19
5.0060976e-05 -2.912202565888859e-19
5.00907742e-05 -3.031276043923682e-19
5.0120572400000006e-05 -3.091786431360323e-19
5.01503706e-05 -3.0122355553824727e-19
5.0180168799999996e-05 -2.8263670143336614e-19
5.0209967e-05 -2.9516371765215153e-19
5.02397652e-05 -3.1279641707695357e-19
5.02695634e-05 -2.892517808689379e-19
5.02993616e-05 -2.7867222830108992e-19
5.03291598e-05 -2.922050308229604e-19
5.0358958e-05 -2.964010637901504e-19
5.0388756200000004e-05 -2.9220338924116597e-19
5.04185544e-05 -2.717781919476274e-19
5.0448352599999995e-05 -2.7559949802116375e-19
5.0478150800000003e-05 -3.011690004196303e-19
5.0507949e-05 -2.8322170053296863e-19
5.05377472e-05 -2.631470270527359e-19
5.0567545399999996e-05 -2.7697654562359877e-19
5.0597343600000005e-05 -2.842477506047382e-19
5.06271418e-05 -2.796333830787269e-19
5.065694e-05 -2.6288795498998976e-19
5.06867382e-05 -2.5629232075802147e-19
5.07165364e-05 -2.7985715059636083e-19
5.07463346e-05 -2.739682207182545e-19
5.07761328e-05 -2.4711731895459213e-19
5.0805931e-05 -2.5523457267885944e-19
5.08357292e-05 -2.6682386066766913e-19
5.08655274e-05 -2.6302823798725695e-19
5.08953256e-05 -2.488852362146278e-19
5.09251238e-05 -2.3689100929069817e-19
5.0954922e-05 -2.5596101948936704e-19
5.09847202e-05 -2.6100000409744393e-19
5.10145184e-05 -2.3310234756743283e-19
5.1044316599999995e-05 -2.3193603545961527e-19
5.1074114800000004e-05 -2.463098303388654e-19
5.1103913e-05 -2.4314502179411827e-19
5.11337112e-05 -2.330654270180232e-19
5.11635094e-05 -2.18974644312604e-19
5.1193307600000005e-05 -2.2748155086120214e-19
5.12231058e-05 -2.452941059138377e-19
5.1252903999999996e-05 -2.194350811469848e-19
5.12827022e-05 -2.0378255255273972e-19
5.13125004e-05 -2.248813509661836e-19
5.13422986e-05 -2.24013557455118e-19
5.13720968e-05 -2.1100292665186752e-19
5.1401895e-05 -1.9886901741929597e-19
5.14316932e-05 -1.9869018678912963e-19
5.1461491400000004e-05 -2.1923862487670026e-19
5.14912896e-05 -2.0340604367865177e-19
5.1521087799999994e-05 -1.7843094935979914e-19
5.1550886e-05 -1.9594680347349072e-19
5.15806842e-05 -2.031617115926961e-19
5.16104824e-05 -1.9081791322212606e-19
5.1640280599999996e-05 -1.7645672441701485e-19
5.1670078800000005e-05 -1.721105316973384e-19
5.1699877e-05 -1.922142875898078e-19
5.17296752e-05 -1.8357954455725285e-19
5.17594734e-05 -1.557667344253323e-19
5.17892716e-05 -1.6368467793526082e-19
5.18190698e-05 -1.763217154787847e-19
5.1848868e-05 -1.6712425330523671e-19
5.18786662e-05 -1.5123319758622231e-19
5.19084644e-05 -1.4546917904739287e-19
5.19382626e-05 -1.5997579094376404e-19
5.19680608e-05 -1.6341777988630064e-19
5.1997859e-05 -1.349433671149394e-19
5.20276572e-05 -1.3165219701574643e-19
5.20574554e-05 -1.5081026500244444e-19
5.20872536e-05 -1.429187850173437e-19
5.2117051799999995e-05 -1.283550211444988e-19
5.2146850000000004e-05 -1.1844569986329973e-19
5.21766482e-05 -1.2624964365210604e-19
5.22064464e-05 -1.3775854886658778e-19
5.2236244599999996e-05 -1.1221327835679835e-19
5.2266042800000005e-05 -1.0021517359787294e-19
5.2295841e-05 -1.1996670529058854e-19
5.2325639199999996e-05 -1.2003507916744062e-19
5.2355437400000005e-05 -1.0289431679198468e-19
5.23852356e-05 -9.022813370258151e-20
5.24150338e-05 -9.678856988580753e-20
5.2444832e-05 -1.1142268018386771e-19
5.2474630200000006e-05 -9.302953725439126e-20
5.25044284e-05 -7.021475071331201e-20
5.2534226600000003e-05 -8.679880689070871e-20
5.25640248e-05 -9.40722182976581e-20
5.2593822999999994e-05 -7.594199427927541e-20
5.26236212e-05 -6.555521737589949e-20
5.26534194e-05 -6.421581172594013e-20
5.26832176e-05 -7.852469623441456e-20
5.27130158e-05 -7.37631238675762e-20
5.2742814000000004e-05 -4.510117799649094e-20
5.27726122e-05 -5.2896251070418105e-20
5.2802410399999995e-05 -6.825627215181438e-20
5.2832208600000004e-05 -5.3826355626654125e-20
5.28620068e-05 -3.949722094936475e-20
5.2891805e-05 -3.5367637261218487e-20
5.2921603199999996e-05 -4.71265358273736e-20
5.2951401400000005e-05 -5.094958725123032e-20
5.29811996e-05 -2.1871970194463624e-20
5.30109978e-05 -1.859139830289042e-20
5.3040796e-05 -4.0906263232244434e-20
5.30705942e-05 -3.171802907072361e-20
5.31003924e-05 -1.4249808201529598e-20
5.31301906e-05 -1.024718629224183e-20
5.31599888e-05 -1.9086773672944636e-20
5.3189787e-05 -2.6439494157822493e-20
5.3219585200000003e-05 -2.5546691145438975e-21
5.32493834e-05 1.020887626539054e-20
5.32791816e-05 -9.451099144399981e-21
5.33089798e-05 -9.320866275150436e-21
5.3338778e-05 8.648115842808117e-21
5.33685762e-05 1.8206543830072576e-20
5.3398374399999995e-05 1.1785596511648234e-20
5.3428172600000004e-05 -1.8330289922656258e-22
5.34579708e-05 1.6853587996857327e-20
5.3487769e-05 3.5804492846932335e-20
5.35175672e-05 2.013166487747495e-20
5.3547365400000006e-05 1.3127495713286814e-20
5.35771636e-05 3.113969617269125e-20
5.3606961799999996e-05 4.234857845116912e-20
5.363676e-05 3.9723717710800064e-20
5.36665582e-05 2.7639578948556e-20
5.36963564e-05 3.588486800360815e-20
5.37261546e-05 6.113561142573324e-20
5.37559528e-05 5.1461606790324846e-20
5.3785751e-05 3.743777256809149e-20
5.3815549200000004e-05 5.2011869598054773e-20
5.38453474e-05 6.45788119295567e-20
5.3875145599999995e-05 6.7182199605842e-20
5.3904943800000003e-05 5.550009512502931e-20
5.3934742e-05 5.3626913209038587e-20
5.39645402e-05 8.077669156842568e-20
5.3994338399999996e-05 8.253851695480026e-20
5.4024136600000005e-05 6.30843529985465e-20
5.40539348e-05 7.239516761798249e-20
5.4083733e-05 8.869539756123385e-20
5.41135312e-05 9.250189291636785e-20
5.41433294e-05 8.330977332017342e-20
5.41731276e-05 7.47695273590072e-20
5.42029258e-05 9.862493465687268e-20
5.4232724e-05 1.105355727607814e-19
5.42625222e-05 8.702827309165246e-20
5.42923204e-05 9.027764266303635e-20
5.43221186e-05 1.112089318987914e-19
5.43519168e-05 1.1556978346334066e-19
5.4381715e-05 1.101088294542901e-19
5.44115132e-05 9.882478469388858e-20
5.44413114e-05 1.1418989270880067e-19
5.4471109599999995e-05 1.362271026096032e-19
5.4500907800000004e-05 1.1647311989721382e-19
5.4530706e-05 1.0705048073828454e-19
5.45605042e-05 1.296571842486203e-19
5.45903024e-05 1.3643904559934873e-19
5.4620100600000005e-05 1.3242426190055924e-19
5.46498988e-05 1.2439938888960242e-19
5.4679696999999996e-05 1.2828970380819035e-19
5.47094952e-05 1.5508336504659402e-19
5.47392934e-05 1.4533714541092106e-19
5.47690916e-05 1.2695572162181452e-19
5.47988898e-05 1.4719679150521619e-19
5.4828688e-05 1.5719584064683065e-19
5.48584862e-05 1.5448848652236065e-19
5.4888284400000004e-05 1.4709511664907878e-19
5.49180826e-05 1.4325584896506539e-19
5.4947880799999994e-05 1.6713686928767707e-19
5.4977679e-05 1.6998001194689546e-19
5.50074772e-05 1.4745837179185248e-19
5.50372754e-05 1.5754972052003196e-19
5.5067073599999996e-05 1.7530036916930292e-19
5.5096871800000005e-05 1.73535020849293e-19
5.512667e-05 1.6717959204398108e-19
5.51564682e-05 1.598091090980899e-19
5.51862664e-05 1.7849387114116833e-19
5.52160646e-05 1.929528747768645e-19
5.52458628e-05 1.6655816436104494e-19
5.5275660999999997e-05 1.6765444070000435e-19
5.53054592e-05 1.9004192829516698e-19
5.53352574e-05 1.8878988580981933e-19
5.53650556e-05 1.8482855583391245e-19
5.53948538e-05 1.7469148294356968e-19
5.5424652e-05 1.8556535642001187e-19
5.54544502e-05 2.0961743313170415e-19
5.54842484e-05 1.8843949472126765e-19
5.55140466e-05 1.7657209434423592e-19
5.5543844799999995e-05 2.0069802147367525e-19
5.5573643000000004e-05 2.0670952169378622e-19
5.56034412e-05 1.9951082439329162e-19
5.56332394e-05 1.883253785223263e-19
5.5663037599999996e-05 1.9290809891974288e-19
5.5692835800000005e-05 2.1810243550450877e-19
5.5722634e-05 2.067692151408644e-19
5.5752432199999996e-05 1.8595317192628814e-19
5.57822304e-05 2.0629056785680615e-19
5.58120286e-05 2.1831203566792034e-19
5.58418268e-05 2.098841762770146e-19
5.5871625e-05 2.035985731614927e-19
5.59014232e-05 2.00122918079148e-19
5.59312214e-05 2.223611879983965e-19
5.59610196e-05 2.2601296471860296e-19
5.59908178e-05 1.9573446377377775e-19
5.6020615999999994e-05 2.0738980267329518e-19
5.60504142e-05 2.286291290762088e-19
5.60802124e-05 2.1977897334194974e-19
5.61100106e-05 2.1236593270043033e-19
5.6139808799999995e-05 2.0679346356690815e-19
5.6169607000000004e-05 2.2256200190852853e-19
5.61994052e-05 2.368600975212441e-19
5.62292034e-05 2.1050711287376757e-19
5.62590016e-05 2.0809404248778192e-19
5.62887998e-05 2.34120162325389e-19
5.6318598e-05 2.297867433705205e-19
5.6348396199999996e-05 2.1781344505524247e-19
5.6378194400000005e-05 2.1398492724250312e-19
5.64079926e-05 2.216823522820345e-19
5.64377908e-05 2.4055325747009807e-19
5.6467589e-05 2.2271511078930154e-19
5.649738720000001e-05 2.055050869006902e-19
5.65271854e-05 2.3380672492944686e-19
5.65569836e-05 2.388970201718608e-19
5.65867818e-05 2.225509983982066e-19
5.661658e-05 2.19047086427351e-19
5.66463782e-05 2.20535800726023e-19
5.66761764e-05 2.4239865441947994e-19
5.67059746e-05 2.359527376629726e-19
5.67357728e-05 2.0613917845990402e-19
5.6765571000000005e-05 2.2764847329669966e-19
5.67953692e-05 2.4411083175634346e-19
5.6825167399999995e-05 2.265830986196548e-19
5.6854965600000004e-05 2.2038162945414904e-19
5.68847638e-05 2.207093092966967e-19
5.6914562e-05 2.377274199086728e-19
5.69443602e-05 2.4233620569409023e-19
5.6974158400000006e-05 2.1132657527336806e-19
5.70039566e-05 2.185461956443797e-19
5.70337548e-05 2.460405404922834e-19
5.7063553e-05 2.3131076940118947e-19
5.70933512e-05 2.1800167868639285e-19
5.71231494e-05 2.2013532933947303e-19
5.71529476e-05 2.318671079978766e-19
5.71827458e-05 2.429341802248516e-19
5.7212544e-05 2.1566327318716497e-19
5.7242342200000004e-05 2.1076395716747868e-19
5.72721404e-05 2.416299195860542e-19
5.73019386e-05 2.3488158220811064e-19
5.73317368e-05 2.1777544767351997e-19
5.7361535e-05 2.176383717899768e-19
5.73913332e-05 2.2681002220122325e-19
5.7421131399999996e-05 2.409264146352415e-19
5.7450929600000005e-05 2.215558538970866e-19
5.74807278e-05 2.0477502016209845e-19
5.7510526e-05 2.3179525095904623e-19
5.75403242e-05 2.3752162213528516e-19
5.7570122400000006e-05 2.1664684678902856e-19
5.75999206e-05 2.1277789505488105e-19
5.76297188e-05 2.202009699503105e-19
5.7659517e-05 2.34887156457669e-19
5.76893152e-05 2.2604070291979845e-19
5.77191134e-05 2.012181771364811e-19
5.77489116e-05 2.202600980537455e-19
5.77787098e-05 2.373405493700333e-19
5.7808508e-05 2.169915786789038e-19
5.7838306200000005e-05 2.0667379640969926e-19
5.78681044e-05 2.120169559129763e-19
5.7897902599999995e-05 2.2788349131312493e-19
5.7927700800000004e-05 2.266928170782346e-19
5.7957499e-05 1.9920382810391324e-19
5.79872972e-05 2.0820351597615608e-19
5.8017095399999997e-05 2.319612771035992e-19
5.8046893600000005e-05 2.1728016535962168e-19
5.80766918e-05 2.0217412753641231e-19
5.810649e-05 2.0659538234121358e-19
5.81362882e-05 2.1938097664339153e-19
5.81660864e-05 2.2462603159186657e-19
5.81958846e-05 1.990865958388571e-19
5.82256828e-05 1.9366765022058694e-19
5.8255481e-05 2.246307102457147e-19
5.82852792e-05 2.172514726117224e-19
5.8315077400000004e-05 1.9424179903479993e-19
5.83448756e-05 1.9982823557542474e-19
5.8374673799999994e-05 2.1134688709230032e-19
5.8404472e-05 2.184762069436336e-19
5.84342702e-05 2.0050094827897245e-19
5.84640684e-05 1.850778925544515e-19
5.8493866599999996e-05 2.123139583154e-19
5.8523664800000005e-05 2.1819021574200243e-19
5.8553463e-05 1.905697514387581e-19
5.85832612e-05 1.893192781502675e-19
5.86130594e-05 2.0101328205824517e-19
5.86428576e-05 2.091936579963629e-19
5.86726558e-05 1.9908378617771138e-19
5.8702453999999997e-05 1.7757903819351614e-19
5.87322522e-05 1.95514235120068e-19
5.87620504e-05 2.1245478416354528e-19
5.87918486e-05 1.8912266124385094e-19
