0.0 1.3254534148523557e-19
2.981674420600858e-08 1.2539701028922896e-19
5.963348841201717e-08 1.3381563898864052e-19
8.945023261802575e-08 1.3385045790605886e-19
1.1926697682403433e-07 1.282692330637753e-19
1.4908372103004292e-07 1.3748784822568153e-19
1.789004652360515e-07 1.3372929025241155e-19
2.0871720944206008e-07 1.3069208189582294e-19
2.3853395364806867e-07 1.3989498853547658e-19
2.683506978540772e-07 1.3342845351221284e-19
2.9816744206008583e-07 1.3383217806024278e-19
3.2798418626609444e-07 1.4223469379187e-19
3.57800930472103e-07 1.3451273454552346e-19
3.876176746781116e-07 1.3761219330002088e-19
4.1743441888412016e-07 1.4244614573389353e-19
4.472511630901288e-07 1.3642987832685385e-19
4.770679072961373e-07 1.4269440527798855e-19
5.068846515021459e-07 1.4269088091045568e-19
5.367013957081544e-07 1.3819240270470681e-19
5.665181399141631e-07 1.4792131168863518e-19
5.963348841201717e-07 1.4290164445227488e-19
6.261516283261803e-07 1.3975893428111602e-19
6.559683725321889e-07 1.4844958199510218e-19
6.857851167381974e-07 1.4142995120814286e-19
7.15601860944206e-07 1.468357660056022e-19
7.454186051502147e-07 1.5083382735044461e-19
7.752353493562232e-07 1.3957477026441447e-19
8.050520935622318e-07 1.4888675326086602e-19
8.348688377682403e-07 1.5157033770238506e-19
8.64685581974249e-07 1.4377783547845918e-19
8.945023261802575e-07 1.5240349377619958e-19
9.243190703862661e-07 1.5032102267171069e-19
9.541358145922747e-07 1.4717971118697567e-19
9.839525587982833e-07 1.5648765433818233e-19
1.0137693030042918e-06 1.4700439746751497e-19
1.0435860472103004e-06 1.4858793146468027e-19
1.0734027914163089e-06 1.5954138586973206e-19
1.1032195356223176e-06 1.483515085876646e-19
1.1330362798283262e-06 1.5274777425050478e-19
1.1628530240343349e-06 1.5562104200981948e-19
1.1926697682403433e-06 1.511829792158932e-19
1.222486512446352e-06 1.609170366734248e-19
1.2523032566523607e-06 1.5273134662759686e-19
1.282120000858369e-06 1.5090110072772296e-19
1.3119367450643778e-06 1.6402751653053497e-19
1.3417534892703862e-06 1.55516766454157e-19
1.3715702334763949e-06 1.5489512121902258e-19
1.4013869776824033e-06 1.6047081406399882e-19
1.431203721888412e-06 1.5344243643094893e-19
1.4610204660944207e-06 1.6216390824773835e-19
1.4908372103004293e-06 1.604262404375425e-19
1.5206539545064378e-06 1.5062064262337127e-19
1.5504706987124464e-06 1.661448030421634e-19
1.580287442918455e-06 1.6396455027333476e-19
1.6101041871244635e-06 1.5495127277332583e-19
1.6399209313304722e-06 1.6400278676027416e-19
1.6697376755364807e-06 1.605818865702588e-19
1.6995544197424893e-06 1.6361089658088705e-19
1.729371163948498e-06 1.6534916041347254e-19
1.7591879081545064e-06 1.543280753044387e-19
1.789004652360515e-06 1.6520965453136437e-19
1.8188213965665235e-06 1.6854583618023047e-19
1.8486381407725322e-06 1.5767728281955337e-19
1.8784548849785407e-06 1.637102754800354e-19
1.9082716291845493e-06 1.646994442034699e-19
1.938088373390558e-06 1.650534794908149e-19
1.9679051175965666e-06 1.691347934973508e-19
1.997721861802575e-06 1.5958178734586587e-19
2.0275386060085835e-06 1.6361530698130882e-19
2.0573553502145924e-06 1.7434375151206592e-19
2.087172094420601e-06 1.6255117887030382e-19
2.1169888386266097e-06 1.6205172660153942e-19
2.1468055828326178e-06 1.6956234844054964e-19
2.1766223270386266e-06 1.6354558517917073e-19
2.206439071244635e-06 1.6900585061659465e-19
2.236255815450644e-06 1.636510896094137e-19
2.2660725596566524e-06 1.593407609895671e-19
2.295889303862661e-06 1.7655868678783348e-19
2.3257060480686698e-06 1.670953362610641e-19
2.355522792274678e-06 1.6098200919059497e-19
2.3853395364806867e-06 1.711775104782491e-19
2.415156280686695e-06 1.652050343021205e-19
2.444973024892704e-06 1.6979568970563628e-19
2.4747897690987124e-06 1.6755102385086005e-19
2.5046065133047213e-06 1.5840996155798795e-19
2.5344232575107293e-06 1.7234857569749785e-19
2.564240001716738e-06 1.7035447197736382e-19
2.594056745922747e-06 1.5923488342512307e-19
2.6238734901287555e-06 1.6699126295440942e-19
2.653690234334764e-06 1.6772083084619387e-19
2.6835069785407724e-06 1.6816750211079543e-19
2.7133237227467813e-06 1.676905477415721e-19
2.7431404669527898e-06 1.5766129774624697e-19
2.7729572111587986e-06 1.6776545167279668e-19
2.8027739553648067e-06 1.7359957529544127e-19
2.8325906995708155e-06 1.5677554175811354e-19
2.862407443776824e-06 1.6015754565071495e-19
2.892224187982833e-06 1.6863181478704126e-19
2.9220409321888413e-06 1.6359073804136268e-19
2.9518576763948498e-06 1.6322108904639322e-19
2.9816744206008586e-06 1.5736935532115222e-19
3.011491164806867e-06 1.5960272055832315e-19
3.0413079090128755e-06 1.7058764743907698e-19
3.071124653218884e-06 1.584653985232239e-19
3.100941397424893e-06 1.5326377002438687e-19
3.1307581416309013e-06 1.6577608339223473e-19
3.16057488583691e-06 1.614334408970355e-19
3.1903916300429186e-06 1.5827086621447572e-19
3.220208374248927e-06 1.5552878010264254e-19
3.250025118454936e-06 1.5143489345670898e-19
3.2798418626609444e-06 1.6526252860056271e-19
3.309658606866953e-06 1.5722489367240764e-19
3.3394753510729613e-06 1.443335982623139e-19
3.36929209527897e-06 1.5830122547198933e-19
3.3991088394849786e-06 1.5811372917918557e-19
3.428925583690987e-06 1.5278794352575816e-19
3.458742327896996e-06 1.5113233869379934e-19
3.4885590721030044e-06 1.4715200303037213e-19
3.518375816309013e-06 1.573358841124919e-19
3.5481925605150217e-06 1.5432868448446987e-19
3.57800930472103e-06 1.404247065900978e-19
3.6078260489270386e-06 1.477380950197354e-19
3.637642793133047e-06 1.5289357698240424e-19
3.667459537339056e-06 1.464815755397152e-19
3.6972762815450644e-06 1.4368603408888967e-19
3.727093025751073e-06 1.4028114383066448e-19
3.7569097699570813e-06 1.4751925999084878e-19
3.7867265141630906e-06 1.5148592463791602e-19
3.816543258369099e-06 1.3399327547204264e-19
3.846360002575107e-06 1.3675345771852688e-19
3.876176746781116e-06 1.4892952361973677e-19
3.905993490987125e-06 1.3963710357893998e-19
3.935810235193133e-06 1.3628314598804686e-19
3.965626979399142e-06 1.343015152071742e-19
3.99544372360515e-06 1.3636396049553046e-19
4.025260467811159e-06 1.436719416524336e-19
4.055077212017167e-06 1.2991805508595496e-19
4.0848939562231755e-06 1.2630962295332306e-19
4.114710700429185e-06 1.3864017011891605e-19
4.144527444635193e-06 1.341774099282554e-19
4.174344188841202e-06 1.286044172084931e-19
4.204160933047211e-06 1.2533262640983053e-19
4.2339776772532195e-06 1.256691706484308e-19
4.263794421459227e-06 1.3679291169608168e-19
4.2936111656652356e-06 1.2470820661830522e-19
4.323427909871245e-06 1.1297916301973705e-19
4.353244654077253e-06 1.2892065312746684e-19
4.383061398283262e-06 1.279077972219285e-19
4.41287814248927e-06 1.1787722871283034e-19
4.4426948866952795e-06 1.1669227536172172e-19
4.472511630901288e-06 1.1766655804806392e-19
4.502328375107296e-06 1.2553245570964312e-19
4.532145119313305e-06 1.1785803828845958e-19
4.561961863519313e-06 1.0583166165580335e-19
4.591778607725322e-06 1.170480741438182e-19
4.62159535193133e-06 1.2199409686859846e-19
4.6514120961373395e-06 1.105680584810472e-19
4.681228840343348e-06 1.0608671397100913e-19
4.711045584549356e-06 1.0688577098336963e-19
4.740862328755365e-06 1.1324419008729106e-19
4.770679072961373e-06 1.111311183746504e-19
4.800495817167382e-06 9.572738308163588e-20
4.83031256137339e-06 1.0239014439953538e-19
4.8601293055793995e-06 1.120034371143826e-19
4.889946049785408e-06 1.005479835367452e-19
4.919762793991416e-06 9.572067024896476e-20
4.949579538197425e-06 9.767991448972028e-20
4.979396282403434e-06 1.0069313717653278e-19
5.009213026609443e-06 1.0105263029659134e-19
5.039029770815451e-06 8.797388400759344e-20
5.068846515021459e-06 8.780501423750229e-20
5.098663259227468e-06 9.888485660200836e-20
5.128480003433476e-06 9.169088700532788e-20
5.158296747639485e-06 8.335213549042759e-20
5.188113491845494e-06 8.463832713410733e-20
5.217930236051503e-06 8.72813547268743e-20
5.247746980257511e-06 9.071081895086975e-20
5.2775637244635195e-06 7.972361679193438e-20
5.307380468669528e-06 7.293508428665315e-20
5.337197212875536e-06 8.738043658199899e-20
5.367013957081545e-06 8.338192628755034e-20
5.396830701287553e-06 7.05442991917449e-20
5.426647445493563e-06 7.290517144393007e-20
5.456464189699571e-06 7.402378643061647e-20
5.4862809339055795e-06 7.693064768272156e-20
5.516097678111589e-06 7.042538953062357e-20
5.545914422317597e-06 5.858527570102088e-20
5.575731166523605e-06 6.984494398202155e-20
5.605547910729613e-06 7.463797261902383e-20
5.635364654935623e-06 6.051651766940542e-20
5.665181399141631e-06 5.899264222133405e-20
5.6949981433476395e-06 6.150846477514966e-20
5.724814887553648e-06 6.423167806571228e-20
5.754631631759657e-06 6.237421343574746e-20
5.784448375965666e-06 4.6816635910493275e-20
5.814265120171674e-06 5.3959426315466627e-20
5.844081864377683e-06 6.228789171452459e-20
5.873898608583691e-06 4.700170866755462e-20
5.9037153527896995e-06 4.402506262732823e-20
5.933532096995708e-06 4.718346948725003e-20
5.963348841201717e-06 5.0665673046711753e-20
5.993165585407726e-06 4.9608919255476574e-20
6.022982329613734e-06 3.5358844750172077e-20
6.052799073819743e-06 3.702640560434028e-20
6.082615818025751e-06 4.9660584054904124e-20
6.1124325622317595e-06 3.964725880858669e-20
6.142249306437768e-06 2.946570991664468e-20
6.172066050643777e-06 3.4413441093967546e-20
6.201882794849786e-06 3.5409817639724785e-20
6.231699539055794e-06 3.615239743920528e-20
6.261516283261803e-06 2.4154553363992406e-20
6.291333027467812e-06 1.9975743006707536e-20
6.32114977167382e-06 3.602375908497592e-20
6.350966515879828e-06 2.762772596674567e-20
6.380783260085837e-06 1.5624450045450905e-20
6.410600004291846e-06 2.1120248392615482e-20
6.440416748497854e-06 2.2736303110809085e-20
6.470233492703863e-06 2.2487700609785182e-20
6.500050236909872e-06 1.4163788123323883e-20
6.52986698111588e-06 7.150091321156705e-21
6.559683725321889e-06 1.7855792081306185e-20
6.589500469527897e-06 1.7383167275290888e-20
6.619317213733906e-06 2.368246638453321e-21
6.649133957939914e-06 3.805423662272435e-21
6.678950702145923e-06 9.387489796427023e-21
6.708767446351932e-06 5.8182840885307885e-21
6.73858419055794e-06 3.328135982917031e-21
6.768400934763949e-06 -5.195838366432645e-21
6.798217678969957e-06 -7.394594193716975e-22
6.828034423175966e-06 7.282103951843931e-21
6.857851167381974e-06 -9.56208011822634e-21
6.8876679115879835e-06 -1.0124925139380762e-20
6.917484655793992e-06 -3.390273075037033e-21
6.9473014e-06 -9.351622820913409e-21
6.977118144206009e-06 -9.418655611693306e-21
7.006934888412017e-06 -1.8325064537252436e-20
7.036751632618026e-06 -1.6580875308097958e-20
7.066568376824034e-06 -6.527044602930716e-21
7.0963851210300435e-06 -1.99328231880662e-20
7.126201865236052e-06 -2.5854644113801804e-20
7.15601860944206e-06 -1.703930997969413e-20
7.185835353648069e-06 -1.9432873431277133e-20
7.215652097854077e-06 -2.3197140452828423e-20
7.245468842060086e-06 -2.874041608918197e-20
7.275285586266094e-06 -3.1808571687551413e-20
7.305102330472103e-06 -2.2220572996568586e-20
7.334919074678112e-06 -2.8394630780833083e-20
7.36473581888412e-06 -4.025004478814274e-20
7.394552563090129e-06 -3.203679562839175e-20
7.424369307296137e-06 -2.9787783010548297e-20
7.454186051502146e-06 -3.6497739832699567e-20
7.484002795708154e-06 -3.8803403465593107e-20
7.513819539914163e-06 -4.3862937774913936e-20
7.543636284120173e-06 -3.729527186948398e-20
7.573453028326181e-06 -3.4087569351558725e-20
7.60326977253219e-06 -5.167035205080218e-20
7.633086516738197e-06 -4.873236134028216e-20
7.662903260944206e-06 -4.0761920837736266e-20
7.692720005150214e-06 -4.9636705798160775e-20
7.722536749356223e-06 -4.9729449301681665e-20
7.752353493562233e-06 -5.381715385524517e-20
7.782170237768241e-06 -5.157600608400777e-20
7.81198698197425e-06 -4.539949746707103e-20
7.841803726180258e-06 -6.146177901682611e-20
7.871620470386267e-06 -5.923135321453661e-20
7.901437214592275e-06 -4.8904203581254404e-20
7.931253958798283e-06 -6.007559927390792e-20
7.961070703004294e-06 -5.940931293777747e-20
7.9908874472103e-06 -6.133799940095608e-20
8.020704191416309e-06 -6.593077474736591e-20
8.050520935622317e-06 -5.571422891372696e-20
8.080337679828326e-06 -6.591688575934708e-20
8.110154424034334e-06 -7.407121586695394e-20
8.139971168240343e-06 -6.132122909692921e-20
8.169787912446351e-06 -6.602563866120021e-20
8.199604656652361e-06 -7.116038054382546e-20
8.22942140085837e-06 -6.8935032472904e-20
8.259238145064378e-06 -7.446081298515855e-20
8.289054889270387e-06 -6.855651552085425e-20
8.318871633476395e-06 -7.025778637709469e-20
8.348688377682403e-06 -8.265792668005083e-20
8.378505121888412e-06 -7.300997316324463e-20
8.408321866094422e-06 -7.1888261879768e-20
8.43813861030043e-06 -8.182402249427419e-20
8.467955354506439e-06 -7.756691190244244e-20
8.497772098712447e-06 -8.154882053755357e-20
8.527588842918454e-06 -8.018565667084571e-20
8.557405587124463e-06 -7.579367846078479e-20
8.587222331330471e-06 -8.866352078693976e-20
8.617039075536481e-06 -8.275982675733136e-20
8.64685581974249e-06 -7.633950791780577e-20
8.676672563948498e-06 -8.848269880106249e-20
8.706489308154507e-06 -8.648206028512375e-20
8.736306052360515e-06 -8.68377963252106e-20
8.766122796566524e-06 -8.870760084365633e-20
8.795939540772532e-06 -8.272283229874269e-20
8.82575628497854e-06 -9.269154546697431e-20
8.85557302918455e-06 -9.4974960289575e-20
8.885389773390559e-06 -8.469648483865495e-20
8.915206517596567e-06 -9.25181622144284e-20
8.945023261802576e-06 -9.520013582007539e-20
8.974840006008584e-06 -9.12584632805655e-20
9.004656750214593e-06 -9.682810237536112e-20
9.034473494420601e-06 -9.053145558428758e-20
9.06429023862661e-06 -9.429329931801763e-20
9.094106982832618e-06 -1.0437681228216602e-19
9.123923727038627e-06 -9.246037688759044e-20
9.153740471244635e-06 -9.612897320952379e-20
9.183557215450644e-06 -1.0317485018025198e-19
9.213373959656652e-06 -9.793821116271777e-20
9.24319070386266e-06 -1.0333493714962902e-19
9.27300744806867e-06 -9.91238156498629e-20
9.302824192274679e-06 -9.857764455582965e-20
9.332640936480687e-06 -1.0851898849509914e-19
9.362457680686696e-06 -1.0109700272218202e-19
9.392274424892704e-06 -1.0048681567350634e-19
9.422091169098713e-06 -1.0824616781557264e-19
9.451907913304721e-06 -1.0339069722385575e-19
9.48172465751073e-06 -1.0663806499892688e-19
9.51154140171674e-06 -1.0923969060669416e-19
9.541358145922747e-06 -1.0354938192817444e-19
9.571174890128755e-06 -1.1049558207494276e-19
9.600991634334764e-06 -1.107637004728305e-19
9.630808378540772e-06 -1.0442333617688384e-19
9.66062512274678e-06 -1.1173161932285307e-19
9.690441866952789e-06 -1.1095245223483514e-19
9.720258611158799e-06 -1.0903862735804403e-19
9.750075355364807e-06 -1.1236305991020648e-19
9.779892099570816e-06 -1.0685272369921468e-19
9.809708843776824e-06 -1.1281704203760863e-19
9.839525587982833e-06 -1.171561110284869e-19
9.869342332188841e-06 -1.0894264076871035e-19
9.89915907639485e-06 -1.1467743832076725e-19
9.92897582060086e-06 -1.1668415490512587e-19
9.958792564806868e-06 -1.1249153298339997e-19
9.988609309012877e-06 -1.1720102121653178e-19
1.0018426053218885e-05 -1.1267259469106405e-19
1.0048242797424894e-05 -1.1350600227518345e-19
1.0078059541630902e-05 -1.2040737132911535e-19
1.0107876285836909e-05 -1.1459503042605604e-19
1.0137693030042917e-05 -1.145027714770476e-19
1.0167509774248927e-05 -1.1768373160737293e-19
1.0197326518454936e-05 -1.154324487402131e-19
1.0227143262660944e-05 -1.1961643996523618e-19
1.0256960006866953e-05 -1.1877733080126733e-19
1.0286776751072961e-05 -1.139076805399744e-19
1.031659349527897e-05 -1.208591792676955e-19
1.0346410239484978e-05 -1.2023712818790712e-19
1.0376226983690988e-05 -1.1528892648102073e-19
1.0406043727896997e-05 -1.2007516942427372e-19
1.0435860472103005e-05 -1.1786630310411423e-19
1.0465677216309014e-05 -1.182750407705274e-19
1.0495493960515022e-05 -1.2069146075323066e-19
1.052531070472103e-05 -1.1479113652720784e-19
1.0555127448927039e-05 -1.1990062065888406e-19
1.0584944193133047e-05 -1.2310275913415513e-19
1.0614760937339056e-05 -1.1673269003394406e-19
1.0644577681545064e-05 -1.202570840904591e-19
1.0674394425751073e-05 -1.1948364165344646e-19
1.0704211169957081e-05 -1.1768839811777375e-19
1.073402791416309e-05 -1.2298107710218912e-19
1.0763844658369098e-05 -1.1536796666312596e-19
1.0793661402575107e-05 -1.1557846524632111e-19
1.0823478146781117e-05 -1.2538653706631344e-19
1.0853294890987125e-05 -1.1709641018453853e-19
1.0883111635193134e-05 -1.1563419321859833e-19
1.0912928379399142e-05 -1.2003777782711482e-19
1.094274512360515e-05 -1.1730621194947747e-19
1.0972561867811159e-05 -1.2398025278799462e-19
1.1002378612017167e-05 -1.1732036391617246e-19
1.1032195356223178e-05 -1.125594438123177e-19
1.1062012100429186e-05 -1.2632825686333582e-19
1.1091828844635195e-05 -1.1932363011842912e-19
1.1121645588841201e-05 -1.1423293453248435e-19
1.115146233304721e-05 -1.199359261768492e-19
1.1181279077253218e-05 -1.1531687581500415e-19
1.1211095821459227e-05 -1.2064110111133046e-19
1.1240912565665237e-05 -1.1896889396136986e-19
1.1270729309871245e-05 -1.104524207413827e-19
1.1300546054077254e-05 -1.209688528808616e-19
1.1330362798283262e-05 -1.2085436149208009e-19
1.136017954248927e-05 -1.1174171128534307e-19
1.1389996286695279e-05 -1.1719599705288356e-19
1.1419813030901287e-05 -1.1707067788421435e-19
1.1449629775107296e-05 -1.168032044994307e-19
1.1479446519313306e-05 -1.186897655693262e-19
1.1509263263519315e-05 -1.0882951639500936e-19
1.1539080007725323e-05 -1.1475951959754632e-19
1.1568896751931331e-05 -1.2111890724685192e-19
1.159871349613734e-05 -1.0928712359985786e-19
1.1628530240343348e-05 -1.1269693974253433e-19
1.1658346984549355e-05 -1.147265868340929e-19
1.1688163728755365e-05 -1.1184099822817008e-19
1.1717980472961374e-05 -1.1708587905020811e-19
1.1747797217167382e-05 -1.0775616038278797e-19
1.177761396137339e-05 -1.0875914517337873e-19
1.1807430705579399e-05 -1.19866922704578e-19
1.1837247449785407e-05 -1.0841877141020695e-19
1.1867064193991416e-05 -1.0613308539192662e-19
1.1896880938197426e-05 -1.1197977809201912e-19
1.1926697682403435e-05 -1.0822733959662779e-19
1.1956514426609443e-05 -1.1275665703960625e-19
1.1986331170815451e-05 -1.0684946047123504e-19
1.201614791502146e-05 -1.007211566529946e-19
1.2045964659227468e-05 -1.140772376617489e-19
1.2075781403433477e-05 -1.0874866668113973e-19
1.2105598147639485e-05 -9.908587915387517e-20
1.2135414891845494e-05 -1.0746462935512948e-19
1.2165231636051502e-05 -1.0630651614574223e-19
1.219504838025751e-05 -1.0669750313318589e-19
1.2224865124463519e-05 -1.0557402986549106e-19
1.2254681868669527e-05 -9.651058059462703e-20
1.2284498612875536e-05 -1.057615135075679e-19
1.2314315357081544e-05 -1.0636469627713692e-19
1.2344132101287555e-05 -9.427895694154519e-20
1.2373948845493563e-05 -1.0118686287346194e-19
1.2403765589699571e-05 -1.0237342656548472e-19
1.243358233390558e-05 -9.947296328408662e-20
1.2463399078111588e-05 -1.0345532190872855e-19
1.2493215822317597e-05 -9.293214972841535e-20
1.2523032566523605e-05 -9.588621896406259e-20
1.2552849310729615e-05 -1.0529616061406054e-19
1.2582666054935624e-05 -9.142797160848636e-20
1.2612482799141632e-05 -9.187104309808987e-20
1.264229954334764e-05 -9.867913482762932e-20
1.2672116287553647e-05 -9.44215770340226e-20
1.2701933031759656e-05 -9.59203944772773e-20
1.2731749775965664e-05 -8.68476027474912e-20
1.2761566520171675e-05 -8.845668401349122e-20
1.2791383264377683e-05 -1.0284314713682607e-19
1.2821200008583691e-05 -8.796413929336329e-20
1.28510167527897e-05 -8.286547481551482e-20
1.2880833496995708e-05 -9.533673693745801e-20
1.2910650241201717e-05 -8.982386651121399e-20
1.2940466985407725e-05 -8.905886317218529e-20
1.2970283729613734e-05 -8.543775060764636e-20
1.3000100473819744e-05 -8.086590999422049e-20
1.3029917218025752e-05 -9.400853452500673e-20
1.305973396223176e-05 -8.705334715990499e-20
1.308955070643777e-05 -7.450177752013092e-20
1.3119367450643778e-05 -8.671597369699186e-20
1.3149184194849786e-05 -8.780718663154278e-20
1.3179000939055795e-05 -8.219044340694825e-20
1.3208817683261803e-05 -8.185157631146353e-20
1.3238634427467811e-05 -7.640606152738216e-20
1.326845117167382e-05 -8.551828412504139e-20
1.3298267915879828e-05 -8.607638107586418e-20
1.3328084660085837e-05 -6.964359413808073e-20
1.3357901404291845e-05 -7.67215143859035e-20
1.3387718148497854e-05 -8.380680401304945e-20
1.3417534892703864e-05 -7.650007685784979e-20
1.344735163690987e-05 -7.559601636257212e-20
1.347716838111588e-05 -7.195651909528237e-20
1.3506985125321888e-05 -7.578744230261866e-20
1.3536801869527898e-05 -8.239004744606284e-20
1.3566618613733908e-05 -6.816804431226508e-20
1.3596435357939915e-05 -6.643491005111571e-20
1.3626252102145925e-05 -7.973716054946346e-20
1.3656068846351931e-05 -7.405386456419061e-20
1.368588559055794e-05 -6.891428517991653e-20
1.3715702334763948e-05 -6.751093545164503e-20
1.3745519078969957e-05 -6.744974622575544e-20
1.3775335823175967e-05 -7.687300755741002e-20
1.3805152567381974e-05 -6.608221629188704e-20
1.3834969311587984e-05 -5.638561081800363e-20
1.386478605579399e-05 -7.085081382805212e-20
1.38946028e-05 -6.934401372843677e-20
1.3924419544206008e-05 -6.151962097226492e-20
1.3954236288412018e-05 -6.177521240476964e-20
1.3984053032618028e-05 -6.012386625587633e-20
1.4013869776824035e-05 -6.883312461200218e-20
1.4043686521030045e-05 -6.411289777328058e-20
1.4073503265236051e-05 -5.073946953355047e-20
1.4103320009442062e-05 -6.073038730564696e-20
1.4133136753648068e-05 -6.573354596700366e-20
1.4162953497854079e-05 -5.632647231043618e-20
1.4192770242060087e-05 -5.215454446107838e-20
1.4222586986266094e-05 -5.365749058486365e-20
1.4252403730472104e-05 -5.919407586517679e-20
1.428222047467811e-05 -5.910233352877711e-20
1.431203721888412e-05 -4.579355567263164e-20
1.4341853963090128e-05 -4.9130795046766684e-20
1.4371670707296138e-05 -6.237456061182166e-20
1.4401487451502148e-05 -5.006304264656217e-20
1.4431304195708155e-05 -4.3525281195705485e-20
1.4461120939914165e-05 -4.813944874279832e-20
1.4490937684120171e-05 -4.863548273116582e-20
1.4520754428326182e-05 -5.210020645485478e-20
1.4550571172532188e-05 -4.0655150233156285e-20
1.4580387916738199e-05 -3.784767002219091e-20
1.4610204660944205e-05 -5.277243663378485e-20
1.4640021405150215e-05 -4.5138682002452237e-20
1.4669838149356224e-05 -3.3812131231039365e-20
1.4699654893562232e-05 -3.971776703823786e-20
1.472947163776824e-05 -4.3696103868552527e-20
1.4759288381974248e-05 -4.361335120722117e-20
1.4789105126180258e-05 -3.431256475227731e-20
1.4818921870386264e-05 -2.790099419329288e-20
1.4848738614592275e-05 -4.084655859693406e-20
1.4878555358798285e-05 -4.0934909421180895e-20
1.4908372103004291e-05 -2.8366219636448394e-20
1.4938188847210302e-05 -2.9402258183295224e-20
1.4968005591416308e-05 -3.3197294180708823e-20
1.4997822335622319e-05 -3.4875120223197385e-20
1.5027639079828325e-05 -2.9298925631341943e-20
1.5057455824034335e-05 -2.1727832314640923e-20
1.5087272568240346e-05 -3.057225403050811e-20
1.5117089312446352e-05 -3.563115197510725e-20
1.5146906056652362e-05 -2.3260208256429545e-20
1.517672280085837e-05 -1.9802097470568928e-20
1.520653954506438e-05 -2.607050260555043e-20
1.5236356289270386e-05 -2.625473868015884e-20
1.5266173033476395e-05 -2.407496315893084e-20
1.5295989777682406e-05 -1.558002466819887e-20
1.532580652188841e-05 -1.735880022699442e-20
1.5355623266094423e-05 -2.795103635230884e-20
1.538544001030043e-05 -1.8111468792055946e-20
1.541525675450644e-05 -1.0527695573381029e-20
1.5445073498712445e-05 -1.6965733317586275e-20
1.5474890242918457e-05 -2.005378871980155e-20
1.5504706987124466e-05 -1.6497030325021175e-20
1.553452373133047e-05 -7.398557002664563e-21
1.5564340475536482e-05 -8.002564684494213e-21
1.5594157219742488e-05 -1.8598059128783838e-20
1.56239739639485e-05 -1.3066907924914531e-20
1.5653790708154504e-05 -1.3769024772265009e-21
1.5683607452360516e-05 -6.037212658458384e-21
1.5713424196566525e-05 -1.1032181383005172e-20
1.5743240940772533e-05 -8.59902428703188e-21
1.577305768497854e-05 -2.425103297891403e-21
1.580287442918455e-05 1.1703586266567416e-21
1.583269117339056e-05 -8.328056854888883e-21
1.5862507917596567e-05 -7.169888222324116e-21
1.5892324661802575e-05 5.857178621941995e-21
1.5922141406008587e-05 2.6718095019946772e-21
1.5951958150214592e-05 -2.5043603519528862e-21
1.59817748944206e-05 -3.3687206940202935e-22
1.601159163862661e-05 4.302207837670999e-21
1.6041408382832618e-05 1.0275288292641773e-20
1.6071225127038626e-05 2.99080411477055e-21
1.6101041871244635e-05 -7.751778854985295e-22
1.6130858615450643e-05 1.1139100895953228e-20
1.616067535965665e-05 1.335740321360938e-20
1.6190492103862663e-05 6.535222941146285e-21
1.622030884806867e-05 5.769792044639055e-21
1.625012559227468e-05 1.2115210578124753e-20
1.6279942336480685e-05 1.9002229601484152e-20
1.6309759080686697e-05 1.508638422181155e-20
1.6339575824892702e-05 8.029245145021032e-21
1.6369392569098714e-05 1.6883412546981893e-20
1.6399209313304722e-05 2.3704771266267227e-20
1.642902605751073e-05 1.6717549664945603e-20
1.645884280171674e-05 1.6097988858238136e-20
1.6488659545922748e-05 1.9113006208160533e-20
1.6518476290128756e-05 2.4618462211858812e-20
1.6548293034334765e-05 2.5249235265760344e-20
1.6578109778540773e-05 1.5277618389035984e-20
1.660792652274678e-05 2.2910313870607014e-20
1.663774326695279e-05 3.375867618391066e-20
1.66675600111588e-05 2.721869812244903e-20
1.6697376755364807e-05 2.3824903048447895e-20
1.6727193499570815e-05 2.71388738602308e-20
1.6757010243776824e-05 3.425880929736341e-20
1.6786826987982832e-05 3.5807643547178337e-20
1.6816643732188844e-05 2.6406073113118213e-20
1.684646047639485e-05 2.8805018640858815e-20
1.687627722060086e-05 3.933175250632937e-20
1.6906093964806866e-05 3.7814168284993404e-20
1.6935910709012878e-05 3.2036643971228826e-20
1.6965727453218883e-05 3.3403819458468793e-20
1.6995544197424895e-05 4.010334939433951e-20
1.7025360941630903e-05 4.3090081994136254e-20
1.705517768583691e-05 3.855331057099749e-20
1.708499443004292e-05 3.703184617282121e-20
1.7114811174248925e-05 4.579216265598214e-20
1.7144627918454937e-05 4.822067460174737e-20
1.7174444662660942e-05 4.19322893058939e-20
1.7204261406866954e-05 4.060444442259067e-20
1.7234078151072962e-05 4.548717763204811e-20
1.726389489527897e-05 5.1677437734808755e-20
1.729371163948498e-05 4.721978188113896e-20
1.7323528383690988e-05 4.203579648752943e-20
1.7353345127896996e-05 5.12653617388207e-20
1.7383161872103005e-05 5.662919290793388e-20
1.7412978616309013e-05 5.195239574269612e-20
1.744279536051502e-05 4.994721141931134e-20
1.747261210472103e-05 5.210941288032447e-20
1.7502428848927042e-05 5.874704265984028e-20
1.7532245593133047e-05 5.806653770820464e-20
1.7562062337339055e-05 4.976555508265805e-20
1.7591879081545064e-05 5.6910374449384e-20
1.7621695825751072e-05 6.582526884334719e-20
1.765151256995708e-05 5.809755828163121e-20
1.768132931416309e-05 5.525734137756419e-20
1.77111460583691e-05 6.001224931902057e-20
1.7740962802575106e-05 6.488659904258108e-20
1.7770779546781118e-05 6.828683967109211e-20
1.7800596290987123e-05 5.965928107645929e-20
1.7830413035193135e-05 6.112402817871805e-20
1.786022977939914e-05 7.191627100116683e-20
1.7890046523605152e-05 6.782053225774695e-20
1.791986326781116e-05 6.484658457453712e-20
1.794968001201717e-05 6.584264324597461e-20
1.7979496756223177e-05 7.096669813535807e-20
1.8009313500429186e-05 7.606486786443533e-20
1.8039130244635194e-05 6.807468496674137e-20
1.8068946988841203e-05 6.676417296302773e-20
1.809876373304721e-05 7.68371919045305e-20
1.812858047725322e-05 7.802962220158936e-20
1.8158397221459228e-05 7.191840425471102e-20
1.8188213965665236e-05 7.29111904688291e-20
1.8218030709871245e-05 7.900204760099921e-20
1.8247847454077253e-05 8.351218573054492e-20
1.827766419828326e-05 7.837011339126193e-20
1.830748094248927e-05 7.172106503865277e-20
1.8337297686695282e-05 8.200038475339945e-20
1.8367114430901287e-05 8.739990950694353e-20
1.83969311751073e-05 7.986191652645076e-20
1.8426747919313304e-05 7.90929198257517e-20
1.8456564663519316e-05 8.207014485964744e-20
1.848638140772532e-05 8.948274524905787e-20
1.8516198151931333e-05 8.79656159496392e-20
1.854601489613734e-05 7.816996695431046e-20
1.857583164034335e-05 8.831767867638562e-20
1.8605648384549358e-05 9.543172970765208e-20
1.8635465128755363e-05 8.789742492900949e-20
1.8665281872961375e-05 8.662115077061376e-20
1.869509861716738e-05 8.845022551842674e-20
1.8724915361373392e-05 9.392491038917101e-20
1.8754732105579397e-05 9.618791708836463e-20
1.878454884978541e-05 8.761433897009946e-20
1.8814365593991417e-05 8.985656635725553e-20
1.8844182338197426e-05 1.0152010066467502e-19
1.8873999082403434e-05 9.70834756355283e-20
1.8903815826609443e-05 9.034795533628414e-20
1.893363257081545e-05 9.591771960459235e-20
1.896344931502146e-05 1.0065540589727284e-19
1.8993266059227468e-05 1.0263354230926112e-19
1.902308280343348e-05 9.614579037368377e-20
1.9052899547639485e-05 9.248206677177359e-20
1.9082716291845493e-05 1.0479496109106934e-19
1.91125330360515e-05 1.0451419865190021e-19
1.914234978025751e-05 9.616323589832159e-20
1.917216652446352e-05 9.859055735934649e-20
1.9201983268669527e-05 1.024071913754142e-19
1.923180001287554e-05 1.0693024710024143e-19
1.9261616757081544e-05 1.0301692283730489e-19
1.9291433501287556e-05 9.71326982200746e-20
1.932125024549356e-05 1.0652982035318962e-19
1.9351066989699573e-05 1.1128959739665584e-19
1.9380883733905578e-05 1.0310646400140162e-19
1.941070047811159e-05 1.021815352319558e-19
1.9440517222317598e-05 1.066467533865957e-19
1.9470333966523606e-05 1.084821239464546e-19
1.9500150710729615e-05 1.0887306248854838e-19
1.9529967454935623e-05 1.0198936166887911e-19
1.9559784199141632e-05 1.047132908266189e-19
1.958960094334764e-05 1.1616717928615195e-19
1.961941768755365e-05 1.086494898584543e-19
1.9649234431759657e-05 1.0359205338802591e-19
1.9679051175965666e-05 1.094943785761843e-19
1.9708867920171674e-05 1.1228329564249681e-19
1.9738684664377683e-05 1.1351557212809494e-19
1.976850140858369e-05 1.0416875608363633e-19
1.97983181527897e-05 1.0456991827926013e-19
1.9828134896995708e-05 1.1796347036178392e-19
1.985795164120172e-05 1.1231877784769886e-19
1.9887768385407725e-05 1.0360903730139452e-19
1.9917585129613737e-05 1.0911449180736686e-19
1.994740187381974e-05 1.1474889037468363e-19
1.9977218618025754e-05 1.1709642401129518e-19
2.000703536223176e-05 1.0895964578563588e-19
2.003685210643777e-05 1.0532555527499957e-19
2.006666885064378e-05 1.1922609480716984e-19
2.0096485594849787e-05 1.1586222873412324e-19
2.0126302339055796e-05 1.050855412691364e-19
2.0156119083261804e-05 1.1045999754084206e-19
2.0185935827467813e-05 1.1401096690859009e-19
2.0215752571673818e-05 1.1564146829595476e-19
2.024556931587983e-05 1.1295298052274253e-19
2.0275386060085835e-05 1.0611865062633966e-19
2.0305202804291846e-05 1.1487741921935175e-19
2.0335019548497855e-05 1.224869895963713e-19
2.0364836292703863e-05 1.094776092779366e-19
2.0394653036909872e-05 1.0715355137356631e-19
2.042446978111588e-05 1.1708384803221014e-19
2.045428652532189e-05 1.167676326992323e-19
2.0484103269527897e-05 1.1381751061760405e-19
2.0513920013733906e-05 1.0714896947198722e-19
2.0543736757939917e-05 1.1068841202845772e-19
2.0573553502145923e-05 1.220744908676095e-19
2.0603370246351934e-05 1.1184822477453252e-19
2.063318699055794e-05 1.0574991023941329e-19
2.0663003734763948e-05 1.1569067088229984e-19
2.0692820478969956e-05 1.171791405777423e-19
2.0722637223175965e-05 1.1424397852189715e-19
2.0752453967381977e-05 1.0840989290718568e-19
2.078227071158798e-05 1.095388600452359e-19
2.0812087455793994e-05 1.2075826943325274e-19
2.08419042e-05 1.1476610962381704e-19
2.087172094420601e-05 1.0541108329945523e-19
2.0901537688412015e-05 1.1233094059861907e-19
2.0931354432618027e-05 1.1608625252529046e-19
2.0961171176824036e-05 1.1362023084853041e-19
2.0990987921030044e-05 1.0828693233663882e-19
2.1020804665236053e-05 1.0445900544873435e-19
2.105062140944206e-05 1.1508377160573482e-19
2.108043815364807e-05 1.172011563752835e-19
2.1110254897854078e-05 1.0382854758380393e-19
2.1140071642060086e-05 1.0681395057782938e-19
2.1169888386266095e-05 1.1428751243550514e-19
2.1199705130472103e-05 1.110292788957077e-19
2.1229521874678112e-05 1.0724289912234303e-19
2.125933861888412e-05 1.0295120400271826e-19
2.128915536309013e-05 1.088440961312288e-19
2.1318972107296137e-05 1.1471346914627236e-19
2.1348788851502146e-05 1.0226232120247959e-19
2.1378605595708157e-05 9.968189501687117e-20
2.1408422339914163e-05 1.094716684164301e-19
2.1438239084120174e-05 1.0845846771247825e-19
2.146805582832618e-05 1.0442851899615176e-19
2.149787257253219e-05 9.981642142619071e-20
2.1527689316738196e-05 1.0322657030026203e-19
2.1557506060944208e-05 1.1146039153222061e-19
2.1587322805150213e-05 1.0025296261187223e-19
2.1617139549356225e-05 9.288195042987127e-20
2.1646956293562234e-05 1.0471244814012626e-19
2.1676773037768242e-05 1.0477706753800435e-19
2.170658978197425e-05 9.760906388329506e-20
2.1736406526180256e-05 9.53860453940094e-20
2.1766223270386267e-05 9.456704014751316e-20
2.1796040014592272e-05 1.0400644650470126e-19
2.1825856758798284e-05 1.0002354890089662e-19
2.1855673503004293e-05 8.769465105661764e-20
2.18854902472103e-05 9.690989108737187e-20
2.191530699141631e-05 1.003291383366353e-19
2.1945123735622318e-05 9.392066601190862e-20
2.1974940479828327e-05 9.008441363626773e-20
2.2004757224034335e-05 8.836277963098858e-20
2.2034573968240343e-05 9.635573803179062e-20
2.2064390712446355e-05 9.417361566581379e-20
2.209420745665236e-05 8.2598715300952e-20
2.2124024200858372e-05 8.657955900805734e-20
2.2153840945064377e-05 9.367563501122197e-20
2.218365768927039e-05 8.905793973127517e-20
2.2213474433476394e-05 8.38026994477823e-20
2.2243291177682403e-05 8.373961932319789e-20
2.2273107921888414e-05 8.777558482683472e-20
2.230292466609442e-05 8.944559911015809e-20
2.233274141030043e-05 7.916126220106313e-20
2.2362558154506436e-05 7.661837828295373e-20
2.2392374898712448e-05 8.663094614465271e-20
2.2422191642918453e-05 8.33529919178474e-20
2.2452008387124465e-05 7.596590357650013e-20
2.2481825131330474e-05 7.600613682105198e-20
2.2511641875536482e-05 7.823316699816249e-20
2.254145861974249e-05 8.256577456867497e-20
2.25712753639485e-05 7.455571589762352e-20
2.2601092108154507e-05 6.738950339994846e-20
2.2630908852360516e-05 7.810021787454679e-20
2.2660725596566524e-05 7.82403300508887e-20
2.2690542340772533e-05 7.007734412532237e-20
2.272035908497854e-05 6.878395789050211e-20
2.275017582918455e-05 6.942708330887458e-20
2.2779992573390558e-05 7.496796609800073e-20
2.2809809317596567e-05 7.020958937738567e-20
2.2839626061802575e-05 5.957538265220762e-20
2.2869442806008583e-05 6.637246764786705e-20
2.2899259550214592e-05 7.238917577812628e-20
2.29290762944206e-05 6.400076435481827e-20
2.2958893038626612e-05 5.93416351554019e-20
2.2988709782832617e-05 6.216630258430261e-20
2.301852652703863e-05 6.600109740241437e-20
2.3048343271244634e-05 6.339038716305179e-20
2.3078160015450646e-05 5.311688894502396e-20
2.310797675965665e-05 5.696875319838912e-20
2.3137793503862663e-05 6.338806971283978e-20
2.316761024806867e-05 5.445493486854946e-20
2.319742699227468e-05 5.114809124008142e-20
2.3227243736480688e-05 5.299842201850459e-20
2.3257060480686697e-05 5.509626856373125e-20
2.3286877224892705e-05 5.572377213688438e-20
2.331669396909871e-05 4.725379358034225e-20
2.3346510713304722e-05 4.531167522807689e-20
2.337632745751073e-05 5.232700318009628e-20
2.340614420171674e-05 4.9024866661816466e-20
2.3435960945922747e-05 4.24472286313676e-20
2.3465777690128756e-05 4.274969091895165e-20
2.3495594434334764e-05 4.256184802149753e-20
2.3525411178540773e-05 4.5631106759101056e-20
2.355522792274678e-05 4.0546097443786513e-20
2.3585044666952793e-05 3.1888001117306875e-20
2.3614861411158798e-05 4.154071751562056e-20
2.364467815536481e-05 4.2143051794164604e-20
2.3674494899570815e-05 3.253024660090793e-20
2.3704311643776827e-05 3.3512098614096654e-20
2.3734128387982832e-05 3.3916866606412587e-20
2.376394513218884e-05 3.6288186382204635e-20
2.3793761876394852e-05 3.229287077846291e-20
2.3823578620600857e-05 2.3045549684003318e-20
2.385339536480687e-05 2.8842790208681866e-20
2.3883212109012874e-05 3.203000839429175e-20
2.3913028853218886e-05 2.5018744588644038e-20
2.394284559742489e-05 2.3088971697918132e-20
2.3972662341630903e-05 2.232616932783971e-20
2.400247908583691e-05 2.3916642237179803e-20
2.403229583004292e-05 2.431430625066695e-20
2.4062112574248928e-05 1.5942182343405817e-20
2.4091929318454937e-05 1.8049799456793615e-20
2.4121746062660945e-05 2.3414521671730613e-20
2.4151562806866954e-05 1.5822965139294605e-20
2.4181379551072962e-05 1.387311094193796e-20
2.421119629527897e-05 1.4028807663764477e-20
2.424101303948498e-05 1.2389178713244818e-20
2.4270829783690987e-05 1.5160897436733483e-20
2.4300646527896996e-05 9.191434011985414e-21
2.4330463272103004e-05 6.3086057775592826e-21
2.4360280016309013e-05 1.3045892251492889e-20
2.439009676051502e-05 8.542764162802198e-21
2.441991350472103e-05 4.0181350443362555e-21
2.4449730248927038e-05 6.97209171372866e-21
2.447954699313305e-05 4.624748887651027e-21
2.4509363737339055e-05 5.637512221746413e-21
2.4539180481545067e-05 3.770752225259338e-21
2.4568997225751072e-05 -2.7326164463061263e-21
2.4598813969957084e-05 1.5716539334633109e-21
2.462863071416309e-05 1.2576467353809954e-21
2.46584474583691e-05 -3.1903416146583828e-21
2.468826420257511e-05 -1.903257852370684e-21
2.4718080946781118e-05 -4.720154704221864e-21
2.4747897690987126e-05 -3.1041467478935034e-21
2.4777714435193134e-05 -1.3267429022011662e-21
2.4807531179399143e-05 -9.341484594580145e-21
2.483734792360515e-05 -8.297322869090237e-21
2.486716466781116e-05 -3.08575834248007e-21
2.4896981412017168e-05 -8.06467536622411e-21
2.4926798156223177e-05 -1.0897830249006518e-20
2.4956614900429185e-05 -1.066057024489715e-20
2.4986431644635194e-05 -1.3202821030842859e-20
2.5016248388841202e-05 -1.1321672853150303e-20
2.504606513304721e-05 -1.312228807702379e-20
2.507588187725322e-05 -1.845325436889094e-20
2.510569862145923e-05 -1.1864641161710648e-20
2.5135515365665236e-05 -1.249861405872912e-20
2.5165332109871248e-05 -1.8222614260414484e-20
2.5195148854077253e-05 -1.7640094804134448e-20
2.5224965598283265e-05 -2.0574659884607735e-20
2.525478234248927e-05 -1.544579213999884e-20
2.528459908669528e-05 -1.8664610971813595e-20
2.531441583090129e-05 -2.692226254430754e-20
2.5344232575107295e-05 -1.8919572243558126e-20
2.5374049319313307e-05 -2.1650409765623128e-20
2.5403866063519312e-05 -2.6011533440439243e-20
2.5433682807725324e-05 -2.3378900007039974e-20
2.546349955193133e-05 -2.713043906113567e-20
2.549331629613734e-05 -2.395003843781336e-20
2.552313304034335e-05 -2.2648336931200635e-20
2.5552949784549358e-05 -3.0460622571834074e-20
2.5582766528755366e-05 -2.9188290312206745e-20
2.5612583272961374e-05 -2.4136762898982187e-20
2.5642400017167383e-05 -2.900776546590587e-20
2.567221676137339e-05 -3.127651055534816e-20
2.57020335055794e-05 -3.1797778267867224e-20
2.5731850249785408e-05 -3.2714233722614004e-20
2.5761666993991417e-05 -2.886654608223067e-20
2.5791483738197425e-05 -3.330555467067541e-20
2.5821300482403434e-05 -3.65810467289579e-20
2.5851117226609442e-05 -3.085710928887151e-20
2.588093397081545e-05 -3.342003691371491e-20
2.591075071502146e-05 -3.6506104283962e-20
2.5940567459227467e-05 -3.5179649502824423e-20
2.5970384203433476e-05 -3.656328328885931e-20
2.6000200947639488e-05 -3.2049475907356153e-20
2.6030017691845493e-05 -3.525771376934166e-20
2.6059834436051505e-05 -4.373172937129436e-20
2.608965118025751e-05 -3.580739685314879e-20
2.611946792446352e-05 -3.4682640215740973e-20
2.6149284668669527e-05 -4.055150812200372e-20
2.617910141287554e-05 -3.9883534243662725e-20
2.6208918157081547e-05 -4.1996697086827677e-20
2.6238734901287555e-05 -3.532582218377794e-20
2.6268551645493564e-05 -3.487479469080582e-20
2.6298368389699572e-05 -4.687267086839946e-20
2.632818513390558e-05 -4.151299880396211e-20
2.635800187811159e-05 -3.3657920294623446e-20
2.6387818622317598e-05 -4.008147250100474e-20
2.6417635366523606e-05 -4.449435824581125e-20
2.6447452110729614e-05 -4.324309280901678e-20
2.6477268854935623e-05 -3.9119349732399226e-20
2.650708559914163e-05 -3.7636181423587513e-20
2.653690234334764e-05 -4.587461475828926e-20
2.6566719087553648e-05 -4.74719415939621e-20
2.6596535831759657e-05 -3.675011138679918e-20
2.662635257596567e-05 -3.7347415680597185e-20
2.6656169320171674e-05 -4.674183186674622e-20
2.6685986064377685e-05 -4.5640404399629e-20
2.671580280858369e-05 -4.008293946113873e-20
2.6745619552789702e-05 -3.768973383840885e-20
2.6775436296995707e-05 -4.387017739599742e-20
2.680525304120172e-05 -5.092371242652658e-20
2.6835069785407728e-05 -3.982327328176686e-20
2.6864886529613733e-05 -3.64131062794285e-20
2.689470327381974e-05 -4.738165248881968e-20
2.6924520018025753e-05 -4.497703897703111e-20
2.695433676223176e-05 -4.1734504148772603e-20
2.6984153506437767e-05 -3.799336123624883e-20
2.7013970250643775e-05 -3.943957445544694e-20
2.7043786994849787e-05 -5.0152694641095225e-20
2.7073603739055795e-05 -4.098629023550739e-20
2.71034204832618e-05 -3.356897996711415e-20
2.7133237227467816e-05 -4.3718060909396486e-20
2.716305397167382e-05 -4.711356404307281e-20
2.719287071587983e-05 -4.211700376155801e-20
2.7222687460085834e-05 -3.6302827323667716e-20
2.725250420429185e-05 -3.904851063480476e-20
2.7282320948497854e-05 -4.871936295979598e-20
2.7312137692703863e-05 -4.3778614693592046e-20
2.7341954436909875e-05 -3.131517846864216e-20
2.737177118111588e-05 -3.789413239437412e-20
2.7401587925321888e-05 -4.748791611937878e-20
2.7431404669527897e-05 -4.2115587705549664e-20
2.746122141373391e-05 -3.4683638020882717e-20
2.7491038157939914e-05 -3.4495753560059216e-20
2.7520854902145922e-05 -4.3994747619807734e-20
2.7550671646351934e-05 -4.5204577432063923e-20
2.7580488390557942e-05 -3.1547750478208306e-20
2.7610305134763947e-05 -3.3407811149021747e-20
2.7640121878969956e-05 -4.58910639816315e-20
2.7669938623175968e-05 -4.1629879531393895e-20
2.7699755367381976e-05 -3.1425890969509537e-20
2.772957211158798e-05 -3.101513899366182e-20
2.7759388855793996e-05 -3.9841456632472174e-20
2.77892056e-05 -4.251225986725219e-20
2.781902234420601e-05 -3.0140371087167083e-20
2.7848839088412015e-05 -2.6770488556315288e-20
2.7878655832618027e-05 -3.89807454808987e-20
2.7908472576824035e-05 -4.1653166955532224e-20
2.7938289321030044e-05 -3.056833787956922e-20
2.7968106065236056e-05 -2.586171185437964e-20
2.799792280944206e-05 -3.469299718514484e-20
2.802773955364807e-05 -3.9591928195746214e-20
2.8057556297854074e-05 -2.937890564644418e-20
2.808737304206009e-05 -2.0682603548247098e-20
2.8117189786266094e-05 -3.1857361549063134e-20
2.8147006530472103e-05 -3.8414185362853307e-20
2.8176823274678115e-05 -2.592139205078831e-20
2.8206640018884123e-05 -2.0981146263636105e-20
2.8236456763090128e-05 -2.691216656423833e-20
2.8266273507296137e-05 -3.4398846905231585e-20
2.829609025150215e-05 -2.770573004029943e-20
2.8325906995708157e-05 -1.5693338055072502e-20
2.8355723739914162e-05 -2.5155746574471266e-20
2.8385540484120174e-05 -3.422348894411754e-20
2.8415357228326182e-05 -2.44249348616828e-20
2.8445173972532187e-05 -1.3624313761852158e-20
2.8474990716738196e-05 -1.9243360440375866e-20
2.8504807460944208e-05 -2.9257469558831e-20
2.8534624205150216e-05 -2.5015287700467843e-20
2.856444094935622e-05 -1.1732785605569001e-20
2.8594257693562236e-05 -1.3187771294376919e-20
2.862407443776824e-05 -2.8132807750287384e-20
2.865389118197425e-05 -2.2345087637831933e-20
2.8683707926180255e-05 -8.446926987945576e-21
2.871352467038627e-05 -1.1835465959312435e-20
2.8743341414592275e-05 -2.150737518787533e-20
2.8773158158798284e-05 -2.1191661549534458e-20
2.8802974903004296e-05 -6.1868562628851165e-21
2.8832791647210304e-05 -3.64578659263463e-21
2.886260839141631e-05 -1.8932925948521533e-20
2.8892425135622318e-05 -1.756301854872966e-20
2.892224187982833e-05 -2.570223129696371e-21
2.8952058624034334e-05 -1.445745669458085e-21
2.8981875368240343e-05 -1.2442370140436633e-20
2.9011692112446355e-05 -1.600863599201948e-20
2.9041508856652363e-05 -2.1374144125153435e-21
2.9071325600858368e-05 5.5567059233820224e-21
2.9101142345064377e-05 -9.069819686210676e-21
2.913095908927039e-05 -1.408657945232873e-20
2.9160775833476397e-05 9.198361282378265e-22
2.9190592577682402e-05 7.29614811969246e-21
2.922040932188841e-05 -3.431430516475442e-21
2.9250226066094422e-05 -9.168807613670158e-21
2.928004281030043e-05 3.397274985735112e-21
2.9309859554506436e-05 1.2010383025375074e-20
2.9339676298712448e-05 1.313213262232919e-21
2.9369493042918456e-05 -7.50932241825977e-21
2.9399309787124465e-05 5.110235562749816e-21
2.942912653133047e-05 1.5821751043031456e-20
2.945894327553648e-05 5.09590356518906e-21
2.948876001974249e-05 -2.368123535924938e-21
2.9518576763948495e-05 6.1443182868187305e-21
2.954839350815451e-05 1.8285696632521218e-20
2.9578210252360515e-05 1.2090375169433724e-20
2.9608026996566524e-05 -7.332486860979876e-22
2.963784374077253e-05 1.0277164950338119e-20
2.9667660484978544e-05 2.2754542231271542e-20
2.969747722918455e-05 1.6243918409299147e-20
2.9727293973390558e-05 4.5530033466788746e-21
2.975711071759657e-05 8.825517208509843e-21
2.9786927461802578e-05 2.486281089034461e-20
2.9816744206008583e-05 2.2440276953135928e-20
2.984656095021459e-05 7.988423784223744e-21
2.9876377694420603e-05 1.2207016057905498e-20
2.990619443862661e-05 2.8035391554964715e-20
2.9936011182832617e-05 2.6779683789233128e-20
2.996582792703863e-05 1.3879985913039464e-20
2.9995644671244637e-05 1.540326396964829e-20
3.0025461415450642e-05 2.988784420913393e-20
3.005527815965665e-05 3.136607218871447e-20
3.0085094903862662e-05 1.7127694664736176e-20
3.011491164806867e-05 1.7513200334585327e-20
3.0144728392274676e-05 3.30652989688469e-20
3.017454513648069e-05 3.445017826901853e-20
3.0204361880686696e-05 2.2722120729747955e-20
3.0234178624892705e-05 1.9794451166978286e-20
3.026399536909871e-05 3.3234019038983905e-20
3.0293812113304725e-05 4.1172890991883174e-20
3.032362885751073e-05 2.8801040037776104e-20
3.035344560171674e-05 2.234529340070929e-20
3.038326234592275e-05 3.7049169712683205e-20
3.041307909012876e-05 4.542204119289514e-20
3.0442895834334764e-05 3.317245867624469e-20
3.0472712578540772e-05 2.543021821221271e-20
3.0502529322746784e-05 3.7129782649479425e-20
3.053234606695279e-05 4.911666372293901e-20
3.05621628111588e-05 3.8568951262204677e-20
3.059197955536481e-05 2.807490568334742e-20
3.0621796299570815e-05 4.190623921935487e-20
3.065161304377682e-05 5.160786616432233e-20
3.068142978798283e-05 4.3376496400467036e-20
3.071124653218885e-05 3.4365938012540994e-20
3.074106327639485e-05 4.04654053415396e-20
3.077088002060086e-05 5.597603866366488e-20
3.080069676480687e-05 5.0091304092517375e-20
3.083051350901288e-05 3.544291001575888e-20
3.086033025321888e-05 4.5350137913648246e-20
3.089014699742489e-05 5.764553741958081e-20
3.0919963741630906e-05 5.27905317791039e-20
3.0949780485836914e-05 4.3278052873623253e-20
3.0979597230042916e-05 4.5009210715129186e-20
3.100941397424893e-05 6.037353326841069e-20
3.103923071845494e-05 6.098322375565711e-20
3.106904746266094e-05 4.630409206169707e-20
3.109886420686695e-05 4.886647495160836e-20
3.1128680951072965e-05 6.396646466364306e-20
3.1158497695278973e-05 6.366951574331785e-20
3.1188314439484975e-05 5.082013866559198e-20
3.121813118369099e-05 5.092277635966743e-20
3.1247947927897e-05 6.324105698240996e-20
3.127776467210301e-05 6.689117941474836e-20
3.130758141630901e-05 5.552208266145939e-20
3.1337398160515024e-05 5.1277084212889665e-20
3.136721490472103e-05 6.755106879345728e-20
3.139703164892704e-05 7.120968072700322e-20
3.142684839313305e-05 5.892882615715664e-20
3.145666513733906e-05 5.724338075197263e-20
3.1486481881545066e-05 6.542766108784124e-20
3.1516298625751075e-05 7.432943241432918e-20
3.154611536995708e-05 6.63985646653185e-20
3.157593211416309e-05 5.552200633998853e-20
3.16057488583691e-05 6.766076494183631e-20
3.163556560257511e-05 7.708856078442922e-20
3.166538234678112e-05 6.773986346521356e-20
3.1695199090987126e-05 6.017449180351061e-20
3.1725015835193134e-05 6.809233926930536e-20
3.175483257939914e-05 7.983331933332846e-20
3.178464932360515e-05 7.367156045966105e-20
3.181446606781116e-05 6.147012911093385e-20
3.1844282812017175e-05 7.059094940206634e-20
3.1874099556223176e-05 8.225796867212576e-20
3.1903916300429185e-05 7.525169175445509e-20
3.193373304463519e-05 6.618540255400312e-20
3.19635497888412e-05 6.959352059239526e-20
3.199336653304721e-05 8.213137567384473e-20
3.202318327725322e-05 8.113590090826282e-20
3.205300002145923e-05 6.66318024001939e-20
3.2082816765665235e-05 6.934953479883299e-20
3.2112633509871244e-05 8.549372504694256e-20
3.214245025407725e-05 8.303979488169744e-20
3.217226699828327e-05 7.025720381864517e-20
3.220208374248927e-05 7.354068036559793e-20
3.223190048669528e-05 8.33274343884441e-20
3.2261717230901286e-05 8.584108036006824e-20
3.22915339751073e-05 7.653562585560654e-20
3.23213507193133e-05 7.185304652106897e-20
3.235116746351931e-05 8.55608883971014e-20
3.238098420772533e-05 8.802401157753746e-20
3.2410800951931335e-05 7.580483775429911e-20
3.244061769613734e-05 7.419918108381595e-20
3.2470434440343345e-05 8.475241854045832e-20
3.250025118454936e-05 9.24632762564758e-20
3.253006792875537e-05 8.282958763422565e-20
3.255988467296137e-05 7.393567675500597e-20
3.2589701417167386e-05 8.530967179162931e-20
3.2619518161373394e-05 9.43707304292785e-20
3.2649334905579396e-05 8.328253550930414e-20
3.2679151649785404e-05 7.636542557549109e-20
3.270896839399142e-05 8.572567468213286e-20
3.273878513819743e-05 9.188068697412239e-20
3.276860188240343e-05 8.744234510204234e-20
3.2798418626609445e-05 7.840688320408974e-20
3.2828235370815453e-05 8.354769447309625e-20
3.285805211502146e-05 9.58603400468885e-20
3.2887868859227464e-05 8.88780393487771e-20
3.291768560343348e-05 8.096565273707664e-20
3.294750234763949e-05 8.72173387974325e-20
3.2977319091845496e-05 9.415602449741486e-20
3.3007135836051504e-05 9.396941558102943e-20
3.303695258025751e-05 8.414807351832556e-20
3.306676932446352e-05 8.195084499646245e-20
3.309658606866953e-05 9.537098078257764e-20
3.312640281287554e-05 9.575367721639378e-20
3.3156219557081546e-05 8.362249146041529e-20
3.3186036301287555e-05 8.500150363091479e-20
3.321585304549356e-05 9.450322458650276e-20
3.324566978969957e-05 9.626581180199089e-20
3.327548653390558e-05 8.799725040354652e-20
3.330530327811159e-05 8.41772338210853e-20
3.33351200223176e-05 9.438248505517221e-20
3.3364936766523606e-05 9.866355011483008e-20
3.3394753510729614e-05 8.886290174158462e-20
3.342457025493563e-05 8.479720480465982e-20
3.345438699914163e-05 9.205340341996801e-20
3.348420374334764e-05 9.788158492462709e-20
3.351402048755365e-05 9.125779276270025e-20
3.3543837231759656e-05 8.306998873636867e-20
3.3573653975965665e-05 9.229333944813384e-20
3.360347072017167e-05 1.0099257393001049e-19
3.363328746437769e-05 9.117109413362647e-20
3.366310420858369e-05 8.537842176895846e-20
3.36929209527897e-05 9.167298619625169e-20
3.372273769699571e-05 9.71294519080436e-20
3.375255444120172e-05 9.552489951815775e-20
3.3782371185407724e-05 8.524312587009053e-20
3.381218792961373e-05 8.753524731990152e-20
3.384200467381975e-05 1.0078365279740537e-19
3.3871821418025756e-05 9.37163272240613e-20
3.390163816223176e-05 8.388087754013463e-20
3.3931454906437766e-05 8.915474061963078e-20
3.396127165064378e-05 9.644734949351576e-20
3.399108839484979e-05 9.69232726168914e-20
3.402090513905579e-05 8.592313844449221e-20
3.405072188326181e-05 8.554021532967196e-20
3.4080538627467815e-05 9.797675958046823e-20
3.411035537167382e-05 9.707276730953994e-20
3.4140172115879825e-05 8.540910732968578e-20
3.416998886008584e-05 8.420390447002988e-20
3.419980560429185e-05 9.414740157311992e-20
3.422962234849785e-05 9.71549185990535e-20
3.4259439092703866e-05 8.801909488409642e-20
3.4289255836909874e-05 8.135529220366669e-20
3.431907258111588e-05 9.272598260443647e-20
3.4348889325321884e-05 9.957708787011449e-20
3.43787060695279e-05 8.747911462485484e-20
3.440852281373391e-05 8.30646228552891e-20
3.4438339557939917e-05 9.027743240944225e-20
3.4468156302145925e-05 9.709757730874618e-20
3.4497973046351933e-05 9.113491032144538e-20
3.452778979055794e-05 7.82423109948604e-20
3.455760653476395e-05 8.576369411766922e-20
3.458742327896996e-05 9.826002331235506e-20
3.461724002317597e-05 8.94059532256799e-20
3.4647056767381976e-05 7.979901767861449e-20
3.4676873511587984e-05 8.53190048089473e-20
