0.0 6.349759572128778e-20
2.980552431712192e-08 6.327369163419829e-20
5.961104863424384e-08 6.941944503355424e-20
8.941657295136575e-08 5.891154972695685e-20
1.1922209726848767e-07 5.90132377129202e-20
1.490276215856096e-07 6.351067161364648e-20
1.788331459027315e-07 5.839541336972804e-20
2.0863867021985342e-07 6.008743622317205e-20
2.3844419453697535e-07 5.495009237073041e-20
2.682497188540973e-07 5.238343753892902e-20
2.980552431712192e-07 6.035585342393942e-20
3.278607674883411e-07 5.2496437010666374e-20
3.57666291805463e-07 4.667743341644908e-20
3.87471816122585e-07 5.241523955081455e-20
4.1727734043970685e-07 4.9389263283536094e-20
4.470828647568288e-07 4.787662538096046e-20
4.768883890739507e-07 4.600985866550912e-20
5.066939133910726e-07 4.216055193051778e-20
5.364994377081945e-07 4.9017479163654613e-20
5.663049620253165e-07 4.5545918733234635e-20
5.961104863424384e-07 3.569555582126622e-20
6.259160106595604e-07 4.1684854976067187e-20
6.557215349766822e-07 4.179893526004284e-20
6.855270592938041e-07 3.818638001841851e-20
7.15332583610926e-07 3.7256648426210796e-20
7.451381079280481e-07 3.079907871323022e-20
7.7494363224517e-07 3.6582229650627757e-20
8.047491565622918e-07 3.585614817446167e-20
8.345546808794137e-07 2.5177862580363297e-20
8.643602051965357e-07 2.9417169911446914e-20
8.941657295136577e-07 2.9383692359299123e-20
9.239712538307795e-07 2.7829356283590774e-20
9.537767781479014e-07 2.8758631304893603e-20
9.835823024650234e-07 2.001878562805627e-20
1.0133878267821451e-06 2.2559026729958586e-20
1.0431933510992673e-06 2.7415151995990536e-20
1.072998875416389e-06 1.754814580486827e-20
1.102804399733511e-06 1.5982859870517912e-20
1.132609924050633e-06 1.960353176853509e-20
1.1624154483677548e-06 1.540459452732056e-20
1.1922209726848768e-06 1.5707133088520988e-20
1.2220264970019988e-06 1.2283050454066423e-20
1.2518320213191208e-06 6.635726825380069e-21
1.2816375456362425e-06 1.6231407360687797e-20
1.3114430699533645e-06 1.1291437992036076e-20
1.3412485942704863e-06 -9.170560676523657e-22
1.3710541185876082e-06 7.645928209076472e-21
1.4008596429047302e-06 5.627697156520197e-21
1.430665167221852e-06 1.5051444256024334e-21
1.4604706915389742e-06 9.677645753056117e-22
1.4902762158560962e-06 -8.153832640045207e-21
1.520081740173218e-06 -7.817319694794715e-24
1.54988726449034e-06 -3.7997347072541925e-22
1.5796927888074619e-06 -1.4978856770629506e-20
1.6094983131245836e-06 -8.804880738296061e-21
1.6393038374417056e-06 -6.0816542761888204e-21
1.6691093617588274e-06 -1.1803934383280068e-20
1.6989148860759494e-06 -1.3938058807655483e-20
1.7287204103930713e-06 -2.1063744600047438e-20
1.7585259347101935e-06 -1.6002081902527712e-20
1.7883314590273153e-06 -1.0884455114729286e-20
1.8181369833444373e-06 -2.543943599817048e-20
1.847942507661559e-06 -2.6659410170138752e-20
1.877748031978681e-06 -2.056479432023912e-20
1.907553556295803e-06 -2.6152878845986233e-20
1.937359080612925e-06 -2.845257047664964e-20
1.9671646049300467e-06 -3.3794303250098655e-20
1.9969701292471685e-06 -3.2127126310381885e-20
2.0267756535642903e-06 -2.582290148285632e-20
2.0565811778814125e-06 -3.805191036826686e-20
2.0863867021985347e-06 -4.2714748702362095e-20
2.1161922265156564e-06 -3.444898431630691e-20
2.145997750832778e-06 -3.801519195514682e-20
2.1758032751499004e-06 -4.294355909545286e-20
2.205608799467022e-06 -4.590497269559409e-20
2.235414323784144e-06 -4.9492628691222377e-20
2.265219848101266e-06 -4.217288118728183e-20
2.295025372418388e-06 -4.829530399338047e-20
2.3248308967355096e-06 -6.002337066772153e-20
2.3546364210526314e-06 -5.072802733133913e-20
2.3844419453697536e-06 -5.186172907883158e-20
2.4142474696868758e-06 -5.643756750293276e-20
2.4440529940039976e-06 -5.751725772806204e-20
2.4738585183211193e-06 -6.481749032618828e-20
2.5036640426382415e-06 -5.69483194256017e-20
2.5334695669553633e-06 -5.75399558075847e-20
2.563275091272485e-06 -7.277194309856102e-20
2.5930806155896072e-06 -6.844734403400912e-20
2.622886139906729e-06 -6.124399690468197e-20
2.652691664223851e-06 -6.906807461225321e-20
2.6824971885409725e-06 -7.416601051736579e-20
2.7123027128580947e-06 -7.643622825914726e-20
2.7421082371752165e-06 -7.330713990025692e-20
2.7719137614923387e-06 -6.910103968492972e-20
2.8017192858094604e-06 -8.207115583034303e-20
2.8315248101265826e-06 -8.412083393271141e-20
2.861330334443704e-06 -7.355765250917007e-20
2.891135858760826e-06 -8.060892417999668e-20
2.9209413830779484e-06 -8.580618351444457e-20
2.95074690739507e-06 -8.517747331358802e-20
2.9805524317121923e-06 -8.670563678210286e-20
3.0103579560293137e-06 -8.28530307373552e-20
3.040163480346436e-06 -8.990561070714417e-20
3.0699690046635576e-06 -9.808929928408461e-20
3.09977452898068e-06 -8.810843684872417e-20
3.1295800532978016e-06 -8.586145582174418e-20
3.1593855776149238e-06 -9.696461642019518e-20
3.189191101932046e-06 -9.880539274076596e-20
3.2189966262491673e-06 -9.532148620615225e-20
3.2488021505662895e-06 -9.264639413992463e-20
3.2786076748834112e-06 -9.771063372045034e-20
3.3084131992005334e-06 -1.0817093523332807e-19
3.3382187235176548e-06 -1.0018077417194474e-19
3.368024247834777e-06 -9.471050114722176e-20
3.3978297721518987e-06 -1.0545877962786988e-19
3.427635296469021e-06 -1.0792549194739455e-19
3.4574408207861427e-06 -1.0742922741195368e-19
3.487246345103265e-06 -1.0277404379586022e-19
3.517051869420387e-06 -1.0184356159180595e-19
3.5468573937375084e-06 -1.1600500649358386e-19
3.5766629180546306e-06 -1.1157250809911834e-19
3.6064684423717524e-06 -1.0056933435864529e-19
3.6362739666888746e-06 -1.1078631959052827e-19
3.666079491005996e-06 -1.1600053959593174e-19
3.695885015323118e-06 -1.1386533812292574e-19
3.72569053964024e-06 -1.12623484395391e-19
3.755496063957362e-06 -1.0969942605969956e-19
3.785301588274484e-06 -1.1982219710245466e-19
3.815107112591606e-06 -1.226168897994767e-19
3.844912636908728e-06 -1.093518971932293e-19
3.87471816122585e-06 -1.14991351553833e-19
3.904523685542972e-06 -1.223296002192813e-19
3.9343292098600935e-06 -1.1977492112433088e-19
3.964134734177215e-06 -1.1800600426420698e-19
3.993940258494337e-06 -1.128128131824973e-19
4.02374578281146e-06 -1.2306837138408088e-19
4.0535513071285806e-06 -1.2854429698909194e-19
4.083356831445703e-06 -1.1547399926949346e-19
4.113162355762825e-06 -1.177610106229827e-19
4.142967880079947e-06 -1.2620070842880463e-19
4.172773404397069e-06 -1.2627260254542804e-19
4.202578928714191e-06 -1.233426233771059e-19
4.232384453031313e-06 -1.1719824299037392e-19
4.262189977348435e-06 -1.235845746460743e-19
4.291995501665556e-06 -1.317814387990227e-19
4.321801025982678e-06 -1.2116937836343532e-19
4.351606550299801e-06 -1.1752562885960818e-19
4.381412074616922e-06 -1.2619460188378012e-19
4.411217598934044e-06 -1.28928215428777e-19
4.441023123251166e-06 -1.2661852232659668e-19
4.470828647568288e-06 -1.2014992538379176e-19
4.5006341718854104e-06 -1.2194345247229972e-19
4.530439696202532e-06 -1.3424758508069257e-19
4.560245220519654e-06 -1.2688891416185917e-19
4.590050744836776e-06 -1.1588679454270333e-19
4.6198562691538975e-06 -1.2671843026675094e-19
4.649661793471019e-06 -1.2875314015479703e-19
4.679467317788142e-06 -1.264002270196278e-19
4.709272842105263e-06 -1.2449167434497731e-19
4.7390783664223854e-06 -1.1822824128848252e-19
4.768883890739507e-06 -1.2990342629648578e-19
4.798689415056629e-06 -1.3112117829362271e-19
4.8284949393737516e-06 -1.1826827426816887e-19
4.858300463690873e-06 -1.2307582767587364e-19
4.888105988007995e-06 -1.305574293401118e-19
4.917911512325117e-06 -1.2850079865930117e-19
4.947717036642239e-06 -1.2090620351737575e-19
4.97752256095936e-06 -1.184662117081695e-19
5.007328085276483e-06 -1.2810266734148086e-19
5.037133609593604e-06 -1.3005601989394217e-19
5.0669391339107265e-06 -1.1747991901032604e-19
5.096744658227848e-06 -1.1841170885452203e-19
5.12655018254497e-06 -1.2733519321472547e-19
5.156355706862093e-06 -1.250985351777229e-19
5.1861612311792145e-06 -1.2245889356924818e-19
5.215966755496335e-06 -1.1774080413371758e-19
5.245772279813458e-06 -1.2124859746584804e-19
5.27557780413058e-06 -1.2868771649043935e-19
5.305383328447702e-06 -1.1792155802017976e-19
5.335188852764823e-06 -1.1465990186045774e-19
5.364994377081945e-06 -1.2204357694936047e-19
5.394799901399068e-06 -1.2155250766088628e-19
5.4246054257161894e-06 -1.2007984451803073e-19
5.454410950033312e-06 -1.1361014307631424e-19
5.484216474350433e-06 -1.1592131752485067e-19
5.514021998667556e-06 -1.2682704184855758e-19
5.543827522984677e-06 -1.1650829410742905e-19
5.5736330473018e-06 -1.0886118558695684e-19
5.603438571618921e-06 -1.19726247582152e-19
5.633244095936043e-06 -1.2047828618261764e-19
5.663049620253165e-06 -1.1586450564312888e-19
5.692855144570287e-06 -1.115162586358515e-19
5.722660668887408e-06 -1.0928174845195142e-19
5.7524661932045306e-06 -1.1934381634384855e-19
5.782271717521652e-06 -1.163310939834278e-19
5.812077241838775e-06 -1.0366307806405429e-19
5.841882766155897e-06 -1.095775002511773e-19
5.871688290473018e-06 -1.1471731988645024e-19
5.90149381479014e-06 -1.1078328602647877e-19
5.931299339107262e-06 -1.0765807747259527e-19
5.961104863424385e-06 -1.0405435956414228e-19
5.9909103877415055e-06 -1.105671225785309e-19
6.020715912058627e-06 -1.1292917102964962e-19
6.05052143637575e-06 -9.970192249376815e-20
6.080326960692872e-06 -1.0033579917671177e-19
6.110132485009994e-06 -1.0787240424478736e-19
6.139938009327115e-06 -1.0399567527741092e-19
6.169743533644238e-06 -1.0114284898726159e-19
6.19954905796136e-06 -9.664772790210652e-20
6.229354582278481e-06 -9.904008745910704e-20
6.259160106595603e-06 -1.070301126455967e-19
6.288965630912725e-06 -9.523545769154603e-20
6.3187711552298475e-06 -9.000639054327639e-20
6.348576679546969e-06 -1.0099838340158593e-19
6.378382203864092e-06 -9.744995195871956e-20
6.408187728181213e-06 -9.242424655522142e-20
6.437993252498335e-06 -8.920651816648785e-20
6.467798776815457e-06 -8.690055199570573e-20
6.497604301132579e-06 -9.570978567510779e-20
6.5274098254497e-06 -8.919849634057159e-20
6.5572153497668225e-06 -7.867639016419941e-20
6.587020874083944e-06 -8.710379685829102e-20
6.616826398401067e-06 -8.794362612383959e-20
6.646631922718188e-06 -8.247356041062708e-20
6.6764374470353096e-06 -8.078626652050529e-20
6.706242971352432e-06 -7.595733150256465e-20
6.736048495669554e-06 -8.214305318652433e-20
6.7658540199866766e-06 -8.224821793301611e-20
6.7956595443037975e-06 -6.775420089768528e-20
6.825465068620919e-06 -7.255169267331389e-20
6.855270592938042e-06 -7.659188202576151e-20
6.885076117255164e-06 -6.942138548303603e-20
6.914881641572285e-06 -6.933522652904098e-20
6.944687165889407e-06 -6.23330609534154e-20
6.97449269020653e-06 -6.611142945728476e-20
7.0042982145236515e-06 -7.439935506935456e-20
7.034103738840774e-06 -5.686858449450198e-20
7.063909263157895e-06 -5.444436036918377e-20
7.093714787475017e-06 -6.6733504281349e-20
7.1235203117921394e-06 -5.893079150484782e-20
7.153325836109261e-06 -5.436941040703629e-20
7.183131360426382e-06 -5.072676382882908e-20
7.212936884743505e-06 -4.910931273816758e-20
7.2427424090606265e-06 -5.783868856372672e-20
7.272547933377749e-06 -4.603153229670894e-20
7.30235345769487e-06 -3.900666079697727e-20
7.332158982011992e-06 -4.979217719582258e-20
7.361964506329114e-06 -4.537784190411098e-20
7.391770030646236e-06 -4.1553093228384614e-20
7.421575554963359e-06 -3.866140987573342e-20
7.45138107928048e-06 -3.451894784106367e-20
7.4811866035976015e-06 -4.296989237025716e-20
7.510992127914724e-06 -3.7269269948750057e-20
7.540797652231846e-06 -2.410971704635382e-20
7.570603176548968e-06 -3.170950598382033e-20
7.600408700866089e-06 -3.4941139296877684e-20
7.630214225183211e-06 -2.6025511528288053e-20
7.660019749500334e-06 -2.3875363945404418e-20
7.689825273817456e-06 -2.047876623251659e-20
7.719630798134577e-06 -2.4572527752497464e-20
7.7494363224517e-06 -2.7135216579158456e-20
7.77924184676882e-06 -1.0864002696822552e-20
7.809047371085943e-06 -1.5195922928269472e-20
7.838852895403064e-06 -2.2959785082156278e-20
7.868658419720187e-06 -1.237611671328368e-20
7.89846394403731e-06 -1.2351313886613134e-20
7.92826946835443e-06 -6.541499098471741e-21
7.958074992671553e-06 -5.6204865601601544e-21
7.987880516988674e-06 -1.4246545002840152e-20
8.017686041305797e-06 -1.1474633317880166e-21
8.04749156562292e-06 3.1898530538531042e-21
8.07729708994004e-06 -7.31456818123843e-21
8.107102614257161e-06 -1.63178222158289e-21
8.136908138574284e-06 1.7311184110766586e-21
8.166713662891406e-06 3.55687881653984e-21
8.196519187208529e-06 8.530699394124493e-21
8.22632471152565e-06 -9.562067334332974e-22
8.256130235842772e-06 5.9746295685854205e-21
8.285935760159893e-06 1.9061505437754728e-20
8.315741284477016e-06 8.001715477414945e-21
8.345546808794139e-06 9.214419936096018e-21
8.37535233311126e-06 1.7188201778109676e-20
8.405157857428382e-06 1.7497660709356757e-20
8.434963381745503e-06 2.213146624737083e-20
8.464768906062626e-06 1.475242463727092e-20
8.494574430379747e-06 1.4951442579699173e-20
8.52437995469687e-06 3.106209313571149e-20
8.554185479013992e-06 2.3884680429777493e-20
8.583991003331113e-06 1.7772833718780394e-20
8.613796527648235e-06 2.7734065850761245e-20
8.643602051965356e-06 2.8985023063786985e-20
8.673407576282479e-06 3.398256226099802e-20
8.703213100599602e-06 2.8989574151401275e-20
8.733018624916722e-06 2.461824630791222e-20
8.762824149233843e-06 4.1787651501373996e-20
8.792629673550966e-06 3.900033309088914e-20
8.822435197868089e-06 2.88649260311455e-20
8.852240722185211e-06 3.704976548938809e-20
8.882046246502332e-06 4.127678426195861e-20
8.911851770819455e-06 4.2876023817366477e-20
8.941657295136576e-06 4.1094569394892424e-20
8.971462819453698e-06 3.552207664914237e-20
9.001268343770821e-06 4.593948825747538e-20
9.031073868087942e-06 5.274037014798767e-20
9.060879392405064e-06 4.126455838240284e-20
9.090684916722185e-06 4.402662860243494e-20
9.120490441039308e-06 5.260018187082353e-20
9.150295965356429e-06 5.20888840410726e-20
9.180101489673551e-06 5.3659563630507716e-20
9.209907013990674e-06 4.639059322472699e-20
9.239712538307795e-06 4.999080995043593e-20
9.269518062624918e-06 6.437970272257283e-20
9.299323586942039e-06 5.2603931213558435e-20
9.329129111259161e-06 5.000695413915168e-20
9.358934635576284e-06 6.121504753654729e-20
9.388740159893405e-06 5.90236961523236e-20
9.418545684210526e-06 6.379569105852604e-20
9.448351208527648e-06 5.709310143076552e-20
9.478156732844771e-06 5.521054598371676e-20
9.507962257161893e-06 7.265247211152087e-20
9.537767781479014e-06 6.413779050925172e-20
9.567573305796137e-06 5.735855747439477e-20
9.597378830113258e-06 6.59385643889126e-20
9.62718435443038e-06 6.732379792104118e-20
9.656989878747503e-06 7.12954404022329e-20
9.686795403064624e-06 6.549770154958159e-20
9.716600927381747e-06 6.090179476651612e-20
9.746406451698868e-06 7.555302278990715e-20
9.77621197601599e-06 7.610743576272064e-20
9.806017500333111e-06 6.411430988984669e-20
9.835823024650234e-06 6.943537161876662e-20
9.865628548967356e-06 7.55712577562113e-20
9.895434073284477e-06 7.732453303828004e-20
9.9252395976016e-06 7.537873531387124e-20
9.95504512191872e-06 6.591882619821486e-20
9.984850646235843e-06 7.7123100262116e-20
1.0014656170552966e-05 8.685567474409606e-20
1.0044461694870087e-05 7.045804503727948e-20
1.0074267219187208e-05 7.129022240956758e-20
1.010407274350433e-05 8.315263428419055e-20
1.0133878267821453e-05 8.204987840090347e-20
1.0163683792138576e-05 8.118847914256434e-20
1.0193489316455697e-05 7.369651723421701e-20
1.0223294840772818e-05 7.893070372538343e-20
1.025310036508994e-05 9.226983440997639e-20
1.0282905889407063e-05 7.854085001546264e-20
1.0312711413724185e-05 7.450525212012439e-20
1.0342516938041306e-05 8.658984705040183e-20
1.0372322462358429e-05 8.685120884337612e-20
1.040212798667555e-05 8.553317435382366e-20
1.043193351099267e-05 7.936802456747598e-20
1.0461739035309793e-05 8.065073298525483e-20
1.0491544559626916e-05 9.467599019524907e-20
1.0521350083944039e-05 8.810239160192978e-20
1.055115560826116e-05 7.856491608089879e-20
1.0580961132578282e-05 8.933789673722063e-20
1.0610766656895405e-05 9.165871531683271e-20
1.0640572181212527e-05 8.958802696845448e-20
1.0670377705529647e-05 8.670904932699631e-20
1.070018322984677e-05 8.099244801641257e-20
1.072998875416389e-05 9.56624898873568e-20
1.0759794278481013e-05 9.660205938480033e-20
1.0789599802798135e-05 7.974826612973127e-20
1.0819405327115258e-05 8.821543404962886e-20
1.0849210851432379e-05 9.617581821992426e-20
1.0879016375749501e-05 9.298362742814759e-20
1.0908821900066624e-05 9.120326102221353e-20
1.0938627424383743e-05 8.462991067180797e-20
1.0968432948700866e-05 9.367725300244067e-20
1.0998238473017989e-05 1.0182932141516648e-19
1.1028043997335111e-05 8.60487078700941e-20
1.1057849521652232e-05 8.573823812172414e-20
1.1087655045969355e-05 9.761797291428652e-20
1.1117460570286477e-05 9.521459801842838e-20
1.11472660946036e-05 9.253453142550361e-20
1.1177071618920721e-05 8.714812043152321e-20
1.1206877143237842e-05 9.081044366753866e-20
1.1236682667554963e-05 1.0318484328083205e-19
1.1266488191872085e-05 9.06952653739787e-20
1.1296293716189208e-05 8.386823675315717e-20
1.132609924050633e-05 9.856992939601812e-20
1.1355904764823451e-05 9.669903375037656e-20
1.1385710289140574e-05 9.2093695651313e-20
1.1415515813457697e-05 8.875397943022884e-20
1.1445321337774816e-05 8.547639038212993e-20
1.1475126862091939e-05 1.0178892639019377e-19
1.1504932386409061e-05 9.571385872783264e-20
1.1534737910726182e-05 7.900298554961947e-20
1.1564543435043305e-05 9.366609910990558e-20
1.1594348959360427e-05 9.699116463166378e-20
1.162415448367755e-05 9.007388905666893e-20
1.165396000799467e-05 8.871014861612886e-20
1.1683765532311793e-05 8.313688134071734e-20
1.1713571056628914e-05 9.447350030897781e-20
1.1743376580946035e-05 9.642233541847311e-20
1.1773182105263158e-05 7.728548922690261e-20
1.180298762958028e-05 8.354267457889266e-20
1.1832793153897403e-05 9.491601327509556e-20
1.1862598678214524e-05 8.682532297546685e-20
1.1892404202531647e-05 8.331638560734136e-20
1.192220972684877e-05 7.951294905655986e-20
1.1952015251165892e-05 8.527517540134959e-20
1.1981820775483011e-05 9.438194182456555e-20
1.2011626299800134e-05 7.694236226722846e-20
1.2041431824117255e-05 7.516463439083347e-20
1.2071237348434377e-05 8.966620373484321e-20
1.21010428727515e-05 8.28045298370091e-20
1.2130848397068622e-05 7.827403139237831e-20
1.2160653921385743e-05 7.356084399468951e-20
1.2190459445702866e-05 7.455048130274023e-20
1.2220264970019989e-05 8.805738438140723e-20
1.2250070494337108e-05 7.52537052972594e-20
1.227987601865423e-05 6.436009743666882e-20
1.2309681542971353e-05 7.98251399213251e-20
1.2339487067288476e-05 7.926622051986593e-20
1.2369292591605597e-05 7.127440221540248e-20
1.239909811592272e-05 6.8952709348206e-20
1.2428903640239842e-05 6.643864018047104e-20
1.2458709164556963e-05 7.80127548123092e-20
1.2488514688874085e-05 7.29184209495769e-20
1.2518320213191206e-05 5.601659111270648e-20
1.2548125737508327e-05 6.787165408760415e-20
1.257793126182545e-05 7.226809379002381e-20
1.2607736786142572e-05 6.287715343353497e-20
1.2637542310459695e-05 6.127663837891183e-20
1.2667347834776816e-05 5.647156413918321e-20
1.2697153359093939e-05 6.700915594748738e-20
1.2726958883411061e-05 6.924717533465995e-20
1.2756764407728184e-05 4.900960530546868e-20
1.2786569932045303e-05 5.666316743364638e-20
1.2816375456362426e-05 6.643929188824091e-20
1.2846180980679547e-05 5.69747688101219e-20
1.287598650499667e-05 5.219556393587762e-20
1.2905792029313792e-05 4.736541991350045e-20
1.2935597553630914e-05 5.570088019892203e-20
1.2965403077948035e-05 6.15345205071173e-20
1.2995208602265158e-05 4.343269208412214e-20
1.3025014126582279e-05 4.107707149630938e-20
1.30548196508994e-05 5.739338616082779e-20
1.3084625175216522e-05 5.29746188120507e-20
1.3114430699533645e-05 4.1770452439461193e-20
1.3144236223850768e-05 4.2238608895569394e-20
1.3174041748167889e-05 4.5045695087013944e-20
1.3203847272485011e-05 5.174591160384635e-20
1.3233652796802134e-05 4.0496821769829067e-20
1.3263458321119256e-05 2.8665467065768373e-20
1.3293263845436376e-05 4.5755039729047175e-20
1.3323069369753498e-05 4.5937307150779013e-20
1.3352874894070619e-05 3.2747844624580355e-20
1.3382680418387742e-05 3.317467691320243e-20
1.3412485942704864e-05 3.322443768705352e-20
1.3442291467021987e-05 4.124364718486754e-20
1.3472096991339108e-05 3.6775718130386084e-20
1.350190251565623e-05 2.0734329716602744e-20
1.3531708039973353e-05 3.269336711889656e-20
1.3561513564290472e-05 3.8275427990700055e-20
1.3591319088607595e-05 2.6892890842407766e-20
1.3621124612924718e-05 2.5667493730018923e-20
1.3650930137241838e-05 2.1698272432894573e-20
1.3680735661558961e-05 2.836618045467809e-20
1.3710541185876084e-05 3.188547387992745e-20
1.3740346710193206e-05 1.2228648974938456e-20
1.3770152234510327e-05 1.799801602124411e-20
1.379995775882745e-05 3.177861443417481e-20
1.382976328314457e-05 1.8406805354719772e-20
1.3859568807461692e-05 1.5312597366768806e-20
1.3889374331778814e-05 1.5919748465260608e-20
1.3919179856095937e-05 1.726296059378478e-20
1.394898538041306e-05 2.513922733723272e-20
1.397879090473018e-05 8.341805116995974e-21
1.4008596429047303e-05 4.246319556211117e-21
1.4038401953364426e-05 2.123374153186499e-20
1.4068207477681548e-05 1.2939724522594843e-20
1.4098013001998668e-05 5.272657396818351e-21
1.412781852631579e-05 6.605304321442738e-21
1.4157624050632911e-05 7.201959781732353e-21
1.4187429574950034e-05 1.5491141711948338e-20
1.4217235099267156e-05 5.106515157030388e-21
1.4247040623584279e-05 -6.915288665562565e-21
1.42768461479014e-05 8.71388051586708e-21
1.4306651672218522e-05 1.1234368621920825e-20
1.4336457196535645e-05 -3.549846292752785e-21
1.4366262720852764e-05 -3.722951040975529e-21
1.4396068245169887e-05 -1.7800548969185698e-21
1.442587376948701e-05 2.742364837499513e-21
1.4455679293804132e-05 9.005649386295981e-22
1.4485484818121253e-05 -1.4600803308317494e-20
1.4515290342438376e-05 -5.076855182120211e-21
1.4545095866755498e-05 4.445186849166855e-21
1.4574901391072621e-05 -9.201585462818088e-21
1.460470691538974e-05 -1.1310071419002248e-20
1.4634512439706863e-05 -9.583464133147834e-21
1.4664317964023984e-05 -6.730212413949251e-21
1.4694123488341106e-05 -3.9739045576220934e-21
1.4723929012658229e-05 -1.9893580205929115e-20
1.4753734536975351e-05 -2.0016530157943076e-20
1.4783540061292472e-05 -4.3308832169065045e-21
1.4813345585609595e-05 -1.382417184291267e-20
1.4843151109926718e-05 -2.2394441631744886e-20
1.4872956634243837e-05 -1.8384365109791185e-20
1.490276215856096e-05 -1.6957750151448224e-20
1.4932567682878082e-05 -1.2221096654700839e-20
1.4962373207195203e-05 -2.2546036276968905e-20
1.4992178731512326e-05 -3.063282264889857e-20
1.5021984255829448e-05 -1.439793703991055e-20
1.505178978014657e-05 -1.6966713656949864e-20
1.5081595304463692e-05 -3.115055406315917e-20
1.5111400828780814e-05 -2.771859674503002e-20
1.5141206353097935e-05 -2.669001486767778e-20
1.5171011877415056e-05 -2.1248426186788665e-20
1.5200817401732179e-05 -2.681321509763665e-20
1.5230622926049301e-05 -4.1363540015252463e-20
1.5260428450366422e-05 -2.4915271056446966e-20
1.5290233974683545e-05 -2.273468870171239e-20
1.5320039499000668e-05 -3.8151976845152615e-20
1.534984502331779e-05 -3.5274638950356e-20
1.5379650547634913e-05 -3.5499250814077826e-20
1.5409456071952032e-05 -2.9234152084914885e-20
1.5439261596269155e-05 -3.095203098299256e-20
1.5469067120586277e-05 -4.988453184283329e-20
1.54988726449034e-05 -3.978176727203157e-20
1.552867816922052e-05 -2.8212319196341915e-20
1.555848369353764e-05 -4.395741885755927e-20
1.5588289217854764e-05 -4.7625356262107656e-20
1.5618094742171887e-05 -4.3015027345447336e-20
1.564790026648901e-05 -4.026242346534904e-20
1.567770579080613e-05 -3.8767147774653376e-20
1.570751131512325e-05 -5.505049546034806e-20
1.5737316839440374e-05 -5.246140841282306e-20
1.5767122363757497e-05 -3.5886261345616074e-20
1.579692788807462e-05 -4.892088645579223e-20
1.582673341239174e-05 -5.767408799914096e-20
1.585653893670886e-05 -5.442620945567077e-20
1.5886344461025984e-05 -5.0868770426455653e-20
1.5916149985343106e-05 -4.5735013895435843e-20
1.5945955509660226e-05 -5.995441802668666e-20
1.5975761033977348e-05 -6.416254354483179e-20
1.600556655829447e-05 -4.750134842210837e-20
1.6035372082611593e-05 -5.2007005678146034e-20
1.6065177606928716e-05 -6.487840908349075e-20
1.609498313124584e-05 -6.301808595996139e-20
1.612478865556296e-05 -5.771008420898713e-20
1.615459417988008e-05 -5.562477672997706e-20
1.6184399704197203e-05 -6.375885078040148e-20
1.6214205228514322e-05 -7.236732553271051e-20
1.6244010752831445e-05 -6.00891950580851e-20
1.6273816277148567e-05 -5.589437211295798e-20
1.630362180146569e-05 -7.304194561069216e-20
1.6333427325782813e-05 -7.215875067499383e-20
1.6363232850099935e-05 -6.532483344534777e-20
1.6393038374417058e-05 -6.410918306636402e-20
1.642284389873418e-05 -6.574803069790641e-20
1.64526494230513e-05 -8.045760286397279e-20
1.6482454947368422e-05 -7.260115306872618e-20
1.6512260471685545e-05 -5.981739510687324e-20
1.6542065996002664e-05 -7.56848200050065e-20
1.6571871520319787e-05 -8.061121750018676e-20
1.660167704463691e-05 -7.417024475628837e-20
1.6631482568954032e-05 -7.046142172535739e-20
1.6661288093271155e-05 -7.009849168527316e-20
1.6691093617588277e-05 -8.595750342916618e-20
1.6720899141905397e-05 -8.289931131722452e-20
1.675070466622252e-05 -6.529121759430304e-20
1.6780510190539642e-05 -7.747460178557962e-20
1.6810315714856764e-05 -8.709322562276543e-20
1.6840121239173884e-05 -7.970263613507432e-20
1.6869926763491006e-05 -7.571943428595391e-20
1.689973228780813e-05 -7.45890931863053e-20
1.692953781212525e-05 -8.745909311115261e-20
1.6959343336442374e-05 -9.152534581908051e-20
1.6989148860759493e-05 -7.29399509816858e-20
1.7018954385076616e-05 -7.70086659873057e-20
1.704875990939374e-05 -9.291079970281893e-20
1.707856543371086e-05 -8.557241725570736e-20
1.7108370958027984e-05 -7.876284632305145e-20
1.7138176482345103e-05 -7.945625333417273e-20
1.7167982006662226e-05 -8.648536229069036e-20
1.7197787530979348e-05 -9.520833206020657e-20
1.722759305529647e-05 -7.910711964611092e-20
1.725739857961359e-05 -7.581709470265099e-20
1.7287204103930713e-05 -9.461926313793448e-20
1.7317009628247835e-05 -9.11783712879476e-20
1.7346815152564958e-05 -8.525595204050546e-20
1.737662067688208e-05 -8.205557595903811e-20
1.7406426201199203e-05 -8.426594083454113e-20
1.7436231725516326e-05 -9.948183949648028e-20
1.7466037249833445e-05 -8.772471992690494e-20
1.7495842774150568e-05 -7.47196162695151e-20
1.7525648298467687e-05 -9.334710977844839e-20
1.755545382278481e-05 -9.77992370643742e-20
1.7585259347101932e-05 -8.528306221603355e-20
1.7615064871419055e-05 -8.327762260753532e-20
1.7644870395736177e-05 -8.726555430286265e-20
1.76746759200533e-05 -9.810422011450078e-20
1.7704481444370422e-05 -9.485756194201855e-20
1.7734286968687545e-05 -7.876273356702672e-20
1.7764092493004664e-05 -9.059725208631018e-20
1.7793898017321787e-05 -1.0092174805695361e-19
1.782370354163891e-05 -9.101387187787595e-20
1.785350906595603e-05 -8.723829673967426e-20
1.788331459027315e-05 -8.595649897950239e-20
1.7913120114590274e-05 -9.742451163201198e-20
1.7942925638907397e-05 -1.0171406322009458e-19
1.797273116322452e-05 -8.149718359743335e-20
1.8002536687541642e-05 -8.724299879397386e-20
1.803234221185876e-05 -1.0508613155108564e-19
1.8062147736175884e-05 -9.515299638627385e-20
1.8091953260493006e-05 -8.941467758556223e-20
1.812175878481013e-05 -9.02995722879458e-20
1.8151564309127248e-05 -9.559889107429621e-20
1.818136983344437e-05 -1.068130081370565e-19
1.8211175357761493e-05 -8.836995646757122e-20
1.8240980882078616e-05 -8.313397322022748e-20
1.827078640639574e-05 -1.0728739546050112e-19
1.8300591930712858e-05 -9.973557245961302e-20
1.833039745502998e-05 -8.882884201213864e-20
1.8360202979347103e-05 -9.380416773331644e-20
1.8390008503664226e-05 -9.59585738401181e-20
1.8419814027981348e-05 -1.0735714664390782e-19
1.8449619552298467e-05 -9.673034488227956e-20
1.847942507661559e-05 -8.308901309151889e-20
1.8509230600932713e-05 -1.0599775785797309e-19
1.8539036125249835e-05 -1.0679890040819135e-19
1.8568841649566954e-05 -9.095786519490514e-20
1.8598647173884077e-05 -9.598925626308734e-20
1.86284526982012e-05 -9.770584363676216e-20
1.8658258222518322e-05 -1.0571247239987564e-19
1.8688063746835445e-05 -1.0416523244083937e-19
1.8717869271152568e-05 -8.566415410773295e-20
1.874767479546969e-05 -9.986868429002052e-20
1.877748031978681e-05 -1.1323154746193359e-19
1.8807285844103932e-05 -9.605056505313886e-20
1.883709136842105e-05 -9.543786856733438e-20
1.8866896892738174e-05 -1.0021728339860903e-19
1.8896702417055296e-05 -1.0422483072096577e-19
1.892650794137242e-05 -1.0999221116667606e-19
1.8956313465689542e-05 -9.028213600475838e-20
1.8986118990006664e-05 -9.431270974406683e-20
1.9015924514323787e-05 -1.1579068876760269e-19
1.904573003864091e-05 -1.0123580194648887e-19
1.907553556295803e-05 -9.51469413110944e-20
1.910534108727515e-05 -1.0174684521940412e-19
1.9135146611592274e-05 -1.0398461997554341e-19
1.9164952135909393e-05 -1.1276140444834907e-19
1.9194757660226516e-05 -9.816384467536746e-20
1.922456318454364e-05 -9.236387229684894e-20
1.925436870886076e-05 -1.1516297713333726e-19
1.9284174233177884e-05 -1.0705785863242055e-19
1.9313979757495006e-05 -9.541866622556042e-20
1.9343785281812126e-05 -1.0437558082556755e-19
1.9373590806129248e-05 -1.0410676854889698e-19
1.940339633044637e-05 -1.0969933700557966e-19
1.9433201854763493e-05 -1.0427718877546563e-19
1.9463007379080613e-05 -9.089514131092352e-20
1.9492812903397735e-05 -1.1133857183867867e-19
1.9522618427714858e-05 -1.1643047722940539e-19
1.955242395203198e-05 -9.562520980357451e-20
1.9582229476349103e-05 -1.0289683716514675e-19
1.9612035000666222e-05 -1.0814722943872358e-19
1.9641840524983345e-05 -1.078466748668509e-19
1.9671646049300467e-05 -1.0860279984110003e-19
1.970145157361759e-05 -9.07555044653915e-20
1.9731257097934713e-05 -1.054216421971995e-19
1.9761062622251832e-05 -1.2070514156509088e-19
1.9790868146568955e-05 -9.690403024708238e-20
1.9820673670886077e-05 -9.857605969071527e-20
1.98504791952032e-05 -1.0936462255188567e-19
1.988028471952032e-05 -1.0881899017398433e-19
1.991009024383744e-05 -1.1109239215895916e-19
1.9939895768154564e-05 -9.561695995476811e-20
1.9969701292471687e-05 -1.0025941773523255e-19
1.999950681678881e-05 -1.2068570619694106e-19
2.0029312341105932e-05 -1.0315459080313567e-19
2.0059117865423055e-05 -9.513927640872154e-20
2.0088923389740174e-05 -1.076560825016773e-19
2.0118728914057297e-05 -1.0613417322892074e-19
2.0148534438374416e-05 -1.0953179931026964e-19
2.017833996269154e-05 -1.0022376803269263e-19
2.020814548700866e-05 -9.463745018220454e-20
2.0237951011325784e-05 -1.1560937773840254e-19
2.0267756535642906e-05 -1.0783006613401884e-19
2.029756205996003e-05 -9.380584884795099e-20
2.032736758427715e-05 -1.0550120912818372e-19
2.0357173108594274e-05 -1.0643627320616421e-19
2.0386978632911393e-05 -1.0672600121407763e-19
2.0416784157228516e-05 -1.0343851380250509e-19
2.0446589681545635e-05 -9.103473529263218e-20
2.0476395205862758e-05 -1.0765161977207546e-19
2.050620073017988e-05 -1.1218621706117878e-19
2.0536006254497003e-05 -9.085773546059774e-20
2.0565811778814126e-05 -9.922753813048052e-20
2.0595617303131248e-05 -1.065159071671309e-19
2.062542282744837e-05 -1.0312616506386335e-19
2.065522835176549e-05 -1.0371002945472546e-19
2.0685033876082613e-05 -9.213972783612922e-20
2.0714839400399735e-05 -1.0062923703812376e-19
2.0744644924716858e-05 -1.1232353437844143e-19
2.0774450449033977e-05 -9.210849135340005e-20
2.08042559733511e-05 -9.085163102487239e-20
2.083406149766822e-05 -1.0474341824385889e-19
2.086386702198534e-05 -9.867069267594741e-20
2.0893672546302464e-05 -9.86825202867551e-20
2.0923478070619587e-05 -9.225377941614085e-20
2.095328359493671e-05 -9.044717072587636e-20
2.0983089119253832e-05 -1.094566260054527e-19
2.1012894643570955e-05 -9.500909685546752e-20
2.1042700167888077e-05 -8.403439663697262e-20
2.1072505692205196e-05 -1.0093650379533058e-19
2.110231121652232e-05 -9.629165250221327e-20
2.113211674083944e-05 -9.49588051168253e-20
2.1161922265156564e-05 -9.14381695953165e-20
2.1191727789473687e-05 -8.312893250865244e-20
2.122153331379081e-05 -1.0151449618520203e-19
2.1251338838107932e-05 -9.620132585149948e-20
2.1281144362425055e-05 -7.719341035156521e-20
2.1310949886742174e-05 -9.280955765325656e-20
2.1340755411059293e-05 -9.546469615197954e-20
2.1370560935376416e-05 -8.693654882663071e-20
2.140036645969354e-05 -8.998353317282092e-20
2.143017198401066e-05 -8.117080469229889e-20
2.145997750832778e-05 -9.01352582970055e-20
2.1489783032644903e-05 -9.737142104536797e-20
2.1519588556962025e-05 -7.547139774526577e-20
2.1549394081279148e-05 -8.277763065293309e-20
2.157919960559627e-05 -9.243781938530671e-20
2.1609005129913393e-05 -8.252071833834566e-20
2.1638810654230516e-05 -8.592547792364336e-20
2.166861617854764e-05 -7.791779169439629e-20
2.1698421702864758e-05 -8.174896776972605e-20
2.172822722718188e-05 -9.475663048277509e-20
2.1758032751499003e-05 -7.567095667208327e-20
2.1787838275816126e-05 -7.503925680353862e-20
2.1817643800133248e-05 -8.819460690400403e-20
2.1847449324450364e-05 -8.113586912600245e-20
2.1877254848767487e-05 -8.1099370714192e-20
2.190706037308461e-05 -7.617524269524277e-20
2.1936865897401732e-05 -7.442464685561383e-20
2.1966671421718855e-05 -8.795888114910709e-20
2.1996476946035977e-05 -7.721080373412825e-20
2.20262824703531e-05 -6.801438814283364e-20
2.2056087994670222e-05 -8.177122239211549e-20
2.208589351898734e-05 -7.983446235028158e-20
2.2115699043304464e-05 -7.562003139542507e-20
2.2145504567621587e-05 -7.45950603042758e-20
2.217531009193871e-05 -6.975109563183891e-20
2.2205115616255832e-05 -8.21654432611205e-20
2.2234921140572955e-05 -7.896060794722393e-20
2.2264726664890077e-05 -6.149867891376198e-20
2.22945321892072e-05 -7.467097555957539e-20
2.232433771352432e-05 -7.899330954833983e-20
2.2354143237841442e-05 -6.81173880371421e-20
2.238394876215856e-05 -7.168818807113113e-20
2.2413754286475684e-05 -6.650919329935122e-20
2.2443559810792806e-05 -7.187097021701715e-20
2.2473365335109925e-05 -7.916162106115622e-20
2.2503170859427048e-05 -6.112669280502121e-20
2.253297638374417e-05 -6.545183927141277e-20
2.2562781908061293e-05 -7.606444941233657e-20
2.2592587432378416e-05 -6.575599518383423e-20
2.262239295669554e-05 -6.584177539414405e-20
2.265219848101266e-05 -6.436718973542198e-20
2.268200400532978e-05 -6.416472366775439e-20
2.2711809529646903e-05 -7.281511629335821e-20
2.2741615053964026e-05 -5.974516685131287e-20
2.2771420578281148e-05 -5.535374507541541e-20
2.280122610259827e-05 -7.02990760138841e-20
2.2831031626915393e-05 -6.168159006018475e-20
2.2860837151232516e-05 -5.870721381342867e-20
2.2890642675549632e-05 -6.255854788435628e-20
2.2920448199866754e-05 -5.557926537199362e-20
2.2950253724183877e-05 -6.517239798357457e-20
2.2980059248501e-05 -5.900122658430757e-20
2.3009864772818122e-05 -4.7019069454609206e-20
2.3039670297135245e-05 -6.252699764296716e-20
2.3069475821452364e-05 -5.818361565562238e-20
2.3099281345769487e-05 -4.963736452888099e-20
2.312908687008661e-05 -5.556330956379716e-20
2.3158892394403732e-05 -4.841768411216262e-20
2.3188697918720855e-05 -5.571091772561111e-20
2.3218503443037977e-05 -5.753977571344398e-20
2.32483089673551e-05 -4.0203172204185245e-20
2.3278114491672222e-05 -5.116407505905121e-20
2.330792001598934e-05 -5.450899235135842e-20
2.3337725540306464e-05 -4.179553617232969e-20
2.3367531064623587e-05 -4.7698484582612714e-20
2.339733658894071e-05 -4.224710822549142e-20
2.342714211325783e-05 -4.2775429943197516e-20
2.3456947637574948e-05 -5.212539972566953e-20
2.348675316189207e-05 -3.4676361623986914e-20
2.3516558686209193e-05 -3.503810886194512e-20
2.3546364210526316e-05 -4.82806986369493e-20
2.357616973484344e-05 -3.663847067602262e-20
2.360597525916056e-05 -3.602257820334272e-20
2.3635780783477684e-05 -3.597367804537395e-20
2.3665586307794806e-05 -3.1110821526893434e-20
2.3695391832111925e-05 -4.2961002734374215e-20
2.3725197356429048e-05 -3.010351711385335e-20
2.375500288074617e-05 -1.9925100855527422e-20
2.3784808405063293e-05 -3.929453378887467e-20
2.3814613929380416e-05 -2.9393600406950996e-20
2.384441945369754e-05 -2.226511355222649e-20
2.387422497801466e-05 -2.9145227166040896e-20
2.3904030502331784e-05 -1.9254617375702206e-20
2.3933836026648903e-05 -3.1343623570262446e-20
2.3963641550966022e-05 -2.7667268698267356e-20
2.3993447075283145e-05 -9.047782288969129e-21
2.4023252599600267e-05 -2.624301866871343e-20
2.405305812391739e-05 -2.4255326153005823e-20
2.408286364823451e-05 -1.1646133243180942e-20
2.4112669172551632e-05 -1.7666846675072696e-20
2.4142474696868754e-05 -1.1187135462213678e-20
2.4172280221185877e-05 -1.4137167007190824e-20
2.4202085745503e-05 -1.9257693199032398e-20
2.4231891269820122e-05 -2.546432751044175e-21
2.4261696794137245e-05 -7.928391564143412e-21
2.4291502318454368e-05 -1.7151147103969492e-20
2.4321307842771487e-05 -2.868145993284366e-21
2.435111336708861e-05 -6.367730986665626e-21
2.4380918891405732e-05 -4.868248580861543e-21
2.4410724415722855e-05 -8.4653629193274475e-22
2.4440529940039977e-05 -1.1016573674879352e-20
2.4470335464357093e-05 5.143313359323019e-21
2.4500140988674216e-05 7.036107313990684e-21
2.4529946512991338e-05 -7.665121532343455e-21
2.455975203730846e-05 5.280841167248e-21
2.4589557561625584e-05 7.885510870075355e-21
2.4619363085942706e-05 5.2943080384168245e-21
2.464916861025983e-05 1.0575261889777182e-20
2.467897413457695e-05 1.6780916848274317e-21
2.470877965889407e-05 9.670965685798406e-21
2.4738585183211193e-05 2.1052564498788754e-20
2.4768390707528316e-05 5.407152203909935e-21
2.479819623184544e-05 1.1119725410704382e-20
2.482800175616256e-05 2.1105174657069197e-20
2.4857807280479684e-05 1.33797324039573e-20
2.4887612804796806e-05 2.2793134734419197e-20
2.4917418329113925e-05 1.7520395564611258e-20
2.4947223853431048e-05 1.5210297623703175e-20
2.497702937774817e-05 3.4713646927985993e-20
2.500683490206529e-05 2.1370127850992392e-20
2.5036640426382413e-05 1.6197802084488607e-20
2.5066445950699532e-05 3.271506552459953e-20
2.5096251475016654e-05 2.724401016612062e-20
2.5126056999333777e-05 2.8705679902493886e-20
2.51558625236509e-05 2.952696997472574e-20
2.5185668047968022e-05 2.4735333702546754e-20
2.5215473572285145e-05 4.044070732805285e-20
2.5245279096602267e-05 3.715550039387906e-20
2.527508462091939e-05 2.535389505035514e-20
2.530489014523651e-05 4.189018744821505e-20
2.5334695669553632e-05 4.194282864967464e-20
2.5364501193870755e-05 3.5191700765360046e-20
2.5394306718187877e-05 4.267134593579955e-20
2.5424112242505e-05 3.4823479228030176e-20
2.5453917766822122e-05 4.3822002459133635e-20
2.5483723291139245e-05 5.329271111925597e-20
2.5513528815456368e-05 3.5498876661515923e-20
2.5543334339773483e-05 4.433564602797883e-20
2.5573139864090606e-05 5.451040533593939e-20
2.560294538840773e-05 4.725846085824632e-20
2.563275091272485e-05 5.091005566777372e-20
2.5662556437041974e-05 4.5734828522308406e-20
2.5692361961359093e-05 5.16373568310707e-20
2.5722167485676216e-05 6.208941441898279e-20
2.575197300999334e-05 4.6838569174914454e-20
2.578177853431046e-05 5.0458034388239835e-20
2.5811584058627584e-05 6.3028077932583e-20
2.5841389582944706e-05 5.561286340263715e-20
2.587119510726183e-05 5.794787543007036e-20
2.590100063157895e-05 5.65281334565082e-20
2.593080615589607e-05 5.564753090182901e-20
2.5960611680213193e-05 7.073042127889951e-20
2.5990417204530316e-05 6.130671952324258e-20
2.602022272884744e-05 5.4107195951931243e-20
2.6050028253164558e-05 7.013074409309055e-20
2.6079833777481677e-05 6.641930526089857e-20
2.61096393017988e-05 6.395941856579872e-20
2.6139444826115922e-05 6.690928209211402e-20
2.6169250350433045e-05 6.1790067710072e-20
2.6199055874750167e-05 7.516199300197309e-20
2.622886139906729e-05 7.385412816446899e-20
2.6258666923384413e-05 5.920321649447242e-20
2.6288472447701535e-05 7.372628172750522e-20
2.6318277972018654e-05 7.723892311346467e-20
2.6348083496335777e-05 7.098356576751603e-20
2.63778890206529e-05 7.434872142364476e-20
2.6407694544970022e-05 6.939378997471551e-20
2.6437500069287145e-05 8.030944044355332e-20
2.6467305593604267e-05 8.426047247790684e-20
2.649711111792139e-05 6.695958640380808e-20
2.6526916642238513e-05 7.630946387192447e-20
2.6556722166555632e-05 8.640501983779944e-20
2.658652769087275e-05 7.75472451480909e-20
2.6616333215189874e-05 7.983962899780328e-20
2.6646138739506996e-05 7.85018196186095e-20
2.667594426382412e-05 8.187513256144937e-20
2.6705749788141238e-05 9.295458658576955e-20
2.673555531245836e-05 7.85853160937654e-20
2.6765360836775483e-05 7.933886133351628e-20
2.6795166361092606e-05 9.568879515918744e-20
2.682497188540973e-05 8.625998457742879e-20
2.685477740972685e-05 8.601682820516628e-20
2.6884582934043974e-05 8.685482382348365e-20
2.6914388458361097e-05 8.537480845918694e-20
2.6944193982678216e-05 9.831740493354798e-20
2.697399950699534e-05 8.80839700048219e-20
2.700380503131246e-05 8.275699792435407e-20
2.7033610555629584e-05 9.880342090190379e-20
2.7063416079946706e-05 9.585694228039179e-20
2.709322160426383e-05 9.127898422683029e-20
2.7123027128580945e-05 9.324961502590505e-20
2.7152832652898067e-05 9.380294336579632e-20
2.718263817721519e-05 1.026253345128199e-19
2.7212443701532312e-05 9.797856212567796e-20
2.7242249225849435e-05 8.914141038134985e-20
2.7272054750166558e-05 1.0226167797004483e-19
2.7301860274483677e-05 1.0432217404271123e-19
2.73316657988008e-05 9.627220301143335e-20
2.7361471323117922e-05 9.978965293002222e-20
2.7391276847435045e-05 9.888061618255286e-20
2.7421082371752167e-05 1.0555249773558006e-19
2.745088789606929e-05 1.0861532919137987e-19
2.7480693420386413e-05 9.612821871516801e-20
2.7510498944703535e-05 1.0472017331688193e-19
2.7540304469020654e-05 1.11879993189441e-19
2.7570109993337777e-05 1.0351081986897263e-19
2.75999155176549e-05 1.0487216923497576e-19
2.762972104197202e-05 1.0363151444772134e-19
2.765952656628914e-05 1.088690540662391e-19
2.768933209060626e-05 1.154618192652034e-19
2.7719137614923383e-05 1.0167975814780857e-19
2.7748943139240506e-05 1.0448111544017177e-19
2.777874866355763e-05 1.1989168310490776e-19
2.780855418787475e-05 1.1035755193719034e-19
2.7838359712191874e-05 1.0619079047857453e-19
2.7868165236508996e-05 1.115444165824443e-19
2.789797076082612e-05 1.105933253591225e-19
2.7927776285143238e-05 1.1849995775344745e-19
2.795758180946036e-05 1.1031163785784345e-19
2.7987387333777484e-05 1.0275232266635514e-19
2.8017192858094606e-05 1.2120707996446505e-19
2.804699838241173e-05 1.1593389798204853e-19
2.807680390672885e-05 1.0555594658967352e-19
2.8106609431045974e-05 1.1334793009964161e-19
2.8136414955363097e-05 1.1337438868526696e-19
2.8166220479680212e-05 1.1956906307561323e-19
2.8196026003997335e-05 1.144585405808842e-19
2.8225831528314458e-05 1.0386942277357439e-19
2.825563705263158e-05 1.2020685017528637e-19
2.8285442576948703e-05 1.2084262779128978e-19
2.8315248101265822e-05 1.077818570006167e-19
2.8345053625582945e-05 1.1290013397550998e-19
2.8374859149900067e-05 1.1405741331940142e-19
2.840466467421719e-05 1.190027497668527e-19
2.8434470198534313e-05 1.1816583870030826e-19
2.8464275722851435e-05 1.0374601621337492e-19
2.8494081247168558e-05 1.164750720260081e-19
2.852388677148568e-05 1.2302105494117984e-19
2.85536922958028e-05 1.0680432394723813e-19
2.8583497820119922e-05 1.11493857443614e-19
2.8613303344437045e-05 1.1649238280733742e-19
2.8643108868754167e-05 1.141168843296294e-19
2.867291439307129e-05 1.1798459925206311e-19
2.8702719917388406e-05 1.0656552707106658e-19
2.873252544170553e-05 1.0747343815481828e-19
2.876233096602265e-05 1.2297754163617817e-19
2.8792136490339774e-05 1.0894017871193422e-19
2.8821942014656896e-05 1.0358221031875182e-19
2.885174753897402e-05 1.1478022708920738e-19
2.888155306329114e-05 1.104504883890604e-19
2.8911358587608264e-05 1.1507907744099002e-19
2.8941164111925383e-05 1.1029717074238146e-19
2.8970969636242506e-05 1.0245462657864708e-19
2.900077516055963e-05 1.1949961180787233e-19
2.903058068487675e-05 1.1081026207525731e-19
2.9060386209193874e-05 9.956575489646476e-20
2.9090191733510996e-05 1.1085070439022876e-19
2.911999725782812e-05 1.0741946350194188e-19
2.9149802782145242e-05 1.1026513944344764e-19
2.917960830646236e-05 1.0643646162203207e-19
2.920941383077948e-05 9.529487178102785e-20
2.9239219355096603e-05 1.1212166350832174e-19
2.9269024879413725e-05 1.1097785423440387e-19
2.9298830403730848e-05 9.40851738326913e-20
2.9328635928047967e-05 1.0381694168071075e-19
2.935844145236509e-05 1.0637314828412316e-19
2.9388246976682212e-05 1.0222840142034268e-19
2.9418052500999335e-05 1.0353568576786204e-19
2.9447858025316458e-05 9.182984493860024e-20
2.947766354963358e-05 9.998271221835229e-20
2.9507469073950703e-05 1.09844966838367e-19
2.9537274598267822e-05 8.93229887819636e-20
2.9567080122584945e-05 9.196787809162098e-20
2.9596885646902067e-05 1.0119647687836525e-19
2.962669117121919e-05 9.488829195895318e-20
2.9656496695536313e-05 9.807660325329517e-20
2.9686302219853435e-05 8.802678134977395e-20
2.9716107744170558e-05 8.981307763947576e-20
2.9745913268487674e-05 1.0348351089827733e-19
2.9775718792804796e-05 8.686552511293687e-20
2.980552431712192e-05 8.262675471413865e-20
2.983532984143904e-05 9.34608739679447e-20
2.9865135365756164e-05 8.713385239138162e-20
2.9894940890073287e-05 8.827995318982677e-20
2.9924746414390406e-05 8.459623486299544e-20
2.995455193870753e-05 7.697076628195128e-20
2.998435746302465e-05 9.296862277323991e-20
3.0014162987341774e-05 8.454774563489907e-20
3.0043968511658896e-05 6.896501568965801e-20
3.007377403597602e-05 8.685442980189495e-20
3.010357956029314e-05 8.373109350601196e-20
3.0133385084610264e-05 7.631936650492035e-20
3.0163190608927383e-05 7.854237378286028e-20
3.0192996133244506e-05 6.781070702387387e-20
3.022280165756163e-05 8.058263866602907e-20
3.025260718187875e-05 8.036104339667976e-20
3.028241270619587e-05 5.91043031236863e-20
3.031221823051299e-05 7.361389969774184e-20
3.0342023754830112e-05 7.63619310419601e-20
3.0371829279147235e-05 6.560642152527686e-20
3.0401634803464358e-05 7.069038355213102e-20
3.043144032778148e-05 6.059358477466603e-20
3.0461245852098603e-05 6.615731740946157e-20
3.0491051376415725e-05 7.506682326104403e-20
3.0520856900732845e-05 5.357263072099302e-20
3.055066242504997e-05 5.74178220281375e-20
3.058046794936709e-05 7.054423593299448e-20
3.0610273473684216e-05 5.67235818369005e-20
3.0640078998001335e-05 5.630133229906965e-20
3.0669884522318454e-05 5.489313544251336e-20
3.069969004663558e-05 5.11185700459368e-20
3.07294955709527e-05 6.505697352234668e-20
3.0759301095269826e-05 5.006208491611954e-20
3.0789106619586945e-05 4.1019985303520516e-20
3.0818912143904064e-05 6.010682525953253e-20
3.084871766822118e-05 5.0379425126825564e-20
3.087852319253831e-05 4.416245680455944e-20
3.090832871685543e-05 4.7950270104252536e-20
3.0938134241172554e-05 4.0532575540858814e-20
3.0967939765489674e-05 5.0742880044507745e-20
3.09977452898068e-05 4.465970716572e-20
3.102755081412392e-05 2.849884944295155e-20
3.105735633844104e-05 4.719478942008562e-20
3.1087161862758164e-05 4.577932652487638e-20
3.111696738707528e-05 3.046481766902828e-20
3.114677291139241e-05 3.8315826263195893e-20
3.117657843570953e-05 3.249002589461758e-20
3.1206383960026655e-05 3.6924610634920176e-20
3.1236189484343774e-05 3.993731192560877e-20
3.12659950086609e-05 1.7674390277005584e-20
3.129580053297802e-05 3.00679332259796e-20
3.132560605729514e-05 3.915713769090159e-20
3.135541158161226e-05 1.9837650949956347e-20
3.1385217105929384e-05 2.6084839303040294e-20
3.14150226302465e-05 2.4389179891721153e-20
3.144482815456362e-05 2.0036595306971342e-20
3.147463367888075e-05 3.11348875825269e-20
3.150443920319787e-05 1.3248315348193068e-20
3.153424472751499e-05 1.3291693528559426e-20
3.156405025183211e-05 3.0165172705968864e-20
3.159385577614924e-05 1.2111338994422754e-20
3.162366130046636e-05 1.003419220227421e-20
3.165346682478348e-05 1.4544531878061435e-20
3.16832723491006e-05 7.343852202950516e-21
3.171307787341772e-05 1.784510158276112e-20
3.174288339773485e-05 7.337063039606895e-21
3.177268892205197e-05 -3.749951217960321e-21
3.180249444636909e-05 1.543082857902432e-20
3.183229997068621e-05 7.840692997013377e-21
3.186210549500333e-05 -5.1906531956686444e-21
3.189191101932045e-05 5.040942382943011e-21
3.192171654363758e-05 -1.0195321914084344e-21
3.1951522067954696e-05 8.89856072381363e-22
3.198132759227182e-05 1.9996346618486033e-21
3.201113311658894e-05 -1.7685939580700912e-20
3.204093864090606e-05 -2.377648188754692e-21
3.207074416522319e-05 2.3388502199354512e-21
3.2100549689540306e-05 -2.035525626492576e-20
3.213035521385743e-05 -9.84604460154611e-21
3.216016073817455e-05 -1.0983773480263384e-20
3.218996626249168e-05 -1.3841469952151947e-20
3.2219771786808796e-05 -7.517023311461326e-21
3.224957731112592e-05 -2.8567495850028587e-20
3.227938283544304e-05 -1.9300099569863662e-20
3.230918835976016e-05 -6.636983044328451e-21
3.233899388407729e-05 -2.8888100957835513e-20
3.2368799408394406e-05 -2.6339551314001698e-20
3.2398604932711525e-05 -2.1323979831950062e-20
3.2428410457028644e-05 -2.826720948222264e-20
3.245821598134577e-05 -2.3136161951784736e-20
3.248802150566289e-05 -3.413549457727369e-20
3.2517827029980016e-05 -3.579048090693129e-20
3.2547632554297135e-05 -2.0990705052449987e-20
3.257743807861426e-05 -3.5327942001771205e-20
3.260724360293138e-05 -4.053684802653092e-20
3.2637049127248506e-05 -3.2512742035475677e-20
3.2666854651565625e-05 -3.9216153766288013e-20
3.2696660175882745e-05 -3.5891579794442726e-20
3.272646570019987e-05 -4.250732176060474e-20
3.275627122451699e-05 -5.15299371383239e-20
3.2786076748834116e-05 -3.3653917508402957e-20
3.2815882273151235e-05 -4.000262453088138e-20
3.284568779746836e-05 -5.834802406871197e-20
3.287549332178548e-05 -4.523005629890903e-20
3.29052988461026e-05 -4.6352752831510965e-20
3.293510437041972e-05 -4.9651507988543584e-20
3.2964909894736845e-05 -4.7181938152136265e-20
3.2994715419053964e-05 -6.364085564859857e-20
3.302452094337109e-05 -5.017359980575915e-20
3.305432646768821e-05 -4.3484240161840926e-20
3.308413199200533e-05 -6.726458016418228e-20
3.3113937516322454e-05 -5.799807549530725e-20
3.3143743040639574e-05 -5.545088283274771e-20
3.31735485649567e-05 -6.395487826375868e-20
3.320335408927382e-05 -5.571281935429514e-20
3.3233159613590945e-05 -6.925555809234521e-20
3.3262965137908064e-05 -6.609474539898843e-20
3.329277066222518e-05 -5.2537056387433e-20
3.332257618654231e-05 -7.163324445552808e-20
3.335238171085943e-05 -6.961027164648382e-20
3.3382187235176555e-05 -6.208974290932102e-20
3.3411992759493674e-05 -7.03698087490609e-20
3.344179828381079e-05 -6.552087841492863e-20
3.347160380812791e-05 -7.340266902709607e-20
3.350140933244504e-05 -7.749807644516327e-20
3.353121485676216e-05 -6.246927302823465e-20
3.3561020381079283e-05 -7.285799501413351e-20
3.35908259053964e-05 -8.31891785336406e-20
3.362063142971353e-05 -7.044952286456338e-20
3.365043695403065e-05 -7.32718867499237e-20
3.368024247834777e-05 -7.626580506927878e-20
3.371004800266489e-05 -7.726687186806222e-20
3.373985352698201e-05 -8.441090437342477e-20
3.376965905129914e-05 -7.063645068505104e-20
3.379946457561626e-05 -7.464055070374303e-20
3.3829270099933384e-05 -9.078707984444849e-20
3.38590756242505e-05 -7.84795079958889e-20
3.388888114856762e-05 -7.848253736656934e-20
3.391868667288475e-05 -8.41082448094833e-20
3.394849219720187e-05 -8.121920104318508e-20
3.3978297721518987e-05 -9.109620775719274e-20
3.400810324583611e-05 -8.211849527244084e-20
3.403790877015323e-05 -7.527672413396829e-20
3.406771429447035e-05 -9.500843964717827e-20
3.409751981878748e-05 -8.800553937803673e-20
3.4127325343104596e-05 -7.964972779624379e-20
3.415713086742172e-05 -9.018035108065243e-20
3.418693639173884e-05 -8.606932093133293e-20
3.421674191605597e-05 -9.237521263212565e-20
3.424654744037309e-05 -9.07778819910869e-20
3.4276352964690206e-05 -7.933492155396367e-20
3.430615848900733e-05 -9.66754346904618e-20
3.433596401332445e-05 -9.581185257598318e-20
3.436576953764158e-05 -8.385643573214863e-20
3.4395575061958696e-05 -9.442652203417239e-20
3.442538058627582e-05 -9.031718321709488e-20
3.445518611059294e-05 -9.198049927012943e-20
3.448499163491006e-05 -9.97596533712891e-20
3.451479715922718e-05 -8.377480538899049e-20
3.4544602683544306e-05 -9.235620164404239e-20
3.4574408207861425e-05 -1.041260183421945e-19
3.460421373217855e-05 -8.805587812367305e-20
3.463401925649567e-05 -9.437558105086992e-20
3.466382478081279e-05 -9.768029822042215e-20
3.4693630305129916e-05 -9.310067310886949e-20
3.4723435829447035e-05 -1.0393336522128088e-19
3.475324135376416e-05 -9.018309807982863e-20
3.478304687808128e-05 -8.968841100748485e-20
3.4812852402398406e-05 -1.0903392697110764e-19
3.4842657926715525e-05 -9.384618570609107e-20
3.487246345103265e-05 -9.19786972902981e-20
3.490226897534977e-05 -1.0143438280528411e-19
3.493207449966689e-05 -9.525820157409952e-20
3.4961880023984016e-05 -1.0388801030913775e-19
3.4991685548301135e-05 -9.695151198579532e-20
3.5021491072618254e-05 -8.976460845275362e-20
3.5051296596935373e-05 -1.086292659455432e-19
3.50811021212525e-05 -1.0188622773129239e-19
3.511090764556962e-05 -9.114757859328558e-20
3.5140713169886745e-05 -1.0074017970565881e-19
3.5170518694203864e-05 -9.806442538368751e-20
3.520032421852099e-05 -1.0218001823842833e-19
3.523012974283811e-05 -1.0181355757167239e-19
3.5259935267155235e-05 -8.840811584114569e-20
3.5289740791472354e-05 -1.0473187128739185e-19
3.5319546315789474e-05 -1.0836971100682828e-19
3.53493518401066e-05 -9.116197932672323e-20
3.537915736442372e-05 -1.0087490023179571e-19
3.5408962888740845e-05 -1.0266112220778373e-19
3.5438768413057964e-05 -9.963189640646283e-20
3.546857393737509e-05 -1.0562797972783384e-19
3.549837946169221e-05 -9.205976553920784e-20
3.552818498600933e-05 -9.847097865077891e-20
3.555799051032645e-05 -1.1202298937555717e-19
3.5587796034643574e-05 -9.281276060089944e-20
3.561760155896069e-05 -9.55985211588036e-20
3.564740708327782e-05 -1.0599065889416193e-19
3.567721260759494e-05 -9.812753732856666e-20
3.570701813191206e-05 -1.0438979410961083e-19
3.5736823656229183e-05 -9.743891021956142e-20
3.57666291805463e-05 -9.456272215950345e-20
3.579643470486343e-05 -1.1154545578980524e-19
3.582624022918055e-05 -9.815355786998268e-20
3.5856045753497674e-05 -9.263779693876604e-20
3.588585127781479e-05 -1.055138219310706e-19
3.591565680213191e-05 -9.854452883132006e-20
3.594546232644904e-05 -1.0135823429696418e-19
3.597526785076616e-05 -1.0062125353181986e-19
3.6005073375083284e-05 -9.210774610554246e-20
3.60348788994004e-05 -1.0707881201563672e-19
3.606468442371752e-05 -1.0379691286857094e-19
3.609448994803464e-05 -9.078644755989513e-20
3.612429547235177e-05 -1.0308550716446071e-19
3.6154100996668886e-05 -1.0183049764892582e-19
3.618390652098601e-05 -9.977473647505706e-20
3.621371204530313e-05 -1.0278217570798365e-19
3.624351756962026e-05 -9.008891806121795e-20
3.627332309393738e-05 -1.0218627244923669e-19
3.6303128618254496e-05 -1.0834407667231499e-19
3.633293414257162e-05 -8.904988631977541e-20
3.636273966688874e-05 -9.802593969481113e-20
3.639254519120587e-05 -1.0247650610060942e-19
3.6422350715522987e-05 -9.738167984946038e-20
3.645215623984011e-05 -1.0330179901680411e-19
3.648196176415723e-05 -9.164720172685923e-20
3.651176728847435e-05 -9.581891074839471e-20
3.654157281279148e-05 -1.0849457334714952e-19
3.6571378337108596e-05 -9.197600199684075e-20
3.6601183861425716e-05 -9.327625492430155e-20
3.663098938574284e-05 -1.0387681042177533e-19
3.666079491005996e-05 -9.580717873952113e-20
3.669060043437708e-05 -9.894902156317221e-20
3.6720405958694206e-05 -9.346226783920463e-20
3.6750211483011325e-05 -8.933744111752194e-20
3.678001700732845e-05 -1.0627136872391472e-19
3.680982253164557e-05 -9.460707244016537e-20
3.6839628055962696e-05 -8.681090749903102e-20
3.6869433580279816e-05 -1.017597608119896e-19
3.6899239104596935e-05 -9.476715668974493e-20
3.692904462891406e-05 -9.555599880810264e-20
3.695885015323118e-05 -9.373172103611248e-20
3.6988655677548306e-05 -8.528302803246228e-20
3.7018461201865425e-05 -1.0192518632335117e-19
3.704826672618255e-05 -9.531436832958657e-20
3.707807225049967e-05 -8.109301598903537e-20
3.710787777481679e-05 -9.517586466759272e-20
3.713768329913391e-05 -9.359589656432434e-20
3.7167488823451035e-05 -8.866873329806985e-20
3.7197294347768154e-05 -9.293158172205938e-20
3.722709987208528e-05 -8.365998191301129e-20
3.72569053964024e-05 -9.090729946528291e-20
3.728671092071952e-05 -9.799437013512388e-20
3.7316516445036645e-05 -8.030436790210728e-20
3.7346321969353764e-05 -8.525746320922781e-20
3.737612749367089e-05 -9.151053968482711e-20
3.740593301798801e-05 -8.177879699693846e-20
3.7435738542305135e-05 -8.758926195744625e-20
3.7465544066622254e-05 -8.101907185394295e-20
3.749534959093938e-05 -8.050154039728192e-20
3.75251551152565e-05 -9.443781346875806e-20
3.755496063957362e-05 -7.828612170494158e-20
3.7584766163890745e-05 -7.594524253190249e-20
3.7614571688207864e-05 -8.87893037692322e-20
3.764437721252498e-05 -8.067429109115513e-20
3.76741827368421e-05 -8.17711491296164e-20
3.770398826115923e-05 -7.808962051598688e-20
3.773379378547635e-05 -7.410508004390431e-20
3.7763599309793474e-05 -8.623393626559236e-20
3.779340483411059e-05 -7.661330243745413e-20
3.782321035842772e-05 -6.86676724224977e-20
3.785301588274484e-05 -8.060333218245374e-20
3.7882821407061964e-05 -7.770566206423021e-20
3.7912626931379083e-05 -7.359942634616258e-20
3.79424324556962e-05 -7.507025925137197e-20
3.797223798001333e-05 -6.886400369560854e-20
3.800204350433045e-05 -7.803990953805748e-20
3.8031849028647574e-05 -7.709390382472614e-20
3.806165455296469e-05 -6.062444843858833e-20
3.809146007728182e-05 -7.276528937390081e-20
3.812126560159894e-05 -7.568968128907772e-20
3.815107112591606e-05 -6.576123640243217e-20
3.818087665023318e-05 -6.982064810159007e-20
3.82106821745503e-05 -6.4680290281587e-20
3.824048769886742e-05 -6.883076360941094e-20
3.827029322318455e-05 -7.436492338745004e-20
3.830009874750167e-05 -5.947670643465446e-20
3.8329904271818786e-05 -6.436468065865533e-20
3.835970979613591e-05 -7.338483243391073e-20
3.838951532045303e-05 -6.214514753605926e-20
3.841932084477016e-05 -6.390036861990111e-20
3.844912636908728e-05 -6.216416925085622e-20
3.84789318934044e-05 -6.023677761872372e-20
3.850873741772152e-05 -6.957419439061741e-20
3.853854294203864e-05 -5.706914499490936e-20
3.856834846635577e-05 -5.578059822223784e-20
3.8598153990672887e-05 -6.779836497214734e-20
3.862795951499001e-05 -5.807736376303836e-20
3.865776503930713e-05 -5.811649590484032e-20
3.868757056362425e-05 -6.043679569524406e-20
3.871737608794137e-05 -5.32249869869508e-20
3.8747181612258496e-05 -6.342363708179429e-20
3.8776987136575615e-05 -5.82109468768034e-20
3.880679266089274e-05 -4.6513588609286185e-20
3.883659818520986e-05 -6.201222554268126e-20
3.886640370952699e-05 -5.707831261470678e-20
3.8896209233844106e-05 -4.9427625961058865e-20
3.8926014758161225e-05 -5.671397873141154e-20
3.895582028247835e-05 -4.8556606640890007e-20
3.898562580679547e-05 -5.607703748792076e-20
3.9015431331112596e-05 -5.770476392302388e-20
3.9045236855429716e-05 -4.2485455562342245e-20
3.907504237974684e-05 -5.3878652477809144e-20
3.910484790406396e-05 -5.612622581448481e-20
3.913465342838108e-05 -4.5164335386364405e-20
3.9164458952698206e-05 -5.034400514581344e-20
3.9194264477015325e-05 -4.702948604467753e-20
3.9224070001332445e-05 -4.733018196703075e-20
3.925387552564957e-05 -5.2706902259511514e-20
3.928368104996669e-05 -3.965905016211238e-20
3.931348657428381e-05 -4.3086847332670415e-20
3.9343292098600935e-05 -5.2383523922315714e-20
3.9373097622918054e-05 -4.128742064562591e-20
3.940290314723518e-05 -4.4021649495643206e-20
3.94327086715523e-05 -4.449313256788518e-20
3.9462514195869425e-05 -3.9884052846448855e-20
3.9492319720186545e-05 -4.9005123433729604e-20
3.9522125244503664e-05 -3.9765921234558044e-20
3.955193076882079e-05 -3.497118318658615e-20
3.958173629313791e-05 -4.789094773535366e-20
3.9611541817455035e-05 -3.9802807453140883e-20
3.9641347341772154e-05 -3.4712651089235515e-20
3.967115286608928e-05 -4.031200343828799e-20
3.97009583904064e-05 -3.535207793618469e-20
3.973076391472352e-05 -4.089194170670669e-20
3.976056943904064e-05 -3.8996134559749385e-20
3.9790374963357764e-05 -2.80500146683878e-20
3.982018048767488e-05 -4.1312123284870125e-20
3.984998601199201e-05 -3.8760556347801357e-20
3.987979153630913e-05 -2.6780760612675763e-20
3.990959706062625e-05 -3.6094655409335405e-20
3.9939402584943374e-05 -3.0721032783071853e-20
3.996920810926049e-05 -3.23740170376217e-20
3.999901363357762e-05 -3.604618217972357e-20
4.002881915789474e-05 -2.24546054969199e-20
4.0058624682211864e-05 -3.298739113788672e-20
4.008843020652898e-05 -3.517977763180388e-20
4.011823573084611e-05 -2.4117127683776236e-20
4.014804125516323e-05 -3.182380246760922e-20
4.017784677948035e-05 -2.7094223183636633e-20
4.0207652303797474e-05 -2.5742744120163834e-20
4.023745782811459e-05 -3.264755820689917e-20
4.026726335243171e-05 -2.0065141128215865e-20
4.029706887674883e-05 -2.3293566659002985e-20
4.032687440106596e-05 -3.204784892501514e-20
4.035667992538308e-05 -1.8571040335846465e-20
4.03864854497002e-05 -2.155703053416278e-20
4.041629097401732e-05 -2.531576597582122e-20
4.044609649833445e-05 -1.744674502056146e-20
4.047590202265157e-05 -2.5903934078804862e-20
4.050570754696869e-05 -1.9540218446194935e-20
4.053551307128581e-05 -1.3024695107362535e-20
4.056531859560293e-05 -2.5965569965123923e-20
4.059512411992006e-05 -1.7749527937083984e-20
4.062492964423718e-05 -1.2904470281877565e-20
4.06547351685543e-05 -1.8816755781697416e-20
4.068454069287142e-05 -1.1781845205945118e-20
4.071434621718855e-05 -1.7097111483149777e-20
4.074415174150567e-05 -1.5858557703592027e-20
4.0773957265822787e-05 -5.598799678834306e-21
4.0803762790139906e-05 -1.8292516577924594e-20
4.083356831445703e-05 -1.3912687909638932e-20
4.086337383877415e-05 -4.194088733250731e-21
4.089317936309127e-05 -1.5425123510346178e-20
4.0922984887408396e-05 -7.684046102493508e-21
4.0952790411725515e-05 -7.009751625378906e-21
4.098259593604264e-05 -1.4156785429403192e-20
4.101240146035976e-05 -3.535844863913553e-22
4.104220698467689e-05 -6.266469982351904e-21
4.1072012508994006e-05 -1.0877405765048544e-20
4.110181803331113e-05 2.677291206872251e-21
4.113162355762825e-05 -5.451418249735438e-21
4.116142908194537e-05 -4.5534422396279104e-21
4.1191234606262496e-05 2.015007336558209e-21
4.1221040130579616e-05 -7.031390576110835e-21
4.125084565489674e-05 2.108590090283379e-21
4.128065117921386e-05 3.1010400253499547e-21
4.131045670353098e-05 -5.6461702347818535e-21
4.13402622278481e-05 6.0311263577627954e-21
4.1370067752165225e-05 3.405795341062662e-21
4.1399873276482344e-05 1.5499167413295862e-22
4.142967880079947e-05 1.0748577874703542e-20
4.145948432511659e-05 1.7229553091388446e-21
4.1489289849433716e-05 5.5210015155395394e-21
4.1519095373750835e-05 1.561468628742243e-20
4.1548900898067954e-05 1.6933294526206727e-21
4.157870642238508e-05 9.117404057518183e-21
4.16085119467022e-05 1.5098673384089428e-20
4.1638317471019325e-05 3.9421032178735745e-21
4.166812299533644e-05 1.516474237870603e-20
4.169792851965357e-05 1.2293613347290682e-20
4.172773404397068e-05 6.689616434784118e-21
4.175753956828781e-05 2.1575019569032312e-20
4.178734509260493e-05 1.3509222360578384e-20
4.1817150616922054e-05 1.1285806279790207e-20
4.1846956141239174e-05 2.2415263600321767e-20
4.18767616655563e-05 1.3978830472125925e-20
4.190656718987342e-05 1.8222809557430704e-20
4.1936372714190545e-05 2.1513753852080933e-20
4.1966178238507664e-05 1.1807405262456435e-20
4.199598376282479e-05 2.4522470061494087e-20
4.202578928714191e-05 2.274903133366282e-20
4.2055594811459035e-05 1.3056984023583242e-20
4.2085400335776154e-05 2.8045197946472386e-20
4.211520586009327e-05 2.188361329756995e-20
4.214501138441039e-05 1.829534349798261e-20
4.217481690872751e-05 3.065217874821847e-20
4.220462243304464e-05 1.890013370844951e-20
4.223442795736176e-05 2.5169579918653643e-20
4.226423348167888e-05 3.367883995540149e-20
4.2294039005996e-05 1.817720632713445e-20
4.232384453031313e-05 2.862428023819862e-20
4.235365005463025e-05 3.016062090501981e-20
4.2383455578947374e-05 2.0524085002194426e-20
4.241326110326449e-05 3.3837978316872896e-20
4.244306662758162e-05 2.7052324158075272e-20
4.247287215189874e-05 2.451329359159211e-20
4.2502677676215864e-05 3.804048846261981e-20
4.253248320053298e-05 2.7034920441970208e-20
4.256228872485011e-05 2.7873646705138283e-20
4.259209424916722e-05 3.617070231417017e-20
4.262189977348435e-05 2.7619854717337723e-20
4.265170529780147e-05 3.53918089375032e-20
4.2681510822118586e-05 3.47930141469207e-20
4.271131634643571e-05 2.5298025344176458e-20
4.274112187075283e-05 3.8894624984200414e-20
4.277092739506996e-05 3.440342778895548e-20
4.280073291938708e-05 2.848033052737475e-20
4.28305384437042e-05 4.098094796600817e-20
4.286034396802132e-05 3.2580035418222973e-20
4.289014949233845e-05 3.4485752562098665e-20
4.291995501665556e-05 4.259711119940944e-20
4.294976054097269e-05 2.99898991674611e-20
4.2979566065289806e-05 3.8554566040887946e-20
4.300937158960693e-05 4.219611289916948e-20
4.303917711392405e-05 2.918523699610234e-20
4.306898263824118e-05 4.088828860188212e-20
4.3098788162558296e-05 4.0505347915289327e-20
4.312859368687542e-05 3.440351605890562e-20
4.315839921119254e-05 4.453414528014117e-20
4.318820473550966e-05 3.4832550938585233e-20
4.321801025982679e-05 3.750048254063965e-20
4.3247815784143906e-05 4.8703753980497056e-20
4.327762130846103e-05 3.563845286794623e-20
4.3307426832778144e-05 4.168060307735812e-20
4.333723235709528e-05 4.622857930515018e-20
4.336703788141239e-05 3.7072758643662617e-20
4.3396843405729516e-05 4.7300858010156217e-20
4.3426648930046635e-05 4.183165443983464e-20
4.345645445436376e-05 3.6467111250192977e-20
4.348625997868088e-05 5.102890212670297e-20
4.3516065502998006e-05 4.193267250933635e-20
4.3545871027315125e-05 3.8740322509344003e-20
4.357567655163225e-05 5.0255216614528215e-20
4.360548207594937e-05 4.208599766986961e-20
4.3635287600266496e-05 4.634638635326834e-20
4.3665093124583616e-05 4.935678724348555e-20
4.369489864890073e-05 3.856312069156066e-20
4.372470417321786e-05 5.192033105744787e-20
4.375450969753497e-05 5.0275333517085256e-20
4.37843152218521e-05 3.891397758222609e-20
4.381412074616922e-05 5.221348958904392e-20
4.3843926270486345e-05 4.7599524201642264e-20
4.3873731794803464e-05 4.443644111307746e-20
4.390353731912059e-05 5.326758764961737e-20
4.393334284343771e-05 4.317718698892397e-20
4.3963148367754835e-05 4.856044712311123e-20
4.3992953892071954e-05 5.6026070522792e-20
4.402275941638908e-05 4.275740264042022e-20
4.40525649407062e-05 4.9868622260135476e-20
4.4082370465023325e-05 5.480891812565694e-20
4.4112175989340445e-05 4.654721234459323e-20
4.414198151365757e-05 5.364257310755183e-20
4.417178703797468e-05 4.659350698120456e-20
4.4201592562291816e-05 4.519572092299058e-20
4.423139808660893e-05 6.066455322265652e-20
4.426120361092605e-05 4.6860390228002997e-20
4.4291009135243174e-05 4.537182640891832e-20
4.432081465956029e-05 5.762631610241788e-20
4.435062018387742e-05 4.7608049692981176e-20
4.438042570819454e-05 5.2077582358343206e-20
4.4410231232511664e-05 5.1174266596871404e-20
4.444003675682878e-05 4.554766106581869e-20
4.446984228114591e-05 5.910143642420561e-20
4.449964780546303e-05 5.042470969925923e-20
4.4529453329780155e-05 4.4057356974539136e-20
4.455925885409727e-05 5.59880026512878e-20
4.45890643784144e-05 5.0551637186827683e-20
4.461886990273151e-05 5.0506714036525406e-20
4.464867542704864e-05 5.222631084166855e-20
4.467848095136576e-05 4.4133898794742374e-20
