0.0 2.4074824237957128e-20
2.980586544850499e-08 3.069974366266229e-20
5.961173089700997e-08 3.641188195171176e-20
8.941759634551496e-08 2.5538509719672778e-20
1.1922346179401995e-07 1.6829597319172127e-20
1.4902932724252493e-07 2.2853402746946236e-20
1.7883519269102992e-07 2.795977606552739e-20
2.0864105813953493e-07 2.087193921213352e-20
2.384469235880399e-07 6.701687581514629e-21
2.6825278903654485e-07 1.0433026175900954e-20
2.9805865448504987e-07 2.3777815663051628e-20
3.278645199335549e-07 1.1211636047405835e-20
3.5767038538205984e-07 3.6168049574235465e-22
3.8747625083056486e-07 6.93315883918557e-21
4.1728211627906987e-07 1.1260138239472789e-20
4.4708798172757483e-07 9.899694177724884e-21
4.768938471760798e-07 -4.8720559001282974e-21
5.066997126245848e-07 -8.46870080384266e-21
5.365055780730897e-07 5.752073184823557e-21
5.663114435215948e-07 1.2762693212112892e-21
5.961173089700997e-07 -1.5387721562543224e-20
6.259231744186047e-07 -1.4207321170582174e-20
6.557290398671098e-07 -3.9800218252799195e-21
6.855349053156147e-07 -6.956965715557198e-21
7.153407707641197e-07 -1.8855304279618387e-20
7.451466362126247e-07 -2.3616015820018646e-20
7.749525016611297e-07 -1.3927039245061643e-20
8.047583671096346e-07 -1.1091576536807962e-20
8.345642325581397e-07 -2.742594821387982e-20
8.643700980066446e-07 -3.320224721500159e-20
8.941759634551497e-07 -2.2218004331232395e-20
9.239818289036547e-07 -2.2184332159758147e-20
9.537876943521596e-07 -3.3732319643019314e-20
9.835935598006645e-07 -4.1166791327905154e-20
1.0133994252491696e-06 -3.528056783364339e-20
1.0432052906976745e-06 -2.743659315678285e-20
1.0730111561461794e-06 -4.1731275353968406e-20
1.1028170215946845e-06 -5.049410821384002e-20
1.1326228870431897e-06 -4.029208434717264e-20
1.1624287524916946e-06 -3.906421968215502e-20
1.1922346179401995e-06 -4.57733492101589e-20
1.2220404833887046e-06 -5.631512343131338e-20
1.2518463488372095e-06 -5.513712626921547e-20
1.2816522142857144e-06 -4.362737309020528e-20
1.3114580797342195e-06 -5.3966827223796475e-20
1.3412639451827244e-06 -6.739173920215306e-20
1.3710698106312293e-06 -6.107845941338663e-20
1.4008756760797342e-06 -5.558837782411438e-20
1.4306815415282394e-06 -6.018948522856991e-20
1.4604874069767445e-06 -7.125400643026787e-20
1.4902932724252494e-06 -7.481218825281498e-20
1.5200991378737545e-06 -6.181167373676588e-20
1.5499050033222594e-06 -6.383196029094249e-20
1.5797108687707643e-06 -8.142925772559208e-20
1.6095167342192692e-06 -8.056452228827253e-20
1.6393225996677746e-06 -7.225201509613838e-20
1.6691284651162795e-06 -7.421850830356147e-20
1.6989343305647844e-06 -8.496044228444066e-20
1.7287401960132893e-06 -9.187035094263579e-20
1.7585460614617944e-06 -8.137060713781999e-20
1.7883519269102993e-06 -7.796409970714675e-20
1.8181577923588042e-06 -9.491005341955296e-20
1.8479636578073093e-06 -9.859528727807103e-20
1.8777695232558142e-06 -8.89393847305075e-20
1.907575388704319e-06 -8.777428249508576e-20
1.937381254152824e-06 -9.758305795832424e-20
1.967187119601329e-06 -1.0910836062425056e-19
1.9969929850498343e-06 -1.007529844422829e-19
2.026798850498339e-06 -9.174862398978987e-20
2.056604715946844e-06 -1.0600840355160649e-19
2.086410581395349e-06 -1.1684447167669067e-19
2.116216446843854e-06 -1.0815093539583364e-19
2.146022312292359e-06 -1.0160203526491262e-19
2.1758281777408637e-06 -1.1057872089808007e-19
2.205634043189369e-06 -1.2166704129672864e-19
2.2354399086378744e-06 -1.1865809699735626e-19
2.2652457740863793e-06 -1.0637202791325339e-19
2.2950516395348842e-06 -1.1635972286755749e-19
2.324857504983389e-06 -1.3326777793276565e-19
2.354663370431894e-06 -1.2410791280763664e-19
2.384469235880399e-06 -1.1703966875057408e-19
2.4142751013289043e-06 -1.2407095595290233e-19
2.444080966777409e-06 -1.352494834690833e-19
2.473886832225914e-06 -1.378203799893964e-19
2.503692697674419e-06 -1.23153338008518e-19
2.533498563122924e-06 -1.266390325008134e-19
2.563304428571429e-06 -1.4552090224843148e-19
2.5931102940199337e-06 -1.4128281583526268e-19
2.622916159468439e-06 -1.2985802669363672e-19
2.652722024916944e-06 -1.3373415180801834e-19
2.682527890365449e-06 -1.4661553272079524e-19
2.7123337558139538e-06 -1.5212808670236287e-19
2.7421396212624587e-06 -1.3963697712622083e-19
2.7719454867109636e-06 -1.3685819805763672e-19
2.8017513521594685e-06 -1.5562844769077203e-19
2.831557217607974e-06 -1.579186602610135e-19
2.8613630830564787e-06 -1.4408753619947022e-19
2.891168948504984e-06 -1.4489179761694285e-19
2.920974813953489e-06 -1.562320180248549e-19
2.950780679401994e-06 -1.6354503408737967e-19
2.9805865448504988e-06 -1.5520378580239258e-19
3.0103924102990037e-06 -1.4393044593939016e-19
3.040198275747509e-06 -1.6067421870518263e-19
3.070004141196014e-06 -1.7368622950028413e-19
3.099810006644519e-06 -1.5787751372193816e-19
3.1296158720930237e-06 -1.5320846517502587e-19
3.1594217375415287e-06 -1.6368950769462103e-19
3.1892276029900336e-06 -1.7424887877426116e-19
3.2190334684385385e-06 -1.6981986716660137e-19
3.248839333887044e-06 -1.537726658893852e-19
3.278645199335549e-06 -1.6633253124981931e-19
3.3084510647840536e-06 -1.828422306755445e-19
3.338256930232559e-06 -1.6891542971526578e-19
3.3680627956810634e-06 -1.5871561505857123e-19
3.3978686611295688e-06 -1.6899133813564313e-19
3.4276745265780732e-06 -1.8098573498169737e-19
3.4574803920265786e-06 -1.8009328107686349e-19
3.4872862574750835e-06 -1.654471479397244e-19
3.517092122923589e-06 -1.6879039436366082e-19
3.5468979883720933e-06 -1.8835080145115586e-19
3.5767038538205986e-06 -1.807901200622142e-19
3.606509719269103e-06 -1.672677076213334e-19
3.6363155847176084e-06 -1.7448296813208293e-19
3.6661214501661134e-06 -1.8449696101834872e-19
3.6959273156146187e-06 -1.8708891563336787e-19
3.725733181063123e-06 -1.7475734176350558e-19
3.7555390465116285e-06 -1.7048726157425822e-19
3.785344911960133e-06 -1.8940990675605827e-19
3.815150777408638e-06 -1.904399653505567e-19
3.844956642857144e-06 -1.7463102284660098e-19
3.874762508305648e-06 -1.7558026415728823e-19
3.9045683737541535e-06 -1.8868597882173774e-19
3.934374239202658e-06 -1.9431900912838008e-19
3.964180104651163e-06 -1.8112694680704626e-19
3.993985970099669e-06 -1.7315116433925579e-19
4.023791835548174e-06 -1.8908517875285895e-19
4.053597700996678e-06 -1.9618287971183956e-19
4.083403566445184e-06 -1.814653366308498e-19
4.113209431893688e-06 -1.7642152009191464e-19
4.1430152973421936e-06 -1.88903832155016e-19
4.172821162790698e-06 -1.9715934123219426e-19
4.202627028239203e-06 -1.880722158271083e-19
4.232432893687708e-06 -1.7593929816062913e-19
4.262238759136213e-06 -1.8667879898860343e-19
4.292044624584718e-06 -2.0048288045683534e-19
4.321850490033223e-06 -1.8932314390303493e-19
4.3516563554817275e-06 -1.7848538996487568e-19
4.381462220930233e-06 -1.872601251594775e-19
4.411268086378738e-06 -1.9778277030922746e-19
4.4410739518272435e-06 -1.9333176764928553e-19
4.470879817275749e-06 -1.788427864425638e-19
4.500685682724253e-06 -1.828489848360988e-19
4.530491548172759e-06 -2.0216203948550013e-19
4.560297413621263e-06 -1.9403327433636786e-19
4.5901032790697684e-06 -1.776449128940549e-19
4.619909144518273e-06 -1.8829186365006317e-19
4.649715009966778e-06 -1.992961519088781e-19
4.679520875415283e-06 -1.9461967429903194e-19
4.709326740863788e-06 -1.8189674549833683e-19
4.7391326063122926e-06 -1.8140270735632708e-19
4.768938471760798e-06 -1.9953051777554466e-19
4.798744337209303e-06 -1.9655488099687325e-19
4.8285502026578086e-06 -1.787974501440473e-19
4.858356068106313e-06 -1.8366025544207452e-19
4.888161933554818e-06 -1.9566773342449717e-19
4.917967799003323e-06 -1.96031614940613e-19
4.947773664451828e-06 -1.835548135433203e-19
4.977579529900333e-06 -1.786926991344086e-19
5.007385395348838e-06 -1.9546033713711033e-19
5.0371912607973425e-06 -1.9842347542411695e-19
5.066997126245848e-06 -1.8057384180769634e-19
5.096802991694353e-06 -1.782685976471463e-19
5.126608857142858e-06 -1.9204344164793712e-19
5.156414722591363e-06 -1.937535831441476e-19
5.1862205880398674e-06 -1.8321971446431348e-19
5.216026453488373e-06 -1.7549811830601031e-19
5.245832318936878e-06 -1.8461035124361533e-19
5.2756381843853834e-06 -1.962911754376777e-19
5.305444049833888e-06 -1.8113794133837218e-19
5.335249915282393e-06 -1.725402697543918e-19
5.365055780730898e-06 -1.8645316986711605e-19
5.394861646179403e-06 -1.8986705274267953e-19
5.4246675116279075e-06 -1.8121504526337515e-19
5.454473377076413e-06 -1.7092330242821283e-19
5.484279242524917e-06 -1.7647080776462705e-19
5.514085107973423e-06 -1.9032727737795107e-19
5.543890973421927e-06 -1.7800225532813485e-19
5.5736968388704325e-06 -1.651856560288861e-19
5.603502704318937e-06 -1.7514051111742603e-19
5.633308569767442e-06 -1.8324618485487723e-19
5.663114435215948e-06 -1.7659402883438428e-19
5.692920300664453e-06 -1.6559353026844698e-19
5.7227261661129575e-06 -1.674151248965081e-19
5.752532031561463e-06 -1.7858180335766954e-19
5.782337897009968e-06 -1.7698206863041414e-19
5.812143762458473e-06 -1.5896372827578771e-19
5.841949627906978e-06 -1.6201312478608986e-19
5.8717554933554824e-06 -1.7496647460304194e-19
5.901561358803988e-06 -1.6718051354491202e-19
5.931367224252492e-06 -1.5998633114732678e-19
5.9611730897009976e-06 -1.5437238883601294e-19
5.990978955149502e-06 -1.639582205060666e-19
6.020784820598007e-06 -1.708973248210307e-19
6.050590686046513e-06 -1.5046617619967823e-19
6.080396551495018e-06 -1.4974561291429958e-19
6.1102024169435225e-06 -1.620126110092517e-19
6.140008282392028e-06 -1.598839887938903e-19
6.169814147840532e-06 -1.5030681994276294e-19
6.199620013289038e-06 -1.417645668412495e-19
6.229425878737542e-06 -1.5095300658054578e-19
6.2592317441860475e-06 -1.5727216512728836e-19
6.289037609634552e-06 -1.407342549327229e-19
6.318843475083057e-06 -1.335904939987576e-19
6.348649340531562e-06 -1.4705442245234096e-19
6.378455205980067e-06 -1.484396972886074e-19
6.4082610714285725e-06 -1.3655854662286493e-19
6.438066936877077e-06 -1.3198483917568162e-19
6.467872802325582e-06 -1.357980696826048e-19
6.497678667774088e-06 -1.4377280580563687e-19
6.527484533222593e-06 -1.326617633416558e-19
6.557290398671098e-06 -1.1875641220967343e-19
6.587096264119602e-06 -1.311434632381163e-19
6.616902129568107e-06 -1.33700085312328e-19
6.6467079950166126e-06 -1.2379020480343385e-19
6.676513860465118e-06 -1.1764254111353886e-19
6.7063197259136215e-06 -1.15981396576836e-19
6.736125591362127e-06 -1.2771201618701706e-19
6.765931456810632e-06 -1.2239215631390452e-19
6.7957373222591375e-06 -1.0586537533342393e-19
6.825543187707641e-06 -1.13554482273414e-19
6.8553490531561465e-06 -1.193797720997251e-19
6.885154918604652e-06 -1.1075683933929032e-19
6.914960784053157e-06 -1.0391705792249051e-19
6.944766649501662e-06 -1.0056094233658767e-19
6.974572514950167e-06 -1.0683486542630613e-19
7.004378380398672e-06 -1.0870653570739974e-19
7.034184245847178e-06 -9.235817336515693e-20
7.063990111295683e-06 -9.046668625261622e-20
7.093795976744187e-06 -1.0041302853299979e-19
7.123601842192692e-06 -9.647986634000285e-20
7.153407707641197e-06 -8.875511233995821e-20
7.183213573089703e-06 -8.271120914158342e-20
7.213019438538206e-06 -8.65141571039613e-20
7.2428253039867116e-06 -9.223085037056651e-20
7.272631169435217e-06 -7.930963592902826e-20
7.302437034883722e-06 -7.123711074717296e-20
7.332242900332227e-06 -8.12259239045212e-20
7.362048765780732e-06 -7.952421094051878e-20
7.391854631229237e-06 -6.878697921535269e-20
7.421660496677743e-06 -6.566712326105246e-20
7.451466362126246e-06 -6.564464126843259e-20
7.481272227574752e-06 -7.125553955721437e-20
7.511078093023257e-06 -6.557398227693918e-20
7.540883958471762e-06 -5.232670147066941e-20
7.570689823920266e-06 -6.029040588613779e-20
7.600495689368771e-06 -6.359235192106698e-20
7.630301554817277e-06 -5.184631500944394e-20
7.660107420265782e-06 -4.776484405893597e-20
7.689913285714287e-06 -4.566197734977039e-20
7.719719151162791e-06 -4.950982599336009e-20
7.749525016611296e-06 -5.022906558580134e-20
7.779330882059802e-06 -3.334452037474765e-20
7.809136747508307e-06 -3.4318908052517663e-20
7.83894261295681e-06 -4.531376093890751e-20
7.868748478405316e-06 -3.4240643395476527e-20
7.898554343853821e-06 -2.857726179660225e-20
7.928360209302327e-06 -2.867405284839305e-20
7.958166074750832e-06 -2.6669941191378107e-20
7.987971940199337e-06 -3.014134696896986e-20
8.017777805647843e-06 -1.889052540884384e-20
8.047583671096348e-06 -1.2892028396935366e-20
8.077389536544852e-06 -2.1425180998106847e-20
8.107195401993357e-06 -1.600701324408517e-20
8.137001267441862e-06 -9.497011179489517e-21
8.166807132890368e-06 -5.4826688299835035e-21
8.196612998338871e-06 -4.684378033047828e-21
8.226418863787376e-06 -1.1413163808328998e-20
8.256224729235882e-06 -1.8029072832125014e-21
8.286030594684387e-06 7.569806850780833e-21
8.315836460132892e-06 7.105513467787575e-22
8.345642325581396e-06 1.4158449346280928e-21
8.375448191029901e-06 7.91863128373861e-21
8.405254056478407e-06 1.3737556832922817e-20
8.435059921926912e-06 1.6949500255212543e-20
8.464865787375416e-06 1.0032785235138012e-20
8.494671652823921e-06 1.373707631559803e-20
8.524477518272426e-06 2.8082355261044764e-20
8.554283383720932e-06 2.43690558997359e-20
8.584089249169435e-06 1.9214973350925278e-20
8.61389511461794e-06 2.6989410929508967e-20
8.643700980066446e-06 3.2681955452965294e-20
8.673506845514951e-06 3.5432370102687813e-20
8.703312710963455e-06 3.233206019493345e-20
8.73311857641196e-06 3.1082240945274066e-20
8.762924441860466e-06 4.40160437678868e-20
8.792730307308971e-06 4.7357843036629205e-20
8.822536172757476e-06 3.9785652907135686e-20
8.852342038205982e-06 4.514841690681255e-20
8.882147903654487e-06 5.2351512115898627e-20
8.911953769102992e-06 5.544142587219651e-20
8.941759634551498e-06 5.471181249544993e-20
8.971565500000001e-06 5.114914890173129e-20
9.001371365448507e-06 6.05301864470238e-20
9.031177230897012e-06 6.826368299546977e-20
9.060983096345517e-06 6.132975788374439e-20
9.090788961794021e-06 6.150144517037806e-20
9.120594827242526e-06 7.036700230429562e-20
9.150400692691032e-06 7.489210112957247e-20
9.180206558139537e-06 7.593265743134961e-20
9.21001242358804e-06 7.24067676141263e-20
9.239818289036546e-06 7.669284774377735e-20
9.269624154485051e-06 8.742627027684026e-20
9.299430019933557e-06 8.386989665050604e-20
9.32923588538206e-06 8.140603455503452e-20
9.359041750830565e-06 8.843004844605323e-20
9.38884761627907e-06 9.307035444698217e-20
9.418653481727576e-06 9.664761727272972e-20
9.44845934717608e-06 9.350967938511346e-20
9.478265212624585e-06 9.400736563198109e-20
9.50807107807309e-06 1.0630191975565428e-19
9.537876943521596e-06 1.0753078799625298e-19
9.567682808970101e-06 1.0231634620879437e-19
9.597488674418606e-06 1.0602558009416074e-19
9.627294539867112e-06 1.1441637657738176e-19
9.657100405315617e-06 1.191822563226475e-19
9.686906270764122e-06 1.1345769249423885e-19
9.716712136212626e-06 1.1235501181627483e-19
9.746518001661131e-06 1.238536754396876e-19
9.776323867109637e-06 1.2918284987864189e-19
9.806129732558142e-06 1.2292333174845325e-19
9.835935598006646e-06 1.2360449211765725e-19
9.865741463455151e-06 1.3345225822342476e-19
9.895547328903656e-06 1.38375882681863e-19
9.925353194352162e-06 1.3662367069105439e-19
9.955159059800665e-06 1.3305041266792906e-19
9.98496492524917e-06 1.4157935231687382e-19
1.0014770790697676e-05 1.5114243483606653e-19
1.0044576656146181e-05 1.4429093270019515e-19
1.0074382521594685e-05 1.4265581844494692e-19
1.010418838704319e-05 1.5083796161208748e-19
1.0133994252491696e-05 1.5827641290013024e-19
1.0163800117940201e-05 1.5644252123488205e-19
1.0193605983388706e-05 1.493922873981959e-19
1.022341184883721e-05 1.5710497870915443e-19
1.0253217714285715e-05 1.686924588178155e-19
1.028302357973422e-05 1.668950249453318e-19
1.0312829445182726e-05 1.605429358943676e-19
1.034263531063123e-05 1.6609003219730661e-19
1.0372441176079735e-05 1.766762970778784e-19
1.040224704152824e-05 1.7687986751144716e-19
1.0432052906976746e-05 1.7040467402268285e-19
1.0461858772425251e-05 1.7094675303397025e-19
1.0491664637873756e-05 1.8276550961055005e-19
1.0521470503322262e-05 1.8526095936682463e-19
1.0551276368770767e-05 1.7726422594071057e-19
1.058108223421927e-05 1.795114101126373e-19
1.0610888099667776e-05 1.8956019599902337e-19
1.0640693965116281e-05 1.952984233484896e-19
1.0670499830564786e-05 1.8761497378159355e-19
1.070030569601329e-05 1.8460360021029893e-19
1.0730111561461795e-05 1.9832110027076186e-19
1.07599174269103e-05 2.0211057648999622e-19
1.0789723292358806e-05 1.9491000816830637e-19
1.0819529157807311e-05 1.918356468843376e-19
1.0849335023255815e-05 2.010929970504066e-19
1.087914088870432e-05 2.1147037135589702e-19
1.0908946754152826e-05 2.015432368473743e-19
1.0938752619601331e-05 1.96537213983261e-19
1.0968558485049835e-05 2.096671194972807e-19
1.099836435049834e-05 2.1644769830131882e-19
1.1028170215946845e-05 2.105084988264958e-19
1.105797608139535e-05 2.0492166984528119e-19
1.1087781946843854e-05 2.122318970971942e-19
1.111758781229236e-05 2.233845442891635e-19
1.1147393677740865e-05 2.1816171852782167e-19
1.117719954318937e-05 2.0761362551392641e-19
1.1207005408637874e-05 2.1664988655312127e-19
1.123681127408638e-05 2.282225933075932e-19
1.1266617139534885e-05 2.22148431780566e-19
1.129642300498339e-05 2.1625488891027543e-19
1.1326228870431895e-05 2.2029121718121855e-19
1.13560347358804e-05 2.293191290086449e-19
1.1385840601328906e-05 2.324529374534482e-19
1.1415646466777411e-05 2.2068410817323516e-19
1.1445452332225915e-05 2.2146417577445147e-19
1.147525819767442e-05 2.3813487349036817e-19
1.1505064063122926e-05 2.356715716567815e-19
1.1534869928571431e-05 2.2522826062970314e-19
1.1564675794019936e-05 2.281696612128095e-19
1.159448165946844e-05 2.3719223706215283e-19
1.1624287524916945e-05 2.411717439269736e-19
1.165409339036545e-05 2.310381850080989e-19
1.1683899255813956e-05 2.268559920869782e-19
1.171370512126246e-05 2.4267838573686326e-19
1.1743510986710965e-05 2.4554468504509164e-19
1.177331685215947e-05 2.3288446435425687e-19
1.1803122717607976e-05 2.345698097981598e-19
1.183292858305648e-05 2.425400376837529e-19
1.1862734448504984e-05 2.473437975683944e-19
1.189254031395349e-05 2.4310510960830153e-19
1.1922346179401995e-05 2.3186064009043876e-19
1.1952152044850499e-05 2.4481916698554983e-19
1.1981957910299004e-05 2.5452791705448054e-19
1.201176377574751e-05 2.3883385507570377e-19
1.2041569641196015e-05 2.3919159223990265e-19
1.207137550664452e-05 2.469697940199188e-19
1.2101181372093025e-05 2.5095920354443236e-19
1.213098723754153e-05 2.5166152411362016e-19
1.2160793102990036e-05 2.3778012566276115e-19
1.2190598968438541e-05 2.4511192422020227e-19
1.2220404833887045e-05 2.606461096177966e-19
1.225021069933555e-05 2.476009321397494e-19
1.2280016564784056e-05 2.4045038828619706e-19
1.2309822430232561e-05 2.486476521315483e-19
1.2339628295681065e-05 2.536912438505857e-19
1.236943416112957e-05 2.538743469293423e-19
1.2399240026578075e-05 2.4284045255774154e-19
1.242904589202658e-05 2.420922828289581e-19
1.2458851757475084e-05 2.6109853859769313e-19
1.248865762292359e-05 2.5519549644054156e-19
1.2518463488372095e-05 2.405660842611728e-19
1.25482693538206e-05 2.4981361987567464e-19
1.2578075219269104e-05 2.5357379514656565e-19
1.260788108471761e-05 2.5618601637225383e-19
1.2637686950166115e-05 2.4871323339744644e-19
1.266749281561462e-05 2.381941944516511e-19
1.2697298681063124e-05 2.578806982307097e-19
1.2727104546511629e-05 2.584957049624779e-19
1.2756910411960134e-05 2.4130855256955616e-19
1.278671627740864e-05 2.464347480532637e-19
1.2816522142857145e-05 2.5328607543657105e-19
1.2846328008305649e-05 2.5643622556166464e-19
1.2876133873754154e-05 2.5046891578069693e-19
1.290593973920266e-05 2.3991051576812054e-19
1.2935745604651165e-05 2.5183806080170047e-19
1.296555147009967e-05 2.5966120814750395e-19
1.2995357335548175e-05 2.4431905230919415e-19
1.302516320099668e-05 2.41626688546944e-19
1.3054969066445186e-05 2.4949853883118686e-19
1.3084774931893691e-05 2.523101709211526e-19
1.3114580797342197e-05 2.5062230185145175e-19
1.3144386662790698e-05 2.378641835780797e-19
1.3174192528239204e-05 2.4243552788377557e-19
1.3203998393687709e-05 2.590369415061282e-19
1.3233804259136214e-05 2.4616150167279496e-19
1.326361012458472e-05 2.360362401044119e-19
1.3293415990033225e-05 2.465999683303298e-19
1.332322185548173e-05 2.483002135252504e-19
1.3353027720930236e-05 2.465893096315468e-19
1.3382833586378741e-05 2.391830678017279e-19
1.3412639451827243e-05 2.348162589695036e-19
1.3442445317275748e-05 2.5020376544956833e-19
1.3472251182724254e-05 2.467195174976363e-19
1.3502057048172759e-05 2.299679247624696e-19
1.3531862913621264e-05 2.378583281700775e-19
1.356166877906977e-05 2.4367598181504954e-19
1.3591474644518275e-05 2.4027427478529766e-19
1.362128050996678e-05 2.3697510312515064e-19
1.3651086375415282e-05 2.281969146472613e-19
1.3680892240863788e-05 2.4009702258065076e-19
1.3710698106312293e-05 2.4589157620441704e-19
1.3740503971760798e-05 2.237150226915705e-19
1.3770309837209304e-05 2.273825283964095e-19
1.3800115702657809e-05 2.386727569941236e-19
1.3829921568106314e-05 2.3188999851543746e-19
1.385972743355482e-05 2.291937042524975e-19
1.3889533299003323e-05 2.207227087668348e-19
1.3919339164451829e-05 2.2577557743256033e-19
1.3949145029900334e-05 2.390245811683976e-19
1.397895089534884e-05 2.221275271627271e-19
1.4008756760797345e-05 2.1422988373577042e-19
1.403856262624585e-05 2.267019618281129e-19
1.4068368491694355e-05 2.2561154465227265e-19
1.409817435714286e-05 2.207989932941142e-19
1.4127980222591366e-05 2.1269285936972416e-19
1.4157786088039868e-05 2.12463958523208e-19
1.4187591953488373e-05 2.2442172700642207e-19
1.4217397818936879e-05 2.1436158641490818e-19
1.4247203684385384e-05 2.033646681130353e-19
1.427700954983389e-05 2.125366178531885e-19
1.4306815415282395e-05 2.1414641637071371e-19
1.43366212807309e-05 2.0972824920585572e-19
1.4366427146179405e-05 2.041537695854043e-19
1.4396233011627907e-05 1.9859513374283166e-19
1.4426038877076412e-05 2.0985049252524224e-19
1.4455844742524918e-05 2.072161610533142e-19
1.4485650607973423e-05 1.8836849167889636e-19
1.4515456473421928e-05 1.9593624264559353e-19
1.4545262338870434e-05 2.0119763613155474e-19
1.4575068204318939e-05 1.939244816615969e-19
1.4604874069767444e-05 1.9067619519046716e-19
1.463467993521595e-05 1.820984434383218e-19
1.4664485800664453e-05 1.9017192985483098e-19
1.4694291666112959e-05 1.96524140096617e-19
1.4724097531561464e-05 1.7609327961293389e-19
1.475390339700997e-05 1.7466378534166625e-19
1.4783709262458475e-05 1.8657884700468615e-19
1.481351512790698e-05 1.8008449527457841e-19
1.4843320993355485e-05 1.746867430834507e-19
1.487312685880399e-05 1.6771373723761454e-19
1.4902932724252493e-05 1.671819614414299e-19
1.4932738589700998e-05 1.7775986466538962e-19
1.4962544455149503e-05 1.642054249576487e-19
1.4992350320598009e-05 1.5308933795720212e-19
1.5022156186046514e-05 1.6465215102898836e-19
1.505196205149502e-05 1.6424388197223068e-19
1.5081767916943525e-05 1.5798481907595247e-19
1.511157378239203e-05 1.5053301718132562e-19
1.5141379647840532e-05 1.4659261099152701e-19
1.5171185513289037e-05 1.5781076226773795e-19
1.5200991378737543e-05 1.4991817606423783e-19
1.5230797244186048e-05 1.3381902680627178e-19
1.5260603109634553e-05 1.4285982785805787e-19
1.529040897508306e-05 1.4497617791425897e-19
1.5320214840531564e-05 1.37051501531101e-19
1.535002070598007e-05 1.3195533880367887e-19
1.5379826571428575e-05 1.24516742155914e-19
1.5409632436877077e-05 1.347678790731265e-19
1.5439438302325582e-05 1.357951648819354e-19
1.5469244167774087e-05 1.1499113597389344e-19
1.5499050033222593e-05 1.1857406019344483e-19
1.5528855898671098e-05 1.2568687976552285e-19
1.5558661764119603e-05 1.187330872169817e-19
1.558846762956811e-05 1.1304459347218628e-19
1.5618273495016614e-05 1.0253182842033742e-19
1.5648079360465116e-05 1.1060252411548863e-19
1.567788522591362e-05 1.167869359700021e-19
1.5707691091362126e-05 9.642647590455989e-20
1.5737496956810632e-05 9.351404943413216e-20
1.5767302822259137e-05 1.0290219629532918e-19
1.5797108687707642e-05 9.856621898334118e-20
1.5826914553156148e-05 9.323735389252089e-20
1.5856720418604653e-05 8.4203945447424e-20
1.588652628405316e-05 8.451697965328043e-20
1.5916332149501664e-05 9.692914529970455e-20
1.594613801495017e-05 8.223113166083553e-20
1.5975943880398674e-05 6.875074891879378e-20
1.600574974584718e-05 8.010443611995165e-20
1.6035555611295685e-05 7.902347664859293e-20
1.606536147674419e-05 7.173475512055332e-20
1.6095167342192696e-05 6.426007120459107e-20
1.61249732076412e-05 6.014485475561181e-20
1.6154779073089703e-05 7.333130606302221e-20
1.618458493853821e-05 6.659312118479395e-20
1.6214390803986714e-05 4.611159427311269e-20
1.624419666943522e-05 5.452381276637447e-20
1.6274002534883724e-05 6.078910546352476e-20
1.630380840033223e-05 5.221323764611738e-20
1.6333614265780735e-05 4.53707697322675e-20
1.636342013122924e-05 3.668384329561657e-20
1.6393225996677742e-05 4.6564790520295544e-20
1.6423031862126248e-05 4.960491763993265e-20
1.6452837727574753e-05 2.655960802298819e-20
1.6482643593023258e-05 2.914941171270905e-20
1.6512449458471764e-05 3.894729978262865e-20
1.654225532392027e-05 3.1116093457554875e-20
1.6572061189368774e-05 2.6128372453985414e-20
1.660186705481728e-05 1.5325520558494554e-20
1.6631672920265785e-05 1.9841860271424684e-20
1.6661478785714287e-05 3.103062171297814e-20
1.6691284651162792e-05 1.0709719072780595e-20
1.6721090516611298e-05 1.1551279301772107e-21
1.6750896382059803e-05 1.4069064679165644e-20
1.6780702247508308e-05 1.1840878373297089e-20
1.6810508112956814e-05 4.1558192741558084e-21
1.684031397840532e-05 -5.034404239436294e-21
1.6870119843853824e-05 -6.343804793006954e-21
1.6899925709302326e-05 9.203698722978839e-21
1.692973157475083e-05 -4.258496257609075e-21
1.6959537440199337e-05 -2.4311138091195154e-20
1.6989343305647842e-05 -8.981255089439846e-21
1.7019149171096347e-05 -6.6144812208094005e-21
1.7048955036544853e-05 -1.7847685174125813e-20
1.7078760901993358e-05 -2.4620615233771098e-20
1.7108566767441863e-05 -3.017767044321348e-20
1.7138372632890365e-05 -1.6442278941411485e-20
1.716817849833887e-05 -2.0787235019746184e-20
1.7197984363787376e-05 -4.5499925876100653e-20
1.722779022923588e-05 -3.694124662348186e-20
1.7257596094684387e-05 -2.6141611270058746e-20
1.7287401960132892e-05 -3.768365282104031e-20
1.7317207825581397e-05 -4.524026098138711e-20
1.7347013691029903e-05 -5.144335237270721e-20
1.7376819556478408e-05 -4.22595937310013e-20
1.740662542192691e-05 -3.6847209982670737e-20
1.7436431287375415e-05 -6.413947923983104e-20
1.746623715282392e-05 -6.506934162606793e-20
1.7496043018272426e-05 -4.736540001878617e-20
1.752584888372093e-05 -5.711233001309873e-20
1.7555654749169437e-05 -6.643582854155921e-20
1.7585460614617942e-05 -7.313368180814016e-20
1.7615266480066447e-05 -6.865329477108049e-20
1.7645072345514953e-05 -5.626213984067356e-20
1.7674878210963458e-05 -7.711187922536493e-20
1.7704684076411963e-05 -8.961794313524631e-20
1.773448994186047e-05 -7.067675445413818e-20
1.7764295807308974e-05 -7.355627789180993e-20
1.779410167275748e-05 -8.590646354847506e-20
1.7823907538205985e-05 -9.167957459629421e-20
1.785371340365449e-05 -9.4388021288541e-20
1.7883519269102995e-05 -7.782599282809608e-20
1.7913325134551497e-05 -8.93340735115341e-20
1.7943131000000003e-05 -1.1410049767650898e-19
1.7972936865448508e-05 -9.509644343153667e-20
1.8002742730897013e-05 -8.867326167361465e-20
1.803254859634552e-05 -1.0475733234579186e-19
1.8062354461794024e-05 -1.1049089858729046e-19
1.809216032724253e-05 -1.1431534795170057e-19
1.8121966192691035e-05 -1.0002471505119534e-19
1.8151772058139536e-05 -1.0187034981117291e-19
1.8181577923588042e-05 -1.3180639465118489e-19
1.8211383789036547e-05 -1.2181073759947555e-19
1.8241189654485052e-05 -1.0539167291039308e-19
1.8270995519933558e-05 -1.2122960813762802e-19
1.8300801385382063e-05 -1.3056466950196057e-19
1.833060725083057e-05 -1.332310122667355e-19
1.8360413116279074e-05 -1.2164080567339424e-19
1.8390218981727576e-05 -1.1664991069553472e-19
1.842002484717608e-05 -1.4529219743195971e-19
1.8449830712624586e-05 -1.4568889434498492e-19
1.8479636578073092e-05 -1.2358225420437583e-19
1.8509442443521597e-05 -1.3359748662290384e-19
1.8539248308970102e-05 -1.4884062103978598e-19
1.8569054174418608e-05 -1.5138962631362352e-19
1.8598860039867113e-05 -1.4377071957560084e-19
1.862866590531562e-05 -1.3596150929377833e-19
1.865847177076412e-05 -1.5584167014323978e-19
1.8688277636212626e-05 -1.6694180078310594e-19
1.871808350166113e-05 -1.4521799326819858e-19
1.8747889367109636e-05 -1.462913663343859e-19
1.877769523255814e-05 -1.644016723126028e-19
1.8807501098006647e-05 -1.6700408695181433e-19
1.8837306963455152e-05 -1.623112791558161e-19
1.8867112828903658e-05 -1.5134669201145177e-19
1.889691869435216e-05 -1.6439931270431176e-19
1.8926724559800665e-05 -1.8485811708362966e-19
1.895653042524917e-05 -1.6687978542399994e-19
1.8986336290697676e-05 -1.567873840347664e-19
1.901614215614618e-05 -1.7680865688458374e-19
1.9045948021594686e-05 -1.848496526327733e-19
1.907575388704319e-05 -1.7820926131143273e-19
1.9105559752491697e-05 -1.679906089941461e-19
1.9135365617940202e-05 -1.7024337315164394e-19
1.9165171483388708e-05 -1.9552157947009858e-19
1.9194977348837213e-05 -1.8871029858954833e-19
1.9224783214285718e-05 -1.6521328387866667e-19
1.9254589079734224e-05 -1.8409973589999681e-19
1.928439494518273e-05 -1.9754967673368717e-19
1.9314200810631234e-05 -1.9057200560349198e-19
1.934400667607974e-05 -1.8290358626053363e-19
1.9373812541528245e-05 -1.801989921626373e-19
1.9403618406976747e-05 -2.0310565324980425e-19
1.9433424272425252e-05 -2.0415160723658394e-19
1.9463230137873757e-05 -1.7811997254542411e-19
1.9493036003322263e-05 -1.863460771220752e-19
1.9522841868770768e-05 -2.0561515763106706e-19
1.9552647734219273e-05 -2.0337621640408845e-19
1.958245359966778e-05 -1.90987952306959e-19
1.9612259465116284e-05 -1.8565508649129e-19
1.9642065330564786e-05 -2.04812174356708e-19
1.967187119601329e-05 -2.1539957165915382e-19
1.9701677061461797e-05 -1.9233414243625193e-19
1.9731482926910302e-05 -1.8877272142656537e-19
1.9761288792358807e-05 -2.110451057398489e-19
1.9791094657807313e-05 -2.1248305263382505e-19
1.9820900523255818e-05 -1.9993221324959686e-19
1.9850706388704323e-05 -1.9186525754112392e-19
1.988051225415283e-05 -2.0303961313958511e-19
1.991031811960133e-05 -2.2107920622324585e-19
1.9940123985049836e-05 -2.0231641522331173e-19
1.996992985049834e-05 -1.8854528113079492e-19
1.9999735715946847e-05 -2.113354874609263e-19
2.0029541581395352e-05 -2.168510720224296e-19
2.0059347446843857e-05 -2.0486958065578754e-19
2.0089153312292363e-05 -1.9675056657514354e-19
2.0118959177740868e-05 -2.0228949918422993e-19
2.014876504318937e-05 -2.215983654745487e-19
2.0178570908637875e-05 -2.1030737645649686e-19
2.020837677408638e-05 -1.899589595970212e-19
2.0238182639534886e-05 -2.0616482705601698e-19
2.026798850498339e-05 -2.1931348476369166e-19
2.0297794370431897e-05 -2.0924747220723318e-19
2.0327600235880402e-05 -1.971955770136949e-19
2.0357406101328907e-05 -1.9863736308989033e-19
2.0387211966777413e-05 -2.181480876930168e-19
2.0417017832225915e-05 -2.1456465831546435e-19
2.044682369767442e-05 -1.900196658535281e-19
2.0476629563122925e-05 -1.9999280330956437e-19
2.050643542857143e-05 -2.1792110369794067e-19
2.0536241294019936e-05 -2.117094430049864e-19
2.056604715946844e-05 -1.9829538187473925e-19
2.0595853024916947e-05 -1.922650404591787e-19
2.0625658890365452e-05 -2.10817381834236e-19
2.0655464755813954e-05 -2.172903731607273e-19
2.068527062126246e-05 -1.9206674795235827e-19
2.0715076486710964e-05 -1.9120202446428115e-19
2.074488235215947e-05 -2.1167112748815438e-19
2.0774688217607975e-05 -2.1134074766798363e-19
2.080449408305648e-05 -1.9677975938338905e-19
2.0834299948504986e-05 -1.895670059628669e-19
2.086410581395349e-05 -2.0208957906117476e-19
2.0893911679401996e-05 -2.134200994441377e-19
2.0923717544850502e-05 -1.9390573137541424e-19
2.0953523410299007e-05 -1.8182699557067178e-19
2.0983329275747512e-05 -2.0219310679244987e-19
2.1013135141196018e-05 -2.079847196411406e-19
2.1042941006644523e-05 -1.9233933987371519e-19
2.107274687209303e-05 -1.8207402468690755e-19
2.1102552737541534e-05 -1.9089693178796629e-19
2.113235860299004e-05 -2.0862473461372867e-19
2.116216446843854e-05 -1.9318161033518016e-19
2.1191970333887046e-05 -1.731588582696463e-19
2.122177619933555e-05 -1.9108870559892085e-19
2.1251582064784057e-05 -2.0125897738458635e-19
2.1281387930232562e-05 -1.8793221980528254e-19
2.1311193795681068e-05 -1.7628149115293547e-19
2.1340999661129573e-05 -1.775039859340768e-19
2.137080552657808e-05 -1.9627038809284978e-19
2.140061139202658e-05 -1.9101349739630836e-19
2.1430417257475086e-05 -1.644777892603332e-19
2.146022312292359e-05 -1.7603741909948718e-19
2.1490028988372096e-05 -1.9264661094652627e-19
2.15198348538206e-05 -1.8123147228222398e-19
2.1549640719269107e-05 -1.6866544747602373e-19
2.1579446584717612e-05 -1.6463259630901887e-19
2.1609252450166118e-05 -1.816025646057229e-19
2.1639058315614623e-05 -1.8615864621071553e-19
2.1668864181063125e-05 -1.5821500927354657e-19
2.169867004651163e-05 -1.585498161770509e-19
2.1728475911960136e-05 -1.7799332457809226e-19
2.175828177740864e-05 -1.720363778208261e-19
2.1788087642857146e-05 -1.5802144605218685e-19
2.181789350830565e-05 -1.5244555605786078e-19
2.1847699373754157e-05 -1.6466497950803064e-19
2.1877505239202662e-05 -1.7461280487548741e-19
2.1907311104651164e-05 -1.5144896223327297e-19
2.193711697009967e-05 -1.4100223193028722e-19
2.1966922835548175e-05 -1.6183607533965113e-19
2.199672870099668e-05 -1.6330026701423152e-19
2.2026534566445185e-05 -1.4624222330582995e-19
2.205634043189369e-05 -1.3752993902958417e-19
2.2086146297342196e-05 -1.452024279267432e-19
2.21159521627907e-05 -1.5768569670771674e-19
2.2145758028239203e-05 -1.426152577310881e-19
2.217556389368771e-05 -1.2248260102771953e-19
2.2205369759136214e-05 -1.3988954649811587e-19
2.223517562458472e-05 -1.5038903865113993e-19
2.2264981490033225e-05 -1.3264141137858875e-19
2.229478735548173e-05 -1.2314255198555116e-19
2.2324593220930235e-05 -1.2496679971610592e-19
2.235439908637874e-05 -1.3846329551078173e-19
2.2384204951827246e-05 -1.3273667917286931e-19
2.2414010817275748e-05 -1.0528312563219393e-19
2.2443816682724253e-05 -1.161312669636345e-19
2.247362254817276e-05 -1.3298446857271274e-19
2.2503428413621264e-05 -1.1641576249254902e-19
2.253323427906977e-05 -1.0438066756667727e-19
2.2563040144518275e-05 -1.0469817262385015e-19
2.259284600996678e-05 -1.1477600188074498e-19
2.2622651875415285e-05 -1.184861878890242e-19
2.265245774086379e-05 -9.263598391068008e-20
2.2682263606312296e-05 -8.928778998946965e-20
2.27120694717608e-05 -1.147584009508143e-19
2.2741875337209307e-05 -1.0395400181430685e-19
2.2771681202657812e-05 -8.361644137806929e-20
2.2801487068106317e-05 -8.446321108820892e-20
2.2831292933554823e-05 -9.064755717737081e-20
2.2861098799003328e-05 -9.983790869702746e-20
2.289090466445183e-05 -7.921053896837339e-20
2.2920710529900335e-05 -6.341989012076772e-20
2.295051639534884e-05 -8.922209261827019e-20
2.2980322260797346e-05 -8.606678317260771e-20
2.301012812624585e-05 -6.646523771329954e-20
2.3039933991694357e-05 -6.561416434456759e-20
2.3069739857142862e-05 -6.581798357686577e-20
2.3099545722591367e-05 -7.906318346552796e-20
2.3129351588039873e-05 -6.605071714518345e-20
2.3159157453488374e-05 -4.013726510297827e-20
2.318896331893688e-05 -6.030405956648269e-20
2.3218769184385385e-05 -6.775946307698977e-20
2.324857504983389e-05 -4.5544014680631823e-20
2.3278380915282396e-05 -4.0105592592679305e-20
2.33081867807309e-05 -4.2467572170598415e-20
2.3337992646179406e-05 -5.0674282403078806e-20
2.3367798511627912e-05 -4.850508016845686e-20
2.3397604377076414e-05 -2.2693916254273123e-20
2.342741024252492e-05 -2.6955915351082453e-20
2.3457216107973424e-05 -4.69388272789278e-20
2.348702197342193e-05 -2.9383420542164936e-20
2.3516827838870435e-05 -1.4618563679427827e-20
2.354663370431894e-05 -1.6717944167863464e-20
2.3576439569767446e-05 -2.36272445192892e-20
2.360624543521595e-05 -2.946804119722752e-20
2.3636051300664456e-05 -1.6442882247142969e-21
2.366585716611296e-05 3.8192523184306664e-21
2.3695663031561464e-05 -2.3153562738788592e-20
2.372546889700997e-05 -9.588261389930838e-21
2.3755274762458474e-05 9.590540130640556e-21
2.378508062790698e-05 8.376337587846706e-21
2.3814886493355485e-05 2.15233003945989e-21
2.384469235880399e-05 -5.536208627459601e-21
2.3874498224252496e-05 1.6261532696190556e-20
2.3904304089700998e-05 3.2140255082083073e-20
2.3934109955149503e-05 7.871517090059006e-21
2.3963915820598008e-05 8.621022845196182e-21
2.3993721686046514e-05 3.2810172949608687e-20
2.402352755149502e-05 3.4047920258568143e-20
2.4053333416943524e-05 2.9457399007943894e-20
2.408313928239203e-05 2.1791013773712194e-20
2.4112945147840535e-05 3.168333822863414e-20
2.414275101328904e-05 5.7912980813112e-20
2.4172556878737546e-05 3.9948736486413224e-20
2.420236274418605e-05 2.5466949118799545e-20
2.4232168609634556e-05 5.366594396136816e-20
2.426197447508306e-05 6.129933013173126e-20
2.4291780340531567e-05 5.459255776091238e-20
2.4321586205980072e-05 4.816499561656851e-20
2.4351392071428578e-05 5.140258752521328e-20
2.4381197936877083e-05 7.866825751425975e-20
2.4411003802325585e-05 7.124880126593899e-20
2.444080966777409e-05 5.027546282116891e-20
2.4470615533222595e-05 7.029884280810949e-20
2.45004213986711e-05 8.444379759820343e-20
2.4530227264119606e-05 7.939032907628593e-20
2.456003312956811e-05 7.318817973342723e-20
2.4589838995016617e-05 7.121518699964279e-20
2.4619644860465122e-05 9.461514938164112e-20
2.4649450725913624e-05 1.0307887680278682e-19
2.467925659136213e-05 7.625622702703441e-20
2.4709062456810635e-05 8.410322808787792e-20
2.473886832225914e-05 1.0917000657334159e-19
2.4768674187707645e-05 1.0352163427276133e-19
2.479848005315615e-05 9.648327772434298e-20
2.4828285918604656e-05 9.185204360916969e-20
2.485809178405316e-05 1.0655648492741464e-19
2.4887897649501667e-05 1.2773556483180054e-19
2.491770351495017e-05 1.0163783538483661e-19
2.4947509380398674e-05 9.577529052747323e-20
2.497731524584718e-05 1.281588463455856e-19
2.5007121111295685e-05 1.2681322660523333e-19
2.503692697674419e-05 1.1745708521938866e-19
2.5066732842192695e-05 1.129041699027031e-19
2.50965387076412e-05 1.2217269367547348e-19
2.5126344573089706e-05 1.4702076999180947e-19
2.5156150438538208e-05 1.2649051653456093e-19
2.5185956303986713e-05 1.1156377407492496e-19
2.521576216943522e-05 1.4207349189984765e-19
2.5245568034883724e-05 1.4809086274288885e-19
2.527537390033223e-05 1.3625145756003673e-19
2.5305179765780735e-05 1.3161454447572858e-19
2.533498563122924e-05 1.3624930900099898e-19
2.5364791496677745e-05 1.6013562930098917e-19
2.5394597362126247e-05 1.5443752027801957e-19
2.5424403227574753e-05 1.2945074399499717e-19
2.5454209093023258e-05 1.5122485185981315e-19
2.5484014958471763e-05 1.6894460586104544e-19
2.551382082392027e-05 1.550003927094363e-19
2.5543626689368774e-05 1.4921318941746164e-19
2.557343255481728e-05 1.5031198915376802e-19
2.5603238420265784e-05 1.7124232366942005e-19
2.563304428571429e-05 1.7740229709111577e-19
2.5662850151162792e-05 1.4700474725146716e-19
2.5692656016611297e-05 1.574446807743989e-19
2.5722461882059802e-05 1.85613624100847e-19
2.5752267747508308e-05 1.748980267114864e-19
2.5782073612956813e-05 1.659607279566143e-19
2.581187947840532e-05 1.659795169578186e-19
2.5841685343853824e-05 1.8110722626506563e-19
2.587149120930233e-05 1.965838065202777e-19
2.5901297074750834e-05 1.6806798419636725e-19
2.593110294019934e-05 1.6486954328812908e-19
2.5960908805647845e-05 1.9809407390861045e-19
2.599071467109635e-05 1.9396989786960396e-19
2.6020520536544852e-05 1.8021695211115607e-19
2.605032640199336e-05 1.78061414161026e-19
2.6080132267441863e-05 1.8943588344927973e-19
2.6109938132890372e-05 2.1129855296286732e-19
2.6139743998338874e-05 1.919286338332037e-19
2.6169549863787382e-05 1.7367451437104214e-19
2.6199355729235884e-05 2.050786937891047e-19
2.6229161594684393e-05 2.137024465111608e-19
2.6258967460132895e-05 1.9408240299846257e-19
2.6288773325581397e-05 1.9116550493863908e-19
2.6318579191029906e-05 1.9916441087577992e-19
2.6348385056478408e-05 2.194735498347048e-19
2.6378190921926916e-05 2.117343363533223e-19
2.6407996787375418e-05 1.8424897670915213e-19
2.6437802652823927e-05 2.0810970473282988e-19
2.646760851827243e-05 2.2859125365289656e-19
2.6497414383720938e-05 2.0893566684004635e-19
2.652722024916944e-05 2.0256423049340175e-19
2.655702611461794e-05 2.0900041829788773e-19
2.658683198006645e-05 2.249356535045258e-19
2.6616637845514952e-05 2.274114482248644e-19
2.664644371096346e-05 1.9919284959700373e-19
2.6676249576411963e-05 2.0926909204231035e-19
2.670605544186047e-05 2.386897850320657e-19
2.6735861307308974e-05 2.2196423802493394e-19
2.6765667172757482e-05 2.0862875146561222e-19
2.6795473038205984e-05 2.1625586701393793e-19
2.6825278903654486e-05 2.2758643095095575e-19
2.6855084769102995e-05 2.3876450882139194e-19
2.6884890634551497e-05 2.1467117432428541e-19
2.6914696500000006e-05 2.0858593211784398e-19
2.6944502365448507e-05 2.428397530529601e-19
2.6974308230897016e-05 2.354413940087474e-19
2.7004114096345518e-05 2.1538672844856767e-19
2.703391996179402e-05 2.2049523881143427e-19
2.706372582724253e-05 2.301886801700746e-19
2.709353169269103e-05 2.4354001261969965e-19
2.712333755813954e-05 2.2581721203510577e-19
2.715314342358804e-05 2.088160782065874e-19
2.718294928903655e-05 2.395014120561834e-19
2.7212755154485052e-05 2.466998188478055e-19
2.724256101993356e-05 2.214604047505981e-19
2.7272366885382063e-05 2.1932118011844205e-19
2.7302172750830565e-05 2.2956616002176053e-19
2.7331978616279073e-05 2.4281295293667976e-19
2.7361784481727575e-05 2.340983474462729e-19
2.7391590347176084e-05 2.0928876647904474e-19
2.7421396212624586e-05 2.326662197820941e-19
2.7451202078073095e-05 2.524173746731373e-19
2.7481007943521597e-05 2.2582121394918197e-19
2.7510813808970105e-05 2.1783693573096255e-19
2.7540619674418607e-05 2.298538505186045e-19
2.7570425539867113e-05 2.413741592742911e-19
2.7600231405315618e-05 2.3881300994694133e-19
2.7630037270764123e-05 2.1266576030947316e-19
2.765984313621263e-05 2.220379731460516e-19
2.7689649001661134e-05 2.515231684636461e-19
2.771945486710964e-05 2.3134173878035077e-19
2.7749260732558145e-05 2.1454371255028697e-19
2.7779066598006647e-05 2.27202728612045e-19
2.7808872463455155e-05 2.3576688825467144e-19
2.7838678328903657e-05 2.3933326620638443e-19
2.7868484194352166e-05 2.1676185608048578e-19
2.7898290059800668e-05 2.1149343678738863e-19
2.7928095925249177e-05 2.4476284601671085e-19
2.795790179069768e-05 2.344610125857365e-19
2.7987707656146187e-05 2.1007771328780216e-19
2.801751352159469e-05 2.205132708639789e-19
2.804731938704319e-05 2.2880527574707245e-19
2.80771252524917e-05 2.3467723683020266e-19
2.8106931117940202e-05 2.178707077683526e-19
2.813673698338871e-05 2.011077509903833e-19
2.8166542848837212e-05 2.329454904215707e-19
2.819634871428572e-05 2.3483906257887833e-19
2.8226154579734223e-05 2.0334575196087235e-19
2.8255960445182732e-05 2.0848349669248507e-19
2.8285766310631234e-05 2.2118382199510434e-19
2.8315572176079736e-05 2.251974272951581e-19
2.8345378041528244e-05 2.1556110716449835e-19
2.8375183906976746e-05 1.9425336925703913e-19
2.8404989772425255e-05 2.133229574495693e-19
2.8434795637873757e-05 2.318533092405679e-19
2.8464601503322266e-05 2.0036306975147114e-19
2.8494407368770768e-05 1.9320211720337327e-19
2.852421323421927e-05 2.1164539416538305e-19
2.855401909966778e-05 2.111658218237908e-19
2.858382496511628e-05 2.0807220009962003e-19
2.861363083056479e-05 1.881171261184183e-19
2.864343669601329e-05 1.916507513267697e-19
2.86732425614618e-05 2.2053662971385388e-19
2.87030484269103e-05 1.9617435188787951e-19
2.873285429235881e-05 1.7993126570509943e-19
2.8762660157807312e-05 1.9760209527143335e-19
2.8792466023255814e-05 1.9766423544404562e-19
2.8822271888704323e-05 1.9731382728577698e-19
2.8852077754152825e-05 1.7772291741870595e-19
2.8881883619601334e-05 1.712014465016401e-19
2.8911689485049836e-05 2.0370354120767092e-19
2.8941495350498344e-05 1.8848193123409676e-19
2.8971301215946846e-05 1.604788263032703e-19
2.9001107081395355e-05 1.773846617244399e-19
2.9030912946843857e-05 1.8519630961589088e-19
2.906071881229236e-05 1.8224654557313858e-19
2.9090524677740868e-05 1.678534817207668e-19
2.912033054318937e-05 1.5352752893660365e-19
2.9150136408637878e-05 1.8049524154482733e-19
2.917994227408638e-05 1.820103081678557e-19
2.920974813953489e-05 1.4752741526982927e-19
2.923955400498339e-05 1.543298017906751e-19
2.92693598704319e-05 1.6815441595012618e-19
2.92991657358804e-05 1.6351868298669318e-19
2.9328971601328907e-05 1.5513878553229294e-19
2.9358777466777412e-05 1.3677114356888173e-19
2.9388583332225917e-05 1.5251670818187187e-19
2.9418389197674423e-05 1.6969148951452294e-19
2.9448195063122928e-05 1.364569266941048e-19
2.9478000928571433e-05 1.3030435071951e-19
2.950780679401994e-05 1.5112778336640333e-19
2.953761265946844e-05 1.4578128759601244e-19
2.956741852491695e-05 1.3810840216603792e-19
2.959722439036545e-05 1.23391980397064e-19
2.962703025581396e-05 1.2448583664636354e-19
2.9656836121262462e-05 1.4939832243271077e-19
2.968664198671097e-05 1.2761015346874841e-19
2.9716447852159473e-05 1.0601170876272194e-19
2.974625371760798e-05 1.291949600946196e-19
2.9776059583056483e-05 1.2956841706421714e-19
2.9805865448504985e-05 1.190563288031022e-19
2.9835671313953494e-05 1.096430022743585e-19
2.9865477179401996e-05 1.0220078129604725e-19
2.9895283044850505e-05 1.2661055022468699e-19
2.9925088910299007e-05 1.1600765849161128e-19
2.9954894775747515e-05 8.647278573101557e-20
2.9984700641196017e-05 1.0536586781885414e-19
3.0014506506644526e-05 1.098649859992778e-19
3.0044312372093028e-05 9.99122277080811e-20
3.007411823754153e-05 9.42953557845501e-20
3.010392410299004e-05 8.076721413064992e-20
3.013372996843854e-05 1.0013837020187936e-19
3.016353583388705e-05 1.0376112517962981e-19
3.019334169933555e-05 6.991790037409242e-20
3.022314756478406e-05 7.78064010908922e-20
3.0252953430232562e-05 9.335836695179121e-20
3.0282759295681064e-05 8.112135270478072e-20
3.0312565161129573e-05 7.519682880808611e-20
3.0342371026578075e-05 6.221427890940067e-20
3.0372176892026583e-05 7.014845144372713e-20
3.0401982757475085e-05 8.780708404067463e-20
3.0431788622923594e-05 5.622977718271706e-20
3.0461594488372096e-05 4.8575807394885984e-20
3.0491400353820605e-05 7.326848552608306e-20
3.0521206219269107e-05 6.368534568318288e-20
3.055101208471761e-05 5.3728921282388607e-20
3.058081795016612e-05 4.645405584765743e-20
3.061062381561462e-05 4.7748222219422406e-20
3.064042968106313e-05 6.541961315621176e-20
3.067023554651163e-05 4.352048566957243e-20
3.070004141196014e-05 2.3220386065460337e-20
3.0729847277408644e-05 4.662747393904217e-20
3.075965314285715e-05 4.6505422446047e-20
3.0789459008305654e-05 2.918201742823752e-20
3.081926487375415e-05 2.6169640322031787e-20
3.0849070739202665e-05 2.188928625157912e-20
3.0878876604651164e-05 3.548298130997867e-20
3.0908682470099676e-05 3.065565513200574e-20
3.0938488335548174e-05 3.0212687520079474e-21
3.0968294200996686e-05 1.790295157275466e-20
3.0998100066445185e-05 2.601259734045448e-20
3.102790593189369e-05 9.644279065564378e-21
3.1057711797342196e-05 5.921246476376455e-21
3.10875176627907e-05 -2.7363097222264056e-21
3.1117323528239206e-05 8.340016018412529e-21
3.114712939368771e-05 1.2541273445448023e-20
3.117693525913622e-05 -1.8555369166669936e-20
3.120674112458472e-05 -1.332172418280464e-20
3.123654699003323e-05 3.787607900493555e-21
3.126635285548173e-05 -1.04487202691276e-20
3.129615872093023e-05 -1.7953098573358187e-20
3.1325964586378744e-05 -2.3503840472571535e-20
3.135577045182724e-05 -1.9616633167905226e-20
3.1385576317275754e-05 -9.904691022341448e-21
3.141538218272425e-05 -3.4577775823482865e-20
3.1445188048172765e-05 -4.3195807600794924e-20
3.1474993913621264e-05 -2.267631611039568e-20
3.1504799779069776e-05 -3.1493544098120276e-20
3.1534605644518274e-05 -4.3733239343884976e-20
3.156441150996678e-05 -4.768049599292548e-20
3.1594217375415285e-05 -4.930345289891542e-20
3.162402324086379e-05 -3.444461833567795e-20
3.1653829106312296e-05 -4.827961384618961e-20
3.16836349717608e-05 -6.938197957717216e-20
3.1713440837209306e-05 -5.187772565127582e-20
3.174324670265781e-05 -5.1404424624578416e-20
3.177305256810632e-05 -6.59943303025502e-20
3.180285843355482e-05 -6.968778540898047e-20
3.183266429900333e-05 -7.64911385614231e-20
3.186247016445183e-05 -6.362216248842338e-20
3.189227602990034e-05 -6.604382904165027e-20
3.1922081895348844e-05 -9.374767689611935e-20
3.195188776079735e-05 -8.146668381117758e-20
3.1981693626245854e-05 -7.098088306121e-20
3.201149949169436e-05 -8.893038789448081e-20
3.204130535714286e-05 -9.350593924193226e-20
3.207111122259137e-05 -9.857178638167129e-20
3.210091708803987e-05 -9.007968532128915e-20
3.213072295348838e-05 -8.471614653319491e-20
3.216052881893688e-05 -1.1429017225396668e-19
3.219033468438539e-05 -1.1286108547349974e-19
3.222014054983389e-05 -9.266455849715355e-20
3.22499464152824e-05 -1.0762483954632895e-19
3.22797522807309e-05 -1.183429840986109e-19
3.2309558146179406e-05 -1.1867206921554667e-19
3.233936401162791e-05 -1.1714561857766182e-19
3.236916987707642e-05 -1.0855874929761095e-19
3.239897574252492e-05 -1.2721928378162936e-19
3.242878160797343e-05 -1.3805015685933364e-19
3.245858747342193e-05 -1.179454973593133e-19
3.248839333887044e-05 -1.253034293253997e-19
3.251819920431894e-05 -1.390348716772175e-19
3.254800506976745e-05 -1.3963896424051983e-19
3.257781093521595e-05 -1.4107991023972082e-19
3.260761680066446e-05 -1.3063280852981133e-19
3.263742266611296e-05 -1.4298580281416358e-19
3.266722853156147e-05 -1.611652773280502e-19
3.269703439700997e-05 -1.439236569488593e-19
3.272684026245848e-05 -1.4229720940830978e-19
3.275664612790698e-05 -1.5771546400460655e-19
3.2786451993355485e-05 -1.5925226750662868e-19
3.281625785880399e-05 -1.6324405329327817e-19
3.2846063724252495e-05 -1.5452415673679957e-19
3.2875869589701e-05 -1.560437013533031e-19
3.2905675455149506e-05 -1.8115758584246009e-19
3.293548132059801e-05 -1.7039633523870737e-19
3.2965287186046517e-05 -1.5830679257896743e-19
3.299509305149502e-05 -1.759255746754005e-19
3.302489891694353e-05 -1.8016745500064903e-19
3.3054704782392026e-05 -1.8157832637818385e-19
3.308451064784054e-05 -1.768989541540113e-19
3.3114316513289036e-05 -1.701466468321643e-19
3.314412237873755e-05 -1.940932634919164e-19
3.317392824418605e-05 -1.9595411296312578e-19
3.320373410963456e-05 -1.7460171613417405e-19
3.323353997508306e-05 -1.8843757740947614e-19
3.326334584053157e-05 -1.982336926866265e-19
3.329315170598007e-05 -1.990826685955832e-19
3.3322957571428574e-05 -1.9784381594920835e-19
3.335276343687708e-05 -1.851423037787436e-19
3.3382569302325584e-05 -2.0653758308592125e-19
3.341237516777409e-05 -2.164973147975967e-19
3.3442181033222595e-05 -1.923170401015975e-19
3.34719868986711e-05 -1.9994673287191698e-19
3.3501792764119606e-05 -2.1456268639637537e-19
3.353159862956811e-05 -2.1390465066885052e-19
3.3561404495016616e-05 -2.130414894219257e-19
3.359121036046512e-05 -2.0330867731683481e-19
3.362101622591363e-05 -2.1361471115152385e-19
3.365082209136213e-05 -2.31941795458602e-19
3.368062795681064e-05 -2.1476906028406414e-19
3.371043382225914e-05 -2.0940323957090496e-19
3.374023968770765e-05 -2.2676762025512543e-19
3.3770045553156154e-05 -2.2742851561943065e-19
3.379985141860465e-05 -2.2861102447733503e-19
3.3829657284053164e-05 -2.189776482166902e-19
3.385946314950166e-05 -2.186416095777134e-19
3.3889269014950175e-05 -2.4611167501260604e-19
3.3919074880398674e-05 -2.3082793826403345e-19
3.3948880745847186e-05 -2.1693113583990227e-19
3.3978686611295684e-05 -2.4046744928979557e-19
3.4008492476744196e-05 -2.395504890121944e-19
3.4038298342192695e-05 -2.3965888773147132e-19
3.40681042076412e-05 -2.360996986695163e-19
3.4097910073089706e-05 -2.27184278028375e-19
3.412771593853821e-05 -2.5264974020893345e-19
3.4157521803986716e-05 -2.519352890340302e-19
3.418732766943522e-05 -2.275331321451629e-19
3.421713353488373e-05 -2.421112366242359e-19
3.424693940033223e-05 -2.5217292536164098e-19
3.427674526578073e-05 -2.4815234667549348e-19
3.430655113122924e-05 -2.4856620760316213e-19
3.433635699667774e-05 -2.365374226986359e-19
3.4366162862126254e-05 -2.5355749569156336e-19
3.439596872757475e-05 -2.6758280376247607e-19
3.4425774593023264e-05 -2.394056800753301e-19
3.445558045847176e-05 -2.465203832317321e-19
3.4485386323920275e-05 -2.6386365825614163e-19
3.4515192189368773e-05 -2.5612391087329634e-19
3.454499805481728e-05 -2.5783982556445016e-19
3.4574803920265784e-05 -2.4797085112860613e-19
3.460460978571429e-05 -2.5384217311211763e-19
3.4634415651162795e-05 -2.7606922438467655e-19
3.46642215166113e-05 -2.5419402854389624e-19
3.4694027382059805e-05 -2.455666440200092e-19
3.472383324750831e-05 -2.7037217800537705e-19
3.4753639112956816e-05 -2.674345705705195e-19
3.478344497840532e-05 -2.643405720025311e-19
3.481325084385382e-05 -2.5924495234482386e-19
3.484305670930233e-05 -2.569292351409716e-19
3.487286257475083e-05 -2.8276509378341103e-19
3.490266844019934e-05 -2.677941810515423e-19
3.493247430564784e-05 -2.4882719583718866e-19
3.496228017109635e-05 -2.7511243716321073e-19
3.499208603654485e-05 -2.758440918470108e-19
3.5021891901993364e-05 -2.682172552713111e-19
3.505169776744186e-05 -2.6801806072055357e-19
3.508150363289037e-05 -2.6117146855791446e-19
3.511130949833887e-05 -2.822996933881745e-19
3.514111536378738e-05 -2.8286430969249165e-19
3.5170921229235884e-05 -2.5585127072592075e-19
3.520072709468439e-05 -2.7268618305627242e-19
3.5230532960132895e-05 -2.861331624196632e-19
3.52603388255814e-05 -2.72804706115128e-19
3.5290144691029905e-05 -2.732189627809833e-19
3.531995055647841e-05 -2.671725885467663e-19
3.5349756421926916e-05 -2.7838919425448753e-19
3.537956228737542e-05 -2.905460101283757e-19
3.5409368152823927e-05 -2.62031264015979e-19
3.543917401827243e-05 -2.6734635098610396e-19
3.546897988372094e-05 -2.9153539975315233e-19
3.549878574916944e-05 -2.7906780152171797e-19
3.552859161461795e-05 -2.748418293066302e-19
3.5558397480066446e-05 -2.7305887034875247e-19
3.558820334551496e-05 -2.7421322751666647e-19
3.561800921096346e-05 -2.9323015410339283e-19
3.564781507641197e-05 -2.742423979955491e-19
3.567762094186047e-05 -2.608493499605383e-19
3.570742680730898e-05 -2.89886229574491e-19
3.573723267275748e-05 -2.8261512420386527e-19
3.576703853820599e-05 -2.7144659436621215e-19
3.579684440365449e-05 -2.7601798790363142e-19
3.5826650269102994e-05 -2.7082288481105743e-19
