0.0 -4.664420754136599e-20
2.980344879518072e-08 -4.1605510981969306e-20
5.960689759036145e-08 -4.1676588179832605e-20
8.941034638554218e-08 -4.203935912943672e-20
1.192137951807229e-07 -5.502261206704854e-20
1.4901724397590364e-07 -4.432628102883227e-20
1.7882069277108435e-07 -3.3229274603317604e-20
2.086241415662651e-07 -5.233183343966104e-20
2.384275903614458e-07 -4.84839069370093e-20
2.6823103915662653e-07 -4.259531807412504e-20
2.9803448795180727e-07 -4.4906745515325737e-20
3.27837936746988e-07 -4.0317151476814417e-20
3.576413855421687e-07 -5.461696922253839e-20
3.8744483433734945e-07 -5.071021354453145e-20
4.172482831325302e-07 -3.5122699922908773e-20
4.470517319277109e-07 -5.0065451125087705e-20
4.768551807228916e-07 -5.281709173197626e-20
5.066586295180723e-07 -4.497892603017567e-20
5.364620783132531e-07 -4.663559510821928e-20
5.662655271084337e-07 -4.146029834089422e-20
5.960689759036145e-07 -5.171632448954248e-20
6.258724246987952e-07 -5.495641913317856e-20
6.55675873493976e-07 -3.591472150207677e-20
6.854793222891566e-07 -4.514266354526874e-20
7.152827710843374e-07 -5.565933219654042e-20
7.450862198795181e-07 -4.684292422110248e-20
7.748896686746989e-07 -4.686507154291209e-20
8.046931174698796e-07 -4.17614766372287e-20
8.344965662650604e-07 -4.8871900982688964e-20
8.64300015060241e-07 -5.825938505219764e-20
8.941034638554218e-07 -3.9781562724026043e-20
9.239069126506024e-07 -3.9851893641692216e-20
9.537103614457831e-07 -5.413730921822978e-20
9.835138102409638e-07 -4.8044355635297776e-20
1.0133172590361445e-06 -4.434249121914202e-20
1.0431207078313252e-06 -4.176450960111516e-20
1.0729241566265061e-06 -4.3835330803522995e-20
1.1027276054216868e-06 -5.826386979046963e-20
1.1325310542168675e-06 -4.507837851702564e-20
1.1623345030120482e-06 -3.2851208771991665e-20
1.192137951807229e-06 -5.3030955908795196e-20
1.2219414006024098e-06 -5.1865805816500326e-20
1.2517448493975905e-06 -4.061994715605457e-20
1.2815482981927712e-06 -4.287775295348657e-20
1.311351746987952e-06 -4.103081974931029e-20
1.3411551957831325e-06 -4.9926210247497086e-20
1.3709586445783132e-06 -4.849778088123788e-20
1.400762093373494e-06 -3.213490731439538e-20
1.4305655421686748e-06 -4.3915127190314615e-20
1.4603689909638555e-06 -5.2784051264636346e-20
1.4901724397590362e-06 -4.00096164718443e-20
1.5199758885542169e-06 -4.028775810497091e-20
1.5497793373493978e-06 -4.178881200222398e-20
1.5795827861445785e-06 -4.495930222099424e-20
1.6093862349397592e-06 -4.9446478223809755e-20
1.6391896837349399e-06 -3.2074354149513767e-20
1.6689931325301208e-06 -3.657017523857103e-20
1.6987965813253014e-06 -5.2869596832045324e-20
1.728600030120482e-06 -3.849931379075422e-20
1.7584034789156626e-06 -3.590287353205391e-20
1.7882069277108435e-06 -3.877662508183429e-20
1.8180103765060242e-06 -4.010521438754948e-20
1.847813825301205e-06 -4.9030033309496943e-20
1.8776172740963856e-06 -3.3999639386972134e-20
1.9074207228915663e-06 -3.072252750340403e-20
1.937224171686747e-06 -4.838276765477894e-20
1.9670276204819277e-06 -4.111817054740316e-20
1.9968310692771086e-06 -3.3206163491091506e-20
2.026634518072289e-06 -3.564592862136865e-20
2.05643796686747e-06 -3.506138588102653e-20
2.0862414156626504e-06 -4.3787685687914924e-20
2.1160448644578317e-06 -3.5685950738237537e-20
2.1458483132530122e-06 -2.3601995505460647e-20
2.175651762048193e-06 -4.1714401203102816e-20
2.2054552108433736e-06 -4.1668503819777815e-20
2.2352586596385545e-06 -2.8820077572054843e-20
2.265062108433735e-06 -3.356840239659928e-20
2.2948655572289155e-06 -3.1931030571299e-20
2.3246690060240964e-06 -3.8387852269058746e-20
2.3544724548192773e-06 -3.8557051640315925e-20
2.384275903614458e-06 -1.9915355054919635e-20
2.4140793524096386e-06 -3.1474038940878226e-20
2.4438828012048195e-06 -4.216439363719739e-20
2.47368625e-06 -2.495271341650706e-20
2.503489698795181e-06 -2.488444145858828e-20
2.5332931475903614e-06 -2.957990036458834e-20
2.5630965963855423e-06 -3.28000679475428e-20
2.592900045180723e-06 -3.5762486378496644e-20
2.622703493975904e-06 -1.910902087983813e-20
2.6525069427710846e-06 -2.2069566652499517e-20
2.682310391566265e-06 -3.7742045937838206e-20
2.712113840361446e-06 -2.631262687837539e-20
2.7419172891566264e-06 -2.000989038407267e-20
2.7717207379518073e-06 -2.3705020375344578e-20
2.801524186746988e-06 -2.5150140189120395e-20
2.831327635542169e-06 -3.081891776724678e-20
2.8611310843373496e-06 -1.912011079804628e-20
2.8909345331325305e-06 -1.409714861295774e-20
2.920737981927711e-06 -3.1197972523736026e-20
2.950541430722892e-06 -2.5532379519545203e-20
2.9803448795180724e-06 -1.508128556310439e-20
3.0101483283132533e-06 -1.9713453034755195e-20
3.0399517771084338e-06 -2.103592968004318e-20
3.0697552259036142e-06 -2.5001655930235077e-20
3.0995586746987956e-06 -1.7966647796221927e-20
3.129362123493976e-06 -8.186747504250965e-21
3.159165572289157e-06 -2.181559223092895e-20
3.1889690210843374e-06 -2.3989577648188816e-20
3.2187724698795183e-06 -1.0158691885067258e-20
3.248575918674699e-06 -1.3199984189118857e-20
3.2783793674698797e-06 -1.596233846960926e-20
3.30818281626506e-06 -1.7437947235183022e-20
3.3379862650602415e-06 -1.7259943694877037e-20
3.367789713855422e-06 -3.518425582855501e-21
3.397593162650603e-06 -1.2760652988294619e-20
3.4273966114457834e-06 -2.3102039620359397e-20
3.457200060240964e-06 -7.043980583672648e-21
3.4870035090361447e-06 -6.675326068924707e-21
3.5168069578313252e-06 -1.1083981360786796e-20
3.546610406626506e-06 -1.2385339335721969e-20
3.576413855421687e-06 -1.573113710334578e-20
3.606217304216868e-06 -2.0531993177875363e-21
3.6360207530120484e-06 -5.037535803514284e-21
3.6658242018072293e-06 -2.0137393003426866e-20
3.69562765060241e-06 -7.344867689039234e-21
3.7254310993975907e-06 -1.8482134950861898e-21
3.755234548192771e-06 -9.030425843989802e-21
3.785037996987952e-06 -9.109017314336684e-21
3.8148414457831326e-06 -1.2453548685356498e-20
3.8446448945783135e-06 -1.8078526304289252e-21
3.874448343373494e-06 1.8030982092274028e-21
3.904251792168674e-06 -1.470319910612649e-20
3.934055240963855e-06 -7.13962028332297e-21
3.963858689759037e-06 3.495491586097082e-21
3.993662138554217e-06 -6.199166601385389e-21
4.023465587349398e-06 -6.702760249448434e-21
4.053269036144578e-06 -7.024321584164994e-21
4.08307248493976e-06 -4.513557910935428e-21
4.11287593373494e-06 5.159607106926718e-21
4.142679382530121e-06 -8.796741832017494e-21
4.172482831325301e-06 -1.106573726605956e-20
4.202286280120482e-06 5.735197544088054e-21
4.2320897289156635e-06 -3.2453028616401557e-22
4.2618931777108435e-06 -4.2353462462035525e-21
4.2916966265060244e-06 -3.233671852564873e-21
4.3215000753012045e-06 -4.922981241273572e-21
4.351303524096386e-06 5.947109926873598e-21
4.381106972891566e-06 -1.3475985766229577e-21
4.410910421686747e-06 -1.1981839666904799e-20
4.440713870481928e-06 4.721039803962376e-21
4.470517319277109e-06 4.42292353841393e-21
4.50032076807229e-06 -5.093491160555394e-21
4.53012421686747e-06 -2.0097644467338596e-21
4.559927665662651e-06 -3.0645418153774628e-21
4.589731114457831e-06 6.6661010575087816e-21
4.619534563253013e-06 3.907623218575859e-21
4.649338012048193e-06 -9.49339525404586e-21
4.679141460843374e-06 4.91141009600413e-21
4.7089449096385545e-06 7.757467831343924e-21
4.738748358433735e-06 -1.6231080250639308e-21
4.768551807228916e-06 1.6728152098669712e-21
4.798355256024096e-06 -2.922636446717422e-21
4.828158704819277e-06 3.9761394210822185e-21
4.857962153614458e-06 8.322034410242581e-21
4.887765602409639e-06 -8.76842650246506e-21
4.91756905120482e-06 -6.721520568832548e-22
4.9473725e-06 1.0917761768106653e-20
4.977175948795181e-06 9.71005282893497e-22
5.006979397590362e-06 2.21230013342432e-21
5.036782846385543e-06 8.242568587317974e-22
5.066586295180723e-06 9.803405108788238e-22
5.096389743975904e-06 1.130321146330776e-20
5.126193192771085e-06 -1.4075452278383415e-21
5.1559966415662655e-06 -4.381084199066514e-21
5.185800090361446e-06 1.148663208584452e-20
5.2156035391566265e-06 2.653997310663835e-21
5.245406987951808e-06 -7.662418803949331e-22
5.275210436746988e-06 3.651736345256548e-21
5.305013885542169e-06 -1.4065563917021725e-22
5.334817334337349e-06 1.0771952609725309e-20
5.36462078313253e-06 3.7506038226743114e-21
5.394424231927711e-06 -7.067119560406637e-21
5.424227680722892e-06 1.1497345127930499e-20
5.454031129518073e-06 7.111951324406018e-21
5.483834578313253e-06 -3.205769678740136e-21
5.513638027108435e-06 4.379049218757933e-21
5.543441475903615e-06 -3.051420603997549e-22
5.573244924698796e-06 6.963488661877775e-21
5.603048373493976e-06 7.635687688020291e-21
5.632851822289157e-06 -8.592326529611166e-21
5.662655271084338e-06 5.419719403240716e-21
5.692458719879518e-06 1.0985742490650121e-20
5.722262168674699e-06 -3.689455424521376e-21
5.752065617469879e-06 2.414245567564216e-21
5.781869066265061e-06 2.408806355532308e-21
5.811672515060241e-06 1.7521399593475377e-21
5.841475963855422e-06 8.653232782217639e-21
5.871279412650602e-06 -5.929783710720916e-21
5.901082861445784e-06 -2.9001621661671786e-21
5.930886310240965e-06 1.2436180481264833e-20
5.960689759036145e-06 -2.049220023603283e-21
5.990493207831326e-06 -4.0473299003708205e-21
6.0202966566265066e-06 1.9778049706721927e-21
6.0501001054216875e-06 -2.025227405362877e-21
6.0799035542168675e-06 6.747655865153676e-21
6.1097070030120484e-06 -1.3947996201818855e-21
6.1395104518072285e-06 -8.346331931632598e-21
6.16931390060241e-06 7.372242679956661e-21
6.199117349397591e-06 1.463177256074355e-22
6.228920798192771e-06 -6.5295322641627146e-21
6.258724246987952e-06 6.929635420166618e-22
6.288527695783133e-06 -3.25300017454261e-21
6.318331144578314e-06 2.4828141039537512e-21
6.348134593373494e-06 -5.387250899942297e-22
6.377938042168675e-06 -1.1467070594206057e-20
6.407741490963857e-06 2.867257261630245e-21
6.437544939759037e-06 2.6632992898200937e-21
6.4673483885542176e-06 -9.976702201816562e-21
6.497151837349398e-06 -2.2818699988729183e-21
6.5269552861445785e-06 -2.99755223255466e-21
6.556758734939759e-06 -2.6630741140190482e-21
6.58656218373494e-06 1.024781376206437e-21
6.61636563253012e-06 -1.3462141502999983e-20
6.646169081325301e-06 -5.138202009931633e-21
6.675972530120483e-06 5.055714971087665e-21
6.705775978915663e-06 -1.2263673632255794e-20
6.735579427710844e-06 -8.06860172460254e-21
6.765382876506024e-06 -3.2089243042307764e-21
6.795186325301206e-06 -8.055583308748723e-21
6.824989774096386e-06 -3.311250567741467e-22
6.854793222891567e-06 -1.0269148772522416e-20
6.884596671686748e-06 -1.1128871690664418e-20
6.914400120481928e-06 2.5980500417556164e-21
6.9442035692771094e-06 -1.0829638478490692e-20
6.9740070180722895e-06 -1.3232531699240401e-20
7.00381046686747e-06 -4.315876256893669e-21
7.0336139156626505e-06 -1.1316172803732621e-20
7.063417364457832e-06 -6.2085655938397546e-21
7.093220813253012e-06 -9.051836274618872e-21
7.123024262048193e-06 -1.790892849742774e-20
7.152827710843374e-06 -3.448098329698227e-21
7.182631159638555e-06 -8.045703044127567e-21
7.212434608433736e-06 -1.7033446729335243e-20
7.242238057228916e-06 -5.8350013656398275e-21
7.272041506024097e-06 -1.1816489518879503e-20
7.301844954819277e-06 -1.102897957189479e-20
7.331648403614459e-06 -8.859215036727718e-21
7.361451852409639e-06 -2.0722373215094842e-20
7.39125530120482e-06 -8.869395231212291e-21
7.4210587500000005e-06 -9.105301712357297e-21
7.450862198795181e-06 -2.1948116459195564e-20
7.480665647590362e-06 -1.0475864239197982e-20
7.510469096385542e-06 -1.3113299713695569e-20
7.540272545180723e-06 -1.6706457771707178e-20
7.570075993975904e-06 -9.954422581158604e-21
7.599879442771085e-06 -2.1193579623664386e-20
7.629682891566265e-06 -1.5968990478080346e-20
7.659486340361447e-06 -7.742743780547077e-21
7.689289789156627e-06 -2.373887701928868e-20
7.719093237951809e-06 -2.050493895580622e-20
7.748896686746989e-06 -1.439713470325303e-20
7.778700135542169e-06 -2.1345610747573164e-20
7.808503584337349e-06 -1.5184311896770712e-20
7.83830703313253e-06 -2.0184192090039445e-20
7.86811048192771e-06 -2.4324889260873685e-20
7.897913930722892e-06 -1.2087818690079606e-20
7.927717379518074e-06 -2.143093867718157e-20
7.957520828313252e-06 -2.632651252413481e-20
7.987324277108434e-06 -1.616743092524444e-20
8.017127725903614e-06 -2.390687807465345e-20
8.046931174698796e-06 -2.1889183430451617e-20
8.076734623493976e-06 -1.9501079757193983e-20
8.106538072289156e-06 -2.871075849124906e-20
8.136341521084338e-06 -1.874627589219049e-20
8.16614496987952e-06 -2.2111007922796783e-20
8.1959484186747e-06 -3.195506527639223e-20
8.22575186746988e-06 -2.0300983008001447e-20
8.25555531626506e-06 -2.366165073740147e-20
8.285358765060242e-06 -2.6706485903009368e-20
8.315162213855423e-06 -2.1805036263870378e-20
8.344965662650602e-06 -3.024770880459961e-20
8.374769111445783e-06 -2.320649033573811e-20
8.404572560240963e-06 -1.99491891961767e-20
8.434376009036145e-06 -3.4730261548844417e-20
8.464179457831327e-06 -2.6051098653150822e-20
8.493982906626505e-06 -2.243434240366783e-20
8.523786355421687e-06 -3.1602258045320923e-20
8.553589804216869e-06 -2.4610429296799828e-20
8.583393253012049e-06 -2.95194107480885e-20
8.61319670180723e-06 -3.008284405126375e-20
8.643000150602409e-06 -2.1508168695671864e-20
8.67280359939759e-06 -3.1765758266568456e-20
8.702607048192772e-06 -2.919638938129383e-20
8.732410496987953e-06 -2.2948251140302787e-20
8.762213945783133e-06 -3.106048376753648e-20
8.792017394578313e-06 -2.7495505766642434e-20
8.821820843373494e-06 -2.897700294637537e-20
8.851624292168676e-06 -3.299629030241275e-20
8.881427740963856e-06 -2.3640285403089953e-20
8.911231189759036e-06 -3.120302538111492e-20
8.941034638554218e-06 -3.402516918252753e-20
8.970838087349398e-06 -2.274299953908777e-20
9.00064153614458e-06 -3.197783344533463e-20
9.030444984939758e-06 -2.9965043644132585e-20
9.06024843373494e-06 -2.3960575836574266e-20
9.090051882530122e-06 -3.507486607038746e-20
9.119855331325302e-06 -2.5632206737416636e-20
9.149658780120483e-06 -2.4353331009545095e-20
9.179462228915662e-06 -3.525783445450758e-20
9.209265677710844e-06 -2.4684857045284322e-20
9.239069126506025e-06 -2.789491947721734e-20
9.268872575301205e-06 -3.2237071210612674e-20
9.298676024096385e-06 -2.3145718899161604e-20
9.328479472891567e-06 -3.179908019166508e-20
9.358282921686747e-06 -2.854713278990158e-20
9.388086370481929e-06 -2.0192192216728673e-20
9.417889819277109e-06 -3.204223679682072e-20
9.447693268072289e-06 -2.603176478348105e-20
9.47749671686747e-06 -2.1565242641180285e-20
9.507300165662651e-06 -3.070388662891307e-20
9.537103614457833e-06 -2.3029964353659105e-20
9.566907063253011e-06 -2.511816346925604e-20
9.596710512048193e-06 -2.9473054880004747e-20
9.626513960843375e-06 -2.0587237317330864e-20
9.656317409638555e-06 -2.8537253515315413e-20
9.686120858433736e-06 -2.7640782781309994e-20
9.715924307228916e-06 -1.7187175267252852e-20
9.745727756024096e-06 -2.82975104540685e-20
9.775531204819278e-06 -2.3813289816071726e-20
9.805334653614458e-06 -1.8169887214957602e-20
9.83513810240964e-06 -2.8266816144237046e-20
9.86494155120482e-06 -1.8968678533602458e-20
9.894745e-06 -2.1796763708471125e-20
9.924548448795182e-06 -2.8167480858373454e-20
9.954351897590362e-06 -1.54566706495317e-20
9.984155346385542e-06 -2.337482967488164e-20
1.0013958795180724e-05 -2.4931292997255066e-20
1.0043762243975904e-05 -1.4595123740910263e-20
1.0073565692771085e-05 -2.4176050601666115e-20
1.0103369141566267e-05 -1.9260268828328318e-20
1.0133172590361446e-05 -1.4853863204786402e-20
1.0162976039156627e-05 -2.458584572805775e-20
1.0192779487951807e-05 -1.442179613254091e-20
1.0222582936746989e-05 -1.6001747838241795e-20
1.025238638554217e-05 -2.3014029827249763e-20
1.028218983433735e-05 -1.0883792304089548e-20
1.0311993283132531e-05 -1.6390287700072124e-20
1.0341796731927711e-05 -1.9265965175304872e-20
1.0371600180722893e-05 -1.079513897239978e-20
1.0401403629518073e-05 -1.934129081286547e-20
1.0431207078313253e-05 -1.4431058554871587e-20
1.0461010527108435e-05 -8.771950304395764e-21
1.0490813975903616e-05 -1.8933971795727005e-20
1.0520617424698795e-05 -9.326721679175091e-21
1.0550420873493977e-05 -9.44621338059186e-21
1.0580224322289157e-05 -1.7379653023376688e-20
1.0610027771084338e-05 -4.7937157178009875e-21
1.063983121987952e-05 -1.0994237933442431e-20
1.0669634668674698e-05 -1.3410288481114984e-20
1.069943811746988e-05 -2.423548206657818e-21
1.072924156626506e-05 -1.3179566205464717e-20
1.0759045015060242e-05 -8.231563859310914e-21
1.0788848463855422e-05 -6.385252299185263e-22
1.0818651912650602e-05 -1.2315807804500497e-20
1.0848455361445784e-05 -3.489122700936286e-21
1.0878258810240966e-05 -9.932281680541424e-22
1.0908062259036146e-05 -9.455919403751341e-21
1.0937865707831326e-05 2.0354344349139605e-21
1.0967669156626506e-05 -1.0082005698190361e-21
1.0997472605421688e-05 -6.425487555185276e-21
1.102727605421687e-05 5.669507618339657e-21
1.105707950301205e-05 -2.2893163934316744e-21
1.108688295180723e-05 -2.0557984136584967e-21
1.111668640060241e-05 8.16188325071399e-21
1.1146489849397591e-05 -2.806828336414433e-21
1.1176293298192773e-05 4.639426766034345e-21
1.1206096746987951e-05 8.572041787547063e-21
1.1235900195783133e-05 -2.1299828118153832e-21
1.1265703644578315e-05 1.2517447069275557e-20
1.1295507093373495e-05 1.0543849919232204e-20
1.1325310542168677e-05 9.873466657040032e-22
1.1355113990963855e-05 1.428112905950213e-20
1.1384917439759037e-05 9.726905116580424e-21
1.1414720888554218e-05 9.898004558527816e-21
1.1444524337349398e-05 1.7311194759975913e-20
1.1474327786144579e-05 6.078520141263483e-21
1.1504131234939759e-05 1.566033011585971e-20
1.153393468373494e-05 2.1045738864204997e-20
1.1563738132530122e-05 8.041251895487881e-21
1.1593541581325302e-05 2.0089703958572025e-20
1.1623345030120482e-05 2.0819822270994414e-20
1.1653148478915664e-05 1.5013137169315034e-20
1.1682951927710844e-05 2.628821155519946e-20
1.1712755376506026e-05 1.756904259162335e-20
1.1742558825301204e-05 2.011708230816121e-20
1.1772362274096386e-05 3.1307458963512316e-20
1.1802165722891568e-05 1.819022049063763e-20
1.1831969171686748e-05 2.2784275522624927e-20
1.186177262048193e-05 3.153566368221683e-20
1.1891576069277108e-05 2.4012253996301554e-20
1.192137951807229e-05 3.149438941976905e-20
1.1951182966867471e-05 3.1422208413910947e-20
1.1980986415662651e-05 2.5588588957522372e-20
1.2010789864457831e-05 3.9708195618016124e-20
1.2040593313253013e-05 3.295598756553027e-20
1.2070396762048193e-05 2.751851946592296e-20
1.2100200210843375e-05 4.282802740899325e-20
1.2130003659638555e-05 3.48578854433007e-20
1.2159807108433735e-05 3.660305197128499e-20
1.2189610557228917e-05 4.3521105174198966e-20
1.2219414006024097e-05 3.378146721531222e-20
1.2249217454819279e-05 4.490568325973309e-20
1.2279020903614457e-05 4.575786780475222e-20
1.2308824352409639e-05 3.6860400738928703e-20
1.233862780120482e-05 5.1704071273634815e-20
1.236843125e-05 4.850203913689394e-20
1.2398234698795182e-05 4.428710105173032e-20
1.2428038147590362e-05 5.504409435978273e-20
1.2457841596385542e-05 4.6156559310005306e-20
1.2487645045180724e-05 5.2360437899338884e-20
1.2517448493975904e-05 5.948886721601004e-20
1.2547251942771086e-05 4.604041558895447e-20
1.2577055391566266e-05 5.689387312421249e-20
1.2606858840361446e-05 6.158030134883933e-20
1.2636662289156628e-05 5.482499780019563e-20
1.2666465737951808e-05 6.40991758862152e-20
1.2696269186746988e-05 5.933350861071887e-20
1.272607263554217e-05 6.09894890749013e-20
1.275587608433735e-05 7.307592197357282e-20
1.2785679533132531e-05 6.173113135962304e-20
1.2815482981927713e-05 6.285052245459734e-20
1.2845286430722892e-05 7.463894909644188e-20
1.2875089879518073e-05 6.744119454903967e-20
1.2904893328313253e-05 7.224362402097438e-20
1.2934696777108435e-05 7.435858397856828e-20
1.2964500225903615e-05 6.762970553394107e-20
1.2994303674698795e-05 8.15922116818704e-20
1.3024107123493977e-05 7.758150412852082e-20
1.3053910572289157e-05 7.071926026774568e-20
1.3083714021084339e-05 8.724626773811506e-20
1.3113517469879519e-05 8.218586270248117e-20
1.3143320918674699e-05 8.096714446660239e-20
1.317312436746988e-05 8.910334057502084e-20
1.3202927816265062e-05 8.159893403052785e-20
1.323273126506024e-05 9.085678414395625e-20
1.3262534713855422e-05 9.201283146764936e-20
1.3292338162650603e-05 8.039167937823575e-20
1.3322141611445784e-05 9.455693194418029e-20
1.3351945060240966e-05 9.755284457289525e-20
1.3381748509036144e-05 9.06005570101174e-20
1.3411551957831326e-05 9.832940722508392e-20
1.3441355406626506e-05 9.470743815702773e-20
1.3471158855421688e-05 9.966689931181782e-20
1.350096230421687e-05 1.0708356697115466e-19
1.3530765753012048e-05 9.571460846838547e-20
1.356056920180723e-05 1.0324124962156123e-19
1.3590372650602412e-05 1.0989950782762447e-19
1.3620176099397592e-05 1.0224839509613357e-19
1.3649979548192772e-05 1.0808614616191103e-19
1.3679782996987952e-05 1.0698142305755537e-19
1.3709586445783133e-05 1.0736369431558223e-19
1.3739389894578315e-05 1.1736116675825077e-19
1.3769193343373495e-05 1.0751369062580034e-19
1.3798996792168675e-05 1.0948133036454726e-19
1.3828800240963855e-05 1.2220687840965501e-19
1.3858603689759037e-05 1.1314945007676717e-19
1.3888407138554219e-05 1.1663473279785831e-19
1.3918210587349397e-05 1.2059928192662014e-19
1.3948014036144579e-05 1.1436989528104514e-19
1.397781748493976e-05 1.25885724160321e-19
1.400762093373494e-05 1.22014515588565e-19
1.4037424382530123e-05 1.1444426114107877e-19
1.4067227831325301e-05 1.3027911904618754e-19
1.4097031280120483e-05 1.268536932600151e-19
1.4126834728915664e-05 1.2200939322021814e-19
1.4156638177710844e-05 1.312569548653314e-19
1.4186441626506025e-05 1.2575371963740816e-19
1.4216245075301205e-05 1.3041753603211473e-19
1.4246048524096386e-05 1.3505977791480815e-19
1.4275851972891568e-05 1.2464274197206544e-19
1.4305655421686748e-05 1.339411617493343e-19
1.4335458870481928e-05 1.3831107262150778e-19
1.436526231927711e-05 1.2938362529228379e-19
1.439506576807229e-05 1.3622231761574057e-19
1.4424869216867472e-05 1.351327228123004e-19
1.445467266566265e-05 1.3632132999784868e-19
1.4484476114457832e-05 1.449570795119542e-19
1.4514279563253014e-05 1.3397746577520865e-19
1.4544083012048194e-05 1.3829842942459675e-19
1.4573886460843375e-05 1.485949115081224e-19
1.4603689909638554e-05 1.390913138204522e-19
1.4633493358433735e-05 1.4348489399623327e-19
1.4663296807228917e-05 1.4562684821576268e-19
1.4693100256024097e-05 1.4197410492551644e-19
1.4722903704819277e-05 1.516303907569569e-19
1.4752707153614459e-05 1.4426350393783755e-19
1.478251060240964e-05 1.422732362382475e-19
1.4812314051204821e-05 1.568230082577957e-19
1.4842117500000001e-05 1.4836867217087253e-19
1.4871920948795181e-05 1.4784306375001139e-19
1.4901724397590363e-05 1.549598329035026e-19
1.4931527846385543e-05 1.4899687395816384e-19
1.4961331295180725e-05 1.584979614443081e-19
1.4991134743975905e-05 1.5623727279680842e-19
1.5020938192771085e-05 1.4700811380790853e-19
1.5050741641566266e-05 1.6176837398658095e-19
1.5080545090361446e-05 1.5983426211593945e-19
1.5110348539156628e-05 1.5230363670149352e-19
1.5140151987951808e-05 1.6149991451236577e-19
1.5169955436746988e-05 1.5736283538971016e-19
1.519975888554217e-05 1.610192244078026e-19
1.522956233433735e-05 1.6691230548711843e-19
1.525936578313253e-05 1.5424389778014417e-19
1.5289169231927712e-05 1.6477721997987535e-19
1.5318972680722894e-05 1.7179352833312898e-19
1.5348776129518072e-05 1.5911070527891328e-19
1.5378579578313254e-05 1.660923458771898e-19
1.5408383027108436e-05 1.6637746953628645e-19
1.5438186475903617e-05 1.6437527944284218e-19
1.5467989924698796e-05 1.7341257830367972e-19
1.5497793373493977e-05 1.6395990821002461e-19
1.552759682228916e-05 1.662624297166539e-19
1.5557400271084338e-05 1.7811773309994246e-19
1.558720371987952e-05 1.6697014456626767e-19
1.5617007168674698e-05 1.7005753901617176e-19
1.564681061746988e-05 1.7551879806968826e-19
1.567661406626506e-05 1.691976992286508e-19
1.5706417515060243e-05 1.785960376818758e-19
1.573622096385542e-05 1.7396241307894517e-19
1.5766024412650603e-05 1.6857808010252775e-19
1.5795827861445785e-05 1.8290122723885455e-19
1.5825631310240966e-05 1.7641269907935277e-19
1.5855434759036148e-05 1.7048340913172477e-19
1.5885238207831323e-05 1.7858809868746725e-19
1.5915041656626505e-05 1.756806234091307e-19
1.5944845105421687e-05 1.8069710821717555e-19
1.597464855421687e-05 1.811072515206307e-19
1.600445200301205e-05 1.713978431657623e-19
1.603425545180723e-05 1.8344644697140808e-19
1.606405890060241e-05 1.861938787911359e-19
1.6093862349397592e-05 1.7440240415836443e-19
1.6123665798192774e-05 1.8250573441188893e-19
1.6153469246987952e-05 1.834826829280431e-19
1.6183272695783134e-05 1.802704303272041e-19
1.6213076144578312e-05 1.859603700757594e-19
1.6242879593373494e-05 1.7623241864257902e-19
1.6272683042168676e-05 1.8237679191095866e-19
1.6302486490963858e-05 1.9126639492927849e-19
1.633228993975904e-05 1.7744105826173296e-19
1.6362093388554218e-05 1.8440409417130777e-19
1.63918968373494e-05 1.867428304926454e-19
1.6421700286144578e-05 1.819797877468634e-19
1.645150373493976e-05 1.9142422142269743e-19
1.648130718373494e-05 1.8169291821435653e-19
1.651111063253012e-05 1.818149091674127e-19
1.65409140813253e-05 1.9340064944823964e-19
1.6570717530120483e-05 1.8257045199122213e-19
1.6600520978915665e-05 1.8277728581203723e-19
1.6630324427710847e-05 1.8840708294971305e-19
1.6660127876506025e-05 1.8271854599589557e-19
1.6689931325301203e-05 1.89266116278378e-19
1.6719734774096385e-05 1.8659133944452265e-19
1.6749538222891567e-05 1.8007693416197502e-19
1.677934167168675e-05 1.9402257320036046e-19
1.6809145120481927e-05 1.877283949198534e-19
1.683894856927711e-05 1.7974204191127163e-19
1.686875201807229e-05 1.9059202135185543e-19
1.6898555466867472e-05 1.8340626615043772e-19
1.6928358915662654e-05 1.8696889509112351e-19
1.6958162364457836e-05 1.9011352331977913e-19
1.698796581325301e-05 1.760846508435448e-19
1.7017769262048192e-05 1.8981133761644087e-19
1.7047572710843374e-05 1.9185477126198066e-19
1.7077376159638556e-05 1.7763302047917569e-19
1.7107179608433738e-05 1.8766251550868695e-19
1.7136983057228916e-05 1.8512495694829794e-19
1.7166786506024098e-05 1.8274720002411496e-19
1.719658995481928e-05 1.8989234323895577e-19
1.722639340361446e-05 1.78449114507699e-19
1.725619685240964e-05 1.837117478908915e-19
1.7286000301204818e-05 1.909190148921515e-19
1.731580375e-05 1.764674136119442e-19
1.734560719879518e-05 1.8061893624347706e-19
1.7375410647590363e-05 1.841358334198333e-19
1.7405214096385545e-05 1.790711440605257e-19
1.7435017545180723e-05 1.8576467342238402e-19
1.7464820993975905e-05 1.7676313728140788e-19
1.7494624442771087e-05 1.7557872395732478e-19
1.7524427891566265e-05 1.8899886703421988e-19
1.7554231340361447e-05 1.7624288300012448e-19
1.7584034789156625e-05 1.7361273786544763e-19
1.7613838237951807e-05 1.8324407546045757e-19
1.764364168674699e-05 1.745684913161464e-19
1.767344513554217e-05 1.768349843891632e-19
1.7703248584337352e-05 1.7500190113590208e-19
1.7733052033132534e-05 1.683922329352153e-19
1.7762855481927712e-05 1.7994411922171357e-19
1.779265893072289e-05 1.7354998506013775e-19
1.7822462379518073e-05 1.6578915278685502e-19
1.7852265828313254e-05 1.750900944383384e-19
1.7882069277108436e-05 1.6817263291462423e-19
1.7911872725903614e-05 1.6908806296809126e-19
1.7941676174698796e-05 1.725802911441409e-19
1.7971479623493978e-05 1.58593916357937e-19
1.800128307228916e-05 1.6808264655865977e-19
1.803108652108434e-05 1.717327330085555e-19
1.8060889969879516e-05 1.54686106729577e-19
1.8090693418674698e-05 1.6337686068476363e-19
1.812049686746988e-05 1.6485356176873365e-19
1.815030031626506e-05 1.5719525200091203e-19
1.8180103765060243e-05 1.6383938304349278e-19
1.820990721385542e-05 1.5302483917562218e-19
1.8239710662650603e-05 1.5472413546777907e-19
1.8269514111445785e-05 1.665567258860407e-19
1.8299317560240967e-05 1.491436350618086e-19
1.8329121009036145e-05 1.496357231327167e-19
1.8358924457831324e-05 1.5781172951947503e-19
1.8388727906626505e-05 1.4642254665016433e-19
1.8418531355421687e-05 1.508510162484859e-19
1.844833480421687e-05 1.4726970720286034e-19
1.847813825301205e-05 1.4001143500641547e-19
1.8507941701807232e-05 1.5354459032792687e-19
1.853774515060241e-05 1.435666714915549e-19
1.8567548599397593e-05 1.3496619744860312e-19
1.859735204819277e-05 1.4745999349686377e-19
1.8627155496987953e-05 1.3958121089783145e-19
1.8656958945783134e-05 1.381423930015704e-19
1.8686762394578313e-05 1.389965690719451e-19
1.8716565843373494e-05 1.293866167826746e-19
1.8746369292168676e-05 1.39290871995219e-19
1.8776172740963858e-05 1.3574828250358354e-19
1.880597618975904e-05 1.2343495583611577e-19
1.8835779638554218e-05 1.3269464810226252e-19
1.8865583087349396e-05 1.289743731366926e-19
1.8895386536144578e-05 1.2416896107263403e-19
1.892518998493976e-05 1.289534215628796e-19
1.895499343373494e-05 1.1885727710093692e-19
1.898479688253012e-05 1.2281928467830763e-19
1.9014600331325302e-05 1.2874727725338848e-19
1.9044403780120484e-05 1.1327883777065414e-19
1.9074207228915665e-05 1.1652459210844124e-19
1.9104010677710847e-05 1.2110483754090207e-19
1.9133814126506022e-05 1.111289941581099e-19
1.9163617575301204e-05 1.151549572743142e-19
1.9193421024096386e-05 1.0856166357670333e-19
1.9223224472891567e-05 1.038670415154312e-19
1.925302792168675e-05 1.1680831621037492e-19
1.928283137048193e-05 1.0375024795400827e-19
1.931263481927711e-05 9.866433886838121e-20
1.934243826807229e-05 1.095292541551633e-19
1.9372241716867473e-05 9.948731536191033e-20
1.9402045165662654e-05 1.0096653081258319e-19
1.9431848614457833e-05 9.842586686631915e-20
1.946165206325301e-05 8.782315792900792e-20
1.9491455512048193e-05 1.0003857895884143e-19
1.9521258960843375e-05 9.377733942689041e-20
1.9551062409638556e-05 8.195717840226959e-20
1.9580865858433738e-05 9.359094629298291e-20
1.9610669307228916e-05 8.699969045822578e-20
1.9640472756024098e-05 8.33409537505102e-20
1.967027620481928e-05 8.717248695906287e-20
1.9700079653614458e-05 7.399098836753201e-20
1.972988310240964e-05 8.395497348763322e-20
1.975968655120482e-05 8.458792697071309e-20
1.978949e-05 6.503866359616004e-20
1.9819293448795182e-05 7.576409379587225e-20
1.9849096897590364e-05 7.55178491633989e-20
1.9878900346385545e-05 6.513218906779033e-20
1.9908703795180724e-05 6.981615866886666e-20
1.9938507243975906e-05 5.961984287190252e-20
1.9968310692771084e-05 6.18850331288974e-20
1.9998114141566266e-05 6.978983093521964e-20
2.0027917590361447e-05 5.151105791222161e-20
2.005772103915663e-05 5.3427869316194787e-20
2.0087524487951807e-05 6.165312262373227e-20
2.011732793674699e-05 4.877533549760614e-20
2.014713138554217e-05 5.0714736514253417e-20
2.0176934834337353e-05 4.7950804213180675e-20
2.0206738283132534e-05 4.097171891708635e-20
2.023654173192771e-05 5.0485142891297575e-20
2.026634518072289e-05 3.859955221798762e-20
2.0296148629518073e-05 3.0097058593142036e-20
2.0325952078313255e-05 4.285415706160745e-20
2.0355755527108436e-05 3.34243447669369e-20
2.0385558975903615e-05 2.842086153358927e-20
2.0415362424698797e-05 3.067761678045721e-20
2.0445165873493978e-05 2.1889532821133342e-20
2.047496932228916e-05 3.080762735361318e-20
2.050477277108434e-05 2.534467853628926e-20
2.0534576219879517e-05 9.846552735259849e-21
2.05643796686747e-05 2.0965708926948228e-20
2.059418311746988e-05 1.6463105218456862e-20
2.0623986566265062e-05 8.03653822298693e-21
2.0653790015060244e-05 1.2128845110653505e-20
2.0683593463855422e-05 1.3971836331920653e-21
2.0713396912650604e-05 6.161753150274384e-21
2.0743200361445786e-05 8.76818377239564e-21
2.0773003810240964e-05 -9.689290364455466e-21
2.0802807259036146e-05 -2.426776465814435e-21
2.0832610707831327e-05 4.654563771605487e-22
2.0862414156626506e-05 -1.2135045784714931e-20
2.0892217605421688e-05 -9.685034841076725e-21
2.092202105421687e-05 -1.750845249725051e-20
2.095182450301205e-05 -1.692153203415196e-20
2.0981627951807233e-05 -9.780910630779673e-21
2.101143140060241e-05 -2.790726009161048e-20
2.104123484939759e-05 -2.880717229975392e-20
2.107103829819277e-05 -1.906222224179424e-20
2.1100841746987953e-05 -3.043151014337054e-20
2.1130645195783135e-05 -3.1998162975922316e-20
2.1160448644578313e-05 -3.331919071885106e-20
2.1190252093373495e-05 -4.048483767373381e-20
2.1220055542168677e-05 -3.237589711502018e-20
2.124985899096386e-05 -4.350537186107187e-20
2.127966243975904e-05 -5.3285873759491724e-20
2.1309465888554215e-05 -3.8011464408344507e-20
2.1339269337349397e-05 -4.9781488858160354e-20
2.136907278614458e-05 -5.789626968448116e-20
2.139887623493976e-05 -5.1374876857815487e-20
2.1428679683734942e-05 -6.296425095743337e-20
2.145848313253012e-05 -5.557040210589587e-20
2.1488286581325302e-05 -5.767096412349808e-20
2.1518090030120484e-05 -7.532502114606371e-20
2.1547893478915666e-05 -6.287100853754356e-20
2.1577696927710844e-05 -6.495234288525436e-20
2.1607500376506026e-05 -7.78465448516537e-20
2.1637303825301204e-05 -7.270356372183663e-20
2.1667107274096386e-05 -7.931307459711141e-20
2.1696910722891568e-05 -7.975227803400676e-20
2.172671417168675e-05 -7.603495036877053e-20
2.175651762048193e-05 -9.278791689595882e-20
2.178632106927711e-05 -8.930761692279774e-20
2.181612451807229e-05 -8.1935380321003e-20
2.184592796686747e-05 -9.737232049857862e-20
2.187573141566265e-05 -9.561270730157864e-20
2.1905534864457833e-05 -9.737851162403221e-20
2.193533831325301e-05 -1.0260902784510722e-19
2.1965141762048193e-05 -9.377753117161914e-20
2.1994945210843375e-05 -1.0945544352672313e-19
2.2024748659638557e-05 -1.1339578147344598e-19
2.205455210843374e-05 -9.981732421419754e-20
2.2084355557228917e-05 -1.1491891773570074e-19
2.21141590060241e-05 -1.1794406161419204e-19
2.2143962454819277e-05 -1.147107291429025e-19
2.217376590361446e-05 -1.2367468187878933e-19
2.220356935240964e-05 -1.1613657743502583e-19
2.223337280120482e-05 -1.2469751948352482e-19
2.226317625e-05 -1.3565384582184384e-19
2.2292979698795182e-05 -1.202567301284835e-19
2.2322783147590364e-05 -1.2774694794089252e-19
2.2352586596385546e-05 -1.3903685369762727e-19
2.2382390045180728e-05 -1.3254726908843822e-19
2.2412193493975903e-05 -1.4048452661221455e-19
2.2441996942771084e-05 -1.3805787913506822e-19
2.2471800391566266e-05 -1.381868367488909e-19
2.2501603840361448e-05 -1.552084612244264e-19
2.253140728915663e-05 -1.4363699252475143e-19
2.2561210737951808e-05 -1.4203563632516712e-19
2.259101418674699e-05 -1.5884539758218599e-19
2.262081763554217e-05 -1.5100713520163548e-19
2.2650621084337353e-05 -1.5454094700494645e-19
2.268042453313253e-05 -1.5840455610602554e-19
2.271022798192771e-05 -1.5264195661293281e-19
2.274003143072289e-05 -1.689089597531117e-19
2.2769834879518073e-05 -1.6590710059537247e-19
2.2799638328313255e-05 -1.5572645245847249e-19
2.2829441777108437e-05 -1.730905774312649e-19
2.2859245225903615e-05 -1.723992495129248e-19
2.2889048674698797e-05 -1.6909537644539827e-19
2.291885212349398e-05 -1.7694912386592847e-19
2.2948655572289157e-05 -1.6951060048742788e-19
2.297845902108434e-05 -1.7932674738806844e-19
2.3008262469879517e-05 -1.8536367088836516e-19
2.30380659186747e-05 -1.705514639214123e-19
2.306786936746988e-05 -1.831474106889556e-19
2.3097672816265062e-05 -1.9107696623100154e-19
2.3127476265060244e-05 -1.8251204190769475e-19
2.3157279713855426e-05 -1.9001143301480294e-19
2.3187083162650604e-05 -1.8924153254263963e-19
2.3216886611445783e-05 -1.919789135113322e-19
2.3246690060240964e-05 -2.0149017141525106e-19
2.3276493509036146e-05 -1.8933121855197709e-19
2.3306296957831328e-05 -1.93921082218219e-19
2.3336100406626506e-05 -2.0719600284569782e-19
2.3365903855421688e-05 -1.9648879699188026e-19
2.339570730421687e-05 -2.0114226588873127e-19
2.342551075301205e-05 -2.0489261795386828e-19
2.3455314201807233e-05 -2.0073455016406587e-19
2.3485117650602408e-05 -2.142866392603105e-19
2.351492109939759e-05 -2.06347133897295e-19
2.3544724548192772e-05 -2.026500665725533e-19
2.3574527996987953e-05 -2.2015821304746566e-19
2.3604331445783135e-05 -2.131641742328627e-19
2.3634134894578314e-05 -2.123638766225971e-19
2.3663938343373495e-05 -2.183299371478921e-19
2.3693741792168677e-05 -2.1329908049898926e-19
2.372354524096386e-05 -2.2423810741185953e-19
2.3753348689759037e-05 -2.223020212434348e-19
2.3783152138554216e-05 -2.1158789180331358e-19
2.3812955587349397e-05 -2.282622709132045e-19
2.384275903614458e-05 -2.287442138663418e-19
2.387256248493976e-05 -2.1870944586599793e-19
2.3902365933734943e-05 -2.307268173061223e-19
2.3932169382530124e-05 -2.2854540325666745e-19
2.3961972831325303e-05 -2.3041693963544104e-19
2.3991776280120484e-05 -2.383758701908698e-19
2.4021579728915663e-05 -2.246076186988612e-19
2.4051383177710845e-05 -2.343624623886567e-19
2.4081186626506026e-05 -2.444119581748266e-19
2.4110990075301205e-05 -2.29529213070796e-19
2.4140793524096386e-05 -2.3745106892573925e-19
2.4170596972891568e-05 -2.413411146832213e-19
2.420040042168675e-05 -2.376106721966113e-19
2.423020387048193e-05 -2.4644424108856577e-19
2.426000731927711e-05 -2.373792763637055e-19
2.428981076807229e-05 -2.4081533739809697e-19
2.431961421686747e-05 -2.5390512936219555e-19
2.4349417665662652e-05 -2.4287794003659106e-19
2.4379221114457834e-05 -2.4389200396694645e-19
2.4409024563253012e-05 -2.510151031285346e-19
2.4438828012048194e-05 -2.4743645840095294e-19
2.4468631460843375e-05 -2.528206189573562e-19
2.4498434909638557e-05 -2.4986237853410137e-19
2.452823835843374e-05 -2.4528192490977977e-19
2.4558041807228914e-05 -2.5959246037464068e-19
2.4587845256024096e-05 -2.5488411779437856e-19
2.4617648704819277e-05 -2.4638121585258767e-19
2.464745215361446e-05 -2.5904155689444253e-19
2.467725560240964e-05 -2.556988623542119e-19
2.4707059051204823e-05 -2.565556366135734e-19
2.47368625e-05 -2.603367428096835e-19
2.4766665948795183e-05 -2.5042862573679153e-19
2.4796469397590365e-05 -2.614571034714236e-19
2.4826272846385546e-05 -2.6363199805985897e-19
2.4856076295180725e-05 -2.5253802730403043e-19
2.4885879743975903e-05 -2.596194177513506e-19
2.4915683192771085e-05 -2.600719744106289e-19
2.4945486641566267e-05 -2.6001677722676764e-19
2.4975290090361448e-05 -2.629289834945055e-19
2.500509353915663e-05 -2.548784590305636e-19
2.503489698795181e-05 -2.61511292356912e-19
2.506470043674699e-05 -2.6966742874293603e-19
2.5094503885542172e-05 -2.569604330385068e-19
2.512430733433735e-05 -2.5792401867153227e-19
2.5154110783132532e-05 -2.6567549338091797e-19
2.518391423192771e-05 -2.620331591610971e-19
2.5213717680722892e-05 -2.6450682777218916e-19
2.5243521129518074e-05 -2.5803443967511527e-19
2.5273324578313256e-05 -2.5718931427086556e-19
2.5303128027108437e-05 -2.6966651582259155e-19
2.5332931475903616e-05 -2.600958862253969e-19
2.5362734924698797e-05 -2.553360097843682e-19
2.5392538373493976e-05 -2.640501535929756e-19
2.5422341822289158e-05 -2.6125067032048983e-19
2.545214527108434e-05 -2.6279510460009424e-19
2.548194871987952e-05 -2.5808825585596227e-19
2.55117521686747e-05 -2.5443847091950646e-19
2.554155561746988e-05 -2.662873173234037e-19
2.5571359066265063e-05 -2.5799600055136073e-19
2.5601162515060245e-05 -2.505984891362739e-19
2.5630965963855426e-05 -2.6017475245235066e-19
2.56607694126506e-05 -2.5769392202643355e-19
2.5690572861445783e-05 -2.5680489221162153e-19
2.5720376310240965e-05 -2.5467370927753833e-19
2.5750179759036147e-05 -2.4955067852688723e-19
2.577998320783133e-05 -2.595415886853904e-19
2.5809786656626507e-05 -2.574404785264165e-19
2.583959010542169e-05 -2.4448745502396087e-19
2.586939355421687e-05 -2.515009331297179e-19
2.5899197003012052e-05 -2.5494267064419704e-19
2.592900045180723e-05 -2.504442840499574e-19
2.595880390060241e-05 -2.4961914415464586e-19
2.598860734939759e-05 -2.430279496908235e-19
2.6018410798192772e-05 -2.496452815906817e-19
2.6048214246987954e-05 -2.5192133495671036e-19
2.6078017695783136e-05 -2.3848637447563036e-19
2.6107821144578314e-05 -2.431144095331282e-19
2.6137624593373496e-05 -2.470559336051844e-19
2.6167428042168678e-05 -2.414252587412637e-19
2.6197231490963856e-05 -2.4137187900506846e-19
2.6227034939759038e-05 -2.362040534729654e-19
2.625683838855422e-05 -2.377185781032388e-19
2.6286641837349398e-05 -2.4372817307959647e-19
2.631644528614458e-05 -2.3134104329511665e-19
2.634624873493976e-05 -2.2847993594914443e-19
2.6376052183734943e-05 -2.386448780774294e-19
2.6405855632530125e-05 -2.310450204302502e-19
2.6435659081325303e-05 -2.286762968002861e-19
2.646546253012048e-05 -2.2871923215687823e-19
2.6495265978915663e-05 -2.2305324834816666e-19
2.6525069427710845e-05 -2.3301743355140796e-19
2.6554872876506027e-05 -2.2559774990385056e-19
2.6584676325301205e-05 -2.1463621757077537e-19
2.6614479774096387e-05 -2.2561996406375437e-19
2.664428322289157e-05 -2.1974452602487204e-19
2.667408667168675e-05 -2.1525335513523328e-19
2.6703890120481932e-05 -2.167688637831803e-19
2.6733693569277107e-05 -2.0829440052273667e-19
2.676349701807229e-05 -2.162080918547022e-19
2.679330046686747e-05 -2.1433167520001167e-19
2.6823103915662652e-05 -1.9991325107724575e-19
2.6852907364457834e-05 -2.0908056712606328e-19
2.6882710813253012e-05 -2.1090152084590861e-19
2.6912514262048194e-05 -2.009035250853348e-19
2.6942317710843376e-05 -2.009575330695662e-19
2.6972121159638558e-05 -1.96066518448999e-19
2.700192460843374e-05 -1.986908731818722e-19
2.7031728057228918e-05 -2.0176929946157757e-19
2.7061531506024096e-05 -1.8539124727403084e-19
2.7091334954819278e-05 -1.885270664225202e-19
2.712113840361446e-05 -1.9596651718187654e-19
2.715094185240964e-05 -1.8325068043926428e-19
2.7180745301204823e-05 -1.8440987985613543e-19
2.721054875e-05 -1.8118737752553116e-19
2.7240352198795183e-05 -1.7801261658915112e-19
2.7270155647590365e-05 -1.866824475167002e-19
2.7299959096385543e-05 -1.720093687284377e-19
2.7329762545180725e-05 -1.6769264999915924e-19
2.7359565993975903e-05 -1.7863095116115922e-19
2.7389369442771085e-05 -1.6787126172482547e-19
2.7419172891566267e-05 -1.6433948111549463e-19
2.744897634036145e-05 -1.6418036327101517e-19
2.747877978915663e-05 -1.5904791234131796e-19
2.750858323795181e-05 -1.652874105605587e-19
2.753838668674699e-05 -1.5507569339423637e-19
2.756819013554217e-05 -1.4706815957372492e-19
2.759799358433735e-05 -1.5931696864048807e-19
2.7627797033132532e-05 -1.5145601141010706e-19
2.765760048192771e-05 -1.428696722621037e-19
2.7687403930722893e-05 -1.461097342562314e-19
2.7717207379518074e-05 -1.402320359451795e-19
2.7747010828313256e-05 -1.4314105013632335e-19
2.7776814277108438e-05 -1.3958736244889286e-19
2.780661772590362e-05 -1.2520538295628487e-19
2.7836421174698794e-05 -1.337523646579533e-19
2.7866224623493976e-05 -1.3524554328211114e-19
2.7896028072289158e-05 -1.218307920914569e-19
2.792583152108434e-05 -1.2400430293223475e-19
2.795563496987952e-05 -1.2203831897400112e-19
2.79854384186747e-05 -1.202571283289574e-19
2.801524186746988e-05 -1.2215401528764188e-19
2.8045045316265063e-05 -1.0681344768105905e-19
2.8074848765060245e-05 -1.0949760973225595e-19
2.8104652213855423e-05 -1.1802756305371766e-19
2.8134455662650602e-05 -1.0142913423487891e-19
2.8164259111445784e-05 -1.0062810028808645e-19
2.8194062560240965e-05 -1.0215899241365063e-19
2.8223866009036147e-05 -9.533814173907857e-20
2.825366945783133e-05 -1.0028655288853427e-19
2.8283472906626507e-05 -8.907005484677159e-20
2.831327635542169e-05 -8.210933642971852e-20
2.834307980421687e-05 -9.502574920793239e-20
2.837288325301205e-05 -8.451053803925634e-20
2.840268670180723e-05 -7.55161418012589e-20
2.843249015060241e-05 -7.989269782507007e-20
2.846229359939759e-05 -7.288232558628377e-20
2.8492097048192773e-05 -7.580523595470559e-20
2.8521900496987954e-05 -6.845560398587663e-20
2.8551703945783136e-05 -5.684283936922811e-20
2.8581507394578318e-05 -7.041708228223455e-20
2.8611310843373496e-05 -6.442625882342171e-20
2.8641114292168675e-05 -4.988894296151828e-20
2.8670917740963856e-05 -5.4097786557883266e-20
2.8700721189759038e-05 -5.257076246898606e-20
2.873052463855422e-05 -5.1569032483693604e-20
2.8760328087349398e-05 -4.5077044745888627e-20
2.879013153614458e-05 -3.3736051801330156e-20
2.8819934984939762e-05 -4.334573061639266e-20
2.8849738433734943e-05 -4.2835152626933104e-20
2.8879541882530125e-05 -2.518785621406045e-20
2.89093453313253e-05 -2.7468531746753746e-20
2.8939148780120482e-05 -2.7677005060962695e-20
2.8968952228915664e-05 -2.275334235897045e-20
2.8998755677710845e-05 -2.3638547609551582e-20
2.9028559126506027e-05 -9.603164877376766e-21
2.9058362575301206e-05 -1.1882275054649828e-20
2.9088166024096387e-05 -2.0281925922752963e-20
2.911796947289157e-05 -2.514323938637505e-21
2.914777292168675e-05 -5.881295475926417e-23
2.917757637048193e-05 -3.2228722795679005e-21
2.9207379819277108e-05 2.963974635260547e-21
2.923718326807229e-05 3.0607736518224574e-21
2.926698671686747e-05 1.4741746182784796e-20
2.9296790165662653e-05 1.6898385360836534e-20
2.9326593614457834e-05 7.624719068531152e-21
2.9356397063253016e-05 2.0838471413679208e-20
2.9386200512048195e-05 2.891957044660225e-20
2.9416003960843376e-05 2.33835319489718e-20
2.9445807409638555e-05 2.8608869759989426e-20
2.9475610858433736e-05 3.053250389851438e-20
2.9505414307228918e-05 3.729596794514133e-20
2.9535217756024097e-05 4.686761744436141e-20
2.956502120481928e-05 3.5496118100508424e-20
2.959482465361446e-05 4.177036396763222e-20
2.9624628102409642e-05 5.932441724530394e-20
