0.0 -2.3623986671885655e-19
2.980401939058172e-08 -2.254002575621709e-19
5.960803878116344e-08 -2.4199101362468455e-19
8.941205817174516e-08 -2.4324221742798596e-19
1.1921607756232687e-07 -2.4745597011216076e-19
1.4902009695290862e-07 -2.560853837232615e-19
1.7882411634349032e-07 -2.445126716722335e-19
2.0862813573407202e-07 -2.5905238127682074e-19
2.3843215512465374e-07 -2.730975298349642e-19
2.682361745152355e-07 -2.6007126473182833e-19
2.9804019390581724e-07 -2.693970315290493e-19
3.278442132963989e-07 -2.770588220708965e-19
3.5764823268698064e-07 -2.7592750336356444e-19
3.874522520775624e-07 -2.881136057364634e-19
4.1725627146814404e-07 -2.7830488626338925e-19
4.470602908587258e-07 -2.833037589274446e-19
4.768643102493075e-07 -3.0478213656106276e-19
5.066683296398892e-07 -2.9156754089659383e-19
5.36472349030471e-07 -2.9496445597688987e-19
5.662763684210527e-07 -3.0827567882555043e-19
5.960803878116345e-07 -3.033964062293855e-19
6.258844072022161e-07 -3.1580747711916016e-19
6.556884265927978e-07 -3.1172908307742204e-19
6.854924459833796e-07 -3.061720745921135e-19
7.152964653739613e-07 -3.312624696531898e-19
7.45100484764543e-07 -3.2609786976687343e-19
7.749045041551248e-07 -3.1778422493880317e-19
8.047085235457064e-07 -3.347636087234881e-19
8.345125429362881e-07 -3.335190417427946e-19
8.643165623268699e-07 -3.389626347199547e-19
8.941205817174516e-07 -3.436689968139012e-19
9.239246011080333e-07 -3.328348118882814e-19
9.53728620498615e-07 -3.5169380084464687e-19
9.835326398891969e-07 -3.593728380944154e-19
1.0133366592797784e-06 -3.42894844693399e-19
1.0431406786703603e-06 -3.560913775540662e-19
1.072944698060942e-06 -3.6191011570441014e-19
1.1027487174515235e-06 -3.6059798239545884e-19
1.1325527368421054e-06 -3.6982188415151933e-19
1.162356756232687e-06 -3.580353270953671e-19
1.192160775623269e-06 -3.688123960543743e-19
1.2219647950138505e-06 -3.867993628274251e-19
1.2517688144044322e-06 -3.676326289812892e-19
1.281572833795014e-06 -3.7421936328140883e-19
1.3113768531855956e-06 -3.892938275113845e-19
1.3411808725761775e-06 -3.833315993005908e-19
1.3709848919667592e-06 -3.9132595960504302e-19
1.4007889113573409e-06 -3.855016151404534e-19
1.4305929307479226e-06 -3.8728224432923068e-19
1.4603969501385043e-06 -4.077936940420873e-19
1.490200969529086e-06 -3.945379733591021e-19
1.5200049889196677e-06 -3.909341234426114e-19
1.5498090083102496e-06 -4.0819264038906278e-19
1.579613027700831e-06 -4.0513216812950786e-19
1.6094170470914128e-06 -4.102004410735994e-19
1.6392210664819947e-06 -4.0977995874466253e-19
1.6690250858725761e-06 -4.029505686120056e-19
1.698829105263158e-06 -4.2474736847168993e-19
1.7286331246537398e-06 -4.221362787446922e-19
1.7584371440443217e-06 -4.066410545695765e-19
1.7882411634349032e-06 -4.2503989242279335e-19
1.8180451828254848e-06 -4.2666137521514717e-19
1.8478492022160665e-06 -4.235837897423798e-19
1.8776532216066485e-06 -4.294496215619472e-19
1.90745724099723e-06 -4.1941572169573714e-19
1.9372612603878116e-06 -4.369175861784844e-19
1.9670652797783938e-06 -4.454011448241637e-19
1.996869299168975e-06 -4.2198621642903306e-19
2.0266733185595567e-06 -4.3580042854776e-19
2.056477337950139e-06 -4.476278176982679e-19
2.0862813573407206e-06 -4.396704432902166e-19
2.116085376731302e-06 -4.453163294933261e-19
2.145889396121884e-06 -4.372864263783349e-19
2.1756934155124656e-06 -4.449437306889051e-19
2.205497434903047e-06 -4.614187784558755e-19
2.235301454293629e-06 -4.398611993311908e-19
2.2651054736842107e-06 -4.418554257992887e-19
2.2949094930747924e-06 -4.606400001611826e-19
2.324713512465374e-06 -4.528260391392328e-19
2.354517531855956e-06 -4.554834468257004e-19
2.384321551246538e-06 -4.517096313603272e-19
2.4141255706371192e-06 -4.52423881992208e-19
2.443929590027701e-06 -4.725198302678136e-19
2.473733609418283e-06 -4.577845527684974e-19
2.5035376288088643e-06 -4.481354876105991e-19
2.533341648199446e-06 -4.691964313732248e-19
2.563145667590028e-06 -4.658539784960132e-19
2.59294968698061e-06 -4.617343278260185e-19
2.622753706371191e-06 -4.62354321002291e-19
2.6525577257617732e-06 -4.56043617991776e-19
2.682361745152355e-06 -4.7539726933926115e-19
2.7121657645429362e-06 -4.719603715179552e-19
2.7419697839335183e-06 -4.509002076460181e-19
2.7717738033241e-06 -4.720345471381596e-19
2.8015778227146817e-06 -4.767970471100114e-19
2.8313818421052634e-06 -4.649329018042506e-19
2.861185861495845e-06 -4.697700374141546e-19
2.890989880886427e-06 -4.627589543779375e-19
2.9207939002770085e-06 -4.73845616663285e-19
2.9505979196675902e-06 -4.798044326411694e-19
2.980401939058172e-06 -4.559318443519377e-19
3.0102059584487536e-06 -4.66244654864153e-19
3.0400099778393353e-06 -4.800032206806157e-19
3.069813997229917e-06 -4.673134972674605e-19
3.099618016620499e-06 -4.675998462815551e-19
3.1294220360110804e-06 -4.655054796608772e-19
3.159226055401662e-06 -4.703781703836864e-19
3.1890300747922442e-06 -4.81885456218896e-19
3.2188340941828255e-06 -4.617585700091338e-19
3.248638113573407e-06 -4.593962234896998e-19
3.2784421329639893e-06 -4.79214409491353e-19
3.308246152354571e-06 -4.694016137320663e-19
3.3380501717451523e-06 -4.647166375815682e-19
3.3678541911357344e-06 -4.644904945770054e-19
3.397658210526316e-06 -4.619304228210934e-19
3.427462229916898e-06 -4.779025789433156e-19
3.4572662493074795e-06 -4.640086791803375e-19
3.487070268698061e-06 -4.495870374153858e-19
3.5168742880886433e-06 -4.738386053474193e-19
3.5466783074792246e-06 -4.701079853688422e-19
3.5764823268698063e-06 -4.56942360456145e-19
3.6062863462603884e-06 -4.60352900750952e-19
3.6360903656509697e-06 -4.555247062873134e-19
3.6658943850415514e-06 -4.676705311925465e-19
3.695698404432133e-06 -4.627309858698865e-19
3.725502423822715e-06 -4.412183350448257e-19
3.755306443213297e-06 -4.615171991592221e-19
3.7851104626038786e-06 -4.664003288557081e-19
3.81491448199446e-06 -4.4849677464418e-19
3.844718501385042e-06 -4.507506106859205e-19
3.874522520775623e-06 -4.47133160231385e-19
3.904326540166206e-06 -4.564337577716766e-19
3.9341305595567875e-06 -4.604852363036662e-19
3.963934578947369e-06 -4.344337076508414e-19
3.99373859833795e-06 -4.44564559080236e-19
4.023542617728532e-06 -4.600530533065694e-19
4.0533466371191135e-06 -4.404089576280009e-19
4.083150656509696e-06 -4.386493218745665e-19
4.112954675900278e-06 -4.403040844487692e-19
4.142758695290859e-06 -4.408325359019971e-19
4.172562714681441e-06 -4.489215410634932e-19
4.202366734072022e-06 -4.2991534290039e-19
4.232170753462604e-06 -4.2643972907474255e-19
4.261974772853186e-06 -4.467860673220497e-19
4.291778792243768e-06 -4.356315522589284e-19
4.32158281163435e-06 -4.257026286463146e-19
4.351386831024931e-06 -4.2827745106275073e-19
4.381190850415513e-06 -4.2590040719986477e-19
4.410994869806094e-06 -4.357757059621476e-19
4.440798889196676e-06 -4.2365944239837687e-19
4.470602908587258e-06 -4.095828943293715e-19
4.50040692797784e-06 -4.2990411509410305e-19
4.5302109473684215e-06 -4.2528884717412545e-19
4.560014966759003e-06 -4.0954836138081523e-19
4.589818986149585e-06 -4.1555254029550746e-19
4.619623005540167e-06 -4.1231452452618976e-19
4.649427024930748e-06 -4.174577748007298e-19
4.67923104432133e-06 -4.1492682262551015e-19
4.709035063711912e-06 -3.9365018606562585e-19
4.738839083102493e-06 -4.08840754962923e-19
4.768643102493076e-06 -4.1598577966457394e-19
4.798447121883657e-06 -3.9298696113343655e-19
4.8282511412742385e-06 -3.962991035447192e-19
4.85805516066482e-06 -3.976522968022476e-19
4.887859180055402e-06 -3.964854141951281e-19
4.9176631994459836e-06 -4.012774101164239e-19
4.947467218836566e-06 -3.7910947129159473e-19
4.977271238227148e-06 -3.8432570201482883e-19
5.007075257617729e-06 -4.020900230160855e-19
5.03687927700831e-06 -3.779952239793545e-19
5.066683296398892e-06 -3.7506996756801905e-19
5.096487315789474e-06 -3.823651195579786e-19
5.126291335180056e-06 -3.764784983141473e-19
5.156095354570638e-06 -3.8295451163902527e-19
5.18589937396122e-06 -3.6419858977924376e-19
5.2157033933518005e-06 -3.575948549276884e-19
5.245507412742382e-06 -3.8050630680915932e-19
5.275311432132964e-06 -3.64875822041028e-19
5.3051154515235465e-06 -3.5100016055934853e-19
5.334919470914128e-06 -3.60484449596847e-19
5.36472349030471e-06 -3.5695620224818725e-19
5.3945275096952916e-06 -3.601472655240305e-19
5.4243315290858724e-06 -3.4965982438051557e-19
5.454135548476454e-06 -3.340209864776892e-19
5.483939567867037e-06 -3.5530443600762154e-19
5.513743587257618e-06 -3.494179956685164e-19
5.5435476066482e-06 -3.256667598158562e-19
5.573351626038782e-06 -3.3642188949028336e-19
5.6031556454293635e-06 -3.3421489119591136e-19
5.632959664819944e-06 -3.3293507362925957e-19
5.662763684210527e-06 -3.307882312286299e-19
5.6925677036011086e-06 -3.0885939428803316e-19
5.72237172299169e-06 -3.2553568989937445e-19
5.752175742382272e-06 -3.3227785812446326e-19
5.781979761772854e-06 -3.0303963976175113e-19
5.811783781163435e-06 -3.087397235573909e-19
5.841587800554017e-06 -3.1218406596828874e-19
5.871391819944599e-06 -3.053689334514229e-19
5.9011958393351804e-06 -3.0711127555783207e-19
5.930999858725762e-06 -2.8783703756844623e-19
5.960803878116344e-06 -2.92407372270356e-19
5.990607897506926e-06 -3.0683229394475905e-19
6.020411916897507e-06 -2.829330457131126e-19
6.050215936288089e-06 -2.770401149853378e-19
6.080019955678671e-06 -2.8634848095599957e-19
6.109823975069252e-06 -2.795328718765457e-19
6.139627994459834e-06 -2.809497278250741e-19
6.1694320138504166e-06 -2.668195693470446e-19
6.199236033240998e-06 -2.584862330971988e-19
6.229040052631579e-06 -2.783449956549503e-19
6.258844072022161e-06 -2.618104386363185e-19
6.2886480914127425e-06 -2.450389514770499e-19
6.318452110803324e-06 -2.5744425068974036e-19
6.348256130193907e-06 -2.5123433161192975e-19
6.3780601495844885e-06 -2.493775544168116e-19
6.40786416897507e-06 -2.4170124521343436e-19
6.437668188365651e-06 -2.2840302881429e-19
6.467472207756233e-06 -2.4470378105377665e-19
6.497276227146814e-06 -2.384676618636547e-19
6.527080246537397e-06 -2.153762261946959e-19
6.556884265927979e-06 -2.233757556523017e-19
6.58668828531856e-06 -2.246147549223941e-19
6.616492304709142e-06 -2.1844748773920415e-19
6.646296324099723e-06 -2.1449343180058345e-19
6.676100343490305e-06 -1.9731372413883506e-19
6.705904362880887e-06 -2.0664619043406636e-19
6.735708382271469e-06 -2.1250420391166907e-19
6.7655124016620505e-06 -1.851697080119463e-19
6.795316421052632e-06 -1.8873404763654327e-19
6.825120440443214e-06 -1.9630398655076027e-19
6.854924459833796e-06 -1.8386500089401818e-19
6.884728479224377e-06 -1.8241883273374727e-19
6.914532498614959e-06 -1.7000333832370472e-19
6.944336518005541e-06 -1.696205644991922e-19
6.974140537396122e-06 -1.8117058832737513e-19
7.003944556786704e-06 -1.5882400217843177e-19
7.033748576177287e-06 -1.497836408942652e-19
7.0635525955678675e-06 -1.6228606379189966e-19
7.093356614958449e-06 -1.5154995667922744e-19
7.123160634349031e-06 -1.4743705196870635e-19
7.152964653739613e-06 -1.4148413465736345e-19
7.182768673130194e-06 -1.3103347433444534e-19
7.212572692520777e-06 -1.4543539488596766e-19
7.2423767119113585e-06 -1.3379296853957275e-19
7.272180731301939e-06 -1.1424343893508493e-19
7.301984750692521e-06 -1.2659711558315773e-19
7.331788770083103e-06 -1.2093143986991838e-19
7.3615927894736845e-06 -1.134612778396425e-19
7.391396808864266e-06 -1.1131031809973923e-19
7.421200828254848e-06 -9.586830605672451e-20
7.45100484764543e-06 -1.0621573790767985e-19
7.480808867036012e-06 -1.0464347231931549e-19
7.510612886426594e-06 -8.036933735290838e-20
7.5404169058171755e-06 -8.869323279628006e-20
7.570220925207757e-06 -8.891523111793304e-20
7.600024944598339e-06 -7.843056414726763e-20
7.62982896398892e-06 -7.883898403479459e-20
7.659632983379501e-06 -6.293684900064744e-20
7.689437002770083e-06 -6.827126073368497e-20
7.719241022160665e-06 -7.427757114155667e-20
7.749045041551247e-06 -4.89027103205999e-20
7.778849060941828e-06 -4.987549953612658e-20
7.808653080332412e-06 -5.49532498441084e-20
7.838457099722993e-06 -4.533299349918521e-20
7.868261119113575e-06 -4.4559351530883845e-20
7.898065138504157e-06 -3.074348962293442e-20
7.927869157894738e-06 -3.0593070075151e-20
7.95767317728532e-06 -4.166479994276055e-20
7.9874771966759e-06 -2.0072493273997385e-20
8.017281216066482e-06 -1.3048131306504414e-20
8.047085235457064e-06 -2.4383273950127315e-20
8.076889254847645e-06 -1.195721071049387e-20
8.106693274238227e-06 -7.999315259708329e-21
8.136497293628809e-06 -2.8430268143991363e-21
8.166301313019392e-06 7.102312802117573e-21
8.196105332409974e-06 -5.901167193542933e-21
8.225909351800555e-06 7.300121959296011e-21
8.255713371191137e-06 2.4419949290741586e-20
8.285517390581719e-06 1.0294351546582586e-20
8.3153214099723e-06 1.9252296148861667e-20
8.345125429362882e-06 2.6191378473780092e-20
8.374929448753462e-06 2.5772326663067402e-20
8.404733468144044e-06 4.093823313688361e-20
8.434537487534626e-06 3.049993331106694e-20
8.464341506925207e-06 3.406908176614193e-20
8.494145526315789e-06 5.788648485932209e-20
8.523949545706372e-06 4.7892842666355226e-20
8.553753565096954e-06 4.846451061191117e-20
8.583557584487536e-06 6.139038169645071e-20
8.613361603878118e-06 5.830471728666017e-20
8.6431656232687e-06 7.103885066432821e-20
8.672969642659281e-06 7.070074763490112e-20
8.702773662049863e-06 6.377694858143244e-20
8.732577681440444e-06 8.580650024585704e-20
8.762381700831026e-06 8.412371734037258e-20
8.792185720221606e-06 7.920115326792526e-20
8.821989739612188e-06 9.455020200273533e-20
8.851793759002771e-06 9.122014912308771e-20
8.881597778393353e-06 1.0229763544539652e-19
8.911401797783934e-06 1.0985218089365972e-19
8.941205817174516e-06 9.446898418636031e-20
8.971009836565098e-06 1.1355488504798606e-19
9.00081385595568e-06 1.2373020692940226e-19
9.030617875346261e-06 1.1030351838318749e-19
9.060421894736843e-06 1.2273563171906837e-19
9.090225914127425e-06 1.2641859447855287e-19
9.120029933518006e-06 1.300923310082047e-19
9.149833952908588e-06 1.4287562030876958e-19
9.17963797229917e-06 1.310665584728298e-19
9.209441991689751e-06 1.3842124594885285e-19
9.239246011080333e-06 1.5799871494656697e-19
9.269050030470915e-06 1.4699952398005632e-19
9.298854049861497e-06 1.522760770965255e-19
9.328658069252078e-06 1.6301978867924427e-19
9.35846208864266e-06 1.5863050707907238e-19
9.388266108033242e-06 1.736837133184261e-19
9.418070127423823e-06 1.6821606323056804e-19
9.447874146814405e-06 1.6408868920068855e-19
9.477678166204987e-06 1.905506667976435e-19
9.507482185595568e-06 1.821678609510453e-19
9.537286204986152e-06 1.7872205550768757e-19
9.567090224376734e-06 1.9491962583055418e-19
9.596894243767314e-06 1.9001540444678178e-19
9.626698263157895e-06 2.0409845843225539e-19
9.656502282548477e-06 2.072127649547184e-19
9.686306301939059e-06 1.9481044064979285e-19
9.71611032132964e-06 2.175505869810059e-19
9.745914340720222e-06 2.191149989014804e-19
9.775718360110804e-06 2.0891718022686798e-19
9.805522379501385e-06 2.254278391032995e-19
9.835326398891967e-06 2.2236446211902954e-19
9.865130418282549e-06 2.2892759298626685e-19
9.894934437673132e-06 2.419247277397616e-19
9.924738457063714e-06 2.2594990394351616e-19
9.954542476454296e-06 2.4047775486369665e-19
9.984346495844877e-06 2.5651569708999395e-19
1.0014150515235457e-05 2.4102625876251214e-19
1.0043954534626039e-05 2.511090666838424e-19
1.007375855401662e-05 2.5741533539113446e-19
1.0103562573407202e-05 2.559288222760895e-19
1.0133366592797784e-05 2.71561403884207e-19
1.0163170612188366e-05 2.5922027171155915e-19
1.0192974631578947e-05 2.611206818089642e-19
1.022277865096953e-05 2.857373512842344e-19
1.0252582670360113e-05 2.723809972593952e-19
1.0282386689750694e-05 2.7550824559360423e-19
1.0312190709141276e-05 2.8878979528519067e-19
1.0341994728531858e-05 2.8119864600748348e-19
1.037179874792244e-05 2.989229211003822e-19
1.0401602767313021e-05 2.9563878470819444e-19
1.0431406786703601e-05 2.831349147321436e-19
1.0461210806094183e-05 3.100842741289732e-19
1.0491014825484764e-05 3.068999113313781e-19
1.0520818844875346e-05 2.9855670595356624e-19
1.0550622864265928e-05 3.146926924409956e-19
1.0580426883656511e-05 3.0944653028578122e-19
1.0610230903047093e-05 3.1873748482415436e-19
1.0640034922437675e-05 3.260133956473254e-19
1.0669838941828256e-05 3.0932703432937017e-19
1.0699642961218838e-05 3.286848429888421e-19
1.072944698060942e-05 3.39039075483519e-19
1.0759251000000001e-05 3.2157663078989598e-19
1.0789055019390583e-05 3.3655606053225217e-19
1.0818859038781165e-05 3.38616129034439e-19
1.0848663058171745e-05 3.3675004204788223e-19
1.0878467077562327e-05 3.533650854421998e-19
1.0908271096952908e-05 3.3580558760615226e-19
1.0938075116343492e-05 3.422668399199975e-19
1.0967879135734073e-05 3.651575636664658e-19
1.0997683155124655e-05 3.476068350540263e-19
1.1027487174515237e-05 3.5392679833520435e-19
1.1057291193905818e-05 3.6239433208621943e-19
1.10870952132964e-05 3.568119696209143e-19
1.1116899232686982e-05 3.750079878930356e-19
1.1146703252077564e-05 3.6354982705485697e-19
1.1176507271468145e-05 3.5744668086796683e-19
1.1206311290858727e-05 3.853537021987508e-19
1.1236115310249307e-05 3.729099451198379e-19
1.1265919329639889e-05 3.671207000824858e-19
1.1295723349030472e-05 3.826142921796248e-19
1.1325527368421054e-05 3.758293482273219e-19
1.1355331387811635e-05 3.899990890746022e-19
1.1385135407202217e-05 3.8916881485920624e-19
1.1414939426592799e-05 3.715553250151033e-19
1.144474344598338e-05 3.9747415789425234e-19
1.1474547465373962e-05 3.9948212180309894e-19
1.1504351484764544e-05 3.8280618734280777e-19
1.1534155504155126e-05 3.9861584783891135e-19
1.1563959523545707e-05 3.963401604293954e-19
1.1593763542936289e-05 3.9886909429409617e-19
1.162356756232687e-05 4.097655211689426e-19
1.1653371581717452e-05 3.9048236559302697e-19
1.1683175601108034e-05 4.026426022885841e-19
1.1712979620498616e-05 4.197150593681617e-19
1.1742783639889197e-05 3.9932996390612554e-19
1.177258765927978e-05 4.060869210051696e-19
1.1802391678670361e-05 4.1450190667475106e-19
1.1832195698060943e-05 4.1156398305171262e-19
1.1861999717451524e-05 4.231794051865579e-19
1.1891803736842106e-05 4.077370561858704e-19
1.1921607756232688e-05 4.0838016118846036e-19
1.195141177562327e-05 4.331747186826434e-19
1.1981215795013853e-05 4.161158284068605e-19
1.2011019814404434e-05 4.117259656137493e-19
1.2040823833795014e-05 4.259603651354611e-19
1.2070627853185596e-05 4.2024155636363525e-19
1.2100431872576178e-05 4.3046180145136756e-19
1.213023589196676e-05 4.2393254786756636e-19
1.2160039911357341e-05 4.134456212459454e-19
1.2189843930747923e-05 4.398302801685836e-19
1.2219647950138505e-05 4.319862771630439e-19
1.2249451969529086e-05 4.1810105014987363e-19
1.2279255988919668e-05 4.3345396502739686e-19
1.230906000831025e-05 4.2887254543392314e-19
1.2338864027700833e-05 4.350800558751588e-19
1.2368668047091415e-05 4.354581699362749e-19
1.2398472066481997e-05 4.174172952872683e-19
1.2428276085872578e-05 4.3897280962161615e-19
1.2458080105263158e-05 4.448504481560598e-19
1.248788412465374e-05 4.215466488199737e-19
1.2517688144044322e-05 4.34661769461113e-19
1.2547492163434903e-05 4.388709812407232e-19
1.2577296182825485e-05 4.352080949183923e-19
1.2607100202216067e-05 4.451781707750545e-19
1.2636904221606648e-05 4.2472818553720155e-19
1.2666708240997232e-05 4.329095677997295e-19
1.2696512260387814e-05 4.54522593916741e-19
1.2726316279778395e-05 4.273801773995309e-19
1.2756120299168977e-05 4.308293434453935e-19
1.2785924318559559e-05 4.451736435312344e-19
1.281572833795014e-05 4.364346218238634e-19
1.2845532357340722e-05 4.4498153369774685e-19
1.2875336376731302e-05 4.31437916753404e-19
1.2905140396121884e-05 4.294114039122832e-19
1.2934944415512465e-05 4.568060364763204e-19
1.2964748434903047e-05 4.371915896301582e-19
1.2994552454293629e-05 4.2576996571279717e-19
1.3024356473684212e-05 4.444901688129169e-19
1.3054160493074794e-05 4.384073624333516e-19
1.3083964512465376e-05 4.421199321229881e-19
1.3113768531855957e-05 4.363820193011751e-19
1.3143572551246539e-05 4.23611972307785e-19
1.317337657063712e-05 4.506740894105246e-19
1.3203180590027702e-05 4.453835704200326e-19
1.3232984609418284e-05 4.209259078399185e-19
1.3262788628808866e-05 4.392031098250306e-19
1.3292592648199446e-05 4.4063272648478e-19
1.3322396667590027e-05 4.377937893606773e-19
1.335220068698061e-05 4.394034870718767e-19
1.3382004706371193e-05 4.201695365416328e-19
1.3411808725761774e-05 4.397091622934524e-19
1.3441612745152356e-05 4.486622394282201e-19
1.3471416764542938e-05 4.1810844552821614e-19
1.350122078393352e-05 4.3035791105299327e-19
1.3531024803324101e-05 4.395471861204017e-19
1.3560828822714683e-05 4.306381270118622e-19
1.3590632842105264e-05 4.366392734523433e-19
1.3620436861495846e-05 4.2041413921749886e-19
1.3650240880886428e-05 4.26931685138658e-19
1.368004490027701e-05 4.471893159749166e-19
1.3709848919667591e-05 4.197203287884203e-19
1.3739652939058173e-05 4.167625725155227e-19
1.3769456958448755e-05 4.349143269605712e-19
1.3799260977839336e-05 4.256110267405309e-19
1.3829064997229918e-05 4.2768657700494653e-19
1.38588690166205e-05 4.1647145261030226e-19
1.3888673036011081e-05 4.114359120797999e-19
1.3918477055401663e-05 4.373301194122342e-19
1.3948281074792245e-05 4.190323133372735e-19
1.3978085094182827e-05 4.029005190776361e-19
1.4007889113573408e-05 4.2529468668437753e-19
1.403769313296399e-05 4.1932828178891306e-19
1.4067497152354573e-05 4.1360218838568944e-19
1.4097301171745153e-05 4.1146213657970535e-19
1.4127105191135735e-05 3.9960716619208645e-19
1.4156909210526317e-05 4.2071395508198904e-19
1.4186713229916898e-05 4.161193885013766e-19
1.421651724930748e-05 3.87450828174746e-19
1.4246321268698062e-05 4.0588676711584675e-19
1.4276125288088644e-05 4.108344917416122e-19
1.4305929307479225e-05 3.99024116337043e-19
1.4335733326869807e-05 3.993346295233931e-19
1.4365537346260389e-05 3.8534246650931976e-19
1.4395341365650972e-05 4.0157526413768063e-19
1.4425145385041554e-05 4.086795490018173e-19
1.4454949404432135e-05 3.751816511102609e-19
1.4484753423822717e-05 3.849392982546315e-19
1.4514557443213297e-05 3.975871426689401e-19
1.4544361462603879e-05 3.842016449939258e-19
1.457416548199446e-05 3.841538772810518e-19
1.4603969501385042e-05 3.708549786762669e-19
1.4633773520775624e-05 3.7589172890191205e-19
1.4663577540166206e-05 3.939138113628364e-19
1.4693381559556787e-05 3.649079840231552e-19
1.4723185578947369e-05 3.5837903855764047e-19
1.475298959833795e-05 3.8213169366097744e-19
1.4782793617728532e-05 3.701991734353775e-19
1.4812597637119114e-05 3.63211594810581e-19
1.4842401656509696e-05 3.587985449020722e-19
1.4872205675900277e-05 3.5261103880337823e-19
1.490200969529086e-05 3.720655309428719e-19
1.4931813714681443e-05 3.5532445075640654e-19
1.4961617734072024e-05 3.338234713909908e-19
1.4991421753462606e-05 3.5714259718153455e-19
1.5021225772853188e-05 3.527946896423741e-19
1.505102979224377e-05 3.3885230348016254e-19
1.5080833811634351e-05 3.3987555246646795e-19
1.5110637831024933e-05 3.300868778551873e-19
1.5140441850415514e-05 3.449708124445061e-19
1.5170245869806096e-05 3.430617768590172e-19
1.5200049889196678e-05 3.1200065076197275e-19
1.522985390858726e-05 3.27903649380453e-19
1.525965792797784e-05 3.3592571149033634e-19
1.528946194736842e-05 3.1737626613738254e-19
1.5319265966759003e-05 3.182922036189214e-19
1.5349069986149585e-05 3.075553640444747e-19
1.5378874005540166e-05 3.1561381294292973e-19
1.5408678024930748e-05 3.242972617894944e-19
1.543848204432133e-05 2.9199163185894557e-19
1.546828606371191e-05 2.9789782193413305e-19
1.5498090083102493e-05 3.148381134575051e-19
1.5527894102493075e-05 2.9471428484161e-19
1.5557698121883657e-05 2.928247166366652e-19
1.5587502141274238e-05 2.8694299931348897e-19
1.5617306160664823e-05 2.845603292331414e-19
1.5647110180055405e-05 3.00730910006297e-19
1.5676914199445987e-05 2.7464953146001544e-19
1.570671821883657e-05 2.638817215749398e-19
1.573652223822715e-05 2.8906114719690486e-19
1.5766326257617732e-05 2.7535917444211783e-19
1.5796130277008314e-05 2.6271061389510086e-19
1.5825934296398895e-05 2.639655484842372e-19
1.5855738315789477e-05 2.5804241054236046e-19
1.588554233518006e-05 2.7270452615711183e-19
1.591534635457064e-05 2.580487435355798e-19
1.594515037396122e-05 2.326901123740456e-19
1.59749543933518e-05 2.5883483943782423e-19
1.6004758412742382e-05 2.563573738403547e-19
1.6034562432132964e-05 2.344618457549352e-19
1.6064366451523545e-05 2.380622462975812e-19
1.6094170470914127e-05 2.292642486347118e-19
1.612397449030471e-05 2.406231516999681e-19
1.615377850969529e-05 2.3880383666578576e-19
1.6183582529085872e-05 2.0651077959162287e-19
1.6213386548476454e-05 2.2236074145960412e-19
1.6243190567867036e-05 2.3368565380278113e-19
1.6272994587257617e-05 2.1091813370756074e-19
1.6302798606648202e-05 2.0785481146692477e-19
1.6332602626038784e-05 2.0465233503425357e-19
1.6362406645429366e-05 2.089971841038072e-19
1.6392210664819947e-05 2.1324285539272617e-19
1.642201468421053e-05 1.8422041333358238e-19
1.645181870360111e-05 1.8598070618163811e-19
1.6481622722991693e-05 2.067770160719075e-19
1.6511426742382274e-05 1.866306847903571e-19
1.6541230761772856e-05 1.776004641521606e-19
1.6571034781163438e-05 1.7871567420183768e-19
1.660083880055402e-05 1.7674212952676478e-19
1.66306428199446e-05 1.8731466355859342e-19
1.6660446839335183e-05 1.6391655291377485e-19
1.6690250858725764e-05 1.5246865569063765e-19
1.6720054878116346e-05 1.776510695862003e-19
1.6749858897506924e-05 1.6395099735236685e-19
1.6779662916897506e-05 1.4690337445644626e-19
1.6809466936288088e-05 1.5096243654273224e-19
1.683927095567867e-05 1.4660332907872288e-19
1.686907497506925e-05 1.552460576424734e-19
1.6898878994459833e-05 1.439488874479878e-19
1.6928683013850415e-05 1.2192339975871394e-19
1.6958487033240996e-05 1.4340386494637368e-19
1.6988291052631578e-05 1.4325147246723098e-19
1.7018095072022163e-05 1.189549032065062e-19
1.7047899091412745e-05 1.2252580459217215e-19
1.7077703110803327e-05 1.1999600730449531e-19
1.7107507130193908e-05 1.2232608577748992e-19
1.713731114958449e-05 1.2143352232550354e-19
1.716711516897507e-05 9.541393820644129e-20
1.7196919188365653e-05 1.0510859179830721e-19
1.7226723207756235e-05 1.1827808855124484e-19
1.7256527227146817e-05 9.476493320644531e-20
1.72863312465374e-05 9.141105103225372e-20
1.731613526592798e-05 9.457433622979798e-20
1.7345939285318562e-05 9.251193457867508e-20
1.7375743304709143e-05 9.534579321620894e-20
1.7405547324099725e-05 7.417091785135454e-20
1.7435351343490307e-05 7.055621661851843e-20
1.746515536288089e-05 9.105642513325337e-20
1.749495938227147e-05 7.339678313608537e-20
1.7524763401662052e-05 5.835840305786787e-20
1.7554567421052634e-05 6.504752332280695e-20
1.7584371440443212e-05 6.170911050590577e-20
1.7614175459833794e-05 6.74749189665753e-20
1.7643979479224375e-05 5.18247176811547e-20
1.7673783498614957e-05 3.7725461696230975e-20
1.7703587518005542e-05 6.213909077868824e-20
1.7733391537396124e-05 4.944905504266213e-20
1.7763195556786706e-05 3.0287794373205723e-20
1.7792999576177287e-05 3.9851914559267085e-20
1.782280359556787e-05 3.370177600357063e-20
1.785260761495845e-05 3.7103623567182394e-20
1.7882411634349032e-05 2.7749181388303375e-20
1.7912215653739614e-05 6.869166581219435e-21
1.7942019673130196e-05 2.6719723159503192e-20
1.7971823692520777e-05 2.7678720329093777e-20
1.800162771191136e-05 2.434465072352036e-21
1.803143173130194e-05 7.450308011431508e-21
1.8061235750692523e-05 8.1569518024552e-21
1.8091039770083104e-05 5.380674479056393e-21
1.8120843789473686e-05 6.133514819748945e-21
1.8150647808864268e-05 -1.7924202048650696e-20
1.818045182825485e-05 -1.0345285913141173e-20
1.821025584764543e-05 5.102755371462896e-21
1.8240059867036013e-05 -2.4400416145424086e-20
1.8269863886426594e-05 -2.731046701227736e-20
1.8299667905817176e-05 -1.825189391483453e-20
1.8329471925207758e-05 -2.5494283401146423e-20
1.835927594459834e-05 -2.3072807508584388e-20
1.838907996398892e-05 -4.1658311872323744e-20
1.8418883983379503e-05 -4.476012275755227e-20
1.8448688002770085e-05 -2.4232317851197115e-20
1.8478492022160666e-05 -4.538223981310757e-20
1.8508296041551248e-05 -5.842822965735494e-20
1.853810006094183e-05 -4.678267236151451e-20
1.856790408033241e-05 -5.401830651661165e-20
1.8597708099722993e-05 -5.2654052583078236e-20
1.8627512119113575e-05 -6.433739714224602e-20
1.8657316138504157e-05 -7.876658036627478e-20
1.8687120157894738e-05 -5.633502666547072e-20
1.871692417728532e-05 -6.565238866513884e-20
1.87467281966759e-05 -8.785160843075053e-20
1.8776532216066483e-05 -7.739658893122973e-20
1.8806336235457065e-05 -8.030494634248455e-20
1.8836140254847647e-05 -8.006250359177425e-20
1.886594427423823e-05 -8.59867875709292e-20
1.889574829362881e-05 -1.0744742474472664e-19
1.8925552313019392e-05 -8.995384773205065e-20
1.8955356332409973e-05 -8.671316113415556e-20
1.8985160351800555e-05 -1.1529492480844391e-19
1.9014964371191137e-05 -1.0939054135598393e-19
1.904476839058172e-05 -1.0445632236681454e-19
1.9074572409972304e-05 -1.1037741757339185e-19
1.9104376429362885e-05 -1.1211189647046517e-19
1.9134180448753467e-05 -1.3067937920900204e-19
1.916398446814405e-05 -1.2296813063913243e-19
1.9193788487534627e-05 -1.1076671336982844e-19
1.922359250692521e-05 -1.3542714068806827e-19
1.925339652631579e-05 -1.369295360185226e-19
1.9283200545706372e-05 -1.294519798734137e-19
1.9313004565096954e-05 -1.3822188349973932e-19
1.9342808584487536e-05 -1.351327162808813e-19
1.9372612603878117e-05 -1.5005899555953281e-19
1.94024166232687e-05 -1.5577215964801046e-19
1.943222064265928e-05 -1.3486201608938924e-19
1.9462024662049862e-05 -1.5273072871213234e-19
1.9491828681440444e-05 -1.6706920710417895e-19
1.9521632700831026e-05 -1.518476686299058e-19
1.9551436720221607e-05 -1.5944308316073423e-19
1.958124073961219e-05 -1.6077083051401964e-19
1.961104475900277e-05 -1.6616268084737635e-19
1.9640848778393353e-05 -1.8104331373178854e-19
1.9670652797783934e-05 -1.615864317013653e-19
1.9700456817174516e-05 -1.687203109972732e-19
1.9730260836565098e-05 -1.9157167850688284e-19
1.976006485595568e-05 -1.7736195154705467e-19
1.9789868875346264e-05 -1.7965065037542148e-19
1.9819672894736846e-05 -1.84657162855927e-19
1.9849476914127428e-05 -1.8360670327692882e-19
1.987928093351801e-05 -2.0211607352026445e-19
1.990908495290859e-05 -1.8883518692406194e-19
1.9938888972299173e-05 -1.8037050966429434e-19
1.9968692991689755e-05 -2.0958669874190798e-19
1.9998497011080333e-05 -2.0330948656071943e-19
2.0028301030470915e-05 -1.952231645689053e-19
2.0058105049861496e-05 -2.0647615755234727e-19
2.0087909069252078e-05 -2.028642098613693e-19
2.011771308864266e-05 -2.1785627463930076e-19
2.014751710803324e-05 -2.1547253596739392e-19
2.0177321127423823e-05 -1.9868870184587432e-19
2.0207125146814405e-05 -2.234450792673078e-19
2.0236929166204987e-05 -2.2675827510622784e-19
2.0266733185595568e-05 -2.1271876696222135e-19
2.029653720498615e-05 -2.2409091464255196e-19
2.032634122437673e-05 -2.222491904449623e-19
2.0356145243767313e-05 -2.3008121626895927e-19
2.0385949263157895e-05 -2.387497432800737e-19
2.0415753282548477e-05 -2.1767597117152583e-19
2.044555730193906e-05 -2.3357233992277576e-19
2.0475361321329643e-05 -2.498250674046838e-19
2.0505165340720225e-05 -2.297054549697881e-19
2.0534969360110807e-05 -2.4014969806676697e-19
2.056477337950139e-05 -2.425485363256955e-19
2.059457739889197e-05 -2.4140814356484118e-19
2.0624381418282552e-05 -2.579066961715272e-19
2.0654185437673134e-05 -2.377518513643199e-19
2.0683989457063715e-05 -2.423624990542052e-19
2.0713793476454297e-05 -2.664808764402615e-19
2.074359749584488e-05 -2.5068164708707243e-19
2.077340151523546e-05 -2.5096002713740706e-19
2.0803205534626042e-05 -2.5854974830946457e-19
2.083300955401662e-05 -2.5800538152225947e-19
2.0862813573407202e-05 -2.7173922330075255e-19
2.0892617592797784e-05 -2.6150811264627933e-19
2.0922421612188366e-05 -2.5353812005682367e-19
2.0952225631578947e-05 -2.778917507085229e-19
2.098202965096953e-05 -2.713668548505352e-19
2.101183367036011e-05 -2.6174006833050876e-19
2.1041637689750692e-05 -2.7507629894136156e-19
2.1071441709141274e-05 -2.6905605738806824e-19
2.1101245728531856e-05 -2.8106128541956743e-19
2.1131049747922437e-05 -2.832091523019646e-19
2.1160853767313023e-05 -2.646191854387534e-19
2.1190657786703604e-05 -2.8786271608952093e-19
2.1220461806094186e-05 -2.9120667399698627e-19
2.1250265825484768e-05 -2.7568095482458983e-19
2.128006984487535e-05 -2.88288081096481e-19
2.130987386426593e-05 -2.855703986450933e-19
2.1339677883656513e-05 -2.894135735265068e-19
2.1369481903047094e-05 -2.9786864409237864e-19
2.1399285922437676e-05 -2.809557435782506e-19
2.1429089941828258e-05 -2.9029516443399024e-19
2.145889396121884e-05 -3.052585446838786e-19
2.148869798060942e-05 -2.9099819000743117e-19
2.1518502000000003e-05 -2.959951396468785e-19
2.1548306019390585e-05 -3.018089690067177e-19
2.1578110038781166e-05 -2.974110746408186e-19
2.1607914058171748e-05 -3.1029723154158195e-19
2.163771807756233e-05 -2.983903378039764e-19
2.1667522096952908e-05 -2.9460958403879686e-19
2.169732611634349e-05 -3.197578242556467e-19
2.172713013573407e-05 -3.047149836951881e-19
2.1756934155124653e-05 -3.001393354588125e-19
2.1786738174515235e-05 -3.151181972964016e-19
2.1816542193905816e-05 -3.0606108035267286e-19
2.1846346213296398e-05 -3.171684079472748e-19
2.1876150232686983e-05 -3.1437554711537855e-19
2.1905954252077565e-05 -3.012202288788272e-19
2.1935758271468147e-05 -3.2516901247699417e-19
2.196556229085873e-05 -3.2096977460149275e-19
2.199536631024931e-05 -3.0807824127134306e-19
2.2025170329639892e-05 -3.225984211056771e-19
2.2054974349030473e-05 -3.1541379749088057e-19
2.2084778368421055e-05 -3.2157905344585594e-19
2.2114582387811637e-05 -3.281368859278739e-19
2.214438640720222e-05 -3.0911760503229255e-19
2.21741904265928e-05 -3.265554572561787e-19
2.2203994445983382e-05 -3.3257958249651835e-19
2.2233798465373964e-05 -3.156520607988427e-19
2.2263602484764545e-05 -3.292900724247766e-19
2.2293406504155127e-05 -3.2685969414238235e-19
2.232321052354571e-05 -3.2657488083408313e-19
2.235301454293629e-05 -3.3874106593766493e-19
2.2382818562326872e-05 -3.202596169874769e-19
2.2412622581717454e-05 -3.267339202654574e-19
2.2442426601108036e-05 -3.426287326107749e-19
2.2472230620498614e-05 -3.244192488975795e-19
2.2502034639889196e-05 -3.2888157793379584e-19
2.2531838659279777e-05 -3.349197350645139e-19
2.2561642678670362e-05 -3.284208696544833e-19
2.2591446698060944e-05 -3.414278904989147e-19
2.2621250717451526e-05 -3.3141803231867887e-19
2.2651054736842107e-05 -3.2391893892393194e-19
2.268085875623269e-05 -3.468247389336839e-19
2.271066277562327e-05 -3.359630892565482e-19
2.2740466795013853e-05 -3.2750766433234692e-19
2.2770270814404434e-05 -3.425546741077897e-19
2.2800074833795016e-05 -3.3089540114876854e-19
2.2829878853185598e-05 -3.388051446761449e-19
2.285968287257618e-05 -3.426565780135952e-19
2.288948689196676e-05 -3.222543319274532e-19
2.2919290911357343e-05 -3.4342523270379025e-19
2.2949094930747924e-05 -3.4470384303376484e-19
2.2978898950138506e-05 -3.2785100225597005e-19
2.3008702969529088e-05 -3.4388434452378997e-19
2.303850698891967e-05 -3.374204361180658e-19
2.306831100831025e-05 -3.3721991793874037e-19
2.3098115027700833e-05 -3.469579262081454e-19
2.3127919047091415e-05 -3.2645115902393155e-19
2.3157723066481996e-05 -3.362662482338611e-19
2.3187527085872578e-05 -3.4854942981467743e-19
2.321733110526316e-05 -3.2758816398871566e-19
2.324713512465374e-05 -3.3736907948620933e-19
2.3276939144044323e-05 -3.4046391676821365e-19
2.3306743163434905e-05 -3.3014434387842563e-19
2.3336547182825486e-05 -3.454961437054912e-19
2.3366351202216068e-05 -3.30980449140026e-19
2.339615522160665e-05 -3.270163214229186e-19
2.342595924099723e-05 -3.4887921923881427e-19
2.3455763260387813e-05 -3.295306618103688e-19
2.3485567279778395e-05 -3.2905991556458927e-19
2.3515371299168977e-05 -3.3943077168610874e-19
2.354517531855956e-05 -3.253012316936006e-19
2.357497933795014e-05 -3.3912516576057726e-19
2.3604783357340722e-05 -3.3269060580239683e-19
2.3634587376731303e-05 -3.164247115705e-19
2.3664391396121885e-05 -3.4137627567047555e-19
2.3694195415512467e-05 -3.3283456842671323e-19
2.372399943490305e-05 -3.1885958967955455e-19
2.375380345429363e-05 -3.341267188941195e-19
2.3783607473684212e-05 -3.2268859345379323e-19
2.3813411493074794e-05 -3.263117000858386e-19
2.3843215512465375e-05 -3.3307462092452414e-19
2.3873019531855957e-05 -3.11318886727481e-19
2.390282355124654e-05 -3.2594728749179568e-19
2.3932627570637124e-05 -3.328798993514675e-19
2.3962431590027706e-05 -3.1079365864189235e-19
2.3992235609418287e-05 -3.217709393909828e-19
2.402203962880887e-05 -3.1992826567644065e-19
2.405184364819945e-05 -3.150406536504583e-19
2.408164766759003e-05 -3.281614323162911e-19
2.411145168698061e-05 -3.0716912625574267e-19
2.4141255706371192e-05 -3.105008231981322e-19
2.4171059725761774e-05 -3.292547832841415e-19
2.4200863745152356e-05 -3.0634630592849003e-19
2.4230667764542937e-05 -3.092325886780227e-19
2.426047178393352e-05 -3.1662541345767277e-19
2.42902758033241e-05 -3.0429564695830615e-19
2.4320079822714683e-05 -3.1683652649236496e-19
2.4349883842105264e-05 -3.0638968492113444e-19
2.4379687861495846e-05 -2.955593415568263e-19
2.4409491880886428e-05 -3.190573819830313e-19
2.443929590027701e-05 -3.051231609110677e-19
2.446909991966759e-05 -2.949739694726339e-19
2.4498903939058173e-05 -3.091587200500898e-19
2.4528707958448754e-05 -2.973355053376026e-19
2.4558511977839336e-05 -3.047104901861808e-19
2.4588315997229918e-05 -3.034119986529472e-19
2.46181200166205e-05 -2.8368199928521735e-19
2.4647924036011085e-05 -3.032895414416926e-19
2.4677728055401666e-05 -3.005966739704623e-19
2.4707532074792248e-05 -2.830767063420755e-19
2.473733609418283e-05 -2.9689399940660705e-19
2.476714011357341e-05 -2.8850989940727845e-19
2.4796944132963993e-05 -2.8773059506027756e-19
2.4826748152354575e-05 -2.978191207885695e-19
2.4856552171745156e-05 -2.762106640335291e-19
2.4886356191135738e-05 -2.852311046007985e-19
2.4916160210526316e-05 -2.968776172051287e-19
2.4945964229916898e-05 -2.7411002472450543e-19
2.497576824930748e-05 -2.809680932007319e-19
2.500557226869806e-05 -2.8238436550934123e-19
2.5035376288088643e-05 -2.7417643726267405e-19
2.5065180307479225e-05 -2.8615567956033703e-19
2.5094984326869807e-05 -2.68756072128475e-19
2.512478834626039e-05 -2.669512916169378e-19
2.515459236565097e-05 -2.861832789586086e-19
2.5184396385041552e-05 -2.6619295214848666e-19
2.5214200404432133e-05 -2.63896767603418e-19
2.5244004423822715e-05 -2.735199909352053e-19
2.5273808443213297e-05 -2.6195722299175484e-19
2.530361246260388e-05 -2.7075544379796206e-19
2.5333416481994464e-05 -2.6419189569499935e-19
2.5363220501385045e-05 -2.4839301239356547e-19
2.5393024520775627e-05 -2.6934334943980547e-19
2.542282854016621e-05 -2.6200029308121076e-19
2.545263255955679e-05 -2.4425313117249563e-19
2.5482436578947372e-05 -2.5846824067409505e-19
2.5512240598337954e-05 -2.5011756140725785e-19
2.5542044617728536e-05 -2.5251727592303574e-19
2.5571848637119117e-05 -2.5625124438269415e-19
2.56016526565097e-05 -2.328848951881385e-19
2.563145667590028e-05 -2.4931419414697646e-19
2.5661260695290862e-05 -2.534478270357595e-19
2.5691064714681444e-05 -2.3053792750948745e-19
2.5720868734072026e-05 -2.411345776121609e-19
2.5750672753462604e-05 -2.3738538271828693e-19
2.5780476772853186e-05 -2.331808254774915e-19
2.5810280792243767e-05 -2.405388023405858e-19
2.584008481163435e-05 -2.2003455631788993e-19
2.586988883102493e-05 -2.250147654002128e-19
2.5899692850415513e-05 -2.4013050461895255e-19
2.5929496869806094e-05 -2.179290951340576e-19
2.5959300889196676e-05 -2.176751913220289e-19
2.5989104908587258e-05 -2.249257922377603e-19
2.6018908927977843e-05 -2.1502415980412866e-19
2.6048712947368424e-05 -2.229979973018955e-19
2.6078516966759006e-05 -2.0934056861365276e-19
2.6108320986149588e-05 -2.005037193392168e-19
2.613812500554017e-05 -2.2186805218204106e-19
2.616792902493075e-05 -2.0469923734765835e-19
2.6197733044321333e-05 -1.939591460006346e-19
2.6227537063711915e-05 -2.0701442875510554e-19
2.6257341083102496e-05 -1.9587980734143744e-19
2.6287145102493078e-05 -1.999114262958602e-19
2.631694912188366e-05 -1.9688028440189217e-19
2.634675314127424e-05 -1.7945292653745855e-19
2.6376557160664823e-05 -1.9791003087173988e-19
2.6406361180055405e-05 -1.942909616252008e-19
2.6436165199445986e-05 -1.7348296799056681e-19
2.6465969218836568e-05 -1.8403502689201247e-19
2.649577323822715e-05 -1.7968211444646082e-19
2.652557725761773e-05 -1.784901501884229e-19
2.655538127700831e-05 -1.800141984917069e-19
2.658518529639889e-05 -1.5922862344951274e-19
2.6614989315789473e-05 -1.7167812664192029e-19
2.6644793335180055e-05 -1.7835491128002248e-19
2.6674597354570637e-05 -1.5418172066008684e-19
2.670440137396122e-05 -1.595038920955166e-19
2.6734205393351803e-05 -1.6133611863026048e-19
2.6764009412742385e-05 -1.5482139288177227e-19
2.6793813432132967e-05 -1.6093335812622532e-19
2.682361745152355e-05 -1.4168885252542405e-19
2.685342147091413e-05 -1.4188643083976553e-19
2.6883225490304712e-05 -1.6034546008859711e-19
2.6913029509695294e-05 -1.3596050260606e-19
2.6942833529085875e-05 -1.2988931723969103e-19
2.6972637548476457e-05 -1.4272713177923998e-19
2.700244156786704e-05 -1.321250701298303e-19
2.703224558725762e-05 -1.3544881667569754e-19
2.7062049606648202e-05 -1.261411154577087e-19
2.7091853626038784e-05 -1.15496861056791e-19
2.7121657645429366e-05 -1.3616603642275913e-19
2.7151461664819947e-05 -1.203637162801546e-19
2.718126568421053e-05 -1.0494749810029738e-19
2.721106970360111e-05 -1.2144011881016075e-19
2.7240873722991692e-05 -1.088897487694521e-19
2.7270677742382274e-05 -1.0923551496482312e-19
2.7300481761772856e-05 -1.0793170348784308e-19
2.7330285781163437e-05 -8.846993791764188e-20
2.736008980055402e-05 -1.0982358260955814e-19
2.7389893819944597e-05 -1.0433743551546396e-19
2.7419697839335183e-05 -7.937596915913896e-20
2.7449501858725764e-05 -9.512616026064143e-20
2.7479305878116346e-05 -9.138201541646369e-20
2.7509109897506928e-05 -8.405369364984863e-20
2.753891391689751e-05 -8.764775315740689e-20
2.756871793628809e-05 -6.890969055063988e-20
2.7598521955678673e-05 -7.604939683514255e-20
2.7628325975069254e-05 -8.677667980487071e-20
2.7658129994459836e-05 -6.050868656016332e-20
2.7687934013850418e-05 -6.206536087972696e-20
2.7717738033241e-05 -7.200368876480573e-20
2.774754205263158e-05 -6.016994422658637e-20
2.7777346072022163e-05 -6.439521382551759e-20
2.7807150091412745e-05 -5.1747708096510425e-20
2.7836954110803326e-05 -4.818847713289507e-20
2.7866758130193908e-05 -6.750634529918627e-20
2.789656214958449e-05 -4.3367639774971086e-20
2.792636616897507e-05 -3.414739221833826e-20
2.7956170188365653e-05 -4.987163232639693e-20
2.7985974207756235e-05 -3.855190497441642e-20
2.8015778227146816e-05 -3.8349804931355047e-20
2.8045582246537398e-05 -3.183285875238803e-20
2.807538626592798e-05 -2.2249731837169873e-20
2.8105190285318565e-05 -4.07221760637471e-20
2.8134994304709147e-05 -2.7923075637528726e-20
2.8164798324099725e-05 -1.0037431001677965e-20
2.8194602343490307e-05 -2.6594325574925126e-20
2.822440636288089e-05 -2.0198314266861244e-20
2.825421038227147e-05 -1.386491409007142e-20
2.8284014401662052e-05 -1.5285562015373824e-20
2.8313818421052633e-05 1.2666847734552646e-22
2.8343622440443215e-05 -1.3268347010254783e-20
2.8373426459833797e-05 -1.4930093175180498e-20
2.840323047922438e-05 1.1324643996372495e-20
2.843303449861496e-05 -4.1322066474271607e-22
2.8462838518005542e-05 -4.260015895326326e-21
2.8492642537396124e-05 9.25907473655478e-21
2.8522446556786705e-05 4.098501673734736e-21
2.8552250576177287e-05 1.736027541073222e-20
2.858205459556787e-05 1.445846580111719e-20
2.861185861495845e-05 1.7182849761101754e-21
2.8641662634349032e-05 2.9493139192393196e-20
2.8671466653739614e-05 2.6584892383537297e-20
2.8701270673130196e-05 1.3324009559027743e-20
2.8731074692520777e-05 2.977914041098776e-20
2.876087871191136e-05 2.732506252415832e-20
2.8790682731301944e-05 3.449466205920928e-20
2.8820486750692526e-05 3.914518386181384e-20
2.8850290770083107e-05 2.3073270656419107e-20
2.888009478947369e-05 3.9953856377977173e-20
2.890989880886427e-05 5.1687225168896185e-20
2.8939702828254852e-05 3.4928055539061594e-20
2.8969506847645434e-05 4.3847358596096346e-20
2.8999310867036012e-05 4.944925701510509e-20
2.9029114886426594e-05 4.808604432726802e-20
2.9058918905817176e-05 6.097477248040212e-20
2.9088722925207758e-05 4.7188193706593697e-20
2.911852694459834e-05 5.22829487106537e-20
2.914833096398892e-05 7.427962619218083e-20
2.9178134983379503e-05 5.800511570221843e-20
2.9207939002770084e-05 5.987700989239422e-20
2.9237743022160666e-05 7.066357443404688e-20
2.9267547041551248e-05 6.654599762019612e-20
2.929735106094183e-05 7.804372176358016e-20
2.932715508033241e-05 7.016966851517681e-20
2.9356959099722993e-05 6.625181229860134e-20
2.9386763119113575e-05 9.049920811094753e-20
2.9416567138504156e-05 8.153677481845007e-20
2.9446371157894738e-05 7.524780307003161e-20
2.947617517728532e-05 9.048763950224649e-20
2.95059791966759e-05 8.615332516432276e-20
2.9535783216066483e-05 9.488551528532604e-20
2.9565587235457065e-05 9.377296544040182e-20
2.9595391254847646e-05 8.270630465850432e-20
2.9625195274238228e-05 1.0600773653773145e-19
2.965499929362881e-05 1.055345925970948e-19
2.968480331301939e-05 9.129534250811276e-20
2.9714607332409973e-05 1.0609382202818615e-19
2.9744411351800555e-05 1.0569327607050189e-19
2.9774215371191137e-05 1.074701254671064e-19
2.980401939058172e-05 1.1639410456578431e-19
2.9833823409972303e-05 1.0254536764414014e-19
2.9863627429362885e-05 1.143831765362921e-19
2.9893431448753467e-05 1.2827795244152085e-19
2.992323546814405e-05 1.1063833009548624e-19
2.995303948753463e-05 1.2030233764106942e-19
2.9982843506925212e-05 1.264251919426394e-19
3.0012647526315794e-05 1.2119205953019624e-19
3.0042451545706375e-05 1.3585484762284506e-19
3.0072255565096957e-05 1.2364947598528523e-19
3.010205958448754e-05 1.2522538976733206e-19
3.013186360387812e-05 1.4600398545995837e-19
3.0161667623268702e-05 1.306061178422185e-19
3.0191471642659284e-05 1.3328889277182908e-19
3.0221275662049866e-05 1.4480515796688207e-19
3.0251079681440447e-05 1.3705028216395514e-19
3.028088370083103e-05 1.4815924183177023e-19
3.031068772022161e-05 1.4482482786123995e-19
3.0340491739612192e-05 1.3698133796988663e-19
3.0370295759002774e-05 1.575984694264267e-19
3.0400099778393356e-05 1.5217331218443898e-19
3.0429903797783937e-05 1.4346818294132365e-19
3.045970781717452e-05 1.580551445901746e-19
3.04895118365651e-05 1.5313619833786134e-19
3.051931585595568e-05 1.585950156297718e-19
3.0549119875346264e-05 1.6433059765081453e-19
3.057892389473684e-05 1.4930531607722382e-19
3.060872791412743e-05 1.6651512622989537e-19
3.0638531933518006e-05 1.7195934841360972e-19
3.066833595290859e-05 1.5577501667147872e-19
3.069813997229917e-05 1.695680982041086e-19
3.0727943991689754e-05 1.6785806264560895e-19
3.075774801108033e-05 1.6711202051326567e-19
3.078755203047092e-05 1.7820741258882097e-19
3.0817356049861496e-05 1.6384373131580538e-19
3.084716006925208e-05 1.7335229115588248e-19
3.087696408864266e-05 1.8518461901782805e-19
3.0906768108033245e-05 1.7091930941935204e-19
3.093657212742382e-05 1.777393864230074e-19
3.096637614681441e-05 1.805734904591929e-19
3.0996180166204986e-05 1.77450944479989e-19
3.102598418559557e-05 1.890997100771349e-19
3.105578820498615e-05 1.7909045173446222e-19
3.108559222437673e-05 1.759024680648849e-19
3.111539624376731e-05 1.9527742632570407e-19
3.114520026315789e-05 1.8507983543158882e-19
3.1175004282548476e-05 1.8022950861319643e-19
3.1204808301939055e-05 1.919104709110944e-19
3.123461232132965e-05 1.8549051818053544e-19
3.1264416340720225e-05 1.952255324088671e-19
3.129422036011081e-05 1.9453399192401293e-19
3.132402437950139e-05 1.8208520694732068e-19
3.1353828398891973e-05 2.0068598528100648e-19
3.138363241828255e-05 1.9683096740979226e-19
3.141343643767314e-05 1.868175152743275e-19
3.1443240457063715e-05 2.0040072802221262e-19
3.14730444764543e-05 1.929720275454222e-19
3.150284849584488e-05 1.9749110016541528e-19
3.1532652515235464e-05 2.0469429987474015e-19
3.156245653462604e-05 1.8694307253869792e-19
3.159226055401663e-05 2.014098588789019e-19
3.1622064573407205e-05 2.0948618202613893e-19
3.165186859279779e-05 1.9317026892642657e-19
3.168167261218837e-05 2.0316853146625717e-19
3.1711476631578954e-05 2.0249136123546086e-19
3.174128065096953e-05 2.003475910265276e-19
3.177108467036012e-05 2.107694366749739e-19
3.1800888689750695e-05 1.9637339553591195e-19
3.183069270914128e-05 1.9985556836614066e-19
3.186049672853186e-05 2.1579854529135018e-19
3.189030074792244e-05 1.998354336147958e-19
3.192010476731302e-05 2.017765282832347e-19
3.19499087867036e-05 2.097240716776519e-19
3.1979712806094186e-05 2.0182434345874945e-19
3.2009516825484764e-05 2.1363225435672717e-19
3.203932084487535e-05 2.0575490337362936e-19
3.206912486426593e-05 1.9679649306078953e-19
3.209892888365651e-05 2.183859993569159e-19
3.212873290304709e-05 2.1016990083374398e-19
3.2158536922437676e-05 2.0062731763945222e-19
3.2188340941828254e-05 2.1023588993651368e-19
3.221814496121884e-05 2.0543026840373843e-19
