0.0 -7.083314173809364e-20
2.982929577464788e-08 -6.338986109940253e-20
5.965859154929576e-08 -6.020465397644278e-20
8.948788732394365e-08 -6.922108681486428e-20
1.1931718309859152e-07 -6.483816138727182e-20
1.491464788732394e-07 -6.340511331509225e-20
1.789757746478873e-07 -6.313067716874121e-20
2.0880507042253517e-07 -5.935252209528298e-20
2.3863436619718305e-07 -6.783167640263268e-20
2.6846366197183097e-07 -6.254631917902527e-20
2.982929577464788e-07 -5.547477846489141e-20
3.281222535211267e-07 -6.529428065061454e-20
3.579515492957746e-07 -6.214248927057528e-20
3.877808450704225e-07 -5.851989539057085e-20
4.1761014084507034e-07 -6.127654691052509e-20
4.474394366197182e-07 -5.856239984449352e-20
4.772687323943661e-07 -6.313991475102141e-20
5.07098028169014e-07 -6.177294954018566e-20
5.369273239436619e-07 -5.328503340047613e-20
5.667566197183098e-07 -6.041295406131276e-20
5.965859154929576e-07 -6.233192045084778e-20
6.264152112676055e-07 -5.547222648293588e-20
6.562445070422534e-07 -5.743862452039705e-20
6.860738028169014e-07 -5.476056210896544e-20
7.159030985915492e-07 -5.58508661093536e-20
7.45732394366197e-07 -5.894456845090973e-20
7.75561690140845e-07 -5.0353855682333464e-20
8.053909859154928e-07 -5.372884192421168e-20
8.352202816901407e-07 -6.013405499362055e-20
8.650495774647885e-07 -5.306708176696898e-20
8.948788732394364e-07 -5.245225754592961e-20
9.247081690140844e-07 -5.224928104677934e-20
9.545374647887322e-07 -5.0602771659271165e-20
9.843667605633802e-07 -5.56082312748092e-20
1.014196056338028e-06 -4.790595877108134e-20
1.0440253521126759e-06 -4.512136369481657e-20
1.0738546478873239e-06 -5.440655826740519e-20
1.1036839436619717e-06 -4.7503552551058616e-20
1.1335132394366195e-06 -4.53906708407469e-20
1.1633425352112674e-06 -4.9378470782574415e-20
1.1931718309859152e-06 -4.519035401647556e-20
1.2230011267605632e-06 -4.9312564584703326e-20
1.252830422535211e-06 -4.544616930294639e-20
1.282659718309859e-06 -3.8754276387658177e-20
1.3124890140845069e-06 -4.8538412083453543e-20
1.3423183098591547e-06 -4.4686963477595126e-20
1.3721476056338027e-06 -3.801270805649825e-20
1.4019769014084506e-06 -4.338425928501299e-20
1.4318061971830984e-06 -3.984426636888746e-20
1.4616354929577462e-06 -4.23539707280349e-20
1.491464788732394e-06 -4.1696978448764883e-20
1.521294084507042e-06 -3.20617457849234e-20
1.55112338028169e-06 -4.063366881302421e-20
1.580952676056338e-06 -4.2343209171924886e-20
1.6107819718309855e-06 -3.339252625332639e-20
1.6406112676056333e-06 -3.7864540590525213e-20
1.6704405633802814e-06 -3.608539366152549e-20
1.7002698591549292e-06 -3.4489220754721164e-20
1.730099154929577e-06 -3.639259515047676e-20
1.759928450704225e-06 -2.851284870802996e-20
1.7897577464788729e-06 -3.173385211970884e-20
1.819587042253521e-06 -3.5549306227850094e-20
1.8494163380281687e-06 -2.7208318110856676e-20
1.8792456338028165e-06 -2.9527880447679944e-20
1.9090749295774644e-06 -2.980285990420937e-20
1.938904225352112e-06 -2.632322269164679e-20
1.9687335211267604e-06 -3.156127307271739e-20
1.9985628169014082e-06 -2.4013215283401718e-20
2.028392112676056e-06 -2.2854897068121732e-20
2.058221408450704e-06 -3.0171259130147896e-20
2.0880507042253517e-06 -2.0790673904899884e-20
2.11788e-06 -2.1137091544585298e-20
2.1477092957746478e-06 -2.357130000465963e-20
2.1775385915492956e-06 -1.78834159951942e-20
2.2073678873239434e-06 -2.257582572345631e-20
2.2371971830985912e-06 -1.8233789853279602e-20
2.267026478873239e-06 -1.3798702240227126e-20
2.296855774647887e-06 -2.2033738491567085e-20
2.3266850704225347e-06 -1.6269216504631097e-20
2.3565143661971825e-06 -1.1738977314654006e-20
2.3863436619718303e-06 -1.715929576522244e-20
2.4161729577464786e-06 -1.1032957673876925e-20
2.4460022535211264e-06 -1.0697231966926046e-20
2.4758315492957742e-06 -1.447771698541921e-20
2.505660845070422e-06 -5.7910146740314604e-21
2.53549014084507e-06 -9.535131036566417e-21
2.565319436619718e-06 -1.1711382187152232e-20
2.595148732394366e-06 -2.1665360306211163e-21
2.6249780281690138e-06 -8.764554533638532e-21
2.6548073239436616e-06 -7.401559411140262e-21
2.6846366197183094e-06 -5.425060301447601e-22
2.7144659154929572e-06 -6.268342371327238e-21
2.7442952112676055e-06 -1.0694061507789944e-21
2.7741245070422533e-06 3.987951128882015e-22
2.803953802816901e-06 -3.886360393486197e-21
2.833783098591549e-06 5.5038617405044185e-21
2.8636123943661968e-06 3.1992003678608126e-21
2.8934416901408446e-06 -1.1284943505430143e-21
2.9232709859154924e-06 8.933991189582516e-21
2.9531002816901402e-06 3.2194013743403183e-21
2.982929577464788e-06 4.5703186440553905e-21
3.012758873239436e-06 1.2993599225353485e-20
3.042588169014084e-06 3.428377130085775e-21
3.072417464788732e-06 1.0141600329136642e-20
3.10224676056338e-06 1.3394588055956508e-20
3.1320760563380276e-06 6.729944133055031e-21
3.161905352112676e-06 1.5518733609960196e-20
3.1917346478873236e-06 1.3090490883907182e-20
3.221563943661971e-06 1.3165200038099089e-20
3.2513932394366193e-06 2.077268558352329e-20
3.2812225352112667e-06 1.3712995013553584e-20
3.311051830985915e-06 1.651014438864948e-20
3.3408811267605627e-06 2.2474841551217916e-20
3.370710422535211e-06 1.5580789827054534e-20
3.4005397183098584e-06 2.1318641461904777e-20
3.4303690140845066e-06 2.439047813812167e-20
3.460198309859154e-06 1.78824396525564e-20
3.4900276056338023e-06 2.5761209244996846e-20
3.51985690140845e-06 2.5274786815303064e-20
3.5496861971830983e-06 2.264065847175518e-20
3.5795154929577457e-06 3.188823159552201e-20
3.609344788732394e-06 2.500720655107557e-20
3.639174084507042e-06 2.5749111320232928e-20
3.66900338028169e-06 3.4775309422996704e-20
3.6988326760563374e-06 2.6798863596398575e-20
3.7286619718309857e-06 3.1292456560668425e-20
3.758491267605633e-06 3.4193898785040923e-20
3.7883205633802813e-06 2.7904190254983865e-20
3.818149859154929e-06 3.7183727409875256e-20
3.847979154929577e-06 3.4362323716647405e-20
3.877808450704224e-06 3.082123271853257e-20
3.907637746478873e-06 4.2138902603300445e-20
3.937467042253521e-06 3.605810883715884e-20
3.967296338028168e-06 3.545888470474277e-20
3.9971256338028165e-06 4.467741906876665e-20
4.026954929577464e-06 3.732676746061347e-20
4.056784225352112e-06 4.155912084050403e-20
4.0866135211267595e-06 4.599729812370315e-20
4.116442816901408e-06 3.6278029621082874e-20
4.146272112676055e-06 4.669123888983021e-20
4.1761014084507034e-06 4.7335064469801526e-20
4.205930704225352e-06 3.836747125140559e-20
4.23576e-06 5.1333508577255755e-20
4.265589295774647e-06 4.831942375790826e-20
4.2954185915492956e-06 4.557247950992475e-20
4.325247887323943e-06 5.287461226777106e-20
4.355077183098591e-06 4.6393357970920795e-20
4.384906478873239e-06 5.398754282446068e-20
4.414735774647887e-06 5.73543846926471e-20
4.444565070422534e-06 4.7252575538113724e-20
4.4743943661971825e-06 5.502886483941109e-20
4.504223661971831e-06 5.793296409685144e-20
4.534052957746478e-06 5.307717955638191e-20
4.563882253521126e-06 5.944452269943352e-20
4.593711549295774e-06 5.629289152026458e-20
4.623540845070422e-06 5.73240332692611e-20
4.653370140845069e-06 6.647458967467027e-20
4.683199436619718e-06 5.695162024153779e-20
4.713028732394365e-06 6.055119800680108e-20
4.742858028169013e-06 7.035604971958998e-20
4.772687323943661e-06 6.179392325075991e-20
4.802516619718309e-06 6.593118612584086e-20
4.832345915492957e-06 6.740451543364794e-20
4.8621752112676054e-06 6.500715749305058e-20
4.892004507042253e-06 7.478791934782379e-20
4.921833802816901e-06 6.775363144403538e-20
4.9516630985915485e-06 6.506235916164914e-20
4.981492394366197e-06 7.67338719221746e-20
5.011321690140844e-06 7.2602014379935e-20
5.041150985915492e-06 7.215932907855088e-20
5.07098028169014e-06 7.683305576967691e-20
5.100809577464788e-06 7.308663752000289e-20
5.130638873239436e-06 7.969375884264761e-20
5.160468169014084e-06 8.066232248095492e-20
5.190297464788732e-06 7.30607328092778e-20
5.220126760563379e-06 8.444989909029607e-20
5.2499560563380275e-06 8.515485411741047e-20
5.279785352112675e-06 7.75856796700154e-20
5.309614647887323e-06 8.564953447222988e-20
5.3394439436619706e-06 8.247592158324988e-20
5.369273239436619e-06 8.443567236216569e-20
5.399102535211266e-06 9.236747477515708e-20
5.4289318309859145e-06 8.236145993171519e-20
5.458761126760563e-06 8.677786964887684e-20
5.488590422535211e-06 9.605686575074702e-20
5.518419718309858e-06 8.704256908277302e-20
5.548249014084507e-06 8.987606490747325e-20
5.578078309859154e-06 9.323548689899553e-20
5.607907605633802e-06 9.05951657361915e-20
5.63773690140845e-06 9.928244163974768e-20
5.667566197183098e-06 9.268483665782315e-20
5.697395492957745e-06 9.017415040327899e-20
5.7272247887323935e-06 1.0406855172150129e-19
5.757054084507042e-06 9.605130704905048e-20
5.786883380281689e-06 9.551769796784206e-20
5.816712676056337e-06 1.0333276022340252e-19
5.846541971830985e-06 9.646265118300857e-20
5.876371267605633e-06 1.0453026601982902e-19
5.9062005633802804e-06 1.0301412046112858e-19
5.936029859154929e-06 9.488039136508687e-20
5.965859154929576e-06 1.1036865787699586e-19
5.995688450704224e-06 1.0629420025938703e-19
6.025517746478872e-06 9.700886392596775e-20
6.05534704225352e-06 1.0935319432526368e-19
6.085176338028168e-06 1.0642165396014576e-19
6.115005633802816e-06 1.0636185087332006e-19
6.144834929577464e-06 1.1169120856596446e-19
6.174664225352112e-06 1.0177750938953364e-19
6.20449352112676e-06 1.1166536344018483e-19
6.234322816901407e-06 1.1737351212460398e-19
6.264152112676055e-06 1.0365052769109855e-19
6.293981408450703e-06 1.10680541724579e-19
6.323810704225352e-06 1.1442582038855376e-19
6.353639999999999e-06 1.0971673487744652e-19
6.383469295774647e-06 1.152846571072333e-19
6.4132985915492955e-06 1.0921308106400789e-19
6.443127887323942e-06 1.1222078073426702e-19
6.47295718309859e-06 1.2209588871783162e-19
6.5027864788732386e-06 1.0936096370817132e-19
6.532615774647887e-06 1.1329398947268396e-19
6.562445070422533e-06 1.2210349696553122e-19
6.592274366197182e-06 1.1405741504408068e-19
6.62210366197183e-06 1.2103978660262123e-19
6.651932957746478e-06 1.1714531434021597e-19
6.6817622535211255e-06 1.1231389930290662e-19
6.711591549295774e-06 1.2608543090664023e-19
6.741420845070422e-06 1.1708826875552116e-19
6.77125014084507e-06 1.1375622036134698e-19
6.801079436619717e-06 1.2411022000981532e-19
6.830908732394365e-06 1.179620398771312e-19
6.860738028169013e-06 1.2076260468828922e-19
6.8905673239436615e-06 1.2199683950731046e-19
6.920396619718308e-06 1.1669159710015775e-19
6.950225915492956e-06 1.2764276465377069e-19
6.9800552112676045e-06 1.2465599375698128e-19
7.009884507042252e-06 1.14251295011815e-19
7.0397138028169e-06 1.2517801352678128e-19
7.069543098591548e-06 1.2576424315903348e-19
7.099372394366197e-06 1.2162195997648532e-19
7.129201690140843e-06 1.250872626829343e-19
7.1590309859154915e-06 1.1758373450736762e-19
7.18886028169014e-06 1.2482238007669236e-19
7.218689577464788e-06 1.3096720185518281e-19
7.248518873239435e-06 1.1617397041748375e-19
7.278348169014084e-06 1.2399022559510374e-19
7.308177464788732e-06 1.2989039537312995e-19
7.33800676056338e-06 1.2180231586054454e-19
7.367836056338027e-06 1.276731731616762e-19
7.397665352112675e-06 1.225492373273552e-19
7.427494647887323e-06 1.234454542274702e-19
7.457323943661971e-06 1.3279932245982795e-19
7.487153239436618e-06 1.1981176529966276e-19
7.516982535211266e-06 1.2005370096768441e-19
7.546811830985914e-06 1.3145181169106025e-19
7.576641126760563e-06 1.2407077906353094e-19
7.60647042253521e-06 1.2413632363845667e-19
7.636299718309857e-06 1.259902930138246e-19
7.666129014084507e-06 1.229030820607387e-19
7.695958309859154e-06 1.3170660104990554e-19
7.725787605633801e-06 1.239863832791569e-19
7.755616901408449e-06 1.1806556855697274e-19
7.785446197183098e-06 1.3148680983155167e-19
7.815275492957745e-06 1.2540053045856225e-19
7.845104788732393e-06 1.2160976118233914e-19
7.874934084507042e-06 1.2620846343331654e-19
7.904763380281689e-06 1.2170765320526816e-19
7.934592676056337e-06 1.268589421494065e-19
7.964421971830984e-06 1.2674720194784768e-19
7.994251267605633e-06 1.1944488254825755e-19
8.02408056338028e-06 1.258814460079727e-19
8.053909859154928e-06 1.2763294294105711e-19
8.083739154929577e-06 1.2131908272298442e-19
8.113568450704224e-06 1.243414794678046e-19
8.143397746478873e-06 1.2287347945071142e-19
8.173227042253519e-06 1.2258853944015606e-19
8.203056338028168e-06 1.2772297060979865e-19
8.232885633802816e-06 1.1675089375645306e-19
8.262714929577465e-06 1.1951470432041046e-19
8.29254422535211e-06 1.2983563443166147e-19
8.32237352112676e-06 1.1971177382072163e-19
8.352202816901407e-06 1.2058511289952015e-19
8.382032112676054e-06 1.2327149611382165e-19
8.411861408450703e-06 1.2042186842507714e-19
8.44169070422535e-06 1.2500178180826836e-19
8.47152e-06 1.1905408107718286e-19
8.501349295774646e-06 1.169529769325576e-19
8.531178591549295e-06 1.2543839510628818e-19
8.561007887323942e-06 1.187383347341699e-19
8.590837183098591e-06 1.1579799854984284e-19
8.620666478873237e-06 1.220118258722471e-19
8.650495774647886e-06 1.177617031466098e-19
8.680325070422533e-06 1.2050634608852166e-19
8.710154366197182e-06 1.194648807618584e-19
8.73998366197183e-06 1.1311229783290458e-19
8.769812957746477e-06 1.230130859964605e-19
8.799642253521126e-06 1.1951003639328079e-19
8.829471549295774e-06 1.1221337470640073e-19
8.859300845070421e-06 1.188729869226759e-19
8.889130140845068e-06 1.1573747644389815e-19
8.918959436619718e-06 1.1636898108221067e-19
8.948788732394365e-06 1.1618556409153542e-19
8.978618028169012e-06 1.0946067694144748e-19
9.008447323943661e-06 1.160738542217911e-19
9.038276619718309e-06 1.1735793172131437e-19
9.068105915492956e-06 1.0935925035945863e-19
9.097935211267604e-06 1.131591103920202e-19
9.127764507042253e-06 1.1454998067649296e-19
9.1575938028169e-06 1.1185639713797477e-19
9.187423098591548e-06 1.1370963560388626e-19
9.217252394366195e-06 1.0746943020927573e-19
9.247081690140844e-06 1.0935504700008483e-19
9.276910985915491e-06 1.138208439848061e-19
9.306740281690139e-06 1.0497670883781044e-19
9.336569577464788e-06 1.0691802720879396e-19
9.366398873239435e-06 1.0970097432113838e-19
9.396228169014084e-06 1.0528616870069321e-19
9.42605746478873e-06 1.0761805827020696e-19
9.45588676056338e-06 1.0430937338422361e-19
9.485716056338027e-06 1.0350637876387289e-19
9.515545352112676e-06 1.093623689992092e-19
9.545374647887321e-06 1.0171401757791675e-19
9.57520394366197e-06 9.925204459908573e-20
9.605033239436618e-06 1.056577742698355e-19
9.634862535211265e-06 9.851164918500922e-20
9.664691830985914e-06 9.810653277472049e-20
9.694521126760562e-06 9.998073158877704e-20
9.724350422535211e-06 9.404902536234432e-20
9.754179718309857e-06 9.993986653975565e-20
9.784009014084506e-06 9.609645657054133e-20
9.813838309859153e-06 9.10585300652697e-20
9.843667605633802e-06 9.847234751260249e-20
9.873496901408448e-06 9.170912771889274e-20
9.903326197183097e-06 9.088852302030136e-20
9.933155492957744e-06 9.447348383075652e-20
9.962984788732393e-06 8.650419327165217e-20
9.99281408450704e-06 9.074963788014976e-20
1.0022643380281688e-05 9.068947706895147e-20
1.0052472676056337e-05 8.223222601453503e-20
1.0082301971830985e-05 8.71337817840817e-20
1.0112131267605632e-05 8.542653120604622e-20
1.014196056338028e-05 8.0120807638115e-20
1.0171789859154929e-05 8.444499446646534e-20
1.0201619154929576e-05 8.02291998418909e-20
1.0231448450704223e-05 7.873763547647003e-20
1.0261277746478872e-05 8.264497835008403e-20
1.029110704225352e-05 7.443809128623614e-20
1.0320936338028167e-05 7.600461023506201e-20
1.0350765633802815e-05 7.976913149392418e-20
1.0380594929577464e-05 7.133758328993235e-20
1.0410424225352111e-05 7.363306072061267e-20
1.0440253521126759e-05 7.237707178759036e-20
1.0470082816901406e-05 6.768378525843333e-20
1.0499912112676055e-05 7.188722542083251e-20
1.0529741408450702e-05 6.506482266188928e-20
1.055957070422535e-05 6.54942934856173e-20
1.0589399999999999e-05 7.167389287569763e-20
1.0619229295774646e-05 6.043529720133975e-20
1.0649058591549295e-05 6.197144260586179e-20
1.0678887887323941e-05 6.603103098318678e-20
1.070871718309859e-05 5.738935866618983e-20
1.0738546478873238e-05 6.162604566097633e-20
1.0768375774647887e-05 5.820896989577508e-20
1.0798205070422532e-05 5.16883369675632e-20
1.0828034366197182e-05 5.960705891090846e-20
1.0857863661971829e-05 5.373267737806885e-20
1.0887692957746476e-05 4.900312532029698e-20
1.0917522253521125e-05 5.49407457291822e-20
1.0947351549295773e-05 4.957259034972242e-20
1.0977180845070422e-05 5.045030981504816e-20
1.1007010140845068e-05 5.016283338792959e-20
1.1036839436619717e-05 4.227390605721853e-20
1.1066668732394364e-05 4.889578763499435e-20
1.1096498028169013e-05 4.5593073475573034e-20
1.112632732394366e-05 3.7620964145554665e-20
1.1156156619718308e-05 4.524112631698498e-20
1.1185985915492957e-05 4.093775752452514e-20
1.1215815211267604e-05 3.63120447211564e-20
1.1245644507042252e-05 3.973641489017234e-20
1.12754738028169e-05 3.514273044091505e-20
1.1305303098591548e-05 3.644951695772512e-20
1.1335132394366196e-05 3.734617931192575e-20
1.1364961690140843e-05 2.94332391991572e-20
1.139479098591549e-05 3.1341896476079555e-20
1.142462028169014e-05 3.46406195400644e-20
1.1454449577464787e-05 2.864649434374456e-20
1.1484278873239434e-05 2.895883633544751e-20
1.1514108169014084e-05 2.6645402568404738e-20
1.1543937464788731e-05 2.2448129791086555e-20
1.1573766760563378e-05 2.731131494084705e-20
1.1603596056338026e-05 2.1513685901772277e-20
1.1633425352112675e-05 1.932265690211813e-20
1.1663254647887322e-05 2.4714075391271242e-20
1.169308394366197e-05 1.8160740426580407e-20
1.1722913239436617e-05 1.8912277953246018e-20
1.1752742535211266e-05 1.8314118999657925e-20
1.1782571830985913e-05 1.2967230984361688e-20
1.1812401126760561e-05 1.8057748462311463e-20
1.184223042253521e-05 1.0619322879248159e-20
1.1872059718309857e-05 6.2164430035002966e-21
1.1901889014084506e-05 1.4591717704077568e-20
1.1931718309859152e-05 9.596887970425929e-21
1.1961547605633801e-05 7.49387724349744e-21
1.1991376901408449e-05 7.294279520356228e-21
1.2021206197183098e-05 3.3606669525647733e-21
1.2051035492957743e-05 7.542686288328378e-21
1.2080864788732393e-05 3.5159379447785694e-21
1.211069408450704e-05 -2.8129173084878818e-21
1.2140523380281687e-05 3.440816410509359e-21
1.2170352676056336e-05 2.529093395957692e-21
1.2200181971830984e-05 -4.6395331583625086e-21
1.2230011267605631e-05 -3.707372657573185e-21
1.225984056338028e-05 -5.654938732956051e-21
1.2289669859154928e-05 -6.177960017362175e-21
1.2319499154929575e-05 -6.055420070806639e-21
1.2349328450704224e-05 -1.2812463258086312e-20
1.2379157746478872e-05 -9.217117283421966e-21
1.240898704225352e-05 -7.819330678966024e-21
1.2438816338028168e-05 -1.4929133615824384e-20
1.2468645633802814e-05 -1.3157305018915695e-20
1.2498474929577465e-05 -1.5304193639723566e-20
1.252830422535211e-05 -1.7158595794621504e-20
1.2558133521126758e-05 -1.4889533737841398e-20
1.2587962816901407e-05 -2.4125753994698714e-20
1.2617792112676054e-05 -2.2150562832920226e-20
1.2647621408450703e-05 -1.5120348574660803e-20
1.267745070422535e-05 -2.6446105665737764e-20
1.2707279999999998e-05 -2.6569868548252272e-20
1.2737109295774647e-05 -2.1894884602255944e-20
1.2766938591549295e-05 -2.851079646058957e-20
1.279676788732394e-05 -2.613590165345597e-20
1.2826597183098591e-05 -2.994049471303234e-20
1.2856426478873237e-05 -3.414266208289442e-20
1.2886255774647884e-05 -2.6032454626615e-20
1.2916085070422533e-05 -3.2948272203815986e-20
1.294591436619718e-05 -3.8715968478202265e-20
1.297574366197183e-05 -3.4177494154879985e-20
1.3005572957746477e-05 -3.801856564402126e-20
1.3035402253521125e-05 -3.802849754883267e-20
1.3065231549295774e-05 -4.0187578606047306e-20
1.3095060845070421e-05 -4.567631829822822e-20
1.3124890140845067e-05 -3.898790217442964e-20
1.3154719436619717e-05 -4.0462884795391815e-20
1.3184548732394363e-05 -4.956685493566406e-20
1.3214378028169014e-05 -4.4483283710657704e-20
1.324420732394366e-05 -4.529061442478985e-20
1.3274036619718307e-05 -5.093962796930146e-20
1.3303865915492956e-05 -4.780890156298684e-20
1.3333695211267604e-05 -5.462012095539819e-20
1.3363524507042251e-05 -5.3255313269699466e-20
1.33933538028169e-05 -4.85511510499591e-20
1.3423183098591547e-05 -6.046342316004604e-20
1.3453012394366193e-05 -5.850090063375713e-20
1.3482841690140844e-05 -5.481046485526357e-20
1.351267098591549e-05 -5.957527380974496e-20
1.354250028169014e-05 -5.862485056282936e-20
1.3572329577464786e-05 -6.388773117283478e-20
1.3602158873239434e-05 -6.374306966170794e-20
1.3631988169014083e-05 -5.882657685535462e-20
1.366181746478873e-05 -6.705977674650794e-20
1.3691646760563377e-05 -6.997411609130124e-20
1.3721476056338027e-05 -6.578639997450627e-20
1.3751305352112674e-05 -6.940885371773926e-20
1.3781134647887323e-05 -7.092465475032276e-20
1.381096394366197e-05 -7.43163665242037e-20
1.3840793239436616e-05 -7.550350201002409e-20
1.3870622535211267e-05 -6.922478042996137e-20
1.3900451830985913e-05 -7.634179531020998e-20
1.393028112676056e-05 -8.11484913003417e-20
1.3960110422535209e-05 -7.576953788140536e-20
1.3989939718309856e-05 -7.942002315272904e-20
1.4019769014084504e-05 -8.028137168340285e-20
1.4049598309859153e-05 -8.133143082778135e-20
1.40794276056338e-05 -8.683389918726455e-20
1.410925690140845e-05 -8.114597634034249e-20
1.4139086197183097e-05 -8.340888953185844e-20
1.4168915492957743e-05 -9.210556859355867e-20
1.4198744788732393e-05 -8.663208372727323e-20
1.4228574084507039e-05 -8.707760863125714e-20
1.4258403380281686e-05 -9.025206467483365e-20
1.4288232676056336e-05 -8.928966068761647e-20
1.4318061971830983e-05 -9.450448869430961e-20
1.4347891267605632e-05 -9.123234799997474e-20
1.437772056338028e-05 -9.07805734090366e-20
1.4407549859154927e-05 -1.0049370322715142e-19
1.4437379154929576e-05 -9.800844420353658e-20
1.4467208450704223e-05 -9.532969467900196e-20
1.449703774647887e-05 -9.883911550142679e-20
1.452686704225352e-05 -9.90348215064166e-20
1.4556696338028167e-05 -1.0401075840076988e-19
1.4586525633802816e-05 -1.0298169051375306e-19
1.4616354929577464e-05 -9.642129198477528e-20
1.464618422535211e-05 -1.0623233373972191e-19
1.467601352112676e-05 -1.0758381577417717e-19
1.4705842816901406e-05 -9.952302416451623e-20
1.4735672112676053e-05 -1.0796017319968487e-19
1.4765501408450702e-05 -1.0811442993011571e-19
1.479533070422535e-05 -1.0687821515270261e-19
1.4825159999999997e-05 -1.116869460699807e-19
1.4854989295774646e-05 -1.0474584412243018e-19
1.4884818591549294e-05 -1.1003855677673432e-19
1.4914647887323943e-05 -1.176513541345114e-19
1.494447718309859e-05 -1.0849056679190127e-19
1.4974306478873236e-05 -1.1065127703237536e-19
1.5004135774647887e-05 -1.1434734926481153e-19
1.5033965070422532e-05 -1.104112322383396e-19
1.506379436619718e-05 -1.1702397254002146e-19
1.5093623661971829e-05 -1.1411872974122552e-19
1.5123452957746476e-05 -1.113151471960001e-19
1.5153282253521125e-05 -1.220240990964786e-19
1.5183111549295773e-05 -1.1659621149706482e-19
1.521294084507042e-05 -1.1465410073640277e-19
1.524277014084507e-05 -1.2117484871443416e-19
1.5272599436619715e-05 -1.1721626161541557e-19
1.5302428732394364e-05 -1.2035417371685644e-19
1.5332258028169013e-05 -1.1914771987338703e-19
1.536208732394366e-05 -1.160887690951512e-19
1.5391916619718308e-05 -1.2528324940406962e-19
1.5421745915492957e-05 -1.211607386234492e-19
1.5451575211267603e-05 -1.1673471713397852e-19
1.5481404507042252e-05 -1.2527764185208934e-19
1.5511233802816897e-05 -1.2134835598900043e-19
1.5541063098591547e-05 -1.2255862754812302e-19
1.5570892394366196e-05 -1.2768518224239964e-19
1.560072169014084e-05 -1.1846336696894874e-19
1.563055098591549e-05 -1.2527639823748683e-19
1.566038028169014e-05 -1.3000175621683984e-19
1.5690209577464785e-05 -1.2035435202021928e-19
1.5720038873239434e-05 -1.2630170015106829e-19
1.5749868169014083e-05 -1.2680013122139333e-19
1.577969746478873e-05 -1.2262713255591939e-19
1.5809526760563378e-05 -1.2931003460079676e-19
1.5839356056338027e-05 -1.2516087330641605e-19
1.5869185352112673e-05 -1.2390721148444275e-19
1.5899014647887322e-05 -1.327560962663861e-19
1.5928843943661968e-05 -1.2709088742686273e-19
1.5958673239436617e-05 -1.2636188253546224e-19
1.5988502535211266e-05 -1.3232540361936016e-19
1.601833183098591e-05 -1.2632694060727688e-19
1.604816112676056e-05 -1.3058814070383203e-19
1.607799042253521e-05 -1.3003607851340727e-19
1.6107819718309856e-05 -1.2412224775399778e-19
1.6137649014084505e-05 -1.350097715124626e-19
1.6167478309859154e-05 -1.3124458703672912e-19
1.61973076056338e-05 -1.2611769759967242e-19
1.622713690140845e-05 -1.3433396594213768e-19
1.6256966197183094e-05 -1.2926030663899382e-19
1.6286795492957747e-05 -1.3124957431403457e-19
1.6316624788732392e-05 -1.3492877606724e-19
1.6346454084507038e-05 -1.2545468971823851e-19
1.6376283380281687e-05 -1.3401627602852735e-19
1.6406112676056336e-05 -1.3712988802895506e-19
1.6435941971830982e-05 -1.256769842518819e-19
1.646577126760563e-05 -1.3250024536890634e-19
1.649560056338028e-05 -1.3344847341315627e-19
1.652542985915493e-05 -1.3016517702136871e-19
1.6555259154929575e-05 -1.3594921882074062e-19
1.658508845070422e-05 -1.2896885126414974e-19
1.6614917746478873e-05 -1.3110570386664712e-19
1.664474704225352e-05 -1.3958307086192726e-19
1.6674576338028165e-05 -1.2950611444628034e-19
1.6704405633802814e-05 -1.307034503195368e-19
1.6734234929577463e-05 -1.3669638981940974e-19
1.676406422535211e-05 -1.3039344893978447e-19
1.6793893521126758e-05 -1.345862462490892e-19
1.6823722816901407e-05 -1.3180215216128722e-19
1.6853552112676056e-05 -1.2746414441830086e-19
1.68833814084507e-05 -1.3779591659926844e-19
1.6913210704225347e-05 -1.3193250030294394e-19
1.694304e-05 -1.2846869307430145e-19
1.6972869295774645e-05 -1.3419886689221147e-19
1.700269859154929e-05 -1.3049193224761942e-19
1.703252788732394e-05 -1.342326212533077e-19
1.706235718309859e-05 -1.3317281536035328e-19
1.709218647887324e-05 -1.2682016708709988e-19
1.7122015774647884e-05 -1.341558847124269e-19
1.7151845070422533e-05 -1.3326688332373637e-19
1.7181674366197182e-05 -1.2636357234525997e-19
1.7211503661971828e-05 -1.3181574557663283e-19
1.7241332957746474e-05 -1.3039679899592315e-19
1.7271162253521126e-05 -1.292763950938181e-19
1.7300991549295772e-05 -1.3374967364580163e-19
1.7330820845070418e-05 -1.2492859214383922e-19
1.7360650140845067e-05 -1.2834269462464063e-19
1.7390479436619716e-05 -1.3602030632098026e-19
1.7420308732394365e-05 -1.2496050329860412e-19
1.745013802816901e-05 -1.276439347130275e-19
1.747996732394366e-05 -1.3015303960199971e-19
1.750979661971831e-05 -1.2454871674784615e-19
1.7539625915492954e-05 -1.3084264536482356e-19
1.7569455211267603e-05 -1.24442139147616e-19
1.7599284507042253e-05 -1.2216817974249778e-19
1.7629113802816898e-05 -1.335875148810414e-19
1.7658943098591547e-05 -1.2489442267366633e-19
1.7688772394366193e-05 -1.203403109661324e-19
1.7718601690140842e-05 -1.2680796970693756e-19
1.774843098591549e-05 -1.2330078301564643e-19
1.7778260281690137e-05 -1.2606034120152668e-19
1.7808089577464786e-05 -1.241217727987019e-19
1.7837918873239435e-05 -1.186822925126081e-19
1.786774816901408e-05 -1.2861566369532254e-19
1.789757746478873e-05 -1.2366232765049127e-19
1.792740676056338e-05 -1.153983320109155e-19
1.7957236056338025e-05 -1.232230477144479e-19
1.7987065352112674e-05 -1.2016507453884225e-19
1.8016894647887323e-05 -1.2059864093352817e-19
1.804672394366197e-05 -1.203823518323374e-19
1.8076553239436618e-05 -1.1208522544273252e-19
1.8106382535211263e-05 -1.2239059667067301e-19
1.8136211830985912e-05 -1.226156746279943e-19
1.816604112676056e-05 -1.1001495699333048e-19
1.8195870422535207e-05 -1.1688793803521118e-19
1.8225699718309856e-05 -1.1837812423070505e-19
1.8255529014084505e-05 -1.1461560992631566e-19
1.828535830985915e-05 -1.1633262784204679e-19
1.83151876056338e-05 -1.081760675909738e-19
1.834501690140845e-05 -1.1207076510332517e-19
1.8374846197183095e-05 -1.1838857556006617e-19
1.8404675492957744e-05 -1.0625870625089481e-19
1.843450478873239e-05 -1.0735110336423858e-19
1.846433408450704e-05 -1.1262852466403162e-19
1.8494163380281688e-05 -1.0898760829391196e-19
1.8523992676056334e-05 -1.1098357179573503e-19
1.8553821971830983e-05 -1.0488323827600996e-19
1.8583651267605632e-05 -1.0411399775775717e-19
1.8613480563380278e-05 -1.1255163411393208e-19
1.8643309859154927e-05 -1.0318665331545878e-19
1.8673139154929576e-05 -9.840791405212175e-20
1.870296845070422e-05 -1.0597989403861402e-19
1.873279774647887e-05 -1.0246310993948143e-19
1.8762627042253516e-05 -1.0094269615411348e-19
1.879245633802817e-05 -9.972948912718339e-20
1.8822285633802814e-05 -9.51627510504039e-20
1.885211492957746e-05 -1.0343158355201448e-19
1.888194422535211e-05 -1.0048159422523121e-19
1.891177352112676e-05 -9.010409435607497e-20
1.8941602816901404e-05 -9.707992985285974e-20
1.8971432112676053e-05 -9.737441850061011e-20
1.9001261408450702e-05 -9.330930470328238e-20
