0.0 -5.369675676461739e-19
2.9813925984251964e-08 -5.343267820359577e-19
5.962785196850393e-08 -5.399451727193545e-19
8.94417779527559e-08 -5.324438971556187e-19
1.1925570393700786e-07 -5.228773376325247e-19
1.4906962992125982e-07 -5.4604803499926e-19
1.788835559055118e-07 -5.416251148154766e-19
2.0869748188976378e-07 -5.2587485199738075e-19
2.385114078740157e-07 -5.369089893330745e-19
2.6832533385826765e-07 -5.36961955991706e-19
2.9813925984251964e-07 -5.383295646416877e-19
3.2795318582677164e-07 -5.371264128916791e-19
3.577671118110236e-07 -5.232868127505802e-19
3.8758103779527556e-07 -5.375881516371805e-19
4.1739496377952756e-07 -5.43913052289802e-19
4.4720888976377944e-07 -5.240871597574673e-19
4.770228157480314e-07 -5.304283630848789e-19
5.068367417322834e-07 -5.361111479131039e-19
5.366506677165353e-07 -5.322202339256203e-19
5.664645937007874e-07 -5.365195072756579e-19
5.962785196850393e-07 -5.229759333273456e-19
6.260924456692913e-07 -5.285294509341567e-19
6.559063716535433e-07 -5.426461184147116e-19
6.857202976377952e-07 -5.230546398820711e-19
7.155342236220471e-07 -5.236019285566674e-19
7.453481496062991e-07 -5.3155964334007e-19
7.751620755905511e-07 -5.260074542728021e-19
8.049760015748031e-07 -5.306837612554965e-19
8.347899275590551e-07 -5.190591051290638e-19
8.646038535433071e-07 -5.169413974039865e-19
8.944177795275589e-07 -5.342183424323044e-19
9.242317055118109e-07 -5.229250268989606e-19
9.540456314960629e-07 -5.142486203491534e-19
9.838595574803149e-07 -5.223166413295734e-19
1.0136734834645668e-06 -5.194340020107484e-19
1.0434874094488186e-06 -5.223512841888264e-19
1.0733013354330706e-06 -5.146466717248777e-19
1.1031152614173228e-06 -5.051589055926927e-19
1.1329291874015748e-06 -5.225495370777132e-19
1.1627431133858268e-06 -5.167405998336472e-19
1.1925570393700786e-06 -5.019386510822099e-19
1.2223709653543306e-06 -5.095355713595718e-19
1.2521848913385826e-06 -5.066444068372225e-19
1.2819988173228346e-06 -5.087389511734237e-19
1.3118127433070865e-06 -5.063432285355162e-19
1.3416266692913385e-06 -4.9217644566816165e-19
1.3714405952755903e-06 -5.047778579847879e-19
1.4012545212598423e-06 -5.090673739011134e-19
1.4310684472440943e-06 -4.891882732688634e-19
1.4608823732283463e-06 -4.911758413456839e-19
1.4906962992125983e-06 -4.965229763989453e-19
1.5205102251968503e-06 -4.916215866852756e-19
1.5503241511811023e-06 -4.920814012135367e-19
1.5801380771653543e-06 -4.780035523920099e-19
1.6099520031496062e-06 -4.802522088362125e-19
1.639765929133858e-06 -4.947666898605724e-19
1.6695798551181102e-06 -4.752739837941156e-19
1.699393781102362e-06 -4.70943449619526e-19
1.7292077070866142e-06 -4.795457764602617e-19
1.759021633070866e-06 -4.72293591605549e-19
1.7888355590551178e-06 -4.740419386954855e-19
1.81864948503937e-06 -4.622981399298164e-19
1.8484634110236217e-06 -4.567518780986232e-19
1.878277337007874e-06 -4.730738591793468e-19
1.9080912629921257e-06 -4.585700031737629e-19
1.9379051889763777e-06 -4.457271346824274e-19
1.9677191149606297e-06 -4.562579399183739e-19
1.9975330409448817e-06 -4.5106256030911605e-19
2.0273469669291337e-06 -4.499817565811456e-19
2.0571608929133857e-06 -4.444809070161517e-19
2.0869748188976372e-06 -4.309414083045528e-19
2.1167887448818897e-06 -4.4572784430616e-19
2.1466026708661412e-06 -4.419093588885743e-19
2.1764165968503936e-06 -4.2025009256525874e-19
2.2062305228346456e-06 -4.2907267892698703e-19
2.236044448818897e-06 -4.275430073420939e-19
2.2658583748031496e-06 -4.2119704211781677e-19
2.295672300787401e-06 -4.226815387392654e-19
2.3254862267716536e-06 -4.0441758482101936e-19
2.355300152755905e-06 -4.111946928576235e-19
2.385114078740157e-06 -4.204782918843708e-19
2.414928004724409e-06 -3.952859104473572e-19
2.444741930708661e-06 -3.97482131406803e-19
2.474555856692913e-06 -4.026204549151568e-19
2.504369782677165e-06 -3.9249284297611976e-19
2.534183708661417e-06 -3.946544155697824e-19
2.563997634645669e-06 -3.7842801166457464e-19
2.593811560629921e-06 -3.7894368815230185e-19
2.623625486614173e-06 -3.9344190845975955e-19
2.653439412598425e-06 -3.681300406073806e-19
2.683253338582677e-06 -3.636592135747784e-19
2.713067264566929e-06 -3.7565636308221855e-19
2.7428811905511806e-06 -3.6118461716017884e-19
2.772695116535433e-06 -3.626391051351085e-19
2.8025090425196846e-06 -3.542598883152869e-19
2.832322968503937e-06 -3.4243996419022695e-19
2.8621368944881886e-06 -3.608295479760977e-19
2.8919508204724406e-06 -3.454606872968244e-19
2.9217647464566926e-06 -3.2753126845989653e-19
2.9515786724409446e-06 -3.420782211238646e-19
2.9813925984251966e-06 -3.3302241593055684e-19
3.0112065244094485e-06 -3.26728041157373e-19
3.0410204503937005e-06 -3.2399400870273716e-19
3.0708343763779525e-06 -3.086031189953424e-19
3.1006483023622045e-06 -3.2290776346732615e-19
3.130462228346456e-06 -3.198384245636452e-19
3.1602761543307085e-06 -2.9334162628984614e-19
3.1900900803149605e-06 -3.0462889072020144e-19
3.2199040062992125e-06 -3.042261366755367e-19
3.249717932283464e-06 -2.917987184204063e-19
3.279531858267716e-06 -2.9331100344317354e-19
3.3093457842519685e-06 -2.771965126905222e-19
3.3391597102362204e-06 -2.818362612526677e-19
3.368973636220472e-06 -2.880693574587644e-19
3.398787562204724e-06 -2.6213702635534786e-19
3.428601488188976e-06 -2.6336593883507144e-19
3.4584154141732284e-06 -2.700276276591093e-19
3.48822934015748e-06 -2.5708863127143835e-19
3.518043266141732e-06 -2.5770725689022484e-19
3.547857192125984e-06 -2.4603709700936177e-19
3.5776711181102355e-06 -2.3986776276791363e-19
3.607485044094488e-06 -2.547678883588115e-19
3.63729897007874e-06 -2.346259435061843e-19
3.667112896062992e-06 -2.2164989695614405e-19
3.6969268220472435e-06 -2.341444561577793e-19
3.7267407480314955e-06 -2.2210315726259653e-19
3.756554674015748e-06 -2.191977071536435e-19
3.7863686e-06 -2.1230912123257386e-19
3.8161825259842515e-06 -1.9898013547590525e-19
3.8459964519685034e-06 -2.1575509692719313e-19
3.8758103779527554e-06 -2.0193856779460924e-19
3.9056243039370074e-06 -1.810639568678851e-19
3.935438229921259e-06 -1.9726587094015588e-19
3.965252155905511e-06 -1.8944804513400933e-19
3.995066081889763e-06 -1.7763381756995057e-19
4.024880007874015e-06 -1.775959491681377e-19
4.054693933858267e-06 -1.6397331343251473e-19
4.084507859842519e-06 -1.7146588222217625e-19
4.114321785826771e-06 -1.6943161813799137e-19
4.144135711811023e-06 -1.4297219524880958e-19
4.1739496377952745e-06 -1.5131909946687663e-19
4.203763563779527e-06 -1.5596533705477979e-19
4.233577489763779e-06 -1.3892736409694202e-19
4.263391415748031e-06 -1.3842298859227326e-19
4.2932053417322825e-06 -1.2773903395275917e-19
4.3230192677165345e-06 -1.2791173190424692e-19
4.352833193700787e-06 -1.3451739643715913e-19
4.382647119685039e-06 -1.0846808381518395e-19
4.412461045669291e-06 -1.080868044063588e-19
4.442274971653542e-06 -1.175689999990026e-19
4.472088897637794e-06 -9.947032717545664e-20
4.501902823622047e-06 -9.737868147016477e-20
4.531716749606299e-06 -9.018893608570257e-20
4.56153067559055e-06 -8.243547665220323e-20
4.591344601574802e-06 -9.37500026382187e-20
4.621158527559054e-06 -7.46801347330063e-20
4.650972453543307e-06 -6.130486942347801e-20
4.680786379527558e-06 -7.677225515168446e-20
4.71060030551181e-06 -6.613014358154749e-20
4.740414231496062e-06 -5.541655078058132e-20
4.770228157480314e-06 -5.2227987327453295e-20
4.800042083464566e-06 -4.148217388695097e-20
4.829856009448818e-06 -5.138885997783623e-20
4.85966993543307e-06 -4.1836266711053333e-20
4.889483861417322e-06 -1.8179017860636666e-20
4.919297787401574e-06 -3.140709206738913e-20
4.949111713385826e-06 -2.935226483036192e-20
4.978925639370078e-06 -1.3754455428372423e-20
5.00873956535433e-06 -1.374754719775628e-20
5.038553491338582e-06 -8.97730083589928e-22
5.068367417322834e-06 -6.4277446638993705e-21
5.098181343307086e-06 -7.163371416364826e-21
5.127995269291338e-06 2.0534922266590894e-20
5.15780919527559e-06 1.389342662799613e-20
5.187623121259842e-06 8.53425772674991e-21
5.217437047244094e-06 2.7981261164779094e-20
5.247250973228346e-06 3.0391877145957093e-20
5.277064899212598e-06 3.7773994327687725e-20
5.30687882519685e-06 3.914396145476824e-20
5.336692751181101e-06 3.128158330803668e-20
5.366506677165354e-06 5.758559276201119e-20
5.396320603149606e-06 6.412227830315331e-20
5.426134529133858e-06 4.564813627359242e-20
5.455948455118109e-06 6.537747718803456e-20
5.485762381102361e-06 7.382143658876738e-20
5.515576307086614e-06 7.455543862033745e-20
5.545390233070866e-06 8.581784971611085e-20
5.575204159055117e-06 7.38965491586737e-20
5.605018085039369e-06 9.361869781161406e-20
5.634832011023621e-06 1.1048914346572713e-19
5.664645937007874e-06 8.974824973921218e-20
5.694459862992125e-06 1.0422105331713069e-19
5.724273788976377e-06 1.1751436335260238e-19
5.754087714960629e-06 1.1596678864926597e-19
5.783901640944881e-06 1.273864551093742e-19
5.813715566929133e-06 1.1967973571203454e-19
5.843529492913385e-06 1.2961532855890677e-19
5.873343418897637e-06 1.530331896440037e-19
5.903157344881889e-06 1.379555143052711e-19
5.932971270866141e-06 1.4015756545619235e-19
5.962785196850393e-06 1.6131405703603627e-19
5.992599122834645e-06 1.5854183818626125e-19
6.022413048818897e-06 1.6697188540785206e-19
6.052226974803149e-06 1.682301114205136e-19
6.082040900787401e-06 1.656074293919291e-19
6.111854826771653e-06 1.924817663395201e-19
6.141668752755905e-06 1.872516240940042e-19
6.171482678740158e-06 1.7737945765951992e-19
6.201296604724409e-06 2.0266011272196747e-19
6.231110530708661e-06 2.0232658979272103e-19
6.260924456692912e-06 2.0563255726716312e-19
6.290738382677165e-06 2.1399224957644916e-19
6.320552308661417e-06 2.0556199124062747e-19
6.350366234645668e-06 2.296511637287348e-19
6.380180160629921e-06 2.35709892653806e-19
6.409994086614172e-06 2.177679153790268e-19
6.439808012598425e-06 2.3997314366646436e-19
6.469621938582677e-06 2.4756980709102516e-19
6.499435864566928e-06 2.4338674675003295e-19
6.529249790551181e-06 2.558397032905431e-19
6.559063716535432e-06 2.4767847087060237e-19
6.588877642519684e-06 2.6327965761907185e-19
6.618691568503937e-06 2.8090895255867984e-19
6.648505494488188e-06 2.599631153720943e-19
6.678319420472441e-06 2.7318009466604013e-19
6.708133346456692e-06 2.9028045178887098e-19
6.737947272440944e-06 2.824930845708003e-19
6.767761198425197e-06 2.934244185256809e-19
6.797575124409448e-06 2.898563776999876e-19
6.827389050393701e-06 2.9427684642231325e-19
6.857202976377952e-06 3.198787013440435e-19
6.887016902362204e-06 3.0304707790984127e-19
6.916830828346457e-06 3.018274783355028e-19
6.946644754330708e-06 3.2897630850500365e-19
6.97645868031496e-06 3.205904843415679e-19
7.006272606299211e-06 3.2701599894122696e-19
7.036086532283464e-06 3.322786431375994e-19
7.065900458267717e-06 3.252198344786031e-19
7.095714384251968e-06 3.5283216310013396e-19
7.12552831023622e-06 3.4920912980919196e-19
7.155342236220471e-06 3.34331763207249e-19
7.185156162204724e-06 3.6008232021503065e-19
7.214970088188976e-06 3.6197245013151897e-19
7.244784014173227e-06 3.570946052186834e-19
7.27459794015748e-06 3.672225909838523e-19
7.304411866141731e-06 3.6197947475114935e-19
7.334225792125984e-06 3.7941946644484844e-19
7.364039718110236e-06 3.880279533365524e-19
7.393853644094487e-06 3.672657445221984e-19
7.42366757007874e-06 3.875311520034847e-19
7.453481496062991e-06 3.9997035666585164e-19
7.483295422047244e-06 3.879506466014634e-19
7.513109348031496e-06 4.0017885835347375e-19
7.542923274015747e-06 3.965842359408736e-19
7.5727372e-06 4.0452671056045096e-19
7.602551125984251e-06 4.2232535175694643e-19
7.632365051968503e-06 4.0018661890180435e-19
7.662178977952756e-06 4.1032561011344587e-19
7.691992903937007e-06 4.3178102733110966e-19
7.72180682992126e-06 4.1851261687468287e-19
7.751620755905511e-06 4.2868365834655026e-19
7.781434681889764e-06 4.2957510655293563e-19
7.811248607874015e-06 4.2873603529010756e-19
7.841062533858266e-06 4.526238668800064e-19
7.870876459842519e-06 4.382136380092871e-19
7.90069038582677e-06 4.318697724718517e-19
7.930504311811023e-06 4.587097916720859e-19
7.960318237795276e-06 4.528597671091411e-19
7.990132163779527e-06 4.498600016620056e-19
8.01994608976378e-06 4.597562604511965e-19
8.04976001574803e-06 4.545380510071691e-19
8.079573941732282e-06 4.720895984120732e-19
8.109387867716535e-06 4.728432405253363e-19
8.139201793700786e-06 4.550639917015797e-19
8.169015719685039e-06 4.813929199373991e-19
8.19882964566929e-06 4.856618025964505e-19
8.228643571653543e-06 4.726214378540665e-19
8.258457497637796e-06 4.8584413178077195e-19
8.288271423622047e-06 4.794285227320994e-19
8.318085349606298e-06 4.925832720765488e-19
8.347899275590549e-06 5.037605907488024e-19
8.377713201574802e-06 4.792209284383742e-19
8.407527127559055e-06 4.966417603883837e-19
8.437341053543306e-06 5.124045533909007e-19
8.467154979527559e-06 4.966100436879775e-19
8.49696890551181e-06 5.05595708103049e-19
8.526782831496063e-06 5.082733563599776e-19
8.556596757480314e-06 5.101422546391762e-19
8.586410683464565e-06 5.26318303262075e-19
8.616224609448818e-06 5.088891293822273e-19
8.646038535433069e-06 5.093531138545137e-19
8.675852461417322e-06 5.363718190386893e-19
8.705666387401575e-06 5.21029450840343e-19
8.735480313385826e-06 5.182367438722163e-19
8.765294239370079e-06 5.308968684129519e-19
8.79510816535433e-06 5.2730396628695055e-19
8.824922091338583e-06 5.420978541000996e-19
8.854736017322834e-06 5.342545766193502e-19
8.884549943307085e-06 5.235552152239861e-19
8.914363869291338e-06 5.500658191135724e-19
8.944177795275589e-06 5.460353589912841e-19
8.973991721259842e-06 5.347373967838527e-19
9.003805647244094e-06 5.48602155379681e-19
9.033619573228346e-06 5.436818518399801e-19
9.063433499212598e-06 5.527175253804989e-19
9.09324742519685e-06 5.581500413570742e-19
9.1230613511811e-06 5.354603069380717e-19
9.152875277165354e-06 5.572643160058823e-19
9.182689203149605e-06 5.69014920119908e-19
9.212503129133858e-06 5.460329489235971e-19
9.242317055118109e-06 5.59442356064378e-19
9.272130981102362e-06 5.611820725527584e-19
9.301944907086614e-06 5.606938061317313e-19
9.331758833070866e-06 5.737442332792623e-19
9.361572759055117e-06 5.520164585489474e-19
9.391386685039368e-06 5.613445471182497e-19
9.42120061102362e-06 5.831490014895063e-19
9.451014537007874e-06 5.604915321101192e-19
9.480828462992125e-06 5.639914982480411e-19
9.510642388976377e-06 5.727155700200345e-19
9.540456314960629e-06 5.680569245262633e-19
9.570270240944881e-06 5.828707996861223e-19
9.600084166929133e-06 5.6693532612238555e-19
9.629898092913384e-06 5.619554582794604e-19
9.659712018897637e-06 5.914283649518217e-19
9.68952594488189e-06 5.752591644990183e-19
9.71933987086614e-06 5.666199572039889e-19
9.749153796850393e-06 5.811295398940683e-19
9.778967722834645e-06 5.7364160819629135e-19
9.808781648818897e-06 5.842752028139462e-19
9.838595574803149e-06 5.782790317543695e-19
9.8684095007874e-06 5.633030660607824e-19
9.898223426771653e-06 5.893889715332525e-19
9.928037352755904e-06 5.85879487639041e-19
9.957851278740157e-06 5.659203723477015e-19
9.98766520472441e-06 5.796337382747784e-19
1.001747913070866e-05 5.814758561642263e-19
1.0047293056692913e-05 5.834563260597765e-19
1.0077106982677164e-05 5.840449754496387e-19
1.0106920908661416e-05 5.649885418444354e-19
1.0136734834645668e-05 5.824144093283452e-19
1.016654876062992e-05 5.920859210520312e-19
1.0196362686614172e-05 5.666931894009092e-19
1.0226176612598424e-05 5.76062510584316e-19
1.0255990538582676e-05 5.804893651749326e-19
1.028580446456693e-05 5.752686938704058e-19
1.031561839055118e-05 5.840881582015923e-19
1.0345432316535433e-05 5.649955304959899e-19
1.0375246242519684e-05 5.708016251084128e-19
1.0405060168503936e-05 5.908300634732594e-19
1.0434874094488188e-05 5.668044561644562e-19
1.046468802047244e-05 5.657467975277901e-19
1.0494501946456692e-05 5.770944632305928e-19
1.0524315872440943e-05 5.703384675561478e-19
1.0554129798425196e-05 5.745002830918924e-19
1.058394372440945e-05 5.606251695797605e-19
1.06137576503937e-05 5.570015407317235e-19
1.0643571576377951e-05 5.793551543831007e-19
1.0673385502362203e-05 5.648625125875966e-19
1.0703199428346455e-05 5.512818028053192e-19
1.0733013354330708e-05 5.651683488575599e-19
1.076282728031496e-05 5.622927161343909e-19
1.0792641206299212e-05 5.621151297657402e-19
1.0822455132283463e-05 5.544808031401427e-19
1.0852269058267716e-05 5.416875062861467e-19
1.0882082984251967e-05 5.632648128245412e-19
1.0911896910236219e-05 5.5702339824928265e-19
1.0941710836220471e-05 5.335883976991428e-19
1.0971524762204723e-05 5.474652214686167e-19
1.1001338688188975e-05 5.466911485325673e-19
1.1031152614173228e-05 5.428211723281892e-19
1.106096654015748e-05 5.412440993389858e-19
1.1090780466141732e-05 5.236015358035443e-19
1.1120594392125983e-05 5.394973695376933e-19
1.1150408318110234e-05 5.450480999254551e-19
1.1180222244094487e-05 5.172578593203048e-19
1.1210036170078738e-05 5.231161359259805e-19
1.1239850096062991e-05 5.306568855864023e-19
1.1269664022047242e-05 5.211335773195927e-19
1.1299477948031495e-05 5.203959006921032e-19
1.1329291874015748e-05 5.075188407341775e-19
1.13591058e-05 5.094987951516711e-19
1.138891972598425e-05 5.241203946595285e-19
1.1418733651968502e-05 5.011001381609883e-19
1.1448547577952754e-05 4.936549372947528e-19
1.1478361503937007e-05 5.095783417728411e-19
1.1508175429921258e-05 4.9875015073941505e-19
1.1537989355905511e-05 4.9579437417703e-19
1.1567803281889762e-05 4.868883016364759e-19
1.1597617207874015e-05 4.77470984359426e-19
1.1627431133858266e-05 4.980553020751212e-19
1.1657245059842517e-05 4.8088567725413275e-19
1.168705898582677e-05 4.611159111530891e-19
1.1716872911811021e-05 4.806127089394697e-19
1.1746686837795274e-05 4.731889409024284e-19
1.1776500763779527e-05 4.658420240517458e-19
1.1806314689763778e-05 4.628044117599418e-19
1.1836128615748031e-05 4.486337454349496e-19
1.1865942541732282e-05 4.647169230677979e-19
1.1895756467716535e-05 4.590877409632063e-19
1.1925570393700786e-05 4.328367435783192e-19
1.1955384319685037e-05 4.461027006112197e-19
1.198519824566929e-05 4.4801537743008385e-19
1.2015012171653541e-05 4.3344314911480845e-19
1.2044826097637794e-05 4.3175603757025485e-19
1.2074640023622047e-05 4.2092833977931855e-19
1.2104453949606298e-05 4.279044954912427e-19
1.2134267875590551e-05 4.3196701615642064e-19
1.2164081801574802e-05 4.043596722740819e-19
1.2193895727559053e-05 4.0787393181455844e-19
1.2223709653543306e-05 4.1916226381397494e-19
1.2253523579527557e-05 4.03199522008783e-19
1.228333750551181e-05 3.976025872596787e-19
1.2313151431496061e-05 3.8910401530262095e-19
1.2342965357480316e-05 3.897409113720158e-19
1.2372779283464567e-05 3.994916740060967e-19
1.2402593209448818e-05 3.7416500867055663e-19
1.243240713543307e-05 3.6740819305205117e-19
1.2462221061417322e-05 3.841716307500087e-19
1.2492034987401573e-05 3.6945841561483375e-19
1.2521848913385824e-05 3.626067074390882e-19
1.2551662839370079e-05 3.5852623150646316e-19
1.258147676535433e-05 3.5049038529063154e-19
1.2611290691338581e-05 3.637612872147758e-19
1.2641104617322834e-05 3.4672082781177496e-19
1.2670918543307085e-05 3.2774183235847113e-19
1.2700732469291336e-05 3.447352849547306e-19
1.2730546395275587e-05 3.3756835263998553e-19
1.2760360321259842e-05 3.2354488912752088e-19
1.2790174247244093e-05 3.2186819351473244e-19
1.2819988173228344e-05 3.112953100138526e-19
1.2849802099212599e-05 3.190868261731278e-19
1.287961602519685e-05 3.147187025533766e-19
1.2909429951181101e-05 2.8973251899505185e-19
1.2939243877165354e-05 3.0053708345566877e-19
1.2969057803149605e-05 3.0302395192047394e-19
1.2998871729133856e-05 2.8425372739170815e-19
1.3028685655118107e-05 2.8186037606073226e-19
1.3058499581102362e-05 2.7340360999903007e-19
1.3088313507086613e-05 2.768289508005286e-19
1.3118127433070864e-05 2.776595440900005e-19
1.3147941359055117e-05 2.5056774040076937e-19
1.3177755285039368e-05 2.535877608269643e-19
1.320756921102362e-05 2.633908743211513e-19
1.3237383137007874e-05 2.4386160151608902e-19
1.3267197062992125e-05 2.391835493765701e-19
1.3297010988976376e-05 2.3437919431148957e-19
1.3326824914960627e-05 2.291156756965149e-19
1.3356638840944882e-05 2.384015340435083e-19
1.3386452766929133e-05 2.150654359086232e-19
1.3416266692913384e-05 2.0441740159252667e-19
1.3446080618897637e-05 2.22320553653006e-19
1.3475894544881888e-05 2.0346654390223146e-19
1.350570847086614e-05 1.9340103780359928e-19
1.3535522396850394e-05 1.9309284831317706e-19
1.3565336322834645e-05 1.8155092800231043e-19
1.3595150248818896e-05 1.923876570480186e-19
1.3624964174803147e-05 1.757013206168054e-19
1.3654778100787402e-05 1.5685403011412825e-19
1.3684592026771653e-05 1.7629599491478847e-19
1.3714405952755904e-05 1.6474622587948063e-19
1.3744219878740157e-05 1.4825254272580377e-19
1.3774033804724408e-05 1.5051910586147432e-19
1.3803847730708659e-05 1.395699956368936e-19
1.3833661656692914e-05 1.4265852510004574e-19
1.3863475582677165e-05 1.3684972453521575e-19
1.3893289508661416e-05 1.115418728588451e-19
1.3923103434645667e-05 1.214720314579454e-19
1.395291736062992e-05 1.2523985696482823e-19
1.3982731286614171e-05 1.0149380385089315e-19
1.4012545212598422e-05 1.0200816671053442e-19
1.4042359138582677e-05 9.644753107588515e-20
1.4072173064566928e-05 9.093415889899607e-20
1.4101986990551179e-05 9.599484931354148e-20
1.4131800916535434e-05 7.022303657581626e-20
1.4161614842519685e-05 7.01094203057484e-20
1.4191428768503936e-05 8.205613195755072e-20
1.4221242694488187e-05 5.606688553387147e-20
1.425105662047244e-05 5.356356156536616e-20
1.4280870546456691e-05 5.3977563214103707e-20
1.4310684472440942e-05 4.242652970015845e-20
1.4340498398425197e-05 4.892321486785332e-20
1.4370312324409448e-05 3.079849536246344e-20
1.4400126250393699e-05 1.950998867341922e-20
1.4429940176377952e-05 3.6550172425212484e-20
1.4459754102362203e-05 1.899829565340686e-20
1.4489568028346454e-05 5.252607284612645e-21
1.4519381954330705e-05 1.0933080989385911e-20
1.454919588031496e-05 -2.961344882408406e-21
1.4579009806299211e-05 1.0415332579649195e-21
1.4608823732283462e-05 -6.800942366032578e-21
1.4638637658267717e-05 -2.8755926159412886e-20
1.4668451584251968e-05 -1.3490631726488152e-20
1.4698265510236219e-05 -2.0589993875992233e-20
1.4728079436220472e-05 -3.945448777771223e-20
1.4757893362204723e-05 -3.379976606731079e-20
1.4787707288188974e-05 -4.507741520650459e-20
1.4817521214173225e-05 -4.6841430625882057e-20
1.484733514015748e-05 -4.5315249209382766e-20
1.487714906614173e-05 -6.845533081559128e-20
1.4906962992125982e-05 -6.493920513514466e-20
1.4936776918110236e-05 -6.05947899207301e-20
1.4966590844094488e-05 -8.22969821143904e-20
1.4996404770078739e-05 -7.967799213919087e-20
1.5026218696062992e-05 -8.41880753845902e-20
1.5056032622047243e-05 -9.428023250069942e-20
1.5085846548031494e-05 -8.754784870813558e-20
1.5115660474015745e-05 -1.0861701417721589e-19
1.51454744e-05 -1.1008038197789236e-19
1.517528832598425e-05 -9.795604474305175e-20
1.5205102251968502e-05 -1.230223339918791e-19
1.5234916177952755e-05 -1.2503186863359116e-19
1.5264730103937006e-05 -1.2195944341436871e-19
1.5294544029921257e-05 -1.3589626443804885e-19
1.532435795590551e-05 -1.303750367654746e-19
1.5354171881889763e-05 -1.4438297686386867e-19
1.5383985807874014e-05 -1.564745183182295e-19
1.541379973385827e-05 -1.409287813401693e-19
1.544361365984252e-05 -1.5625404008983121e-19
1.547342758582677e-05 -1.6824928838110767e-19
1.5503241511811022e-05 -1.588360338752651e-19
1.5533055437795276e-05 -1.7296177975882403e-19
1.5562869363779527e-05 -1.727689431160868e-19
1.559268328976378e-05 -1.7398294236993934e-19
1.562249721574803e-05 -1.946326152206692e-19
1.565231114173228e-05 -1.829190140131507e-19
1.5682125067716532e-05 -1.8624498281294622e-19
1.5711938993700787e-05 -2.0614859968057087e-19
1.5741752919685038e-05 -1.9782339498542106e-19
1.577156684566929e-05 -2.0624132055253695e-19
1.580138077165354e-05 -2.1122054161469398e-19
1.5831194697637794e-05 -2.061642247778717e-19
1.5861008623622046e-05 -2.257692560088422e-19
1.5890822549606297e-05 -2.223207066128529e-19
1.592063647559055e-05 -2.1649918829538827e-19
1.5950450401574802e-05 -2.366025031377298e-19
1.5980264327559054e-05 -2.3328638115875784e-19
1.6010078253543308e-05 -2.3403547819477444e-19
1.603989217952756e-05 -2.464718630815169e-19
1.606970610551181e-05 -2.3986939986500743e-19
1.609952003149606e-05 -2.519322954109373e-19
1.6129333957480313e-05 -2.606569120125443e-19
1.6159147883464564e-05 -2.4791577950565294e-19
1.6188961809448815e-05 -2.6220115120569736e-19
1.621877573543307e-05 -2.6697890462265776e-19
1.624858966141732e-05 -2.602321582243955e-19
1.6278403587401572e-05 -2.756903297773521e-19
1.6308217513385826e-05 -2.690885064265122e-19
1.6338031439370077e-05 -2.7276787120431303e-19
1.636784536535433e-05 -2.9025080996967693e-19
1.639765929133858e-05 -2.741556494803127e-19
1.6427473217322834e-05 -2.8515771673747516e-19
1.6457287143307085e-05 -2.9960744379536734e-19
1.6487101069291337e-05 -2.8578180626709195e-19
1.651691499527559e-05 -2.987863448687326e-19
1.6546728921259842e-05 -2.992229826785748e-19
1.6576542847244093e-05 -2.954146117670504e-19
1.6606356773228345e-05 -3.147740368910368e-19
1.6636170699212596e-05 -3.037710458932166e-19
1.6665984625196847e-05 -3.0247425806627015e-19
1.6695798551181098e-05 -3.214360026880473e-19
1.6725612477165353e-05 -3.12682973036822e-19
1.6755426403149604e-05 -3.1756265834797286e-19
1.6785240329133855e-05 -3.2506025980243266e-19
1.681505425511811e-05 -3.1582856163565935e-19
1.684486818110236e-05 -3.3215396824110045e-19
1.687468210708661e-05 -3.3418599622590957e-19
1.6904496033070866e-05 -3.2288247790002005e-19
1.6934309959055117e-05 -3.39378516337437e-19
1.696412388503937e-05 -3.3773910208560177e-19
1.699393781102362e-05 -3.351905443235901e-19
1.7023751737007874e-05 -3.474024223355362e-19
1.7053565662992125e-05 -3.364260335116659e-19
1.7083379588976376e-05 -3.455573404940121e-19
1.7113193514960628e-05 -3.589228822865447e-19
1.714300744094488e-05 -3.4188331868513263e-19
1.717282136692913e-05 -3.5388254166955295e-19
1.7202635292913384e-05 -3.62230240369825e-19
1.7232449218897636e-05 -3.51488169422459e-19
1.7262263144881887e-05 -3.6594881963202954e-19
1.7292077070866138e-05 -3.5877082988463214e-19
1.7321890996850392e-05 -3.5775244636548347e-19
1.7351704922834643e-05 -3.7812772040182233e-19
1.7381518848818895e-05 -3.6213760473405194e-19
1.741133277480315e-05 -3.6458588616822174e-19
1.74411467007874e-05 -3.7862986155253106e-19
1.747096062677165e-05 -3.676356722684586e-19
1.7500774552755906e-05 -3.7883105949174496e-19
1.7530588478740157e-05 -3.7929597839202413e-19
1.7560402404724408e-05 -3.69923447853697e-19
1.759021633070866e-05 -3.8970165056410812e-19
1.7620030256692914e-05 -3.8480512845796746e-19
1.7649844182677165e-05 -3.743777247778949e-19
1.7679658108661416e-05 -3.910516063304576e-19
1.7709472034645667e-05 -3.8633140790639927e-19
1.773928596062992e-05 -3.877922324437121e-19
1.776909988661417e-05 -3.945919440990128e-19
1.7798913812598424e-05 -3.810836002368583e-19
1.7828727738582675e-05 -3.9648089311148753e-19
1.7858541664566926e-05 -4.029190201896493e-19
1.7888355590551178e-05 -3.855855126594497e-19
1.7918169516535432e-05 -3.9979489889206695e-19
1.7947983442519683e-05 -4.0218226928267514e-19
1.7977797368503934e-05 -3.9507618229757966e-19
1.800761129448819e-05 -4.05698487346694e-19
1.803742522047244e-05 -3.9402891551671e-19
1.806723914645669e-05 -3.989627429344124e-19
1.8097053072440946e-05 -4.1383794049179806e-19
1.8126866998425197e-05 -3.9301434822333897e-19
1.8156680924409448e-05 -4.008256600836595e-19
1.81864948503937e-05 -4.143773249062963e-19
1.821630877637795e-05 -4.0109627685167007e-19
1.82461227023622e-05 -4.104482342716752e-19
1.8275936628346453e-05 -4.046129922817412e-19
1.8305750554330707e-05 -4.002298513769295e-19
1.833556448031496e-05 -4.2110640027302247e-19
1.836537840629921e-05 -4.05410712433231e-19
1.8395192332283464e-05 -4.0004479824444332e-19
1.8425006258267715e-05 -4.1766919586473473e-19
1.8454820184251966e-05 -4.0716619264806195e-19
1.8484634110236217e-05 -4.09734423132861e-19
1.8514448036220472e-05 -4.1260381371146665e-19
1.8544261962204723e-05 -4.001228701724696e-19
1.8574075888188974e-05 -4.16251842378342e-19
1.860388981417323e-05 -4.167470954866224e-19
1.863370374015748e-05 -3.989295900302873e-19
1.866351766614173e-05 -4.1304718280579417e-19
1.8693331592125982e-05 -4.139088635962172e-19
1.8723145518110233e-05 -4.0766893518428533e-19
1.8752959444094485e-05 -4.1324306991578407e-19
1.8782773370078736e-05 -4.0022775746922117e-19
1.881258729606299e-05 -4.108040763775303e-19
1.884240122204724e-05 -4.204166777269165e-19
1.8872215148031492e-05 -3.9686991839917486e-19
