0.0 1.2836036826933015e-19
2.982363934426229e-08 1.3285274805197334e-19
5.964727868852458e-08 1.434526594900797e-19
8.947091803278689e-08 1.3344083691488165e-19
1.1929455737704916e-07 1.3476111122183076e-19
1.4911819672131147e-07 1.367078110842835e-19
1.7894183606557377e-07 1.3522156258149359e-19
2.0876547540983605e-07 1.427873133181232e-19
2.3858911475409833e-07 1.3462454790723446e-19
2.6841275409836063e-07 1.3280289901558814e-19
2.9823639344262294e-07 1.4504923747415325e-19
3.2806003278688524e-07 1.3926383475760887e-19
3.5788367213114755e-07 1.3646193346495536e-19
3.877073114754098e-07 1.3977171422421866e-19
4.175309508196721e-07 1.3649112993946496e-19
4.4735459016393435e-07 1.4322155664319194e-19
4.771782295081967e-07 1.3947292115536803e-19
5.07001868852459e-07 1.323780180617688e-19
5.368255081967213e-07 1.4547030546329321e-19
5.666491475409836e-07 1.4288935893779214e-19
5.964727868852459e-07 1.3592762158250675e-19
6.262964262295081e-07 1.4158083857815457e-19
6.561200655737705e-07 1.3893589815729205e-19
6.859437049180327e-07 1.4432375306905636e-19
7.157673442622951e-07 1.4493163870964084e-19
7.455909836065572e-07 1.336046512884219e-19
7.754146229508196e-07 1.4241946920882557e-19
8.05238262295082e-07 1.47151444699584e-19
8.350619016393442e-07 1.3760191462154425e-19
8.648855409836066e-07 1.405346634106836e-19
8.947091803278687e-07 1.404178325945589e-19
9.245328196721311e-07 1.4031595444268687e-19
9.543564590163933e-07 1.462764502088726e-19
9.841800983606557e-07 1.3457209263496578e-19
1.014003737704918e-06 1.3667567151261052e-19
1.0438273770491802e-06 1.4981592617133348e-19
1.0736510163934425e-06 1.3794952342184095e-19
1.1034746557377049e-06 1.377273786564691e-19
1.1332982950819672e-06 1.421455507779132e-19
1.1631219344262294e-06 1.3752017952108578e-19
1.1929455737704917e-06 1.4530795902830125e-19
1.2227692131147539e-06 1.3714773896654612e-19
1.2525928524590163e-06 1.323249591391217e-19
1.2824164918032784e-06 1.45747335966923e-19
1.312240131147541e-06 1.3810175922222979e-19
1.3420637704918031e-06 1.3481003049001024e-19
1.3718874098360655e-06 1.4031286747172224e-19
1.4017110491803278e-06 1.3476080369567158e-19
1.4315346885245902e-06 1.4179533383162885e-19
1.4613583278688523e-06 1.4131106384362232e-19
1.4911819672131145e-06 1.285750734975679e-19
1.521005606557377e-06 1.3988866391670706e-19
1.5508292459016392e-06 1.426757675041474e-19
1.5806528852459015e-06 1.2953287646565098e-19
1.610476524590164e-06 1.3600642197815674e-19
1.640300163934426e-06 1.3475275630602177e-19
1.6701238032786884e-06 1.3339205442869133e-19
1.6999474426229506e-06 1.399739370828227e-19
1.7297710819672131e-06 1.269903253630309e-19
1.7595947213114753e-06 1.320548025912372e-19
1.7894183606557374e-06 1.415176720115454e-19
1.819242e-06 1.2771826183019657e-19
1.8490656393442621e-06 1.3160262663284756e-19
1.8788892786885245e-06 1.336142876832091e-19
1.9087129180327866e-06 1.293529405850562e-19
1.9385365573770488e-06 1.3699498837110233e-19
1.9683601967213113e-06 1.2516166143206937e-19
1.9981838360655735e-06 1.2247512289885045e-19
2.028007475409836e-06 1.3719275493785202e-19
2.057831114754098e-06 1.2735308624971408e-19
2.0876547540983603e-06 1.2374096758208716e-19
2.117478393442623e-06 1.2950039820562896e-19
2.147302032786885e-06 1.2585186482856376e-19
2.1771256721311476e-06 1.3236889403054494e-19
2.2069493114754098e-06 1.2515659730854526e-19
2.236772950819672e-06 1.1561921064908206e-19
2.2665965901639345e-06 1.3101585279330084e-19
2.2964202295081966e-06 1.2780164528580162e-19
2.3262438688524588e-06 1.1402884999403413e-19
2.356067508196721e-06 1.2272171676452692e-19
2.3858911475409835e-06 1.221766335597124e-19
2.4157147868852456e-06 1.2001600688378281e-19
2.4455384262295078e-06 1.2296654066758828e-19
2.4753620655737704e-06 1.1035557022908419e-19
2.5051857049180325e-06 1.1936775523417474e-19
2.5350093442622946e-06 1.2706118159723181e-19
2.564832983606557e-06 1.1031328650055644e-19
2.5946566229508198e-06 1.1445869764010286e-19
2.624480262295082e-06 1.169206798058762e-19
2.654303901639344e-06 1.1414692187290126e-19
2.6841275409836062e-06 1.177071370888452e-19
2.7139511803278684e-06 1.0604231076181161e-19
2.743774819672131e-06 1.0937492863075733e-19
2.7735984590163935e-06 1.1915768344724538e-19
2.8034220983606557e-06 1.0624982497721483e-19
2.833245737704918e-06 1.0539552341535591e-19
2.8630693770491804e-06 1.1094897858517842e-19
2.8928930163934425e-06 1.0665700824614786e-19
2.9227166557377047e-06 1.1100994275634203e-19
2.952540295081967e-06 1.0313368185372949e-19
2.982363934426229e-06 9.653515941987394e-20
3.012187573770492e-06 1.1215013988577782e-19
3.042011213114754e-06 1.0478438714076355e-19
3.0718348524590162e-06 9.303316765646998e-20
3.1016584918032784e-06 1.0245881228499476e-19
3.1314821311475405e-06 9.996297489225967e-20
3.161305770491803e-06 9.899190891353217e-20
3.1911294098360657e-06 9.747621139317255e-20
3.220953049180328e-06 8.821631407229623e-20
3.25077668852459e-06 9.996806934963851e-20
3.280600327868852e-06 1.00531896097961e-19
3.3104239672131147e-06 8.512449388053126e-20
3.340247606557377e-06 9.118179357407439e-20
3.370071245901639e-06 9.318900774382593e-20
3.399894885245901e-06 9.046297794455443e-20
3.4297185245901637e-06 9.08793980115264e-20
3.4595421639344262e-06 7.850513221547198e-20
3.4893658032786884e-06 8.587015390579214e-20
3.5191894426229505e-06 9.463641111601871e-20
3.5490130819672127e-06 7.67953187282882e-20
3.578836721311475e-06 7.86542430416702e-20
3.608660360655738e-06 8.538412944541253e-20
3.638484e-06 8.131883102518698e-20
3.668307639344262e-06 8.381645594675926e-20
3.6981312786885242e-06 7.251754300269042e-20
3.7279549180327864e-06 7.331648214955719e-20
3.757778557377049e-06 8.6602446373443e-20
3.787602196721311e-06 7.277933590620452e-20
3.817425836065573e-06 6.605406091650725e-20
3.847249475409835e-06 7.553532906957511e-20
3.8770731147540975e-06 7.273261681791357e-20
3.9068967540983605e-06 7.193342712498754e-20
3.936720393442623e-06 6.756728577824194e-20
3.966544032786885e-06 6.231711172026248e-20
3.996367672131147e-06 7.590571590531311e-20
4.026191311475409e-06 7.024539840373585e-20
4.056014950819672e-06 5.583733432219973e-20
4.085838590163934e-06 6.609193091683458e-20
4.115662229508196e-06 6.705060316540489e-20
4.1454858688524585e-06 6.299286863325213e-20
4.175309508196721e-06 6.073062381484802e-20
4.205133147540984e-06 5.2143065259004414e-20
4.234956786885246e-06 6.402257325905222e-20
4.264780426229508e-06 6.622337943018587e-20
4.29460406557377e-06 4.740631344337567e-20
4.324427704918032e-06 5.440155068664682e-20
4.354251344262295e-06 6.02437754748008e-20
4.384074983606557e-06 5.43774753021436e-20
4.4138986229508196e-06 5.3425240822576085e-20
4.443722262295082e-06 4.501350617676989e-20
4.473545901639344e-06 5.2565446857561836e-20
4.503369540983606e-06 6.002889752391299e-20
4.533193180327869e-06 4.274474326073377e-20
4.563016819672131e-06 4.091412466180777e-20
4.592840459016393e-06 5.243582393720462e-20
4.622664098360655e-06 4.830153677121541e-20
4.6524877377049176e-06 4.4321285112474556e-20
4.68231137704918e-06 4.120147574275449e-20
4.712135016393442e-06 4.188382883235742e-20
4.741958655737704e-06 5.246679628310847e-20
4.771782295081967e-06 3.979712286805096e-20
4.801605934426229e-06 3.0938725749345e-20
4.831429573770491e-06 4.372930473234925e-20
4.8612532131147534e-06 4.105490512591921e-20
4.8910768524590156e-06 3.727629268591061e-20
4.9209004918032786e-06 3.258946912835178e-20
4.950724131147541e-06 3.038622584501134e-20
4.980547770491802e-06 4.2661480157552624e-20
5.010371409836065e-06 3.5770973450189264e-20
5.040195049180328e-06 2.2108687488592544e-20
5.070018688524589e-06 3.183233765434876e-20
5.099842327868852e-06 3.678356480107114e-20
5.129665967213114e-06 2.892128654393052e-20
5.159489606557377e-06 2.478694655766957e-20
5.1893132459016396e-06 2.2060067633366674e-20
5.219136885245901e-06 3.092016761235642e-20
5.248960524590164e-06 3.181249300588598e-20
5.278784163934425e-06 1.3788898571560647e-20
5.308607803278688e-06 1.7771437723028742e-20
5.338431442622951e-06 2.848984850147261e-20
5.3682550819672124e-06 2.103061131060038e-20
5.3980787213114754e-06 1.5622878907210553e-20
5.427902360655737e-06 1.2857659913800463e-20
5.457726e-06 1.9242560263730612e-20
5.487549639344262e-06 2.5180479382988188e-20
5.517373278688524e-06 7.707836518267678e-21
5.547196918032787e-06 5.740566757625769e-21
5.577020557377048e-06 1.927999527976125e-20
5.606844196721311e-06 1.3089076940068995e-20
5.6366678360655734e-06 7.713003424364142e-21
5.666491475409836e-06 3.1162497604922473e-21
5.696315114754098e-06 5.763597026504988e-21
5.726138754098361e-06 1.6775533273536832e-20
5.755962393442622e-06 1.3590025648385773e-21
5.785786032786885e-06 -5.1534501045496414e-21
5.815609672131147e-06 8.135332488451721e-21
5.845433311475409e-06 5.650410857434797e-21
5.875256950819672e-06 1.659721973699029e-22
5.905080590163934e-06 -5.077084867714152e-21
5.934904229508197e-06 -3.277880292436426e-21
5.964727868852458e-06 5.237329126473927e-21
5.994551508196721e-06 -3.9761456011324786e-21
6.024375147540984e-06 -1.5336061761307474e-20
6.054198786885245e-06 -5.5341670556677415e-21
6.084022426229508e-06 -3.3818137016166493e-22
6.1138460655737695e-06 -1.05397710232462e-20
6.1436697049180325e-06 -1.4475471640678802e-20
6.1734933442622955e-06 -1.4424511422181586e-20
6.203316983606557e-06 -5.2284230299525536e-21
6.23314062295082e-06 -6.5316043481088375e-21
6.262964262295081e-06 -2.528092143524004e-20
6.292787901639344e-06 -1.6393246745613377e-20
6.322611540983606e-06 -6.15942140210511e-21
6.352435180327868e-06 -1.8316409128229473e-20
6.382258819672131e-06 -2.4138910436959822e-20
6.412082459016393e-06 -2.3347907384228922e-20
6.441906098360656e-06 -1.5624082406644583e-20
6.471729737704918e-06 -1.550450374111569e-20
6.50155337704918e-06 -3.0231656386948333e-20
6.531377016393442e-06 -2.846151280028822e-20
6.561200655737704e-06 -1.7925174950564346e-20
6.591024295081967e-06 -2.3420339118305865e-20
6.620847934426229e-06 -3.071095872853563e-20
6.6506715737704915e-06 -3.0745416605867235e-20
6.680495213114754e-06 -2.6870608904494e-20
6.710318852459016e-06 -2.2891743718555075e-20
6.740142491803278e-06 -3.591804540704934e-20
6.769966131147541e-06 -4.2636938600485415e-20
6.799789770491802e-06 -2.5197286191955665e-20
6.829613409836065e-06 -2.8634614444109926e-20
6.859437049180327e-06 -4.118061444983474e-20
6.8892606885245895e-06 -3.947444664822248e-20
6.9190843278688525e-06 -3.7133682042731776e-20
6.948907967213114e-06 -2.942928918261858e-20
6.978731606557377e-06 -3.9174589636112076e-20
7.008555245901638e-06 -5.0664148259246124e-20
7.038378885245901e-06 -3.7012401598146114e-20
7.068202524590164e-06 -3.584347173400279e-20
7.098026163934425e-06 -4.6642216380409725e-20
7.127849803278688e-06 -4.9575895918922385e-20
7.15767344262295e-06 -4.7086613837504307e-20
7.187497081967213e-06 -3.946997473503056e-20
7.217320721311476e-06 -4.484858262113265e-20
7.247144360655737e-06 -5.913184469266846e-20
7.276968e-06 -5.1140061318944443e-20
7.306791639344261e-06 -3.956106416079576e-20
7.336615278688524e-06 -5.2774725065198303e-20
7.366438918032787e-06 -5.867010299345015e-20
7.3962625573770485e-06 -5.357158094113057e-20
7.4260861967213115e-06 -5.1000320314514284e-20
7.455909836065573e-06 -4.860876278075192e-20
7.485733475409836e-06 -6.55232516726059e-20
7.515557114754098e-06 -6.38439733797579e-20
7.54538075409836e-06 -4.503827510385279e-20
7.575204393442622e-06 -5.874572833452324e-20
7.605028032786884e-06 -6.741543253727312e-20
7.634851672131147e-06 -6.213571832062427e-20
7.66467531147541e-06 -5.878509930338111e-20
7.69449895081967e-06 -5.463586836874597e-20
7.724322590163935e-06 -6.872191374160083e-20
7.754146229508195e-06 -7.281480518855938e-20
7.783969868852459e-06 -5.663332436469443e-20
7.813793508196721e-06 -6.115567079829606e-20
7.843617147540983e-06 -7.350279295956122e-20
7.873440786885245e-06 -7.110737549286793e-20
7.903264426229508e-06 -6.67450061202315e-20
7.93308806557377e-06 -6.312909805377906e-20
7.962911704918032e-06 -7.118414259411646e-20
7.992735344262294e-06 -8.190054636431236e-20
8.022558983606558e-06 -6.702962582781128e-20
8.052382622950818e-06 -6.330566287378948e-20
8.082206262295082e-06 -8.029834480797558e-20
8.112029901639344e-06 -7.883436021686617e-20
8.141853540983606e-06 -7.251032475792883e-20
8.171677180327869e-06 -7.148425959817744e-20
8.20150081967213e-06 -7.621050207114123e-20
8.231324459016393e-06 -8.724481857014441e-20
8.261148098360655e-06 -7.852444367107311e-20
8.290971737704917e-06 -6.833644822179732e-20
8.32079537704918e-06 -8.324044613689508e-20
8.350619016393441e-06 -8.785655640542249e-20
8.380442655737704e-06 -7.834101494568176e-20
8.410266295081967e-06 -7.859097015005417e-20
8.440089934426228e-06 -7.931094932805389e-20
8.469913573770492e-06 -8.888360856432168e-20
8.499737213114754e-06 -9.012875883364241e-20
8.529560852459016e-06 -7.379745244349184e-20
8.559384491803278e-06 -8.453051105522215e-20
8.58920813114754e-06 -9.518374648693534e-20
8.619031770491802e-06 -8.505592063806682e-20
8.648855409836065e-06 -8.537003561726661e-20
8.678679049180327e-06 -8.405438533727369e-20
8.70850268852459e-06 -9.08646188793212e-20
8.738326327868851e-06 -9.922809316978885e-20
8.768149967213115e-06 -8.211883929190832e-20
8.797973606557375e-06 -8.382779174433597e-20
8.827797245901639e-06 -1.0016018665322937e-19
8.857620885245901e-06 -9.368565775732225e-20
8.887444524590163e-06 -8.975736711355448e-20
8.917268163934426e-06 -9.132606909757853e-20
8.947091803278688e-06 -9.538359734094779e-20
8.97691544262295e-06 -1.036255301748361e-19
9.006739081967212e-06 -9.377470199704591e-20
9.036562721311474e-06 -8.862949185433048e-20
9.066386360655738e-06 -1.0425457116447133e-19
9.096209999999998e-06 -1.0368124221293512e-19
9.126033639344262e-06 -9.485877936306994e-20
9.155857278688524e-06 -9.627658250421458e-20
9.185680918032787e-06 -9.999115395304228e-20
9.215504557377049e-06 -1.0973888632493627e-19
9.24532819672131e-06 -1.0159203929723501e-19
9.275151836065573e-06 -9.210839839737614e-20
9.304975475409835e-06 -1.100250177287688e-19
9.334799114754097e-06 -1.1215873560987919e-19
9.36462275409836e-06 -1.023177090086838e-19
9.394446393442622e-06 -1.0331555489274199e-19
9.424270032786884e-06 -1.0599428065858913e-19
9.454093672131148e-06 -1.1512981421200923e-19
9.483917311475408e-06 -1.1204107281233413e-19
9.513740950819672e-06 -9.912494095333321e-20
9.543564590163934e-06 -1.101285739046101e-19
9.573388229508196e-06 -1.197905546843753e-19
9.603211868852458e-06 -1.1013771183040201e-19
9.63303550819672e-06 -1.0878699214403663e-19
9.662859147540983e-06 -1.1161494959311057e-19
9.692682786885246e-06 -1.1786031914006e-19
9.722506426229507e-06 -1.2188448412947118e-19
9.75233006557377e-06 -1.0835664813060748e-19
9.782153704918031e-06 -1.1134282465736624e-19
9.811977344262295e-06 -1.262367929050962e-19
9.841800983606557e-06 -1.1866101845944987e-19
9.87162462295082e-06 -1.1313838596327074e-19
9.901448262295081e-06 -1.1682046129277598e-19
9.931271901639344e-06 -1.2071303411849713e-19
9.961095540983604e-06 -1.264429054717851e-19
9.990919180327868e-06 -1.171775646711787e-19
1.002074281967213e-05 -1.1490307339906124e-19
1.0050566459016392e-05 -1.3004290970019678e-19
1.0080390098360656e-05 -1.2709520827781698e-19
1.0110213737704916e-05 -1.1961869029766573e-19
1.0140037377049179e-05 -1.231358055419229e-19
1.0169861016393442e-05 -1.260368820840861e-19
1.0199684655737705e-05 -1.3099564416962238e-19
1.0229508295081967e-05 -1.263752074567326e-19
1.0259331934426227e-05 -1.1782534947474422e-19
1.0289155573770491e-05 -1.291289940701862e-19
1.0318979213114753e-05 -1.3562666629757595e-19
1.0348802852459015e-05 -1.2371650167284749e-19
1.0378626491803279e-05 -1.2531882687468999e-19
1.040845013114754e-05 -1.3146726646459871e-19
1.0438273770491802e-05 -1.329196395321041e-19
1.0468097409836064e-05 -1.3432788174535012e-19
1.0497921049180328e-05 -1.240771637942225e-19
1.052774468852459e-05 -1.3108830143932334e-19
1.055756832786885e-05 -1.423885687101299e-19
1.0587391967213114e-05 -1.2835546532899363e-19
1.0617215606557376e-05 -1.2746778179950829e-19
1.0647039245901638e-05 -1.336887603923898e-19
1.0676862885245902e-05 -1.35169607797502e-19
1.0706686524590163e-05 -1.3937769096336254e-19
1.0736510163934425e-05 -1.2752313676335626e-19
1.0766333803278687e-05 -1.29829968576788e-19
1.0796157442622951e-05 -1.4463544579797458e-19
1.0825981081967213e-05 -1.3510058297837918e-19
1.0855804721311473e-05 -1.3101406712168041e-19
1.0885628360655736e-05 -1.3814742374087347e-19
1.0915452e-05 -1.3867801868402883e-19
1.0945275639344262e-05 -1.403039066122228e-19
1.0975099278688524e-05 -1.3389646386661606e-19
1.1004922918032784e-05 -1.306130889976799e-19
1.1034746557377048e-05 -1.4401680469688564e-19
1.106457019672131e-05 -1.427074314151408e-19
1.1094393836065574e-05 -1.3167821168641079e-19
1.1124217475409836e-05 -1.3789087189228659e-19
1.1154041114754097e-05 -1.429163219573595e-19
1.1183864754098359e-05 -1.4367195508400497e-19
1.1213688393442623e-05 -1.4056817092377064e-19
1.1243512032786885e-05 -1.321151714451637e-19
1.1273335672131147e-05 -1.4431615236676402e-19
1.1303159311475407e-05 -1.5036896525562715e-19
1.1332982950819671e-05 -1.35729233022775e-19
1.1362806590163933e-05 -1.3739068563495824e-19
1.1392630229508195e-05 -1.440382935103949e-19
1.142245386885246e-05 -1.4479634813141835e-19
1.1452277508196721e-05 -1.4453942542105146e-19
1.1482101147540982e-05 -1.3558027981609185e-19
1.1511924786885244e-05 -1.4229475292881636e-19
1.1541748426229508e-05 -1.541567022442577e-19
1.157157206557377e-05 -1.4108707125568498e-19
1.1601395704918032e-05 -1.3829271667519286e-19
1.1631219344262294e-05 -1.4700356545902199e-19
1.1661042983606556e-05 -1.4695323504444015e-19
1.1690866622950819e-05 -1.4839690645594105e-19
1.1720690262295082e-05 -1.392925531956502e-19
1.1750513901639345e-05 -1.4008826391537125e-19
1.1780337540983605e-05 -1.5509139525613056e-19
1.1810161180327867e-05 -1.460246816577937e-19
1.1839984819672131e-05 -1.399201189915323e-19
1.1869808459016393e-05 -1.471503877259391e-19
1.1899632098360655e-05 -1.4844597714529607e-19
1.1929455737704916e-05 -1.516052963095911e-19
1.195927937704918e-05 -1.4446926081337884e-19
1.1989103016393442e-05 -1.4027659947898665e-19
1.2018926655737704e-05 -1.5528316184267608e-19
1.2048750295081968e-05 -1.5374749251512486e-19
1.2078573934426228e-05 -1.392070027585522e-19
1.210839757377049e-05 -1.463561352242066e-19
1.2138221213114754e-05 -1.5364087468902522e-19
1.2168044852459016e-05 -1.5082888238523578e-19
1.2197868491803278e-05 -1.4895401583089472e-19
1.2227692131147539e-05 -1.4157839374437094e-19
1.2257515770491803e-05 -1.5226749807736012e-19
1.2287339409836065e-05 -1.5919437835619778e-19
1.2317163049180327e-05 -1.416103534301735e-19
1.2346986688524591e-05 -1.4639053032732314e-19
1.2376810327868851e-05 -1.5490272000447413e-19
1.2406633967213114e-05 -1.515023344407318e-19
1.2436457606557376e-05 -1.5162860112984089e-19
1.246628124590164e-05 -1.43393327584066e-19
1.2496104885245902e-05 -1.4941298864102543e-19
1.2525928524590162e-05 -1.604760681626793e-19
1.2555752163934424e-05 -1.4808740123169136e-19
1.2585575803278688e-05 -1.440909034754051e-19
1.261539944262295e-05 -1.5465024014770744e-19
1.2645223081967212e-05 -1.5463996067056178e-19
1.2675046721311475e-05 -1.5236039845848815e-19
1.2704870360655737e-05 -1.4832961362558635e-19
1.2734693999999999e-05 -1.4624756876239493e-19
1.2764517639344263e-05 -1.6006661518839517e-19
1.2794341278688525e-05 -1.5451422401646874e-19
1.2824164918032785e-05 -1.4191346944680888e-19
1.2853988557377047e-05 -1.5391044692648156e-19
1.2883812196721311e-05 -1.551868053175808e-19
1.2913635836065573e-05 -1.5244425049574089e-19
1.2943459475409836e-05 -1.5025219162395897e-19
1.2973283114754096e-05 -1.4538222227323666e-19
1.300310675409836e-05 -1.5950339558676338e-19
1.3032930393442622e-05 -1.5921324602561986e-19
1.3062754032786884e-05 -1.4328775577662498e-19
1.3092577672131148e-05 -1.498363565447502e-19
1.3122401311475408e-05 -1.5973196100372892e-19
1.315222495081967e-05 -1.5452233557064373e-19
1.3182048590163934e-05 -1.4965511712622076e-19
1.3211872229508197e-05 -1.471439291020962e-19
1.3241695868852459e-05 -1.5409879179245604e-19
1.3271519508196719e-05 -1.6099194417486538e-19
1.3301343147540983e-05 -1.458630877485408e-19
1.3331166786885245e-05 -1.4643551098003505e-19
1.3360990426229507e-05 -1.5999594864255354e-19
1.3390814065573771e-05 -1.5454820923834645e-19
1.3420637704918032e-05 -1.5088765300007604e-19
1.3450461344262294e-05 -1.4925946700283063e-19
1.3480284983606556e-05 -1.523045308023097e-19
1.351010862295082e-05 -1.611394458965946e-19
1.3539932262295082e-05 -1.4962813370614313e-19
1.3569755901639342e-05 -1.4331234334290086e-19
1.3599579540983604e-05 -1.5820063948730766e-19
1.3629403180327868e-05 -1.5585710557620932e-19
1.365922681967213e-05 -1.483194644061387e-19
1.3689050459016394e-05 -1.49545570780402e-19
1.3718874098360655e-05 -1.493830985426638e-19
1.3748697737704917e-05 -1.589593459674418e-19
1.3778521377049179e-05 -1.5440067034797387e-19
1.3808345016393443e-05 -1.4182527894426054e-19
1.3838168655737705e-05 -1.5381615477883545e-19
1.3867992295081965e-05 -1.5740803709809338e-19
1.3897815934426228e-05 -1.4708219276293385e-19
1.3927639573770491e-05 -1.4716615163276894e-19
1.3957463213114754e-05 -1.471325960189683e-19
1.3987286852459016e-05 -1.5437821167141707e-19
1.4017110491803276e-05 -1.5547552036049335e-19
1.404693413114754e-05 -1.3899288806101856e-19
1.4076757770491802e-05 -1.4673693959854968e-19
1.4106581409836064e-05 -1.571475244083027e-19
1.4136405049180328e-05 -1.476624289071373e-19
1.4166228688524589e-05 -1.4571284256939446e-19
1.419605232786885e-05 -1.438498536479662e-19
1.4225875967213115e-05 -1.4938944678492974e-19
1.4255699606557377e-05 -1.541918709060978e-19
1.4285523245901639e-05 -1.3844851553558798e-19
1.43153468852459e-05 -1.3923446238135925e-19
1.4345170524590163e-05 -1.5221832384273572e-19
1.4374994163934425e-05 -1.456374568282485e-19
1.4404817803278687e-05 -1.375151835959107e-19
1.4434641442622951e-05 -1.3927194271635552e-19
1.4464465081967212e-05 -1.4525432335253584e-19
1.4494288721311474e-05 -1.4812524494586653e-19
1.4524112360655736e-05 -1.3830862956854743e-19
1.4553936e-05 -1.3283556362281015e-19
1.4583759639344262e-05 -1.4458083065087646e-19
1.4613583278688522e-05 -1.4479259051828929e-19
1.4643406918032785e-05 -1.3335484633962145e-19
1.4673230557377048e-05 -1.3405955562723269e-19
1.470305419672131e-05 -1.368969191685953e-19
1.4732877836065574e-05 -1.4109636610176756e-19
1.4762701475409835e-05 -1.3703417437611338e-19
1.4792525114754097e-05 -1.2500721986152589e-19
1.4822348754098359e-05 -1.3641457062833342e-19
1.4852172393442623e-05 -1.4134863320215856e-19
1.4881996032786885e-05 -1.2758502488851192e-19
1.4911819672131146e-05 -1.2839389663631844e-19
1.4941643311475408e-05 -1.3112120564014627e-19
1.4971466950819672e-05 -1.341600580103358e-19
1.5001290590163934e-05 -1.3185089114231513e-19
1.5031114229508196e-05 -1.1918399337579884e-19
1.5060937868852456e-05 -1.2546042326661144e-19
1.509076150819672e-05 -1.335705991802346e-19
1.5120585147540982e-05 -1.2296046913974585e-19
1.5150408786885244e-05 -1.1965105630762338e-19
1.5180232426229508e-05 -1.242731578203594e-19
1.5210056065573769e-05 -1.256552950090018e-19
1.5239879704918031e-05 -1.2585424289230617e-19
1.5269703344262293e-05 -1.1739710529637894e-19
1.5299526983606557e-05 -1.1599204863315574e-19
1.532935062295082e-05 -1.2629323031082088e-19
1.535917426229508e-05 -1.2071602630277461e-19
1.538899790163934e-05 -1.1209492053363764e-19
1.5418821540983605e-05 -1.1556984360852752e-19
1.544864518032787e-05 -1.1880096746180425e-19
1.547846881967213e-05 -1.1857507076433086e-19
1.550829245901639e-05 -1.1024038059755238e-19
1.5538116098360654e-05 -1.0708976300683654e-19
1.5567939737704918e-05 -1.1796799754142434e-19
1.559776337704918e-05 -1.1628929605674152e-19
1.5627587016393442e-05 -1.0454391860772851e-19
1.5657410655737703e-05 -1.0718689343512262e-19
1.5687234295081966e-05 -1.1232793830077667e-19
1.5717057934426227e-05 -1.0914138284304493e-19
1.574688157377049e-05 -1.0496959760380647e-19
1.5776705213114755e-05 -9.961367064392856e-20
1.5806528852459015e-05 -1.0535090284848643e-19
1.5836352491803275e-05 -1.1130987583597792e-19
1.586617613114754e-05 -9.729346316536331e-20
1.5895999770491803e-05 -9.508087892964844e-20
1.5925823409836064e-05 -1.0378722161057231e-19
1.5955647049180327e-05 -1.0126002717258251e-19
1.5985470688524588e-05 -9.828307244495261e-20
1.6015294327868852e-05 -9.138514875922471e-20
1.6045117967213116e-05 -9.399202358334778e-20
1.6074941606557376e-05 -1.0232879028896953e-19
1.6104765245901636e-05 -9.055640453371405e-20
1.61345888852459e-05 -8.592132185178771e-20
1.6164412524590164e-05 -9.311811019612929e-20
1.6194236163934425e-05 -9.09518298675615e-20
1.622405980327869e-05 -8.915752740155398e-20
1.625388344262295e-05 -8.383188059323712e-20
1.6283707081967213e-05 -8.322074065535169e-20
1.6313530721311473e-05 -9.11372818307432e-20
1.6343354360655737e-05 -8.365576732501097e-20
1.6373178e-05 -7.65704762293851e-20
1.640300163934426e-05 -8.084011517814089e-20
1.6432825278688522e-05 -8.169352637526999e-20
1.6462648918032786e-05 -7.950263074264173e-20
1.649247255737705e-05 -7.181568286872192e-20
1.652229619672131e-05 -7.032915392630191e-20
1.655211983606557e-05 -7.898433683915227e-20
1.6581943475409834e-05 -7.427209303271504e-20
1.6611767114754098e-05 -6.48870889291466e-20
1.664159075409836e-05 -6.847948283683314e-20
1.6671414393442622e-05 -7.0317187050963e-20
1.6701238032786883e-05 -6.676637280450519e-20
1.6731061672131147e-05 -6.28346587112678e-20
1.6760885311475407e-05 -5.863573882713271e-20
1.679070895081967e-05 -6.36747721101054e-20
1.6820532590163935e-05 -6.375364723882051e-20
1.6850356229508195e-05 -5.153790526262637e-20
1.6880179868852456e-05 -5.240478795758688e-20
1.691000350819672e-05 -5.676499631201831e-20
1.6939827147540983e-05 -5.37941986718458e-20
1.6969650786885244e-05 -4.9329527446573136e-20
1.6999474426229508e-05 -4.2848848779364376e-20
1.7029298065573768e-05 -4.954507853686036e-20
1.7059121704918032e-05 -5.559043749933767e-20
1.7088945344262296e-05 -4.666085342120503e-20
1.7118768983606556e-05 -3.895392637424153e-20
1.7148592622950817e-05 -4.1005878921137133e-20
1.717841626229508e-05 -4.0353558456028236e-20
1.7208239901639344e-05 -3.7337634218111726e-20
1.7238063540983605e-05 -3.408184726526219e-20
1.726788718032787e-05 -3.499809772259538e-20
1.729771081967213e-05 -3.660845133567197e-20
1.7327534459016393e-05 -2.889461398493611e-20
1.7357358098360653e-05 -2.4650734684090682e-20
1.7387181737704917e-05 -2.885840173938582e-20
1.741700537704918e-05 -3.0637144938115296e-20
1.744682901639344e-05 -2.7704691221987653e-20
1.7476652655737702e-05 -1.9234678446814042e-20
1.7506476295081966e-05 -1.572822538819289e-20
1.753629993442623e-05 -2.0837041738630892e-20
1.756612357377049e-05 -1.656666322132282e-20
1.759594721311475e-05 -8.231020446476606e-21
1.7625770852459014e-05 -1.2295984728748806e-20
1.7655594491803278e-05 -1.3379968173669826e-20
1.768541813114754e-05 -7.015882999535227e-21
1.7715241770491803e-05 -3.84918834297914e-21
1.7745065409836063e-05 -1.7862162216137436e-21
1.7774889049180327e-05 -6.3839219750363145e-21
1.7804712688524587e-05 -3.7730475213085435e-21
1.783453632786885e-05 6.907040075344796e-21
1.7864359967213115e-05 4.785410346535715e-21
1.7894183606557375e-05 4.036793236165373e-21
1.7924007245901636e-05 7.487486852175074e-21
1.79538308852459e-05 1.1216429932558974e-20
1.7983654524590164e-05 1.703291788340623e-20
1.8013478163934424e-05 1.4929142500480098e-20
1.8043301803278688e-05 1.3585051269905905e-20
1.8073125442622948e-05 2.179942268211406e-20
1.8102949081967212e-05 2.2912037268151553e-20
1.8132772721311476e-05 1.9605366138136777e-20
1.8162596360655736e-05 2.6031458548613165e-20
1.8192419999999997e-05 2.941949448669019e-20
1.822224363934426e-05 3.1671018708174574e-20
1.8252067278688525e-05 3.302292374119592e-20
1.8281890918032785e-05 2.97905193581504e-20
1.831171455737705e-05 3.724110154751081e-20
1.834153819672131e-05 4.27548671944109e-20
1.8371361836065573e-05 3.9584803780021774e-20
1.8401185475409834e-05 4.226027979343888e-20
1.8431009114754097e-05 4.571175199863554e-20
1.846083275409836e-05 4.894920385606003e-20
1.849065639344262e-05 5.044184717453083e-20
1.8520480032786882e-05 4.79090537856451e-20
1.8550303672131146e-05 5.373506037662439e-20
1.858012731147541e-05 6.039746565839256e-20
1.860995095081967e-05 5.724595208078766e-20
1.863977459016393e-05 5.847592153638232e-20
1.8669598229508195e-05 6.498646202616822e-20
1.869942186885246e-05 6.699773259811362e-20
1.872924550819672e-05 6.929568037548679e-20
1.8759069147540983e-05 6.866719324212633e-20
1.8788892786885243e-05 7.021143841978888e-20
1.8818716426229507e-05 7.880546532187512e-20
1.8848540065573767e-05 7.699082482876735e-20
1.887836370491803e-05 7.41822945030154e-20
1.8908187344262295e-05 8.247810057862281e-20
1.8938010983606556e-05 8.474217134332683e-20
1.8967834622950816e-05 8.504650936275386e-20
1.899765826229508e-05 8.799483053730612e-20
1.9027481901639344e-05 8.707862763782899e-20
1.9057305540983604e-05 9.296060098087732e-20
1.9087129180327868e-05 9.681983106569014e-20
1.911695281967213e-05 9.346408295499528e-20
1.9146776459016392e-05 9.890523500499851e-20
1.9176600098360656e-05 1.029434227894029e-19
1.9206423737704917e-05 1.0225034561169336e-19
1.923624737704918e-05 1.0457739169707867e-19
1.926607101639344e-05 1.0473725951793506e-19
1.9295894655737705e-05 1.093914498497751e-19
1.9325718295081965e-05 1.1294840430866132e-19
1.935554193442623e-05 1.1019669150969036e-19
1.9385365573770493e-05 1.1389434086505482e-19
1.9415189213114753e-05 1.1746877990653726e-19
1.9445012852459014e-05 1.1848237619964194e-19
1.9474836491803278e-05 1.2175532298941824e-19
1.950466013114754e-05 1.2106379496427677e-19
1.9534483770491802e-05 1.240309269272053e-19
1.9564307409836062e-05 1.2966508315943658e-19
1.9594131049180326e-05 1.2632188859914564e-19
1.962395468852459e-05 1.2842158579389438e-19
1.965377832786885e-05 1.351520859091771e-19
1.9683601967213114e-05 1.3188808569483492e-19
1.9713425606557375e-05 1.34130603164433e-19
1.974324924590164e-05 1.3862758405606561e-19
1.97730728852459e-05 1.3686491515632964e-19
1.9802896524590163e-05 1.4221859709257918e-19
1.9832720163934427e-05 1.4365247641072474e-19
1.9862543803278687e-05 1.4144795965249457e-19
1.989236744262295e-05 1.4756482631124199e-19
1.9922191081967208e-05 1.4836148423191772e-19
1.9952014721311472e-05 1.4930091218261947e-19
1.9981838360655736e-05 1.5163469473539276e-19
2.0011661999999996e-05 1.494339879649169e-19
2.004148563934426e-05 1.544702630460299e-19
2.0071309278688524e-05 1.565299956115893e-19
2.0101132918032784e-05 1.54757554334487e-19
2.0130956557377048e-05 1.5897299486979943e-19
2.0160780196721312e-05 1.6134148348207362e-19
2.0190603836065576e-05 1.617901929415102e-19
2.0220427475409833e-05 1.6458532931847805e-19
2.0250251114754097e-05 1.6407586906139626e-19
2.0280074754098357e-05 1.6552541861123543e-19
2.030989839344262e-05 1.7087513565561841e-19
2.0339722032786885e-05 1.6843619267397855e-19
2.0369545672131145e-05 1.7015540226615536e-19
2.039936931147541e-05 1.7351538882021245e-19
2.0429192950819673e-05 1.704980105913919e-19
2.0459016590163933e-05 1.756954490588271e-19
2.0488840229508197e-05 1.772778096945379e-19
2.0518663868852454e-05 1.7616446312014784e-19
2.0548487508196718e-05 1.8211678914243086e-19
2.0578311147540982e-05 1.8034420635622957e-19
2.0608134786885242e-05 1.7939177205287384e-19
2.0637958426229506e-05 1.8552999520115117e-19
2.066778206557377e-05 1.8335149701891184e-19
2.069760570491803e-05 1.8374078829321434e-19
2.0727429344262294e-05 1.8918942487867226e-19
2.0757252983606558e-05 1.8586061969157354e-19
2.078707662295082e-05 1.8834704342177748e-19
2.081690026229508e-05 1.914373033778569e-19
2.084672390163934e-05 1.8874511621034027e-19
2.0876547540983603e-05 1.939390681798394e-19
2.0906371180327867e-05 1.954656878471054e-19
2.0936194819672128e-05 1.9353594917447036e-19
2.096601845901639e-05 1.970511602304829e-19
2.0995842098360655e-05 1.9547075953038808e-19
2.1025665737704916e-05 1.9735253972400342e-19
2.105548937704918e-05 2.022875236964867e-19
2.1085313016393444e-05 1.9730059400149884e-19
2.11151366557377e-05 2.0026425382115202e-19
2.1144960295081964e-05 2.0307658108358635e-19
2.117478393442623e-05 2.002374819927479e-19
2.120460757377049e-05 2.0559381751797063e-19
2.1234431213114753e-05 2.040512673231044e-19
2.1264254852459016e-05 2.0415915144149048e-19
2.1294078491803277e-05 2.0814010847397774e-19
2.132390213114754e-05 2.0512815704852726e-19
2.1353725770491805e-05 2.088980778084257e-19
2.1383549409836065e-05 2.0919083675020396e-19
2.1413373049180325e-05 2.0616613341097165e-19
2.1443196688524586e-05 2.0979746259159808e-19
2.147302032786885e-05 2.0882124215511868e-19
2.1502843967213114e-05 2.0858009065918073e-19
2.1532667606557374e-05 2.1232064540891015e-19
2.1562491245901638e-05 2.115686730069674e-19
2.1592314885245902e-05 2.093598367741973e-19
2.1622138524590162e-05 2.133648340478449e-19
2.1651962163934426e-05 2.1354635661224765e-19
2.168178580327869e-05 2.1086587219817553e-19
2.1711609442622947e-05 2.146497847554742e-19
2.174143308196721e-05 2.1286951791705765e-19
2.177125672131147e-05 2.1272946475131498e-19
2.1801080360655735e-05 2.149991616568206e-19
2.1830904e-05 2.1177254388603393e-19
2.186072763934426e-05 2.1546353901526156e-19
2.1890551278688523e-05 2.1529689314350245e-19
2.1920374918032787e-05 2.118322083737471e-19
2.1950198557377047e-05 2.1434383327740474e-19
2.198002219672131e-05 2.122896994493888e-19
2.200984583606557e-05 2.1410376803426007e-19
2.2039669475409832e-05 2.1610554422357207e-19
2.2069493114754096e-05 2.1140259766755776e-19
2.2099316754098357e-05 2.1458238265775323e-19
2.212914039344262e-05 2.16678039226e-19
2.2158964032786884e-05 2.1080501670771513e-19
2.2188787672131148e-05 2.1154130697269652e-19
2.221861131147541e-05 2.1341001265211904e-19
2.2248434950819672e-05 2.1222732241745185e-19
2.2278258590163936e-05 2.1195024268645895e-19
2.2308082229508193e-05 2.0909807630173188e-19
2.2337905868852457e-05 2.1098568162537745e-19
2.2367729508196718e-05 2.1287288071021578e-19
2.239755314754098e-05 2.0901767260549143e-19
2.2427376786885245e-05 2.110981630450984e-19
2.2457200426229506e-05 2.1077229787570967e-19
2.248702406557377e-05 2.0692648242837084e-19
2.2516847704918033e-05 2.0808541327576095e-19
2.2546671344262294e-05 2.0646397960912123e-19
2.2576494983606558e-05 2.0522735341830664e-19
2.2606318622950815e-05 2.055422265839003e-19
2.263614226229508e-05 2.0330831108114896e-19
2.2665965901639342e-05 2.0323494726857354e-19
2.2695789540983603e-05 2.04007622199986e-19
2.2725613180327867e-05 2.0162707854799469e-19
2.275543681967213e-05 2.0123737655413416e-19
2.278526045901639e-05 2.0138318421160957e-19
2.2815084098360655e-05 1.9747715676540282e-19
2.284490773770492e-05 1.9949994533781873e-19
2.287473137704918e-05 1.990491624568932e-19
2.2904555016393443e-05 1.9273805740215116e-19
2.29343786557377e-05 1.9399435976079186e-19
2.2964202295081964e-05 1.9421182591280387e-19
2.2994025934426228e-05 1.925559968989068e-19
2.3023849573770488e-05 1.9186957297641116e-19
2.3053673213114752e-05 1.8778236607923902e-19
2.3083496852459016e-05 1.874490232950142e-19
2.3113320491803276e-05 1.897116273671617e-19
2.314314413114754e-05 1.8453460721156037e-19
2.3172967770491804e-05 1.8195644600539487e-19
2.3202791409836064e-05 1.8486456264366851e-19
2.3232615049180325e-05 1.8081498587039024e-19
2.326243868852459e-05 1.7893246866854018e-19
2.329226232786885e-05 1.763197849367396e-19
2.3322085967213113e-05 1.729785023227819e-19
2.3351909606557377e-05 1.7736475411134728e-19
2.3381733245901637e-05 1.7182421323213757e-19
2.34115568852459e-05 1.6610044732822163e-19
2.3441380524590165e-05 1.7063911143753671e-19
2.3471204163934425e-05 1.679948343303766e-19
2.350102780327869e-05 1.6383305507450323e-19
2.3530851442622946e-05 1.6216630268216973e-19
2.356067508196721e-05 1.6006527444892579e-19
2.3590498721311474e-05 1.6116241471293368e-19
