0.0 3.622061715181568e-19
2.9834572519083976e-08 3.532934377262984e-19
5.966914503816795e-08 3.5721620290766244e-19
8.950371755725191e-08 3.6528542429189504e-19
1.193382900763359e-07 3.5484521480551232e-19
1.4917286259541986e-07 3.463244094688527e-19
1.7900743511450382e-07 3.501980737255856e-19
2.088420076335878e-07 3.534964866505658e-19
2.386765801526718e-07 3.5040819526198236e-19
2.6851115267175574e-07 3.378764260141929e-19
2.983457251908397e-07 3.373092759403468e-19
3.281802977099237e-07 3.4792023205758787e-19
3.5801487022900764e-07 3.417799457702385e-19
3.878494427480916e-07 3.277077063475539e-19
4.176840152671756e-07 3.3002030782697893e-19
4.475185877862596e-07 3.370212564516391e-19
4.773531603053436e-07 3.313024333393671e-19
5.071877328244275e-07 3.2118554749317784e-19
5.370223053435115e-07 3.155864452952206e-19
5.668568778625955e-07 3.2371570069499364e-19
5.966914503816794e-07 3.249513979171716e-19
6.265260229007634e-07 3.07558066552682e-19
6.563605954198474e-07 3.0459306957423104e-19
6.861951679389314e-07 3.127017974210458e-19
7.160297404580153e-07 3.097550024979724e-19
7.458643129770993e-07 2.9953554743253884e-19
7.756988854961832e-07 2.921928364270803e-19
8.055334580152672e-07 2.9779404481553417e-19
8.353680305343512e-07 3.0144215325388107e-19
8.652026030534352e-07 2.864402689238513e-19
8.950371755725192e-07 2.782846830225635e-19
9.248717480916032e-07 2.8568342492659794e-19
9.547063206106872e-07 2.8422990914879043e-19
9.845408931297712e-07 2.7603831675122355e-19
1.014375465648855e-06 2.6630978040760043e-19
1.044210038167939e-06 2.648524526940332e-19
1.074044610687023e-06 2.7522813412226827e-19
1.103879183206107e-06 2.6241318434066274e-19
1.133713755725191e-06 2.4682798073831107e-19
1.163548328244275e-06 2.5567882291935636e-19
1.193382900763359e-06 2.5861644207413396e-19
1.2232174732824429e-06 2.489513990464272e-19
1.2530520458015269e-06 2.3654056902762137e-19
1.2828866183206108e-06 2.3528697410778093e-19
1.3127211908396948e-06 2.427525017227735e-19
1.3425557633587788e-06 2.3647380425645085e-19
1.3723903358778628e-06 2.19300874691384e-19
1.4022249083969468e-06 2.184115813235392e-19
1.4320594809160306e-06 2.278505398344325e-19
1.4618940534351145e-06 2.18180901468026e-19
1.4917286259541985e-06 2.0447876069451589e-19
1.5215631984732827e-06 2.0213761233631424e-19
1.5513977709923665e-06 2.0881070218781153e-19
1.5812323435114507e-06 2.0871075085412294e-19
1.6110669160305344e-06 1.8862212746992543e-19
1.6409014885496186e-06 1.827375152048833e-19
1.6707360610687024e-06 1.9338152060038708e-19
1.7005706335877866e-06 1.8920170230202578e-19
1.7304052061068704e-06 1.736821296948579e-19
1.7602397786259546e-06 1.651830775995194e-19
1.7900743511450383e-06 1.7221390462146666e-19
1.8199089236641225e-06 1.7400476410769736e-19
1.8497434961832063e-06 1.565648505214425e-19
1.8795780687022905e-06 1.4640458205911982e-19
1.9094126412213745e-06 1.557420653570914e-19
1.939247213740458e-06 1.570960145815263e-19
1.9690817862595425e-06 1.405302024451507e-19
1.998916358778626e-06 1.305953810518913e-19
2.02875093129771e-06 1.354126661826973e-19
2.058585503816794e-06 1.385859609026739e-19
2.088420076335878e-06 1.2629222408199858e-19
2.118254648854962e-06 1.101702811611077e-19
2.148089221374046e-06 1.150563840855987e-19
2.17792379389313e-06 1.2273962980983017e-19
2.207758366412214e-06 1.0683594265450322e-19
2.237592938931298e-06 9.446818229523273e-20
2.267427511450382e-06 9.73765640507754e-20
2.297262083969466e-06 1.0015878829912639e-19
2.32709665648855e-06 9.356365472758194e-20
2.356931229007634e-06 7.558143077605705e-20
2.386765801526718e-06 7.590365137604151e-20
2.4166003740458018e-06 8.33557215207269e-20
2.4464349465648858e-06 7.050605365971501e-20
2.4762695190839697e-06 5.813876807662396e-20
2.5061040916030537e-06 5.682218680485392e-20
2.5359386641221377e-06 6.149867650865737e-20
2.5657732366412217e-06 5.709207967287916e-20
2.5956078091603057e-06 3.9388014975748513e-20
2.6254423816793897e-06 3.36730579073079e-20
2.6552769541984736e-06 4.3644414001365855e-20
2.6851115267175576e-06 3.947824005756932e-20
2.7149460992366416e-06 1.9850424112243753e-20
2.7447806717557256e-06 1.5678268412458408e-20
2.7746152442748096e-06 2.3150102934217964e-20
2.8044498167938936e-06 2.0225318682446003e-20
2.8342843893129775e-06 4.073526004062224e-21
2.864118961832061e-06 -8.999704077096223e-21
2.8939535343511455e-06 2.113622645771765e-21
2.923788106870229e-06 3.9943672726825376e-21
2.9536226793893135e-06 -1.8071855464865618e-20
2.983457251908397e-06 -2.3747987353521323e-20
3.0132918244274814e-06 -1.784344677809206e-20
3.0431263969465654e-06 -1.835544029095958e-20
3.072960969465649e-06 -3.177950157434753e-20
3.102795541984733e-06 -4.560702493015424e-20
3.1326301145038174e-06 -3.8440517635131887e-20
3.1624646870229014e-06 -3.56697994757627e-20
3.192299259541985e-06 -5.119167374522493e-20
3.222133832061069e-06 -6.450499416275634e-20
3.2519684045801533e-06 -6.065119375933537e-20
3.2818029770992373e-06 -5.571890297135087e-20
3.311637549618321e-06 -6.92830709634594e-20
3.341472122137405e-06 -8.329130279906919e-20
3.3713066946564892e-06 -8.163227733930624e-20
3.4011412671755732e-06 -7.378981453342467e-20
3.4309758396946568e-06 -8.481089813085023e-20
3.4608104122137408e-06 -1.039390478486714e-19
3.490644984732825e-06 -1.0003703471199687e-19
3.520479557251909e-06 -9.331121782961507e-20
3.5503141297709927e-06 -1.0475998897648375e-19
3.5801487022900767e-06 -1.202602541069876e-19
3.609983274809161e-06 -1.2250142324246303e-19
3.639817847328245e-06 -1.1435055456184951e-19
3.6696524198473286e-06 -1.2066023583304103e-19
3.6994869923664126e-06 -1.3958695174390307e-19
3.7293215648854966e-06 -1.4119126327186848e-19
3.759156137404581e-06 -1.3135875321554527e-19
3.7889907099236646e-06 -1.373383082744311e-19
3.818825282442749e-06 -1.5606368424113222e-19
3.8486598549618325e-06 -1.6134018512499699e-19
3.878494427480916e-06 -1.5136876849817035e-19
3.9083290000000005e-06 -1.5424835775715936e-19
3.938163572519085e-06 -1.7330023766531804e-19
3.9679981450381685e-06 -1.8055492340744623e-19
3.997832717557252e-06 -1.7120617160991577e-19
4.0276672900763364e-06 -1.7220706689717868e-19
4.05750186259542e-06 -1.8875499842086104e-19
4.087336435114504e-06 -1.9845324140321348e-19
4.117171007633588e-06 -1.914411798723038e-19
4.147005580152672e-06 -1.8719407131199598e-19
4.176840152671756e-06 -2.0397867979598918e-19
4.20667472519084e-06 -2.165905194056778e-19
4.236509297709924e-06 -2.084327084759913e-19
4.266343870229008e-06 -2.0468622085384027e-19
4.296178442748092e-06 -2.206279366680371e-19
4.326013015267176e-06 -2.3401227459613323e-19
4.35584758778626e-06 -2.276143148464108e-19
4.385682160305344e-06 -2.236526130517938e-19
4.415516732824428e-06 -2.3445150958572636e-19
4.445351305343512e-06 -2.495498582676265e-19
4.475185877862596e-06 -2.485690461587356e-19
4.50502045038168e-06 -2.372247653224539e-19
4.534855022900764e-06 -2.502387308580309e-19
4.564689595419848e-06 -2.667438616449063e-19
4.594524167938932e-06 -2.6263077886039014e-19
4.624358740458016e-06 -2.5710065550726587e-19
4.6541933129771e-06 -2.6426813313649325e-19
4.684027885496184e-06 -2.815718491785958e-19
4.713862458015268e-06 -2.816511529299829e-19
4.743697030534352e-06 -2.7193358857184917e-19
4.773531603053436e-06 -2.8034906687093714e-19
4.803366175572519e-06 -2.9588070104998474e-19
4.8332007480916036e-06 -2.9720606958926605e-19
4.863035320610688e-06 -2.868896507034582e-19
4.8928698931297715e-06 -2.9380426712063255e-19
4.922704465648855e-06 -3.0919976285718127e-19
4.9525390381679395e-06 -3.1118418414469025e-19
4.982373610687024e-06 -3.052926851569464e-19
5.0122081832061075e-06 -3.049304819193529e-19
5.042042755725191e-06 -3.2139504393030354e-19
5.071877328244275e-06 -3.2946276899266123e-19
5.10171190076336e-06 -3.189948453128355e-19
5.131546473282443e-06 -3.182303576119396e-19
5.161381045801527e-06 -3.3348504824743367e-19
5.191215618320611e-06 -3.410533392966194e-19
5.221050190839696e-06 -3.3404686461743483e-19
5.250884763358779e-06 -3.32225273951195e-19
5.280719335877863e-06 -3.4241867141000676e-19
5.310553908396947e-06 -3.5433583420204663e-19
5.340388480916032e-06 -3.488859778751861e-19
5.370223053435115e-06 -3.4155652831720376e-19
5.400057625954199e-06 -3.5533945729601915e-19
5.429892198473283e-06 -3.655628989282604e-19
5.459726770992368e-06 -3.612789130552592e-19
5.489561343511451e-06 -3.5445608351969566e-19
5.519395916030535e-06 -3.6162218156253403e-19
5.549230488549619e-06 -3.772817817324907e-19
5.5790650610687036e-06 -3.7222379772005366e-19
5.608899633587787e-06 -3.631570670457785e-19
5.638734206106871e-06 -3.724397560042412e-19
5.668568778625955e-06 -3.852047886229707e-19
5.6984033511450395e-06 -3.8233599521078546e-19
5.728237923664122e-06 -3.72495176937502e-19
5.758072496183207e-06 -3.7995471670006487e-19
5.787907068702291e-06 -3.938200333212109e-19
5.8177416412213746e-06 -3.924130111679689e-19
5.847576213740458e-06 -3.8279650794947144e-19
5.8774107862595425e-06 -3.870921667416022e-19
5.907245358778627e-06 -4.004335507185375e-19
5.9370799312977105e-06 -3.9888148247095167e-19
5.966914503816794e-06 -3.912241283667702e-19
5.9967490763358785e-06 -3.929138464360555e-19
6.026583648854963e-06 -4.034437950556778e-19
6.0564182213740464e-06 -4.0951446617716717e-19
6.086252793893131e-06 -3.9962741428513595e-19
6.116087366412215e-06 -3.9633989016851287e-19
6.145921938931298e-06 -4.1003459236523783e-19
6.175756511450382e-06 -4.1586081489629183e-19
6.205591083969466e-06 -4.0580457333492343e-19
6.23542565648855e-06 -4.027788382738545e-19
6.265260229007635e-06 -4.1393251834424664e-19
6.295094801526718e-06 -4.191349170480839e-19
6.324929374045803e-06 -4.1232259996600607e-19
6.354763946564887e-06 -4.064461686134853e-19
6.38459851908397e-06 -4.1524418540849296e-19
6.414433091603054e-06 -4.2453539090924484e-19
6.444267664122138e-06 -4.1602807299881614e-19
6.474102236641222e-06 -4.1053606447639886e-19
6.503936809160307e-06 -4.1936406049949037e-19
6.53377138167939e-06 -4.265785863929369e-19
6.5636059541984746e-06 -4.2362773634426103e-19
6.593440526717559e-06 -4.1533217251745357e-19
6.623275099236642e-06 -4.1845708467588595e-19
6.653109671755726e-06 -4.3010936246773867e-19
6.68294424427481e-06 -4.253590310076208e-19
6.712778816793894e-06 -4.1584059293495295e-19
6.7426133893129785e-06 -4.2133979596076926e-19
6.772447961832062e-06 -4.292147950173092e-19
6.8022825343511464e-06 -4.297139445816797e-19
6.832117106870229e-06 -4.201185222582164e-19
6.8619516793893136e-06 -4.1862628390991437e-19
6.891786251908398e-06 -4.3199993598190674e-19
6.9216208244274815e-06 -4.3104600020559937e-19
6.951455396946566e-06 -4.2013734057829205e-19
6.98128996946565e-06 -4.206010283637757e-19
7.011124541984734e-06 -4.3038966432510184e-19
7.040959114503818e-06 -4.323736628692463e-19
7.070793687022901e-06 -4.203728504617916e-19
7.100628259541985e-06 -4.174863890758609e-19
7.130462832061069e-06 -4.2805908210386575e-19
7.160297404580153e-06 -4.317019188985042e-19
7.190131977099238e-06 -4.2112928772594625e-19
7.219966549618322e-06 -4.1610691616926023e-19
7.249801122137406e-06 -4.268690339672458e-19
7.27963569465649e-06 -4.295998734107899e-19
7.309470267175573e-06 -4.2072995427683957e-19
7.339304839694657e-06 -4.157751809539919e-19
7.369139412213741e-06 -4.210153949514645e-19
7.398973984732825e-06 -4.2814430456788447e-19
7.42880855725191e-06 -4.196548375942693e-19
7.458643129770993e-06 -4.1029893711505917e-19
7.488477702290078e-06 -4.182980000116564e-19
7.518312274809162e-06 -4.2312306656906564e-19
7.548146847328245e-06 -4.150565157673665e-19
7.577981419847329e-06 -4.090446728361497e-19
7.607815992366413e-06 -4.1280741048677136e-19
7.637650564885498e-06 -4.1904132451348877e-19
7.667485137404582e-06 -4.1473360803239835e-19
7.697319709923665e-06 -4.037172868791059e-19
7.72715428244275e-06 -4.0603128806260233e-19
7.756988854961832e-06 -4.1491513926212815e-19
7.786823427480916e-06 -4.082967291485173e-19
7.816658000000001e-06 -3.987342827397432e-19
7.846492572519085e-06 -3.9804797647146934e-19
7.87632714503817e-06 -4.0497759257789986e-19
7.906161717557253e-06 -4.072276127830737e-19
7.935996290076337e-06 -3.9192976904628993e-19
7.965830862595422e-06 -3.8966654887839544e-19
7.995665435114504e-06 -4.031894068377295e-19
8.025500007633588e-06 -3.980994380070528e-19
8.055334580152673e-06 -3.86006416775758e-19
8.085169152671756e-06 -3.854994167854896e-19
8.11500372519084e-06 -3.90330950766122e-19
8.144838297709925e-06 -3.907948883871109e-19
8.174672870229009e-06 -3.8047922427214815e-19
8.204507442748094e-06 -3.7214811715019057e-19
8.234342015267176e-06 -3.8020460286352754e-19
8.26417658778626e-06 -3.852720742473897e-19
8.294011160305345e-06 -3.727172923433108e-19
8.323845732824428e-06 -3.637356494809278e-19
8.353680305343512e-06 -3.701270474713939e-19
8.383514877862597e-06 -3.769015413697584e-19
8.41334945038168e-06 -3.661446981232462e-19
8.443184022900766e-06 -3.524995761657541e-19
8.473018595419848e-06 -3.5999843983674554e-19
8.502853167938931e-06 -3.6743500823857645e-19
8.532687740458017e-06 -3.5403345319404875e-19
8.5625223129771e-06 -3.428358696297775e-19
8.592356885496184e-06 -3.4870506595303283e-19
8.622191458015269e-06 -3.549214037891537e-19
8.652026030534353e-06 -3.470177710156196e-19
8.681860603053436e-06 -3.3332792440279515e-19
8.71169517557252e-06 -3.3461712911511814e-19
8.741529748091603e-06 -3.446431057709053e-19
8.771364320610688e-06 -3.3662697227667084e-19
8.801198893129772e-06 -3.2186406429852835e-19
8.831033465648856e-06 -3.2335529183768245e-19
8.86086803816794e-06 -3.2970773787892006e-19
8.890702610687024e-06 -3.258561173519361e-19
8.920537183206108e-06 -3.114997665225554e-19
8.950371755725192e-06 -3.0622482347981403e-19
8.980206328244275e-06 -3.1692874576435076e-19
9.01004090076336e-06 -3.1441169568369957e-19
9.039875473282444e-06 -2.9780328194784334e-19
9.069710045801527e-06 -2.942675347044004e-19
9.099544618320613e-06 -3.0151350885741417e-19
9.129379190839696e-06 -3.0158188668433833e-19
9.15921376335878e-06 -2.880942150893955e-19
9.189048335877863e-06 -2.7978019945679e-19
9.218882908396947e-06 -2.877614438852293e-19
9.248717480916032e-06 -2.893807890874939e-19
9.278552053435116e-06 -2.730929232466606e-19
9.3083866259542e-06 -2.617144686148829e-19
9.338221198473285e-06 -2.715023943285877e-19
9.368055770992368e-06 -2.7427192218520474e-19
9.397890343511452e-06 -2.5952015183663045e-19
9.427724916030535e-06 -2.4946511449736305e-19
9.457559488549619e-06 -2.5328402678026435e-19
9.487394061068704e-06 -2.5929520979538354e-19
9.517228633587788e-06 -2.4618952967357443e-19
9.547063206106871e-06 -2.3318903229564534e-19
9.576897778625956e-06 -2.38816065402316e-19
9.606732351145038e-06 -2.420452354148178e-19
9.636566923664124e-06 -2.3133761125490868e-19
9.666401496183207e-06 -2.172036571598738e-19
9.69623606870229e-06 -2.1721388286481236e-19
9.726070641221376e-06 -2.2559492003092865e-19
9.75590521374046e-06 -2.171722712963104e-19
9.785739786259543e-06 -1.989256900555364e-19
9.815574358778628e-06 -2.0040227365056586e-19
9.84540893129771e-06 -2.0934063812009843e-19
9.875243503816795e-06 -1.99267921291017e-19
9.905078076335879e-06 -1.8412067091480672e-19
9.934912648854963e-06 -1.8216773083495846e-19
9.964747221374048e-06 -1.8964747324519844e-19
9.994581793893131e-06 -1.8509482268482836e-19
1.0024416366412215e-05 -1.6525262855357433e-19
1.00542509389313e-05 -1.6228802939482158e-19
1.0084085511450382e-05 -1.7158373943756304e-19
1.0113920083969467e-05 -1.659530609588615e-19
1.014375465648855e-05 -1.5105635842700577e-19
1.0173589229007634e-05 -1.4398993776677656e-19
1.020342380152672e-05 -1.5191026196429492e-19
1.0233258374045803e-05 -1.5141220502739752e-19
1.0263092946564887e-05 -1.3251418715743195e-19
1.0292927519083972e-05 -1.249863921445095e-19
1.0322762091603054e-05 -1.3278102996010514e-19
1.0352596664122139e-05 -1.3257242607376523e-19
1.0382431236641223e-05 -1.1610061533971962e-19
1.0412265809160306e-05 -1.0420731878125992e-19
1.0442100381679392e-05 -1.129078231576788e-19
1.0471934954198475e-05 -1.1594506866605924e-19
1.0501769526717559e-05 -9.798809131718943e-20
1.0531604099236642e-05 -8.645634186964704e-20
1.0561438671755726e-05 -9.378790278138414e-20
1.0591273244274811e-05 -9.740088284953024e-20
1.0621107816793895e-05 -8.18937297177242e-20
1.0650942389312978e-05 -6.851266919552765e-20
1.0680776961832063e-05 -7.458428906311725e-20
1.0710611534351147e-05 -7.853135195472792e-20
1.074044610687023e-05 -6.456054393361645e-20
1.0770280679389314e-05 -5.064831222572646e-20
1.0800115251908398e-05 -5.388469816586974e-20
1.0829949824427483e-05 -5.888372072476909e-20
1.0859784396946566e-05 -4.868555747566816e-20
1.088961896946565e-05 -3.372948125211787e-20
1.0919453541984735e-05 -3.369173059918736e-20
1.0949288114503819e-05 -4.1145065526215687e-20
1.0979122687022902e-05 -3.2466730424724354e-20
1.1008957259541986e-05 -1.5567768166252273e-20
1.103879183206107e-05 -1.446928309341197e-20
1.1068626404580153e-05 -2.2962906216657986e-20
1.1098460977099238e-05 -1.4653256899385293e-20
1.1128295549618322e-05 3.3288677083528273e-21
1.1158130122137407e-05 4.4962686951902825e-21
1.118796469465649e-05 -3.895371125159556e-21
1.1217799267175574e-05 1.7737539210869572e-21
1.1247633839694658e-05 1.926944677293597e-20
1.1277468412213741e-05 2.3795844121946114e-20
1.1307302984732825e-05 1.5121219806290317e-20
1.133713755725191e-05 1.785403614386649e-20
1.1366972129770994e-05 3.458972527611707e-20
1.1396806702290079e-05 4.228293357131422e-20
1.1426641274809163e-05 3.273412121799083e-20
1.1456475847328244e-05 3.475129288008993e-20
1.148631041984733e-05 5.2677782575014373e-20
1.1516144992366413e-05 6.081404511730906e-20
1.1545979564885497e-05 5.403376694438134e-20
1.1575814137404582e-05 5.205481609622875e-20
1.1605648709923666e-05 6.788263203669306e-20
1.1635483282442749e-05 7.788530448772493e-20
1.1665317854961834e-05 7.16162545371071e-20
1.1695152427480916e-05 6.939994010972534e-20
1.1724987000000002e-05 8.216024284454282e-20
1.1754821572519085e-05 9.55324429779486e-20
1.1784656145038169e-05 9.157687932483729e-20
1.1814490717557254e-05 8.60066861321025e-20
1.1844325290076337e-05 9.798214697950866e-20
1.1874159862595421e-05 1.1259138268746163e-19
1.1903994435114506e-05 1.0961581547812668e-19
1.1933829007633588e-05 1.0344679323362222e-19
1.1963663580152673e-05 1.150325568802202e-19
1.1993498152671757e-05 1.2782754814884364e-19
1.2023332725190842e-05 1.2726081445050388e-19
1.2053167297709926e-05 1.2086459001679157e-19
1.2083001870229008e-05 1.2735248839229728e-19
1.2112836442748093e-05 1.4593371464071833e-19
1.2142671015267176e-05 1.4552370174273586e-19
1.2172505587786262e-05 1.3592771380999962e-19
1.2202340160305345e-05 1.4433040543780803e-19
1.223217473282443e-05 1.6010783790894324e-19
1.2262009305343512e-05 1.632588528712088e-19
1.2291843877862596e-05 1.5694474062412754e-19
1.2321678450381681e-05 1.6090715421022621e-19
1.2351513022900765e-05 1.7341045253215707e-19
1.238134759541985e-05 1.7932629299560196e-19
1.2411182167938932e-05 1.723368779008284e-19
1.2441016740458017e-05 1.7210681771278297e-19
1.24708513129771e-05 1.903228260127163e-19
1.2500685885496184e-05 1.9542954638902469e-19
1.253052045801527e-05 1.8763486979452602e-19
1.2560355030534351e-05 1.9012333415471086e-19
1.2590189603053437e-05 2.0249695264428762e-19
1.262002417557252e-05 2.1184744140650902e-19
1.2649858748091605e-05 2.0372566999320154e-19
1.2679693320610689e-05 2.0148778578450693e-19
1.2709527893129774e-05 2.181753775109286e-19
1.2739362465648856e-05 2.251000806513409e-19
1.276919703816794e-05 2.181672523894889e-19
1.2799031610687025e-05 2.165630920355784e-19
1.2828866183206108e-05 2.2734653319403036e-19
1.2858700755725194e-05 2.3883001562293236e-19
1.2888535328244276e-05 2.344848646867856e-19
1.291836990076336e-05 2.273947052434526e-19
1.2948204473282444e-05 2.4096421064204033e-19
1.2978039045801528e-05 2.5446388375345756e-19
1.3007873618320613e-05 2.459542037584948e-19
1.3037708190839695e-05 2.431452889377129e-19
1.306754276335878e-05 2.5507111535917905e-19
1.3097377335877864e-05 2.6256202949954905e-19
1.3127211908396949e-05 2.6197896151751825e-19
1.3157046480916033e-05 2.5604136810955017e-19
1.3186881053435118e-05 2.6198696771873884e-19
1.32167156259542e-05 2.7696006996934936e-19
1.3246550198473283e-05 2.7338838632712486e-19
1.3276384770992369e-05 2.66562961635165e-19
1.3306219343511452e-05 2.7601013061845917e-19
1.3336053916030537e-05 2.8605418221318415e-19
1.336588848854962e-05 2.8670927741294043e-19
1.3395723061068705e-05 2.811870546171491e-19
1.3425557633587788e-05 2.830466849675069e-19
1.345539220610687e-05 2.9702479652164216e-19
1.3485226778625957e-05 2.9837420377440518e-19
1.3515061351145039e-05 2.8964943922531937e-19
1.3544895923664124e-05 2.9446251059051785e-19
1.3574730496183208e-05 3.03662225466862e-19
1.3604565068702293e-05 3.0794945519189e-19
1.3634399641221376e-05 3.0281340950137775e-19
1.3664234213740458e-05 2.999259910229195e-19
1.3694068786259544e-05 3.1494270508296854e-19
1.3723903358778627e-05 3.2078740238946485e-19
1.3753737931297712e-05 3.1008704782115996e-19
1.3783572503816796e-05 3.1122114922435967e-19
1.3813407076335881e-05 3.2196600877256283e-19
1.3843241648854963e-05 3.2526012108251003e-19
1.3873076221374048e-05 3.2166886068237946e-19
1.3902910793893132e-05 3.1903755756188366e-19
1.3932745366412214e-05 3.2661341261986005e-19
1.39625799389313e-05 3.3481631457393696e-19
1.3992414511450383e-05 3.2850662864110977e-19
1.4022249083969468e-05 3.254477540661e-19
1.4052083656488551e-05 3.3468148153834685e-19
1.4081918229007637e-05 3.41324356962156e-19
1.411175280152672e-05 3.384402613104332e-19
1.4141587374045802e-05 3.321437243963578e-19
1.4171421946564887e-05 3.3894232390689155e-19
1.420125651908397e-05 3.4894663212122933e-19
1.4231091091603056e-05 3.4423770642836985e-19
1.4260925664122138e-05 3.380834786730155e-19
1.4290760236641225e-05 3.4419401798593124e-19
1.4320594809160307e-05 3.5217373905077054e-19
1.435042938167939e-05 3.4939266192871756e-19
1.4380263954198476e-05 3.4454182428922543e-19
1.4410098526717557e-05 3.4844737071320234e-19
1.4439933099236644e-05 3.5650368265697603e-19
1.4469767671755726e-05 3.556732708427725e-19
1.4499602244274812e-05 3.5026181051310406e-19
1.4529436816793895e-05 3.5191290612079907e-19
1.455927138931298e-05 3.580058754152724e-19
1.4589105961832062e-05 3.610075545002381e-19
1.4618940534351146e-05 3.540250657290257e-19
1.4648775106870231e-05 3.519169177807319e-19
1.4678609679389315e-05 3.6040104576434963e-19
1.47084442519084e-05 3.6163960581333443e-19
1.4738278824427482e-05 3.5650145337839564e-19
1.4768113396946569e-05 3.5559784262436295e-19
1.479794796946565e-05 3.6029832346432984e-19
1.4827782541984734e-05 3.6406677294723685e-19
1.485761711450382e-05 3.5988763338245926e-19
1.4887451687022901e-05 3.5451798260712774e-19
1.4917286259541986e-05 3.6125459757242443e-19
1.494712083206107e-05 3.6624897038898357e-19
1.4976955404580155e-05 3.587543498436314e-19
1.5006789977099239e-05 3.563714617964012e-19
1.5036624549618324e-05 3.6032322716650606e-19
1.5066459122137406e-05 3.629299702663843e-19
1.509629369465649e-05 3.604628288417798e-19
1.5126128267175575e-05 3.552629709392403e-19
1.5155962839694658e-05 3.586353677099605e-19
1.5185797412213744e-05 3.644677870650647e-19
1.5215631984732825e-05 3.605008214859834e-19
1.5245466557251912e-05 3.530278347514467e-19
1.5275301129770996e-05 3.572692433593382e-19
1.5305135702290076e-05 3.6312373000047066e-19
1.5334970274809163e-05 3.5734764952638237e-19
1.5364804847328247e-05 3.527856934866784e-19
1.539463941984733e-05 3.534393495102624e-19
1.5424473992366414e-05 3.57686985413383e-19
1.54543085648855e-05 3.5705813396339895e-19
1.548414313740458e-05 3.495840014468058e-19
1.5513977709923664e-05 3.5097020873938174e-19
1.554381228244275e-05 3.5582893030125303e-19
1.557364685496183e-05 3.543964162425193e-19
1.560348142748092e-05 3.4855160829047233e-19
1.5633316000000002e-05 3.459794476327421e-19
1.5663150572519086e-05 3.507178478683174e-19
1.569298514503817e-05 3.5224436472060333e-19
1.5722819717557256e-05 3.4400642558104333e-19
1.575265429007634e-05 3.402429988693652e-19
1.578248886259542e-05 3.4582579903732587e-19
1.5812323435114507e-05 3.458435768563395e-19
1.584215800763359e-05 3.410621527133458e-19
1.5871992580152674e-05 3.374934677113365e-19
1.5901827152671757e-05 3.381395149292209e-19
1.5931661725190844e-05 3.42558314577178e-19
1.5961496297709925e-05 3.383287799798923e-19
1.5991330870229008e-05 3.307099596584888e-19
1.6021165442748095e-05 3.341191715786301e-19
1.6051000015267175e-05 3.356497970171321e-19
1.6080834587786262e-05 3.306026663112159e-19
1.6110669160305346e-05 3.2734183521508186e-19
1.614050373282443e-05 3.2507462915637317e-19
1.6170338305343513e-05 3.2806054614516036e-19
1.62001728778626e-05 3.2715214289919217e-19
1.623000745038168e-05 3.1833264042891327e-19
1.6259842022900764e-05 3.184750578204637e-19
1.628967659541985e-05 3.2256601571921724e-19
1.6319511167938934e-05 3.18763224023512e-19
1.6349345740458018e-05 3.1347090247685153e-19
1.63791803129771e-05 3.1108457899130363e-19
1.6409014885496188e-05 3.1267328204592866e-19
1.6438849458015268e-05 3.1355452123189706e-19
1.6468684030534352e-05 3.045684980175241e-19
1.649851860305344e-05 3.0084075840996056e-19
1.652835317557252e-05 3.057741699425477e-19
1.6558187748091606e-05 3.028252662520237e-19
1.658802232061069e-05 2.989605080011706e-19
1.6617856893129773e-05 2.936279779059457e-19
1.6647691465648857e-05 2.937665861498995e-19
1.667752603816794e-05 2.9831755551653944e-19
1.6707360610687024e-05 2.879652316494334e-19
1.6737195183206107e-05 2.8216743747693914e-19
1.6767029755725194e-05 2.8784596183876724e-19
1.6796864328244278e-05 2.858000657450736e-19
1.682669890076336e-05 2.788071397261775e-19
1.6856533473282445e-05 2.724323549072971e-19
1.6886368045801532e-05 2.7226141045896775e-19
1.6916202618320612e-05 2.767993163135241e-19
1.6946037190839696e-05 2.6945136119351277e-19
1.6975871763358783e-05 2.612424861038042e-19
1.7005706335877863e-05 2.6314339461547624e-19
1.703554090839695e-05 2.645391121806768e-19
1.7065375480916033e-05 2.603516892109898e-19
1.7095210053435117e-05 2.507953020438886e-19
1.71250446259542e-05 2.4899121967054144e-19
1.7154879198473284e-05 2.5336391355409036e-19
1.7184713770992367e-05 2.486167984849822e-19
1.721454834351145e-05 2.388606519926889e-19
1.7244382916030538e-05 2.3636885249807604e-19
1.727421748854962e-05 2.4007307920723083e-19
1.7304052061068705e-05 2.367185038122542e-19
1.733388663358779e-05 2.28294372225183e-19
1.7363721206106872e-05 2.2420068860985746e-19
1.7393555778625956e-05 2.272010971171757e-19
1.742339035114504e-05 2.281185974311553e-19
1.7453224923664126e-05 2.145014193016182e-19
1.7483059496183206e-05 2.0994043046225157e-19
1.7512894068702293e-05 2.165771861294343e-19
1.7542728641221377e-05 2.0927098402788062e-19
1.757256321374046e-05 2.029165045924697e-19
1.7602397786259544e-05 1.9917048637316626e-19
1.7632232358778628e-05 1.9738251619874976e-19
1.766206693129771e-05 2.0147700530489527e-19
1.7691901503816795e-05 1.9012370023320676e-19
1.772173607633588e-05 1.8139171592552898e-19
1.7751570648854965e-05 1.8754664743473246e-19
1.778140522137405e-05 1.8510479388983466e-19
1.7811239793893132e-05 1.7759463692634752e-19
1.7841074366412216e-05 1.71260448589918e-19
1.78709089389313e-05 1.6835112389892667e-19
1.7900743511450383e-05 1.7341167406846986e-19
1.793057808396947e-05 1.6573368592652126e-19
1.796041265648855e-05 1.5139100593859187e-19
1.7990247229007637e-05 1.5601668902375043e-19
1.802008180152672e-05 1.5828015593891211e-19
1.8049916374045804e-05 1.4951011246736783e-19
1.8079750946564888e-05 1.4170493009591217e-19
1.810958551908397e-05 1.3846227496615397e-19
1.8139420091603055e-05 1.4401017173690296e-19
1.816925466412214e-05 1.380149945370942e-19
1.8199089236641225e-05 1.2445280358014055e-19
1.822892380916031e-05 1.261650214010668e-19
1.8258758381679393e-05 1.2845352721001264e-19
1.8288592954198476e-05 1.2168075982115122e-19
1.831842752671756e-05 1.1275917255791366e-19
1.8348262099236643e-05 1.093089165271052e-19
1.8378096671755727e-05 1.1194924087604966e-19
1.8407931244274814e-05 1.0865086101548405e-19
1.8437765816793894e-05 9.758618966144268e-20
1.846760038931298e-05 9.322485046894635e-20
1.8497434961832064e-05 9.930148271977495e-20
1.8527269534351145e-05 9.518319061629786e-20
1.855710410687023e-05 8.287685149429303e-20
1.8586938679389315e-05 8.010563261966505e-20
1.86167732519084e-05 7.999046000378218e-20
1.8646607824427482e-05 7.976339933162491e-20
1.867644239694657e-05 7.070703475731645e-20
1.8706276969465653e-05 6.050503210520276e-20
1.8736111541984736e-05 6.76242491606118e-20
1.876594611450382e-05 6.538294197818294e-20
1.8795780687022903e-05 5.3842351713197063e-20
1.8825615259541987e-05 4.962456604783265e-20
1.885544983206107e-05 4.75604987068215e-20
1.8885284404580157e-05 5.119393853067199e-20
1.8915118977099238e-05 4.28551295578673e-20
1.8944953549618325e-05 2.961133721015261e-20
1.8974788122137408e-05 3.438496552991008e-20
1.9004622694656488e-05 3.632963054711163e-20
1.9034457267175575e-05 2.5120800278650148e-20
1.906429183969466e-05 1.704260457254579e-20
1.9094126412213742e-05 1.7750305961735567e-20
1.9123960984732826e-05 1.9563583944368274e-20
1.9153795557251913e-05 1.3046449048814684e-20
1.9183630129770993e-05 2.828178097546211e-22
1.9213464702290077e-05 3.683766703496929e-22
1.9243299274809164e-05 6.3505412324388025e-21
1.9273133847328247e-05 -2.7546657981950317e-21
1.930296841984733e-05 -1.3637348940216153e-20
1.9332802992366414e-05 -1.3955010113238242e-20
1.93626375648855e-05 -1.1852048425938973e-20
1.939247213740458e-05 -1.516518716972959e-20
1.9422306709923668e-05 -2.6626135877439457e-20
1.9452141282442752e-05 -3.2603944841540854e-20
1.9481975854961832e-05 -2.4856767248476903e-20
