0.0 4.636828361321844e-20
2.980688241415192e-08 7.338490648261597e-20
5.961376482830384e-08 7.447781839220796e-20
8.942064724245576e-08 5.226456833847795e-20
1.1922752965660768e-07 6.270500271121045e-20
1.4903441207075962e-07 8.06546339642012e-20
1.7884129448491153e-07 8.210063156877432e-20
2.0864817689906346e-07 7.459280075097363e-20
2.3845505931321537e-07 6.654601562055678e-20
2.682619417273673e-07 9.021793783120733e-20
2.9806882414151924e-07 1.0344578089874113e-19
3.2787570655567117e-07 7.80019214004767e-20
3.5768258896982305e-07 8.01607245698309e-20
3.87489471383975e-07 1.0170094769060633e-19
4.172963537981269e-07 1.0664793033250499e-19
4.4710323621227886e-07 9.939118909730766e-20
4.769101186264307e-07 8.884515706322967e-20
5.067170010405827e-07 1.0626017737699973e-19
5.365238834547346e-07 1.2564600985044535e-19
5.663307658688865e-07 1.0762606074649786e-19
5.961376482830385e-07 1.0122530421983523e-19
6.259445306971904e-07 1.2199174267926392e-19
6.557514131113423e-07 1.3030405993568861e-19
6.855582955254942e-07 1.2605099779493717e-19
7.153651779396461e-07 1.1574280982926837e-19
7.451720603537981e-07 1.21488357574891e-19
7.7497894276795e-07 1.4880489751867056e-19
8.04785825182102e-07 1.3816559609853433e-19
8.345927075962538e-07 1.1762542678194105e-19
8.643995900104058e-07 1.404739056277952e-19
8.942064724245577e-07 1.5388387288277642e-19
9.240133548387097e-07 1.4780099901996442e-19
9.538202372528615e-07 1.4004033143877686e-19
9.836271196670135e-07 1.4003355441832847e-19
1.0134340020811655e-06 1.6691199083773457e-19
1.0432408844953172e-06 1.6626285067372484e-19
1.0730477669094692e-06 1.4074230636779452e-19
1.1028546493236212e-06 1.561959190307808e-19
1.132661531737773e-06 1.76052445330621e-19
1.162468414151925e-06 1.702526015945973e-19
1.192275296566077e-06 1.6093127663386311e-19
1.2220821789802287e-06 1.587088287572418e-19
1.2518890613943807e-06 1.8023877422031124e-19
1.2816959438085327e-06 1.9069219151461422e-19
1.3115028262226847e-06 1.662796118443868e-19
1.3413097086368365e-06 1.6868747595457104e-19
1.3711165910509885e-06 1.9422699154529806e-19
1.4009234734651404e-06 1.9514879068155646e-19
1.4307303558792922e-06 1.83676513403677e-19
1.4605372382934442e-06 1.7691043450850813e-19
1.4903441207075962e-06 1.9469702851459726e-19
1.5201510031217482e-06 2.1300054716977168e-19
1.5499578855359e-06 1.9000887699650933e-19
1.579764767950052e-06 1.8256299787254376e-19
1.609571650364204e-06 2.0994097192816056e-19
1.639378532778356e-06 2.1448163759991603e-19
1.6691854151925077e-06 2.031067704306924e-19
1.6989922976066597e-06 1.9857967768917453e-19
1.7287991800208117e-06 2.0707794847637884e-19
1.7586060624349634e-06 2.2860288552524747e-19
1.7884129448491154e-06 2.189505529495916e-19
1.8182198272632674e-06 1.9774371172819624e-19
1.8480267096774194e-06 2.2065238043803966e-19
1.8778335920915712e-06 2.349739800379405e-19
1.907640474505723e-06 2.226369460021865e-19
1.937447356919875e-06 2.1744133844040704e-19
1.967254239334027e-06 2.1856521463003036e-19
1.997061121748179e-06 2.415480411566387e-19
2.026868004162331e-06 2.434119132914646e-19
2.0566748865764825e-06 2.1446887326019948e-19
2.0864817689906345e-06 2.30468069356998e-19
2.1162886514047864e-06 2.5405179763320296e-19
2.1460955338189384e-06 2.418752584696911e-19
2.1759024162330904e-06 2.33780626342789e-19
2.2057092986472424e-06 2.3543575122719567e-19
2.235516181061394e-06 2.533057462345196e-19
2.265323063475546e-06 2.613934922247288e-19
2.295129945889698e-06 2.3442250070662247e-19
2.32493682830385e-06 2.3858461809214595e-19
2.354743710718002e-06 2.6771901688910195e-19
2.384550593132154e-06 2.605991335314407e-19
2.414357475546306e-06 2.4771393575455186e-19
2.4441643579604575e-06 2.501841265154326e-19
2.4739712403746094e-06 2.6222743290448e-19
2.5037781227887614e-06 2.7629273936940963e-19
2.5335850052029134e-06 2.581831828352864e-19
2.5633918876170654e-06 2.4749711472672567e-19
2.5931987700312174e-06 2.7596320011877136e-19
2.6230056524453694e-06 2.79441261916106e-19
2.652812534859521e-06 2.6076242691333324e-19
2.682619417273673e-06 2.60836287657384e-19
2.712426299687825e-06 2.7336213266168783e-19
2.742233182101977e-06 2.876875894734184e-19
2.772040064516129e-06 2.754772593755372e-19
2.801846946930281e-06 2.5907699865250987e-19
2.831653829344433e-06 2.817340906093379e-19
2.8614607117585844e-06 2.955630193460314e-19
2.8912675941727364e-06 2.7818396365476385e-19
2.9210744765868884e-06 2.707781160481856e-19
2.9508813590010404e-06 2.8107713673217583e-19
2.9806882414151924e-06 2.9682232792332387e-19
3.0104951238293444e-06 2.9277162466214266e-19
3.0403020062434964e-06 2.7095999681866564e-19
3.0701088886576483e-06 2.843212064314654e-19
3.0999157710718e-06 3.0606828274008433e-19
3.129722653485952e-06 2.90150632348346e-19
3.159529535900104e-06 2.8123769433870003e-19
3.189336418314256e-06 2.886892728579894e-19
3.219143300728408e-06 3.014505274233505e-19
3.24895018314256e-06 3.0608819963370584e-19
3.278757065556712e-06 2.825129449559456e-19
3.3085639479708634e-06 2.856787317348005e-19
3.3383708303850154e-06 3.120098796642004e-19
3.3681777127991674e-06 3.035307814988038e-19
3.3979845952133194e-06 2.889188719249507e-19
3.4277914776274713e-06 2.931218608708657e-19
3.4575983600416233e-06 3.0450983047817684e-19
3.4874052424557753e-06 3.1291559673508417e-19
3.517212124869927e-06 2.9548302314868204e-19
3.547019007284079e-06 2.869386388630643e-19
3.576825889698231e-06 3.1477442431621986e-19
3.606632772112383e-06 3.15925305956549e-19
3.636439654526535e-06 2.9538311456064536e-19
3.666246536940687e-06 2.972398482523104e-19
3.696053419354839e-06 3.073614516512997e-19
3.7258603017689904e-06 3.174850528635091e-19
3.7556671841831424e-06 3.0601581877573274e-19
3.7854740665972943e-06 2.8870280916158377e-19
3.815280949011446e-06 3.1146972267913527e-19
3.845087831425598e-06 3.2398950951566524e-19
3.87489471383975e-06 3.00640575671861e-19
3.904701596253902e-06 2.967733535804996e-19
3.934508478668054e-06 3.1017889444635024e-19
3.964315361082206e-06 3.1934118510049296e-19
3.994122243496358e-06 3.1321759174017797e-19
4.02392912591051e-06 2.937745625335219e-19
4.053736008324662e-06 3.0670037184510877e-19
4.083542890738814e-06 3.2612583170076384e-19
4.113349773152965e-06 3.074413171718627e-19
4.143156655567118e-06 2.9653995102263233e-19
4.172963537981269e-06 3.0846902835019814e-19
4.202770420395422e-06 3.185272127311744e-19
4.232577302809573e-06 3.159847074378405e-19
4.262384185223725e-06 2.981037816875216e-19
4.292191067637877e-06 3.017706863426613e-19
4.321997950052029e-06 3.2483473542782864e-19
4.351804832466181e-06 3.1529408208792634e-19
4.381611714880333e-06 2.978895741652138e-19
4.411418597294485e-06 3.0601297731990333e-19
4.441225479708637e-06 3.165436262294494e-19
4.471032362122788e-06 3.176842797946959e-19
4.500839244536941e-06 3.00785543092557e-19
4.530646126951092e-06 2.94013677584634e-19
4.560453009365245e-06 3.195609546172432e-19
4.590259891779396e-06 3.1854930549545686e-19
4.620066774193549e-06 2.9613797943562503e-19
4.6498736566077e-06 3.0151525218446044e-19
4.679680539021852e-06 3.1303695644758977e-19
4.709487421436004e-06 3.1694979352873014e-19
4.739294303850156e-06 3.0466971184900754e-19
4.769101186264308e-06 2.9077830078521894e-19
4.79890806867846e-06 3.1171643589769366e-19
4.828714951092612e-06 3.189311020949281e-19
4.858521833506764e-06 2.954045316262506e-19
4.888328715920915e-06 2.943920805847467e-19
4.918135598335068e-06 3.0565593200188584e-19
4.947942480749219e-06 3.113149126458787e-19
4.977749363163372e-06 3.0530357374028646e-19
5.007556245577523e-06 2.8708066880491063e-19
5.037363127991676e-06 2.986416069396817e-19
5.067170010405827e-06 3.167773979270979e-19
5.096976892819979e-06 2.9675729230256527e-19
5.126783775234131e-06 2.868563073665913e-19
5.156590657648283e-06 3.000252041224001e-19
5.186397540062435e-06 3.0388428856466517e-19
5.216204422476586e-06 3.0069083869253027e-19
5.246011304890739e-06 2.8482413333566327e-19
5.27581818730489e-06 2.850902549682441e-19
5.305625069719042e-06 3.078279131670833e-19
5.335431952133194e-06 2.9639940555336415e-19
5.365238834547346e-06 2.7740113134258164e-19
5.395045716961498e-06 2.89325422797823e-19
5.42485259937565e-06 2.97279776315088e-19
5.454659481789802e-06 2.9326000512936513e-19
5.484466364203954e-06 2.8113403056478883e-19
5.514273246618105e-06 2.7516248697153445e-19
5.544080129032258e-06 2.961816732236552e-19
5.573887011446409e-06 2.936298457432885e-19
5.603693893860562e-06 2.6848869357871927e-19
5.633500776274713e-06 2.7608999896031507e-19
5.663307658688866e-06 2.8729320491145797e-19
5.693114541103017e-06 2.8464710012018666e-19
5.722921423517169e-06 2.7595449873802153e-19
5.752728305931321e-06 2.6402537230522624e-19
5.782535188345473e-06 2.7986734265835783e-19
5.812342070759625e-06 2.891451161690108e-19
5.842148953173777e-06 2.63444253918545e-19
5.871955835587929e-06 2.6079437168047046e-19
5.901762718002081e-06 2.7550884994959547e-19
5.931569600416233e-06 2.7546837507010595e-19
5.961376482830385e-06 2.678977132827965e-19
5.991183365244536e-06 2.5401363981875157e-19
6.020990247658689e-06 2.6284553076406546e-19
6.05079713007284e-06 2.7761308843195707e-19
6.080604012486993e-06 2.5923446778816127e-19
6.110410894901144e-06 2.4864882730013493e-19
6.140217777315297e-06 2.620739702114664e-19
6.170024659729448e-06 2.663565589073024e-19
6.1998315421436e-06 2.587058323688213e-19
6.229638424557752e-06 2.457858020425062e-19
6.259445306971904e-06 2.468548752554243e-19
6.289252189386056e-06 2.6503847349651495e-19
6.319059071800208e-06 2.5361499966847667e-19
6.34886595421436e-06 2.348973874918892e-19
6.378672836628512e-06 2.471814356405444e-19
6.408479719042663e-06 2.532252025217744e-19
6.438286601456816e-06 2.4717479288672623e-19
6.468093483870967e-06 2.3660100535681843e-19
6.49790036628512e-06 2.311661074453801e-19
6.527707248699271e-06 2.4885549540000014e-19
6.557514131113424e-06 2.474775056129185e-19
6.587321013527575e-06 2.2533719647587486e-19
6.617127895941727e-06 2.2905377581074655e-19
6.646934778355879e-06 2.3921519334220053e-19
6.676741660770031e-06 2.3644296955783576e-19
6.706548543184183e-06 2.2735203029119076e-19
6.736355425598335e-06 2.170601948830013e-19
6.766162308012487e-06 2.2934263257755412e-19
6.795969190426639e-06 2.39076257545607e-19
6.82577607284079e-06 2.1522269917577504e-19
6.855582955254943e-06 2.1095118971965482e-19
6.885389837669094e-06 2.283809940448641e-19
6.915196720083247e-06 2.2413441547170067e-19
6.945003602497398e-06 2.1523654219026248e-19
6.974810484911551e-06 2.065527635910132e-19
7.004617367325702e-06 2.1081191288762042e-19
7.034424249739854e-06 2.2481124973326284e-19
7.064231132154006e-06 2.067323303120249e-19
7.094038014568158e-06 1.9417325804847436e-19
7.12384489698231e-06 2.0981977794146344e-19
7.153651779396462e-06 2.0987556219276066e-19
7.183458661810614e-06 2.0145892806363973e-19
7.213265544224766e-06 1.933548410975082e-19
7.243072426638917e-06 1.9225943292230468e-19
7.27287930905307e-06 2.090564731200028e-19
7.302686191467221e-06 1.9829637493974586e-19
7.332493073881374e-06 1.781877400028245e-19
7.362299956295525e-06 1.902654910836479e-19
7.392106838709678e-06 1.9551807023132243e-19
7.421913721123829e-06 1.8754164543738409e-19
7.451720603537981e-06 1.788124777137967e-19
7.481527485952133e-06 1.7354749055688658e-19
7.511334368366285e-06 1.8707231259740592e-19
7.541141250780437e-06 1.8729311654685675e-19
7.570948133194589e-06 1.6401449761347527e-19
7.600755015608741e-06 1.6819137677863128e-19
7.630561898022892e-06 1.818742032901369e-19
7.660368780437045e-06 1.7440821759574947e-19
7.690175662851196e-06 1.6660671829580947e-19
7.719982545265349e-06 1.5659036645819243e-19
7.7497894276795e-06 1.6523096747076044e-19
7.779596310093653e-06 1.7560048209445046e-19
7.809403192507804e-06 1.4966832723811296e-19
7.839210074921957e-06 1.4598961390576765e-19
7.869016957336108e-06 1.6371582488420135e-19
7.89882383975026e-06 1.580972856855498e-19
7.928630722164412e-06 1.4888108707796126e-19
7.958437604578565e-06 1.4108950892096327e-19
7.988244486992716e-06 1.4531648106120642e-19
8.018051369406868e-06 1.5674014487062243e-19
8.04785825182102e-06 1.4116049610754945e-19
8.07766513423517e-06 1.2730578602883687e-19
8.107472016649324e-06 1.409400020798824e-19
8.137278899063475e-06 1.436158466901801e-19
8.167085781477628e-06 1.3236917249380018e-19
8.19689266389178e-06 1.2400055083750577e-19
8.22669954630593e-06 1.2261511875838437e-19
8.256506428720083e-06 1.374243670993548e-19
8.286313311134236e-06 1.2990330126307447e-19
8.316120193548385e-06 1.0844347199604803e-19
8.345927075962538e-06 1.1954141668167436e-19
8.37573395837669e-06 1.2681983752217261e-19
8.405540840790843e-06 1.1610681328905022e-19
8.435347723204993e-06 1.0841119653873039e-19
8.465154605619146e-06 1.0500159889149725e-19
8.494961488033299e-06 1.1541839713895968e-19
8.52476837044745e-06 1.1505428170601906e-19
8.554575252861601e-06 9.206676300904066e-20
8.584382135275754e-06 9.58675500949671e-20
8.614189017689907e-06 1.0965319297708304e-19
8.643995900104058e-06 9.939052211987738e-20
8.673802782518209e-06 9.107425500536353e-20
8.703609664932362e-06 8.537720865921526e-20
8.733416547346513e-06 9.195388233881622e-20
8.763223429760666e-06 9.991841188904954e-20
8.793030312174817e-06 7.899794386947228e-20
8.82283719458897e-06 7.246416500145591e-20
8.85264407700312e-06 8.935623652708636e-20
8.882450959417274e-06 8.466683963724761e-20
8.912257841831425e-06 7.11942161923101e-20
8.942064724245576e-06 6.695190541261089e-20
8.971871606659729e-06 6.928823879410675e-20
9.001678489073882e-06 8.003544901564134e-20
9.031485371488033e-06 6.630669268282274e-20
9.061292253902184e-06 4.930662841057943e-20
9.091099136316337e-06 6.766673525975032e-20
9.12090601873049e-06 6.859008385791334e-20
9.150712901144639e-06 5.202594545975051e-20
9.180519783558792e-06 4.8553804036190565e-20
9.210326665972945e-06 4.783753688980811e-20
9.240133548387097e-06 5.778131417768485e-20
9.269940430801247e-06 4.995922498793562e-20
9.2997473132154e-06 2.83445793816379e-20
9.329554195629553e-06 4.1060998105281725e-20
9.359361078043704e-06 4.8659247052528376e-20
9.389167960457855e-06 3.309812030793996e-20
9.418974842872008e-06 2.754222728395515e-20
9.44878172528616e-06 2.558836725932408e-20
9.478588607700312e-06 3.309524119434678e-20
9.508395490114463e-06 3.4381628896331773e-20
9.538202372528616e-06 1.1884215924320729e-20
9.568009254942767e-06 1.2655316582329284e-20
9.59781613735692e-06 2.904418674581155e-20
9.62762301977107e-06 1.6002385198105953e-20
9.657429902185224e-06 3.1331139707802653e-21
9.687236784599375e-06 4.781452093193336e-21
9.717043667013528e-06 8.405367229301707e-21
9.746850549427679e-06 1.3724087630310333e-20
9.77665743184183e-06 -4.4677930424005795e-21
9.806464314255983e-06 -1.4551995833555585e-20
9.836271196670135e-06 4.827310866245289e-21
9.866078079084287e-06 -1.2153278192766632e-21
9.895884961498438e-06 -1.7644216663596227e-20
9.92569184391259e-06 -1.7736986326365522e-20
9.955498726326743e-06 -1.6548486280352717e-20
9.985305608740893e-06 -1.0071269223254282e-20
1.0015112491155046e-05 -2.134819444783335e-20
1.0044919373569199e-05 -3.9615463189906326e-20
1.0074726255983351e-05 -2.3608225767680306e-20
1.01045331383975e-05 -1.8554620584190633e-20
1.0134340020811654e-05 -3.8492919002060977e-20
1.0164146903225807e-05 -4.1893662181605364e-20
1.0193953785639958e-05 -3.964863569589261e-20
1.0223760668054109e-05 -3.444065266785134e-20
1.0253567550468262e-05 -3.916170346759e-20
1.0283374432882414e-05 -5.940018918491058e-20
1.0313181315296566e-05 -5.1710658945176835e-20
1.0342988197710717e-05 -4.004194783154414e-20
1.037279508012487e-05 -5.72965453909395e-20
1.040260196253902e-05 -6.767787297386783e-20
1.0432408844953172e-05 -6.29040022068594e-20
1.0462215727367325e-05 -5.770765369164869e-20
1.0492022609781478e-05 -6.01541524529351e-20
1.0521829492195629e-05 -7.912078224381452e-20
1.055163637460978e-05 -7.903808729801618e-20
1.0581443257023933e-05 -6.195782677871178e-20
1.0611250139438084e-05 -7.55227998239374e-20
1.0641057021852237e-05 -8.985823373269096e-20
1.0670863904266388e-05 -8.686550608312041e-20
1.070067078668054e-05 -8.398071436472086e-20
1.0730477669094692e-05 -8.084915896389814e-20
1.0760284551508845e-05 -9.77996942631248e-20
1.0790091433922996e-05 -1.0706832106305961e-19
1.0819898316337147e-05 -8.803055701096737e-20
1.08497051987513e-05 -9.421352995141357e-20
1.0879512081165453e-05 -1.1347047736370062e-19
1.0909318963579604e-05 -1.1121974211729635e-19
1.0939125845993755e-05 -1.0654631056504204e-19
1.0968932728407908e-05 -1.0423448336978694e-19
1.099873961082206e-05 -1.1610447684069863e-19
1.102854649323621e-05 -1.3124484984300415e-19
1.1058353375650363e-05 -1.1702222113729313e-19
1.1088160258064516e-05 -1.1386694415690272e-19
1.1117967140478668e-05 -1.3416094031246798e-19
1.1147774022892818e-05 -1.3766133150610363e-19
1.117758090530697e-05 -1.328712279638274e-19
1.1207387787721124e-05 -1.288163673550734e-19
1.1237194670135275e-05 -1.3687238870451398e-19
1.1267001552549426e-05 -1.5365629342458435e-19
1.1296808434963579e-05 -1.4541994771459107e-19
1.1326615317377731e-05 -1.3619827382457338e-19
1.1356422199791883e-05 -1.5198440229590098e-19
1.1386229082206034e-05 -1.6280333935262586e-19
1.1416035964620187e-05 -1.5861376522597441e-19
1.1445842847034338e-05 -1.5606005915766672e-19
1.147564972944849e-05 -1.5896142464725493e-19
1.1505456611862642e-05 -1.7336443248309374e-19
1.1535263494276795e-05 -1.7658889014763722e-19
1.1565070376690946e-05 -1.6217527494919784e-19
1.1594877259105099e-05 -1.7326006358271046e-19
1.162468414151925e-05 -1.8810106566858087e-19
1.1654491023933402e-05 -1.8332304942388252e-19
1.1684297906347554e-05 -1.807197841094838e-19
1.1714104788761706e-05 -1.8055888683700904e-19
1.1743911671175858e-05 -1.9495977342987703e-19
1.1773718553590009e-05 -2.0452957299527703e-19
1.1803525436004162e-05 -1.8884808747913626e-19
1.1833332318418314e-05 -1.9320687804447257e-19
1.1863139200832466e-05 -2.1276831186415587e-19
1.1892946083246617e-05 -2.1248542697937463e-19
1.192275296566077e-05 -2.0580674490043034e-19
1.1952559848074922e-05 -2.046335885362663e-19
1.1982366730489072e-05 -2.166111529228639e-19
1.2012173612903225e-05 -2.2845671890046175e-19
1.2041980495317377e-05 -2.177115678623448e-19
1.207178737773153e-05 -2.1514323561825434e-19
1.210159426014568e-05 -2.325983124491978e-19
1.2131401142559833e-05 -2.3751510825948125e-19
1.2161208024973985e-05 -2.317794192714525e-19
1.2191014907388137e-05 -2.297215578078734e-19
1.2220821789802288e-05 -2.3788510294738573e-19
1.225062867221644e-05 -2.5309261022735554e-19
1.2280435554630593e-05 -2.47232020163521e-19
1.2310242437044745e-05 -2.367382055309319e-19
1.2340049319458896e-05 -2.537387091536322e-19
1.2369856201873048e-05 -2.62833564775013e-19
1.23996630842872e-05 -2.5531915283727355e-19
1.2429469966701352e-05 -2.539197407437569e-19
1.2459276849115504e-05 -2.577351957407943e-19
1.2489083731529656e-05 -2.7406317549284495e-19
1.2518890613943808e-05 -2.7455130490863464e-19
1.254869749635796e-05 -2.596699712539532e-19
1.2578504378772112e-05 -2.7312690772786757e-19
1.2608311261186263e-05 -2.8767513556672295e-19
1.2638118143600416e-05 -2.8115296498486607e-19
1.2667925026014568e-05 -2.781042621165365e-19
1.269773190842872e-05 -2.815263459192964e-19
1.272753879084287e-05 -2.9217584613137864e-19
1.2757345673257023e-05 -2.9907251225331712e-19
1.2787152555671176e-05 -2.8568716769105916e-19
1.2816959438085326e-05 -2.8937462853113414e-19
1.2846766320499479e-05 -3.083418242665253e-19
1.2876573202913631e-05 -3.047586029704712e-19
1.2906380085327784e-05 -3.0001222439024155e-19
1.2936186967741934e-05 -3.026138681547601e-19
1.2965993850156087e-05 -3.1101729078694447e-19
1.299580073257024e-05 -3.223945820837171e-19
1.3025607614984389e-05 -3.116518834223903e-19
1.3055414497398542e-05 -3.077744964182711e-19
1.3085221379812694e-05 -3.2697049275999757e-19
1.3115028262226847e-05 -3.2869033216156014e-19
1.3144835144640997e-05 -3.211161292141986e-19
1.317464202705515e-05 -3.2154302450696847e-19
1.3204448909469302e-05 -3.2782366898718257e-19
1.3234255791883454e-05 -3.43316642050614e-19
1.3264062674297605e-05 -3.3742160093186666e-19
1.3293869556711758e-05 -3.2525076062097404e-19
1.332367643912591e-05 -3.435437767469037e-19
1.3353483321540062e-05 -3.51352089607448e-19
1.3383290203954213e-05 -3.420869293621753e-19
1.3413097086368365e-05 -3.426915324397494e-19
1.3442903968782517e-05 -3.4726616268068175e-19
1.347271085119667e-05 -3.592045155886002e-19
1.350251773361082e-05 -3.596879467753867e-19
1.3532324616024973e-05 -3.4449459793495503e-19
1.3562131498439125e-05 -3.5666858721746395e-19
1.3591938380853277e-05 -3.7336633365252084e-19
1.3621745263267429e-05 -3.6261498009746157e-19
1.365155214568158e-05 -3.5934222508357333e-19
1.3681359028095733e-05 -3.6612853674662376e-19
1.3711165910509885e-05 -3.754244092337253e-19
1.3740972792924037e-05 -3.8131155462994977e-19
1.3770779675338188e-05 -3.6608618686697194e-19
1.380058655775234e-05 -3.693915119308525e-19
1.3830393440166493e-05 -3.8935759866089166e-19
1.3860200322580643e-05 -3.8247895606299937e-19
1.3890007204994796e-05 -3.758247987657941e-19
1.3919814087408948e-05 -3.8028972934854793e-19
1.3949620969823101e-05 -3.8814662438297287e-19
1.397942785223725e-05 -3.978339594961088e-19
1.4009234734651404e-05 -3.8540121594340302e-19
1.4039041617065556e-05 -3.8103036972845654e-19
1.4068848499479708e-05 -4.024878182824354e-19
1.4098655381893859e-05 -4.0279653716520724e-19
1.4128462264308011e-05 -3.9155550835501364e-19
1.4158269146722164e-05 -3.956374842080228e-19
1.4188076029136315e-05 -4.0069619995685113e-19
1.4217882911550467e-05 -4.0851829328883826e-19
1.424768979396462e-05 -4.0511633330586033e-19
1.427749667637877e-05 -3.9231651555472236e-19
1.4307303558792923e-05 -4.0938084792162784e-19
1.4337110441207075e-05 -4.18817759061868e-19
1.4366917323621227e-05 -4.0275020423185607e-19
1.4396724206035379e-05 -4.0590357616537047e-19
1.4426531088449531e-05 -4.119862591484213e-19
1.4456337970863683e-05 -4.1805066645029446e-19
1.4486144853277834e-05 -4.1992798984910733e-19
1.4515951735691986e-05 -4.0424395639028714e-19
1.454575861810614e-05 -4.1317684351631756e-19
1.457556550052029e-05 -4.2833538286199215e-19
1.4605372382934442e-05 -4.1745841922132916e-19
1.4635179265348594e-05 -4.1375937048005303e-19
1.4664986147762747e-05 -4.1819321178148145e-19
1.4694793030176897e-05 -4.240096044382655e-19
1.472459991259105e-05 -4.2973154921516805e-19
1.4754406795005202e-05 -4.1643829629721477e-19
1.4784213677419355e-05 -4.159484466257994e-19
1.4814020559833505e-05 -4.364032719077742e-19
1.4843827442247657e-05 -4.2974088276783263e-19
1.487363432466181e-05 -4.1683723134514494e-19
1.4903441207075961e-05 -4.245687107273753e-19
1.4933248089490113e-05 -4.296410275958887e-19
1.4963054971904265e-05 -4.324031699630871e-19
1.4992861854318418e-05 -4.2562128473705056e-19
1.502266873673257e-05 -4.165223256417017e-19
1.505247561914672e-05 -4.329205356618535e-19
1.5082282501560873e-05 -4.375651821445991e-19
1.5112089383975025e-05 -4.2155737768447102e-19
1.5141896266389177e-05 -4.2560857576768004e-19
1.5171703148803329e-05 -4.3291159225519804e-19
1.5201510031217481e-05 -4.353009621864519e-19
1.5231316913631632e-05 -4.318644268269514e-19
1.5261123796045784e-05 -4.1901611795437055e-19
1.5290930678459938e-05 -4.3100249758079697e-19
1.532073756087409e-05 -4.407717118757994e-19
1.535054444328824e-05 -4.2312666830281074e-19
1.538035132570239e-05 -4.2295829042468304e-19
1.5410158208116546e-05 -4.3324330609018527e-19
1.5439965090530697e-05 -4.335902140468927e-19
1.546977197294485e-05 -4.318550441023833e-19
1.5499578855359e-05 -4.222549128430266e-19
1.552938573777315e-05 -4.2686519862028023e-19
1.5559192620187305e-05 -4.402073135546172e-19
1.5588999502601456e-05 -4.277139292167723e-19
1.5618806385015607e-05 -4.193352966652848e-19
1.564861326742976e-05 -4.2922154365096327e-19
1.5678420149843913e-05 -4.3126499483260936e-19
1.5708227032258064e-05 -4.283962572669145e-19
1.5738033914672215e-05 -4.207305858554905e-19
1.5767840797086367e-05 -4.17617659663667e-19
1.579764767950052e-05 -4.315521875943881e-19
1.5827454561914672e-05 -4.283163159540304e-19
1.5857261444328823e-05 -4.137804409245711e-19
1.5887068326742975e-05 -4.202971137005334e-19
1.591687520915713e-05 -4.263150004389153e-19
1.5946682091571277e-05 -4.2364581721036693e-19
1.597648897398543e-05 -4.153956475288751e-19
1.6006295856399582e-05 -4.1038306875915386e-19
1.6036102738813737e-05 -4.231582527556151e-19
1.6065909621227885e-05 -4.223555601218714e-19
1.609571650364204e-05 -4.061295264531889e-19
1.612552338605619e-05 -4.077954648316047e-19
1.615533026847034e-05 -4.154345389445501e-19
1.6185137150884493e-05 -4.146577673230924e-19
1.6214944033298647e-05 -4.069974587820502e-19
1.62447509157128e-05 -3.991720985063163e-19
1.627455779812695e-05 -4.0778786874708523e-19
1.6304364680541104e-05 -4.1405074961782125e-19
1.6334171562955255e-05 -3.987576064720284e-19
1.6363978445369406e-05 -3.934446557957525e-19
1.639378532778356e-05 -4.027236391591944e-19
1.642359221019771e-05 -4.0140218206720944e-19
1.645339909261186e-05 -3.9264948440230668e-19
1.6483205975026014e-05 -3.8666016585030253e-19
1.6513012857440165e-05 -3.895700569809089e-19
1.6542819739854317e-05 -3.9669715565852334e-19
1.657262662226847e-05 -3.8697583150991073e-19
1.6602433504682622e-05 -3.76297347143347e-19
1.663224038709677e-05 -3.8398281384082203e-19
1.6662047269510924e-05 -3.8597775253620614e-19
1.6691854151925076e-05 -3.8038814424273946e-19
1.672166103433923e-05 -3.7189836765207035e-19
1.675146791675338e-05 -3.684011834048312e-19
1.6781274799167532e-05 -3.7841695572340775e-19
1.6811081681581687e-05 -3.716722976242788e-19
1.6840888563995838e-05 -3.571052063490379e-19
1.6870695446409986e-05 -3.608646938035813e-19
1.690050232882414e-05 -3.644996365209299e-19
1.693030921123829e-05 -3.6137439265020255e-19
1.6960116093652443e-05 -3.522444677425171e-19
1.6989922976066597e-05 -3.455301531459893e-19
1.701972985848075e-05 -3.543445211700684e-19
1.70495367408949e-05 -3.5311411691616974e-19
1.7079343623309054e-05 -3.3759262065644257e-19
1.7109150505723202e-05 -3.362578370465586e-19
1.7138957388137356e-05 -3.417593132990432e-19
1.7168764270551507e-05 -3.391413098059133e-19
1.719857115296566e-05 -3.281927929442981e-19
1.7228378035379813e-05 -3.2014356531227228e-19
1.7258184917793964e-05 -3.2813563898104355e-19
1.7287991800208115e-05 -3.285938645196612e-19
1.731779868262227e-05 -3.1313393518006705e-19
1.7347605565036418e-05 -3.1000371057520946e-19
1.737741244745057e-05 -3.157011777667972e-19
1.7407219329864723e-05 -3.1292320730311464e-19
1.7437026212278874e-05 -3.052025798569989e-19
1.7466833094693026e-05 -2.9610677550730246e-19
1.749663997710718e-05 -2.9623603931557625e-19
1.752644685952133e-05 -3.017178002108185e-19
1.7556253741935486e-05 -2.9026904891377333e-19
1.7586060624349634e-05 -2.8059798678577787e-19
1.7615867506763785e-05 -2.84919910033723e-19
1.764567438917794e-05 -2.8406235166912227e-19
1.767548127159209e-05 -2.784671799725e-19
1.770528815400624e-05 -2.68422899289606e-19
1.7735095036420396e-05 -2.6553969390434245e-19
1.7764901918834547e-05 -2.7358259698357167e-19
1.77947088012487e-05 -2.6318840783352127e-19
1.782451568366285e-05 -2.4881147310838516e-19
1.7854322566077e-05 -2.5419580405243353e-19
1.7884129448491152e-05 -2.547945953130542e-19
1.7913936330905306e-05 -2.4546434087428763e-19
1.7943743213319457e-05 -2.3790573823974216e-19
1.7973550095733612e-05 -2.334996853210374e-19
1.8003356978147763e-05 -2.3760545736241527e-19
1.8033163860561914e-05 -2.3351092933509916e-19
1.8062970742976065e-05 -2.181335952909929e-19
1.8092777625390216e-05 -2.1770973495738383e-19
1.8122584507804368e-05 -2.2290889671487436e-19
1.8152391390218522e-05 -2.1518834254196088e-19
1.8182198272632673e-05 -2.0533639008891822e-19
1.8212005155046824e-05 -1.9931435911284982e-19
1.824181203746098e-05 -2.0049174081880436e-19
1.827161891987513e-05 -2.015681325528934e-19
1.8301425802289278e-05 -1.8629514101598863e-19
1.8331232684703432e-05 -1.8037271730463546e-19
1.8361039567117584e-05 -1.8593630347543006e-19
1.8390846449531738e-05 -1.7843448438691473e-19
1.842065333194589e-05 -1.7156098412052158e-19
1.845046021436004e-05 -1.654915413608437e-19
1.8480267096774195e-05 -1.626449562295982e-19
1.8510073979188346e-05 -1.6580313157919262e-19
1.8539880861602494e-05 -1.5352813426475438e-19
1.8569687744016648e-05 -1.4261216815101846e-19
1.85994946264308e-05 -1.4669900301005704e-19
1.862930150884495e-05 -1.4216040109506097e-19
1.8659108391259105e-05 -1.335656102480128e-19
1.8688915273673256e-05 -1.2827563146801906e-19
1.8718722156087407e-05 -1.2192827492277248e-19
1.874852903850156e-05 -1.2475826261820734e-19
1.877833592091571e-05 -1.1918738066204357e-19
1.8808142803329864e-05 -1.0351897019917547e-19
1.8837949685744015e-05 -1.0633684933000695e-19
1.8867756568158166e-05 -1.0715413694145755e-19
1.889756345057232e-05 -9.663282085874404e-20
1.8927370332986472e-05 -9.02169390520836e-20
1.8957177215400623e-05 -8.270825701722925e-20
1.8986984097814774e-05 -8.391316517317739e-20
1.9016790980228926e-05 -8.170419411761901e-20
1.9046597862643077e-05 -6.493506117137694e-20
1.907640474505723e-05 -6.421196122106911e-20
1.9106211627471382e-05 -6.743503812912773e-20
1.9136018509885534e-05 -5.651696169921927e-20
1.9165825392299688e-05 -4.957107070277422e-20
1.919563227471384e-05 -4.3832739629884875e-20
1.922543915712799e-05 -4.2697268887819453e-20
1.925524603954214e-05 -4.249006858538429e-20
1.9285052921956293e-05 -2.852420469309012e-20
1.9314859804370447e-05 -2.1098004276779188e-20
1.9344666686784598e-05 -2.4256020903288944e-20
1.937447356919875e-05 -1.8647136711290068e-20
1.9404280451612904e-05 -8.547560224037558e-21
1.9434087334027055e-05 -3.462147890285299e-21
1.9463894216441203e-05 -3.254735777912035e-22
1.9493701098855357e-05 -8.589270059946271e-23
1.952350798126951e-05 8.551256130124642e-21
1.955331486368366e-05 1.9856819590985237e-20
1.9583121746097814e-05 1.5657477333279368e-20
1.9612928628511965e-05 2.144556710875656e-20
1.964273551092612e-05 3.187365659101485e-20
1.967254239334027e-05 3.375008050458879e-20
1.970234927575442e-05 4.170054759903782e-20
1.9732156158168573e-05 4.240385712261239e-20
1.9761963040582724e-05 4.7014074189416225e-20
1.9791769922996876e-05 6.129405900727703e-20
1.982157680541103e-05 6.01699756601746e-20
1.985138368782518e-05 6.028784924787477e-20
1.9881190570239332e-05 7.156557540387382e-20
1.9910997452653487e-05 7.630626914607656e-20
1.9940804335067635e-05 8.001744600964344e-20
1.9970611217481786e-05 8.41162589862934e-20
2.000041809989594e-05 8.480415398872732e-20
2.003022498231009e-05 9.765218920141408e-20
2.0060031864724246e-05 1.0527048039660026e-19
2.0089838747138397e-05 9.882827656790902e-20
2.0119645629552548e-05 1.092841497972029e-19
2.0149452511966703e-05 1.171559885037896e-19
2.017925939438085e-05 1.1907325769784075e-19
2.0209066276795e-05 1.2777624028102974e-19
2.0238873159209156e-05 1.2487083002921005e-19
2.0268680041623307e-05 1.3439286107400439e-19
2.029848692403746e-05 1.4697482494261284e-19
2.0328293806451613e-05 1.3981535441247057e-19
2.0358100688865764e-05 1.4526162670086054e-19
2.0387907571279915e-05 1.563180848080194e-19
2.0417714453694066e-05 1.5949854454276534e-19
2.0447521336108218e-05 1.6542688608631054e-19
2.0477328218522372e-05 1.6559507427726868e-19
2.0507135100936523e-05 1.717091866822817e-19
2.0536941983350674e-05 1.8431665934406054e-19
2.056674886576483e-05 1.825487140317034e-19
2.059655574817898e-05 1.839245624311428e-19
2.062636263059313e-05 1.9378158227061158e-19
2.0656169513007282e-05 1.9794275148114933e-19
2.0685976395421433e-05 2.032345920170918e-19
2.0715783277835585e-05 2.0586457689833167e-19
2.074559016024974e-05 2.0818290447495092e-19
2.077539704266389e-05 2.187604499958707e-19
2.080520392507804e-05 2.214845006148265e-19
2.0835010807492196e-05 2.2075183353910513e-19
2.0864817689906344e-05 2.3056387998939425e-19
2.0894624572320498e-05 2.3600172100169253e-19
2.092443145473465e-05 2.389100732577879e-19
2.09542383371488e-05 2.4485277018320323e-19
2.0984045219562955e-05 2.4324836073579666e-19
2.1013852101977106e-05 2.515881731769179e-19
2.1043658984391257e-05 2.6185852283350727e-19
2.1073465866805412e-05 2.5641556490992534e-19
2.110327274921956e-05 2.6314302351602353e-19
2.113307963163371e-05 2.7105880396120612e-19
2.1162886514047865e-05 2.719247477955514e-19
2.1192693396462016e-05 2.8080025133154073e-19
2.1222500278876168e-05 2.8011889781734446e-19
2.1252307161290322e-05 2.8438106283829504e-19
2.1282114043704473e-05 2.9635163520603524e-19
2.1311920926118628e-05 2.9380972363246646e-19
2.1341727808532775e-05 2.9572730341777636e-19
2.1371534690946927e-05 3.021416309028123e-19
2.140134157336108e-05 3.0591267659532246e-19
2.1431148455775232e-05 3.12223419888047e-19
2.1460955338189383e-05 3.110924882374831e-19
2.1490762220603538e-05 3.128773456725663e-19
2.152056910301769e-05 3.2542627892333073e-19
2.155037598543184e-05 3.279954216357256e-19
2.158018286784599e-05 3.248865105422044e-19
2.1609989750260143e-05 3.322239775582776e-19
2.1639796632674294e-05 3.381060606432312e-19
2.1669603515088448e-05 3.4126459836220255e-19
2.16994103975026e-05 3.4196280511371435e-19
2.1729217279916754e-05 3.406501678346653e-19
2.1759024162330905e-05 3.5217030964231896e-19
2.1788831044745056e-05 3.578356461830735e-19
2.1818637927159207e-05 3.522234333324629e-19
2.184844480957336e-05 3.5764951024468104e-19
2.187825169198751e-05 3.651707857471565e-19
2.1908058574401664e-05 3.681276131522004e-19
2.1937865456815815e-05 3.7007547570137686e-19
2.1967672339229966e-05 3.7005620331714776e-19
2.199747922164412e-05 3.75417347436648e-19
2.2027286104058272e-05 3.841808759581095e-19
2.205709298647242e-05 3.822175202029703e-19
2.2086899868886574e-05 3.809872088524876e-19
2.2116706751300725e-05 3.8935259439119876e-19
2.214651363371488e-05 3.9281142965223086e-19
2.217632051612903e-05 3.946842950105697e-19
2.2206127398543182e-05 3.933575672686623e-19
2.2235934280957337e-05 3.9590932043406136e-19
2.2265741163371488e-05 4.082416378445285e-19
2.2295548045785636e-05 4.0600155056106827e-19
2.232535492819979e-05 4.0309751432201665e-19
2.235516181061394e-05 4.113947285254465e-19
2.2384968693028093e-05 4.1379219709497997e-19
2.2414775575442247e-05 4.17679361327503e-19
2.2444582457856398e-05 4.1629346099246084e-19
2.247438934027055e-05 4.144265725130068e-19
2.2504196222684704e-05 4.269249434316121e-19
2.253400310509885e-05 4.279465486271991e-19
2.2563809987513006e-05 4.2152582936940546e-19
2.2593616869927157e-05 4.2839506969423574e-19
2.262342375234131e-05 4.3345056081978333e-19
2.2653230634755463e-05 4.368801462225911e-19
2.2683037517169614e-05 4.355736221343636e-19
2.2712844399583765e-05 4.3048271838293933e-19
2.274265128199792e-05 4.437065790701092e-19
2.2772458164412067e-05 4.48153954128829e-19
2.280226504682622e-05 4.383783358874665e-19
2.2832071929240373e-05 4.4336884720047965e-19
2.2861878811654524e-05 4.482821498672757e-19
2.2891685694068675e-05 4.5102531456310095e-19
2.292149257648283e-05 4.518157078012387e-19
2.295129945889698e-05 4.466036545455245e-19
2.2981106341311136e-05 4.542892379490867e-19
2.3010913223725283e-05 4.627853100763374e-19
2.3040720106139435e-05 4.565308333671195e-19
2.307052698855359e-05 4.546170214823793e-19
2.310033387096774e-05 4.610718503351106e-19
2.313014075338189e-05 4.651157038541175e-19
2.3159947635796046e-05 4.656741335756256e-19
2.3189754518210197e-05 4.601841445342846e-19
2.3219561400624345e-05 4.618867867185235e-19
2.32493682830385e-05 4.736660506870821e-19
2.327917516545265e-05 4.6934895408944205e-19
2.3308982047866805e-05 4.617745403197659e-19
2.3338788930280956e-05 4.70399133835891e-19
2.3368595812695107e-05 4.751000889565991e-19
2.3398402695109262e-05 4.73838022230136e-19
2.3428209577523413e-05 4.709552869159487e-19
2.345801645993756e-05 4.691484458675063e-19
2.3487823342351715e-05 4.8012632214601985e-19
2.3517630224765866e-05 4.807720189556669e-19
2.3547437107180017e-05 4.691099494290873e-19
2.3577243989594172e-05 4.741808299988673e-19
2.3607050872008323e-05 4.810872118110716e-19
2.3636857754422474e-05 4.782943423839595e-19
2.366666463683663e-05 4.742893889126464e-19
2.3696471519250777e-05 4.72277619710425e-19
2.372627840166493e-05 4.812926360366514e-19
2.3756085284079082e-05 4.848245201652707e-19
2.3785892166493233e-05 4.737764021785216e-19
2.3815699048907388e-05 4.742410559764255e-19
2.384550593132154e-05 4.826825554415064e-19
2.387531281373569e-05 4.828846857258747e-19
2.3905119696149845e-05 4.788079401022279e-19
2.3934926578563992e-05 4.727718814321101e-19
2.3964733460978144e-05 4.77621255429266e-19
2.3994540343392298e-05 4.860952830792148e-19
2.402434722580645e-05 4.75260222363109e-19
2.40541541082206e-05 4.69687298798823e-19
2.4083960990634755e-05 4.793915217229332e-19
2.4113767873048906e-05 4.813802586547869e-19
2.414357475546306e-05 4.771066890801483e-19
2.417338163787721e-05 4.706996458067888e-19
2.420318852029136e-05 4.729336773472851e-19
2.4232995402705514e-05 4.8362866795773015e-19
2.4262802285119665e-05 4.750485108939198e-19
2.4292609167533816e-05 4.648974724871849e-19
2.432241604994797e-05 4.734143243937216e-19
2.4352222932362122e-05 4.766261855859447e-19
2.4382029814776273e-05 4.713959201364251e-19
2.4411836697190424e-05 4.638434640188041e-19
2.4441643579604575e-05 4.649172515254271e-19
2.4471450462018727e-05 4.761667220446879e-19
2.450125734443288e-05 4.704379320098021e-19
2.4531064226847032e-05 4.583978619271211e-19
2.4560871109261187e-05 4.643591660647715e-19
2.4590677991675338e-05 4.696194691951278e-19
2.462048487408949e-05 4.646674632260691e-19
2.465029175650364e-05 4.585794944596937e-19
2.468009863891779e-05 4.543357670310518e-19
2.4709905521331942e-05 4.620056488192217e-19
2.4739712403746097e-05 4.647645891830926e-19
2.4769519286160248e-05 4.485640864601917e-19
2.47993261685744e-05 4.478215245270961e-19
2.4829133050988554e-05 4.58640932995864e-19
2.4858939933402705e-05 4.539145812823423e-19
2.4888746815816853e-05 4.482497508371731e-19
2.4918553698231007e-05 4.435227221096894e-19
2.494836058064516e-05 4.457782190365483e-19
2.4978167463059313e-05 4.541304452014709e-19
2.5007974345473464e-05 4.3962732035942e-19
2.5037781227887615e-05 4.3292836038168303e-19
2.506758811030177e-05 4.454238270696959e-19
2.509739499271592e-05 4.41543008586673e-19
2.512720187513007e-05 4.340634275544767e-19
2.5157008757544223e-05 4.286069179593763e-19
2.5186815639958374e-05 4.2932118779382373e-19
2.5216622522372525e-05 4.3769539252558e-19
2.524642940478668e-05 4.265896508798984e-19
2.527623628720083e-05 4.1582792189329855e-19
2.5306043169614982e-05 4.2590326257346565e-19
2.5335850052029137e-05 4.272643183403969e-19
2.5365656934443284e-05 4.1811739248703676e-19
2.539546381685744e-05 4.1154921800307447e-19
2.542527069927159e-05 4.102742235403434e-19
2.545507758168574e-05 4.197311270354593e-19
2.5484884464099896e-05 4.1304489458538186e-19
2.5514691346514047e-05 3.9519938412620835e-19
2.5544498228928198e-05 4.0264972024107006e-19
2.5574305111342353e-05 4.103921007225311e-19
2.56041119937565e-05 4.000199991895034e-19
2.563391887617065e-05 3.9218466785582636e-19
2.5663725758584806e-05 3.886790845541869e-19
2.5693532640998957e-05 3.947232516536009e-19
2.5723339523413108e-05 3.965245293470834e-19
2.5753146405827263e-05 3.772702668772383e-19
2.5782953288241414e-05 3.7618898246291006e-19
2.581276017065557e-05 3.88604522227504e-19
2.5842567053069716e-05 3.781352812032082e-19
2.5872373935483867e-05 3.6720354458921225e-19
2.5902180817898022e-05 3.665863597922863e-19
2.5931987700312173e-05 3.7037324414846133e-19
2.5961794582726324e-05 3.7245845363257973e-19
2.599160146514048e-05 3.581726196628537e-19
2.602140834755463e-05 3.49861671311899e-19
2.6051215229968778e-05 3.6119109727779706e-19
2.6081022112382932e-05 3.587108756988459e-19
2.6110828994797083e-05 3.4305553813101746e-19
2.6140635877211234e-05 3.41305701681079e-19
2.617044275962539e-05 3.439513271410395e-19
2.620024964203954e-05 3.446220649309707e-19
2.6230056524453695e-05 3.357606897386363e-19
2.6259863406867846e-05 3.2211978896025347e-19
2.6289670289281994e-05 3.307507915419279e-19
2.6319477171696148e-05 3.351128870907528e-19
2.63492840541103e-05 3.1834087880825785e-19
2.637909093652445e-05 3.1215407222490347e-19
2.6408897818938605e-05 3.1551505617222624e-19
2.6438704701352756e-05 3.179646460414682e-19
2.6468511583766907e-05 3.1174272935981054e-19
2.649831846618106e-05 2.94308337943181e-19
2.652812534859521e-05 2.9777039915329253e-19
2.655793223100936e-05 3.067381952276944e-19
2.6587739113423515e-05 2.9137788261697e-19
2.6617545995837666e-05 2.8297588169018844e-19
2.664735287825182e-05 2.838842697340241e-19
2.6677159760665972e-05 2.8555588454267787e-19
2.6706966643080123e-05 2.8389749663446887e-19
2.6736773525494278e-05 2.6693962764669003e-19
2.6766580407908425e-05 2.6556588260278916e-19
2.6796387290322576e-05 2.7607997977824254e-19
2.682619417273673e-05 2.6468952782773966e-19
2.6856001055150882e-05 2.5064133458933067e-19
2.6885807937565033e-05 2.509495072215672e-19
2.6915614819979188e-05 2.5430614563251375e-19
2.694542170239334e-05 2.521510819191528e-19
2.697522858480749e-05 2.374984338925117e-19
2.700503546722164e-05 2.3043634298328162e-19
2.7034842349635792e-05 2.4100924448162606e-19
2.7064649232049947e-05 2.3658518317968126e-19
2.7094456114464098e-05 2.1920849419051865e-19
2.712426299687825e-05 2.174411095175335e-19
2.7154069879292404e-05 2.2218128888036024e-19
2.7183876761706555e-05 2.1893206591357027e-19
2.7213683644120706e-05 2.0782772761067738e-19
2.7243490526534857e-05 1.9609359772414013e-19
2.7273297408949008e-05 2.0396675039084903e-19
2.730310429136316e-05 2.062798124766055e-19
2.7332911173777314e-05 1.8578859956382958e-19
2.7362718056191465e-05 1.8188236522905046e-19
2.7392524938605616e-05 1.8705754912146217e-19
2.742233182101977e-05 1.8270530539504556e-19
2.7452138703433922e-05 1.7484731290317787e-19
2.7481945585848073e-05 1.630336435406674e-19
2.7511752468262224e-05 1.6596091205489873e-19
2.7541559350676375e-05 1.7119820605953735e-19
2.757136623309053e-05 1.5487209159310605e-19
2.760117311550468e-05 1.4441018359491043e-19
2.7630979997918832e-05 1.4911134265572964e-19
2.7660786880332987e-05 1.4929814569208787e-19
2.7690593762747138e-05 1.3983163422488833e-19
2.7720400645161286e-05 1.2739903729029532e-19
2.775020752757544e-05 1.2608254548230478e-19
2.778001440998959e-05 1.320385704282506e-19
2.7809821292403742e-05 1.2227445379223423e-19
2.7839628174817897e-05 1.0900429482477882e-19
2.7869435057232048e-05 1.1015264231666186e-19
2.7899241939646203e-05 1.126393583764895e-19
2.7929048822060354e-05 1.0627285940361163e-19
2.79588557044745e-05 9.163912675760122e-20
2.7988662586888656e-05 8.746548510153939e-20
2.8018469469302807e-05 9.455099418955973e-20
2.8048276351716958e-05 8.678878908025568e-20
2.8078083234131113e-05 7.206449923948735e-20
2.8107890116545264e-05 6.85602456058053e-20
2.8137696998959415e-05 7.223349111581131e-20
2.816750388137357e-05 7.02307687449962e-20
2.8197310763787717e-05 5.71829443352612e-20
2.822711764620187e-05 4.797337983967837e-20
2.8256924528616023e-05 5.371502144536332e-20
2.8286731411030174e-05 5.363674321800497e-20
2.831653829344433e-05 3.633220828222541e-20
2.834634517585848e-05 2.952353888625149e-20
2.837615205827263e-05 3.4457197473427675e-20
2.8405958940686785e-05 3.1914677627781614e-20
2.8435765823100933e-05 2.076677554809821e-20
2.8465572705515084e-05 8.238943372907246e-21
2.849537958792924e-05 1.2539212550648164e-20
2.852518647034339e-05 1.6264845071979984e-20
2.855499335275754e-05 -1.3797237642143874e-22
2.8584800235171696e-05 -8.136914777952983e-21
