0.0 5.097642596646212e-20
2.981722255489022e-08 3.247489595722707e-20
5.963444510978044e-08 4.110246613141174e-20
8.945166766467065e-08 4.731834226780559e-20
1.1926889021956087e-07 4.3295658790263645e-20
1.490861127744511e-07 4.4047454406853113e-20
1.789033353293413e-07 3.4972057284381e-20
2.0872055788423153e-07 4.5384027750625397e-20
2.3853778043912174e-07 5.3481678973016524e-20
2.6835500299401193e-07 3.640969907591175e-20
2.981722255489022e-07 4.080728458900932e-20
3.279894481037924e-07 4.934761527779462e-20
3.578066706586826e-07 4.4506947758644044e-20
3.876238932135728e-07 4.556666502647756e-20
4.1744111576846305e-07 3.798315074536152e-20
4.4725833832335324e-07 4.0752846635613915e-20
4.770755608782435e-07 5.515684394441166e-20
5.068927834331336e-07 4.186705980484297e-20
5.367100059880239e-07 3.618731328809296e-20
5.665272285429141e-07 4.8879816834558457e-20
5.963444510978044e-07 4.7012916483452053e-20
6.261616736526946e-07 4.6091788767096877e-20
6.559788962075848e-07 4.220729780893566e-20
6.85796118762475e-07 4.1477054875009304e-20
7.156133413173652e-07 5.513727499279505e-20
7.454305638722554e-07 4.7021814531447517e-20
7.752477864271456e-07 3.551764187817218e-20
8.050650089820359e-07 4.8557027724891733e-20
8.348822315369261e-07 5.0758552793629206e-20
8.646994540918162e-07 4.532904149954095e-20
8.945166766467065e-07 4.506877046963069e-20
9.243338992015967e-07 4.058559079845878e-20
9.54151121756487e-07 5.197002552950508e-20
9.839683443113771e-07 5.400717906984326e-20
1.0137855668662672e-06 3.7560636948835995e-20
1.0436027894211576e-06 4.793081958431406e-20
1.0734200119760477e-06 5.36905905861992e-20
1.103237234530938e-06 4.47094177918838e-20
1.1330544570858282e-06 4.838564542305257e-20
1.1628716796407184e-06 4.291746150943662e-20
1.1926889021956087e-06 4.7751384992200255e-20
1.2225061247504989e-06 5.696971877727673e-20
1.2523233473053892e-06 4.0422803583174954e-20
1.2821405698602793e-06 4.341269774890966e-20
1.3119577924151697e-06 5.725545921877497e-20
1.3417750149700598e-06 4.788041069336039e-20
1.37159223752495e-06 4.6864537699402246e-20
1.4014094600798403e-06 4.703745985512697e-20
1.4312266826347305e-06 4.6919380595131243e-20
1.4610439051896208e-06 5.851560411209175e-20
1.4908611277445107e-06 4.5754714173631294e-20
1.520678350299401e-06 3.934069479577042e-20
1.5504955728542912e-06 5.673161704024128e-20
1.5803127954091814e-06 5.096192815438303e-20
1.6101300179640717e-06 4.517368833625662e-20
1.6399472405189619e-06 4.802597424206429e-20
1.6697644630738522e-06 4.613418145907452e-20
1.6995816856287423e-06 5.680748913628068e-20
1.7293989081836325e-06 5.0660137165692065e-20
1.7592161307385228e-06 3.905506126247656e-20
1.789033353293413e-06 5.321507449337739e-20
1.8188505758483033e-06 5.3547920814027335e-20
1.8486677984031935e-06 4.600973283496068e-20
1.8784850209580838e-06 4.798048676829551e-20
1.908302243512974e-06 4.563396224604092e-20
1.938119466067864e-06 5.2534289369163395e-20
1.9679366886227542e-06 5.364222287895499e-20
1.9977539111776444e-06 3.9238934794551896e-20
2.0275711337325345e-06 4.8200585407032487e-20
2.057388356287425e-06 5.820992246650483e-20
2.087205578842315e-06 4.4704536355763825e-20
2.1170228013972053e-06 4.677440580337847e-20
2.1468400239520955e-06 4.860172849117973e-20
2.1766572465069856e-06 4.7102251568735297e-20
2.206474469061876e-06 5.575351692561984e-20
2.2362916916167663e-06 4.14466529418664e-20
2.2661089141716565e-06 4.164510226223268e-20
2.2959261367265466e-06 5.71693741371862e-20
2.3257433592814367e-06 4.566497867687823e-20
2.3555605818363273e-06 4.4113217717778924e-20
2.3853778043912174e-06 4.7389708656010286e-20
2.4151950269461076e-06 4.621053029578604e-20
2.4450122495009977e-06 5.433235511012049e-20
2.4748294720558883e-06 4.493814956241247e-20
2.5046466946107784e-06 3.9359110890867436e-20
2.5344639171656685e-06 5.42832382634545e-20
2.5642811397205587e-06 4.8406934436284217e-20
2.594098362275449e-06 4.131056619654197e-20
2.6239155848303394e-06 4.870438516366677e-20
2.6537328073852295e-06 4.332447867347144e-20
2.6835500299401197e-06 4.918177040849083e-20
2.71336725249501e-06 4.855833051545977e-20
2.7431844750499e-06 3.504484656114571e-20
2.7730016976047905e-06 4.926359524342744e-20
2.8028189201596806e-06 5.116777849769808e-20
2.8326361427145708e-06 4.01198960896935e-20
2.862453365269461e-06 4.5941580673101954e-20
2.892270587824351e-06 4.481660529987395e-20
2.9220878103792416e-06 4.6749947532489597e-20
2.9519050329341313e-06 4.768404519499211e-20
2.9817222554890215e-06 3.667709756327752e-20
3.0115394780439116e-06 4.3956742446227446e-20
3.041356700598802e-06 5.053157811282507e-20
3.0711739231536923e-06 3.974672536224072e-20
3.1009911457085824e-06 4.186307385490034e-20
3.1308083682634726e-06 4.284123816209058e-20
3.1606255908183627e-06 4.133126501734611e-20
3.1904428133732533e-06 4.831682208088471e-20
3.2202600359281434e-06 3.833781381666056e-20
3.2500772584830336e-06 3.678894508484898e-20
3.2798944810379237e-06 5.074421490084056e-20
3.309711703592814e-06 4.140025138969123e-20
3.3395289261477044e-06 3.659491889847305e-20
3.3693461487025945e-06 4.2792352984309906e-20
3.3991633712574847e-06 3.786273303554798e-20
3.428980593812375e-06 4.4392298399760276e-20
3.458797816367265e-06 3.9971530761812304e-20
3.4886150389221555e-06 2.9656623257870326e-20
3.5184322614770457e-06 4.5144863572654887e-20
3.548249484031936e-06 4.1589051905110443e-20
3.578066706586826e-06 3.1361951894497535e-20
3.6078839291417165e-06 3.952247633929684e-20
3.6377011516966066e-06 3.529355166645712e-20
3.6675183742514968e-06 3.865455662020562e-20
3.697335596806387e-06 4.099516629536199e-20
3.727152819361277e-06 2.5256989370255826e-20
3.7569700419161676e-06 3.5571940737205935e-20
3.7867872644710578e-06 4.2926623623848876e-20
3.816604487025948e-06 2.69911067608044e-20
3.846421709580838e-06 3.2137736576878356e-20
3.876238932135728e-06 3.3504852376295843e-20
3.906056154690618e-06 3.113069955180822e-20
3.9358733772455084e-06 3.7080446195577987e-20
3.965690599800399e-06 2.5147776424472748e-20
3.995507822355289e-06 2.8514174634985027e-20
4.025325044910179e-06 3.831630414332799e-20
4.055142267465069e-06 2.5466605941063738e-20
4.0849594900199596e-06 2.676076720292111e-20
4.11477671257485e-06 3.093872323990385e-20
4.14459393512974e-06 2.49442390808409e-20
4.17441115768463e-06 3.129685695480018e-20
4.20422838023952e-06 2.515504469639625e-20
4.234045602794411e-06 1.771304207574107e-20
4.263862825349301e-06 3.1281890455271704e-20
4.293680047904191e-06 2.7047395350755656e-20
4.3234972704590815e-06 1.9919627394612245e-20
4.353314493013971e-06 2.5131888204417815e-20
4.383131715568862e-06 2.0714128014617965e-20
4.412948938123752e-06 2.553532253132648e-20
4.442766160678642e-06 2.3722349193559667e-20
4.472583383233533e-06 1.2580543117888409e-20
4.502400605788422e-06 2.4793244186817472e-20
4.532217828343313e-06 2.4497400892782455e-20
4.5620350508982035e-06 1.3419657677580624e-20
4.591852273453093e-06 1.8600227856607912e-20
4.621669496007984e-06 1.6107890909591055e-20
4.6514867185628735e-06 1.9452395675992588e-20
4.681303941117764e-06 2.1615218928654505e-20
4.711121163672655e-06 8.613291845041464e-21
4.740938386227544e-06 1.545013683974479e-20
4.770755608782435e-06 2.090196976121337e-20
4.8005728313373246e-06 1.0313110984297501e-20
4.830390053892215e-06 1.3163349819954505e-20
4.860207276447106e-06 1.2053337439411264e-20
4.890024499001995e-06 1.0634862647547885e-20
4.919841721556886e-06 1.6467747287907128e-20
4.9496589441117765e-06 5.4773320112080066e-21
4.979476166666666e-06 4.472202625518162e-21
5.009293389221557e-06 1.7003020740845726e-20
5.0391106117764465e-06 9.541347428247485e-21
5.068927834331337e-06 3.603040460628649e-21
5.098745056886228e-06 8.370454963462125e-21
5.128562279441117e-06 6.7132808418927246e-21
5.158379501996008e-06 1.0447630574121833e-20
5.188196724550898e-06 4.2663614308902215e-21
5.218013947105788e-06 -5.252433709143147e-21
5.247831169660679e-06 9.567478625530187e-21
5.2776483922155685e-06 7.611131170267479e-21
5.307465614770459e-06 -4.835801722152004e-21
5.337282837325349e-06 7.927944777573689e-22
5.367100059880239e-06 6.136482139097405e-22
5.39691728243513e-06 3.955653763048143e-21
5.42673450499002e-06 1.3911295134108868e-21
5.45655172754491e-06 -1.0780525095501864e-20
5.4863689500998e-06 4.99140267656896e-22
5.5161861726546904e-06 3.442973054042797e-21
5.546003395209581e-06 -9.793986494891754e-21
5.575820617764471e-06 -6.00505769378912e-21
5.605637840319361e-06 -6.642188138125014e-21
5.635455062874251e-06 -5.779469357490854e-21
5.6652722854291416e-06 -2.630399866171417e-21
5.695089507984032e-06 -1.7386174089355956e-20
5.724906730538922e-06 -1.0382524676072362e-20
5.754723953093812e-06 -6.823128416436573e-22
5.784541175648702e-06 -1.486099338200072e-20
5.814358398203593e-06 -1.4263403395439065e-20
5.844175620758483e-06 -1.3013141114423329e-20
5.873992843313373e-06 -1.3298222201621765e-20
5.903810065868263e-06 -8.155886199824903e-21
5.933627288423152e-06 -2.099382354132829e-20
5.963444510978043e-06 -2.2797380770049203e-20
5.9932617335329335e-06 -7.83995145096112e-21
6.023078956087823e-06 -1.6998740880888187e-20
6.052896178642714e-06 -2.6907677015042068e-20
6.082713401197604e-06 -1.9332753086333024e-20
6.112530623752494e-06 -1.995864279438367e-20
6.142347846307385e-06 -1.7489915289626866e-20
6.172165068862274e-06 -2.290673530200652e-20
6.201982291417165e-06 -3.357649147984802e-20
6.2317995139720555e-06 -1.6936347415690083e-20
6.261616736526945e-06 -1.927294065576823e-20
6.291433959081836e-06 -3.5403580229557684e-20
6.3212511816367255e-06 -2.777958581592921e-20
6.351068404191616e-06 -2.866538349832269e-20
6.3808856267465066e-06 -2.5687561331047847e-20
6.410702849301396e-06 -2.729179975501413e-20
6.440520071856287e-06 -4.208772613479308e-20
6.4703372944111766e-06 -2.8247260331001576e-20
6.500154516966067e-06 -2.3006725130180434e-20
6.529971739520958e-06 -3.9671057434029946e-20
6.559788962075847e-06 -3.5494336053775885e-20
6.589606184630738e-06 -3.3652818796944956e-20
6.619423407185628e-06 -3.4966510782799935e-20
6.649240629740518e-06 -3.212573895662751e-20
6.679057852295409e-06 -4.6537897664146474e-20
6.7088750748502985e-06 -4.1392004629004016e-20
6.738692297405189e-06 -2.7297757727583206e-20
6.768509519960079e-06 -4.41332342922029e-20
6.798326742514969e-06 -4.8776304263797995e-20
6.82814396506986e-06 -4.0776374402874264e-20
6.85796118762475e-06 -4.236637366152466e-20
6.88777841017964e-06 -3.9269813025743145e-20
6.91759563273453e-06 -4.9332407363637347e-20
6.9474128552894205e-06 -5.3516133327092487e-20
6.977230077844311e-06 -3.5510559827871027e-20
7.007047300399201e-06 -4.4350455361634685e-20
7.036864522954091e-06 -5.920459166944866e-20
7.066681745508981e-06 -4.889057893253975e-20
7.096498968063872e-06 -4.6885906692027403e-20
7.126316190618762e-06 -4.746359450277357e-20
7.156133413173652e-06 -5.462477170261709e-20
7.1859506357285424e-06 -6.323656654755397e-20
7.215767858283433e-06 -4.502082867274107e-20
7.245585080838323e-06 -4.640091172217298e-20
7.275402303393213e-06 -6.494189402906866e-20
7.305219525948103e-06 -5.898815965807073e-20
7.3350367485029935e-06 -5.302163962512186e-20
7.364853971057884e-06 -5.1882873782032896e-20
7.394671193612774e-06 -5.813480557227704e-20
7.424488416167664e-06 -7.048065585199875e-20
7.454305638722554e-06 -5.601987409575534e-20
7.484122861277445e-06 -4.9435103917955597e-20
7.513940083832335e-06 -7.151772089762142e-20
7.543757306387225e-06 -6.95757026709045e-20
7.5735745289421155e-06 -5.738715826077913e-20
7.603391751497005e-06 -6.080180119478922e-20
7.633208974051896e-06 -6.299099055973091e-20
7.663026196606786e-06 -7.293343439644457e-20
7.692843419161675e-06 -7.004445865334817e-20
7.722660641716566e-06 -5.3626317278790467e-20
7.752477864271456e-06 -7.11914805551589e-20
7.782295086826347e-06 -8.214799258256216e-20
7.812112309381236e-06 -6.43855334460359e-20
7.841929531936126e-06 -6.6982579933884e-20
7.871746754491017e-06 -7.225196867646964e-20
7.901563977045907e-06 -7.701174927620874e-20
7.931381199600798e-06 -8.05463586245062e-20
7.961198422155687e-06 -6.164473142746354e-20
7.991015644710577e-06 -7.183191105374684e-20
8.020832867265468e-06 -9.027946714819156e-20
8.050650089820359e-06 -7.384543601785094e-20
8.080467312375249e-06 -7.096366107280626e-20
8.110284534930138e-06 -7.588144648497851e-20
8.140101757485029e-06 -8.159592975661153e-20
8.169918980039919e-06 -9.035907187278326e-20
8.19973620259481e-06 -7.182915724324093e-20
8.2295534251497e-06 -7.238690187169221e-20
8.259370647704589e-06 -9.568968259894995e-20
8.28918787025948e-06 -8.484622556625798e-20
8.31900509281437e-06 -7.585359809189216e-20
8.34882231536926e-06 -8.317244567033598e-20
8.378639537924151e-06 -8.535998729308501e-20
8.40845676047904e-06 -9.459966221006136e-20
8.43827398303393e-06 -8.362919126772626e-20
8.468091205588821e-06 -7.310666781191384e-20
8.497908428143712e-06 -9.821787905506267e-20
8.527725650698602e-06 -9.849718088864231e-20
8.557542873253491e-06 -8.025847818618856e-20
8.587360095808382e-06 -8.778050994561031e-20
8.617177318363272e-06 -9.310894536716854e-20
8.646994540918163e-06 -9.713003567371266e-20
8.676811763473054e-06 -9.419377624256837e-20
8.706628986027942e-06 -7.936761126178662e-20
8.736446208582833e-06 -9.732988206148485e-20
8.766263431137724e-06 -1.0856203609884056e-19
8.796080653692614e-06 -8.612328099841632e-20
8.825897876247505e-06 -8.867254111021425e-20
8.855715098802394e-06 -9.898508988049548e-20
8.885532321357284e-06 -1.015852176675486e-19
8.915349543912175e-06 -1.0326059110929321e-19
8.945166766467065e-06 -8.677547479706019e-20
8.974983989021956e-06 -9.4694449436446e-20
9.004801211576845e-06 -1.1476756196528486e-19
9.034618434131735e-06 -9.730826921749756e-20
9.064435656686626e-06 -9.026343140082799e-20
9.094252879241516e-06 -1.0274288346268391e-19
9.124070101796407e-06 -1.0617271854999431e-19
9.153887324351296e-06 -1.0740786125777567e-19
9.183704546906186e-06 -9.348489253873766e-20
9.213521769461077e-06 -9.56889496024466e-20
9.243338992015967e-06 -1.1966465180895155e-19
9.273156214570858e-06 -1.0685323261213969e-19
9.302973437125747e-06 -9.285748602982024e-20
9.332790659680637e-06 -1.0620532547063064e-19
9.362607882235528e-06 -1.095905319131793e-19
9.392425104790419e-06 -1.1133580941652562e-19
9.42224232734531e-06 -1.0324971739070724e-19
9.452059549900198e-06 -9.509358213088405e-20
9.481876772455089e-06 -1.170637735909835e-19
9.51169399500998e-06 -1.1634912210722304e-19
9.54151121756487e-06 -9.697212694929941e-20
9.57132844011976e-06 -1.0586393964349987e-19
9.601145662674649e-06 -1.1343910968842772e-19
9.63096288522954e-06 -1.1503548274471212e-19
9.66078010778443e-06 -1.1054571951307139e-19
9.69059733033932e-06 -9.901748996639243e-20
9.720414552894211e-06 -1.1562863434625654e-19
9.7502317754491e-06 -1.2371508767416248e-19
9.78004899800399e-06 -1.0384382235660003e-19
9.809866220558881e-06 -1.0553075984568135e-19
9.839683443113772e-06 -1.1654614787889996e-19
9.869500665668663e-06 -1.1925539890915765e-19
9.899317888223553e-06 -1.1601030736688254e-19
9.929135110778442e-06 -1.0371480860098711e-19
9.958952333333333e-06 -1.137495405531202e-19
9.988769555888223e-06 -1.2943775515744397e-19
1.0018586778443114e-05 -1.1226244822126977e-19
1.0048404000998004e-05 -1.060312728320231e-19
1.0078221223552893e-05 -1.1829343708648696e-19
1.0108038446107784e-05 -1.199140658542344e-19
1.0137855668662674e-05 -1.2105732651900473e-19
1.0167672891217565e-05 -1.0949013122188362e-19
1.0197490113772455e-05 -1.085318003646857e-19
1.0227307336327344e-05 -1.311766830718898e-19
1.0257124558882235e-05 -1.191513664454662e-19
1.0286941781437125e-05 -1.0349323110165256e-19
1.0316759003992016e-05 -1.2076204068310218e-19
1.0346576226546906e-05 -1.2447129272307593e-19
1.0376393449101795e-05 -1.2182572940623977e-19
1.0406210671656686e-05 -1.1567443698721157e-19
1.0436027894211576e-05 -1.0784328282557472e-19
1.0465845116766467e-05 -1.3002496221229594e-19
1.0495662339321358e-05 -1.2890417048848197e-19
1.0525479561876246e-05 -1.0492893157808258e-19
1.0555296784431137e-05 -1.1650650397074583e-19
1.0585114006986028e-05 -1.2650487499928797e-19
1.0614931229540918e-05 -1.218578491946462e-19
1.0644748452095809e-05 -1.1713945475717908e-19
1.0674565674650698e-05 -1.107692850700172e-19
1.0704382897205588e-05 -1.2467383129661562e-19
1.0734200119760479e-05 -1.322368749283916e-19
1.076401734231537e-05 -1.1176825418585928e-19
1.079383456487026e-05 -1.1172080619336976e-19
1.0823651787425149e-05 -1.2708782246045627e-19
1.085346900998004e-05 -1.2340186530960467e-19
1.088328623253493e-05 -1.1869718008184933e-19
1.091310345508982e-05 -1.1152158380745727e-19
1.0942920677644711e-05 -1.163519794150509e-19
1.09727379001996e-05 -1.3326640902986198e-19
1.100255512275449e-05 -1.1510587284390673e-19
1.1032372345309381e-05 -1.0651842687103193e-19
1.1062189567864271e-05 -1.2485834935354683e-19
1.1092006790419162e-05 -1.2392454654126704e-19
1.1121824012974051e-05 -1.1917153490430357e-19
1.1151641235528941e-05 -1.114122902025023e-19
1.1181458458083832e-05 -1.1396076446095186e-19
1.1211275680638723e-05 -1.310347559080451e-19
1.1241092903193613e-05 -1.1790636504701445e-19
1.1270910125748502e-05 -1.0444548331551118e-19
1.1300727348303393e-05 -1.1889198034591232e-19
1.1330544570858283e-05 -1.2191028169523705e-19
1.1360361793413174e-05 -1.1634817720226066e-19
1.1390179015968064e-05 -1.1168004391962864e-19
1.1419996238522953e-05 -1.0736663871950002e-19
1.1449813461077844e-05 -1.2334099595258122e-19
1.1479630683632734e-05 -1.2284622561316314e-19
1.1509447906187625e-05 -1.0082811322613936e-19
1.1539265128742515e-05 -1.111911415372873e-19
1.1569082351297404e-05 -1.2245862543048648e-19
1.1598899573852295e-05 -1.131552970826899e-19
1.1628716796407185e-05 -1.0988271843466414e-19
1.1658534018962076e-05 -1.0317597327296596e-19
1.1688351241516966e-05 -1.1269183290345688e-19
1.1718168464071855e-05 -1.235919339976357e-19
1.1747985686626746e-05 -9.981122780919567e-20
1.1777802909181635e-05 -1.0062802959769191e-19
1.1807620131736525e-05 -1.1978415767066325e-19
1.1837437354291416e-05 -1.1089038017932605e-19
1.1867254576846305e-05 -1.0598804634792221e-19
1.1897071799401195e-05 -1.0161384971147409e-19
1.1926889021956086e-05 -1.0549995169415456e-19
1.1956706244510976e-05 -1.2031603256504384e-19
1.1986523467065867e-05 -1.0126339517796209e-19
1.2016340689620758e-05 -9.128174534828585e-20
1.2046157912175646e-05 -1.12261793777988e-19
1.2075975134730537e-05 -1.0901891273348496e-19
1.2105792357285428e-05 -1.00146533179628e-19
1.2135609579840318e-05 -9.844100650084679e-20
1.2165426802395209e-05 -9.619913469536802e-20
1.2195244024950098e-05 -1.1167911653682134e-19
1.2225061247504988e-05 -1.0291407516053161e-19
1.2254878470059879e-05 -8.368803220413141e-20
1.228469569261477e-05 -1.0294529621222499e-19
1.231451291516966e-05 -1.0708782654142711e-19
1.2344330137724549e-05 -9.35495941547309e-20
1.237414736027944e-05 -9.298619943372088e-20
1.240396458283433e-05 -8.874314093169706e-20
1.243378180538922e-05 -1.0020039230411002e-19
1.2463599027944111e-05 -1.0185150438570212e-19
1.2493416250499e-05 -7.913450922337417e-20
1.252323347305389e-05 -8.87777673983421e-20
1.2553050695608781e-05 -1.0182519574591377e-19
1.2582867918163671e-05 -9.083083553698742e-20
1.2612685140718562e-05 -8.487355792995901e-20
1.2642502363273451e-05 -8.240551933254385e-20
1.2672319585828341e-05 -9.040622957524919e-20
1.2702136808383232e-05 -9.716239481854596e-20
1.2731954030938123e-05 -7.673121338004407e-20
1.2761771253493013e-05 -7.180462412877749e-20
1.2791588476047902e-05 -9.243449928959635e-20
1.2821405698602793e-05 -8.550624219658139e-20
1.2851222921157683e-05 -7.317370322650918e-20
1.2881040143712574e-05 -7.536868484901635e-20
1.2910857366267464e-05 -7.765933409546003e-20
1.2940674588822353e-05 -8.776523601333059e-20
1.2970491811377244e-05 -7.374475059865827e-20
1.3000309033932134e-05 -5.981654577117554e-20
1.3030126256487025e-05 -8.034815429959703e-20
1.3059943479041915e-05 -7.985161032708045e-20
1.3089760701596804e-05 -6.562291246390094e-20
1.3119577924151695e-05 -6.504113060907077e-20
1.3149395146706585e-05 -6.537600470801295e-20
1.3179212369261476e-05 -7.47288437172201e-20
1.3209029591816366e-05 -6.917226918241152e-20
1.3238846814371255e-05 -5.0335584590147234e-20
1.3268664036926146e-05 -6.365818446042299e-20
1.3298481259481036e-05 -7.359467384357099e-20
1.3328298482035927e-05 -5.772128101050032e-20
1.3358115704590818e-05 -5.346113994584358e-20
1.3387932927145706e-05 -5.457979349410603e-20
1.3417750149700597e-05 -6.186249241876953e-20
1.3447567372255488e-05 -6.115976610345681e-20
1.3477384594810378e-05 -4.041371494621965e-20
1.3507201817365269e-05 -4.7007051256963756e-20
1.3537019039920158e-05 -6.135536954863982e-20
1.3566836262475048e-05 -4.8427577281139416e-20
1.3596653485029939e-05 -4.090597222147962e-20
1.362647070758483e-05 -4.23293283051096e-20
1.365628793013972e-05 -4.6810698265195436e-20
1.3686105152694609e-05 -5.2927345687208075e-20
1.37159223752495e-05 -3.497046738038121e-20
1.374573959780439e-05 -2.802605746307678e-20
1.377555682035928e-05 -4.9228655200898316e-20
1.3805374042914171e-05 -4.263035540198122e-20
1.383519126546906e-05 -2.786733107999866e-20
1.386500848802395e-05 -2.9236148869534824e-20
1.3894825710578841e-05 -3.167527620438868e-20
1.3924642933133732e-05 -4.0450477316498813e-20
1.3954460155688622e-05 -2.772804042043021e-20
1.3984277378243511e-05 -1.3727578830236332e-20
1.4014094600798402e-05 -3.310271730369537e-20
1.4043911823353292e-05 -3.4873399174959197e-20
1.4073729045908183e-05 -1.7539059843877514e-20
1.4103546268463073e-05 -1.5563267358894668e-20
1.4133363491017962e-05 -1.951580118146837e-20
1.4163180713572853e-05 -2.6454399682984174e-20
1.4192997936127743e-05 -1.869394029356242e-20
1.4222815158682634e-05 -1.0713622157856557e-21
1.4252632381237524e-05 -1.3975310103119305e-20
1.4282449603792415e-05 -2.49598610011907e-20
1.4312266826347304e-05 -6.905722578440443e-21
1.4342084048902194e-05 -1.77366689751118e-21
1.4371901271457085e-05 -5.059427431288893e-21
1.4401718494011975e-05 -1.0577737577142037e-20
1.4431535716566866e-05 -1.2593474441999639e-20
1.4461352939121755e-05 9.82661652483764e-21
1.4491170161676645e-05 5.567987664442231e-21
1.4520987384231536e-05 -1.2371251290963874e-20
1.4550804606786427e-05 2.4313584679780158e-21
1.4580621829341317e-05 1.2179790558226262e-20
1.4610439051896206e-05 1.049051373806313e-20
1.4640256274451097e-05 3.988389790400576e-21
1.4670073497005987e-05 1.0162217371075106e-21
1.4699890719560878e-05 1.9423079014402634e-20
1.4729707942115768e-05 2.336523405869418e-20
1.4759525164670657e-05 4.1194231765906445e-21
1.4789342387225548e-05 8.838752108222762e-21
1.4819159609780438e-05 2.6075990343774125e-20
1.4848976832335329e-05 2.3891403738182046e-20
1.487879405489022e-05 1.872495320049343e-20
1.4908611277445108e-05 1.4862222100689468e-20
1.4938428499999999e-05 2.6751536258281517e-20
1.496824572255489e-05 4.083723628505009e-20
1.499806294510978e-05 2.1384204756135596e-20
1.502788016766467e-05 1.912384889297284e-20
1.505769739021956e-05 3.9806571287838233e-20
1.508751461277445e-05 3.933724138603255e-20
1.511733183532934e-05 3.3515781422842094e-20
1.5147149057884231e-05 2.729822575496466e-20
1.5176966280439122e-05 3.511086155450808e-20
1.520678350299401e-05 5.2845437447342575e-20
1.5236600725548901e-05 3.967589198819779e-20
1.526641794810379e-05 2.91454463724594e-20
1.529623517065868e-05 4.768044437398207e-20
1.5326052393213573e-05 5.456482963503044e-20
1.535586961576846e-05 4.828015793484395e-20
1.538568683832335e-05 4.2199902692934193e-20
1.5415504060878243e-05 4.53617043620236e-20
1.544532128343313e-05 6.50756203612512e-20
1.5475138505988024e-05 5.795371637536173e-20
1.5504955728542913e-05 4.0684409140468476e-20
1.55347729510978e-05 5.614981446933936e-20
1.5564590173652694e-05 6.598138533965338e-20
1.5594407396207583e-05 6.208819764113047e-20
1.562422461876247e-05 5.654115476086304e-20
1.5654041841317364e-05 5.381303605950163e-20
1.5683859063872253e-05 7.34715447209408e-20
1.5713676286427145e-05 7.758476067986734e-20
1.5743493508982034e-05 5.461549550669164e-20
1.5773310731536926e-05 6.244350462700923e-20
1.5803127954091815e-05 8.067742547533119e-20
1.5832945176646707e-05 7.563426760686021e-20
1.5862762399201596e-05 6.849164263986532e-20
1.5892579621756485e-05 6.397655983214066e-20
1.5922396844311374e-05 7.951348783992307e-20
1.5952214066866266e-05 9.066675351504979e-20
1.5982031289421155e-05 6.8669864867222e-20
1.6011848511976047e-05 6.86316266939619e-20
1.6041665734530936e-05 8.98497115100436e-20
1.6071482957085828e-05 8.752711497155708e-20
1.6101300179640717e-05 7.977049537379911e-20
1.613111740219561e-05 7.85878968331596e-20
1.6160934624750498e-05 8.434709566492055e-20
1.6190751847305387e-05 9.91431548327756e-20
1.6220569069860276e-05 8.843476427592257e-20
1.6250386292415168e-05 7.480629999244152e-20
1.6280203514970057e-05 9.452337692020049e-20
1.631002073752495e-05 1.0016065438965602e-19
1.6339837960079838e-05 8.972511091933472e-20
1.636965518263473e-05 8.780699871020728e-20
1.639947240518962e-05 9.058214186897156e-20
1.642928962774451e-05 1.0753098737519477e-19
1.64591068502994e-05 1.0388486655230804e-19
1.648892407285429e-05 8.308034166878811e-20
1.6518741295409178e-05 9.815778277985667e-20
1.654855851796407e-05 1.1256979994634408e-19
1.657837574051896e-05 1.0098508269508668e-19
1.660819296307385e-05 9.568659703815142e-20
1.663801018562874e-05 9.869894137669855e-20
1.6667827408183633e-05 1.102417665202049e-19
1.669764463073852e-05 1.1357405920245177e-19
1.6727461853293414e-05 9.455627997409287e-20
1.6757279075848303e-05 9.989768417555108e-20
1.678709629840319e-05 1.2144531865870253e-19
1.681691352095808e-05 1.1305497972204466e-19
1.6846730743512973e-05 1.0248792293549542e-19
1.687654796606786e-05 1.0527102755109866e-19
1.6906365188622754e-05 1.1532165341347034e-19
1.6936182411177643e-05 1.2320639139302052e-19
1.6965999633732535e-05 1.056780402136737e-19
1.6995816856287424e-05 1.0315467404679698e-19
1.7025634078842316e-05 1.2506226268984722e-19
1.7055451301397205e-05 1.2071875229599513e-19
1.7085268523952094e-05 1.1007415483047085e-19
1.7115085746506983e-05 1.1066214914171486e-19
1.7144902969061875e-05 1.1741756731718491e-19
1.7174720191616764e-05 1.3087662171535984e-19
1.7204537414171656e-05 1.1766793444593014e-19
1.7234354636726545e-05 1.0476297376104017e-19
1.7264171859281437e-05 1.2656681394586344e-19
1.7293989081836326e-05 1.315346766537932e-19
1.732380630439122e-05 1.1521785383809717e-19
1.7353623526946107e-05 1.130788628575906e-19
1.7383440749500996e-05 1.216335372040123e-19
1.7413257972055885e-05 1.3315572909279504e-19
1.7443075194610777e-05 1.2571599361361962e-19
1.7472892417165666e-05 1.0906686419621354e-19
1.7502709639720558e-05 1.2435276000344525e-19
1.7532526862275447e-05 1.3801027202843311e-19
1.756234408483034e-05 1.2342210622698283e-19
1.7592161307385228e-05 1.1899368763340505e-19
1.762197852994012e-05 1.2403144871073323e-19
1.765179575249501e-05 1.3153389966905563e-19
1.76816129750499e-05 1.3415162162151836e-19
1.7711430197604787e-05 1.1454700364540783e-19
1.774124742015968e-05 1.1999713992758375e-19
1.7771064642714568e-05 1.4067543864230225e-19
1.780088186526946e-05 1.2815254052254604e-19
1.783069908782435e-05 1.2093415652562448e-19
1.786051631037924e-05 1.23243777147213e-19
1.789033353293413e-05 1.2890488481253846e-19
1.7920150755489023e-05 1.3895424880333148e-19
1.794996797804391e-05 1.2095027766968186e-19
1.7979785200598804e-05 1.163547332047817e-19
1.800960242315369e-05 1.3780395956109664e-19
1.803941964570858e-05 1.3313688068230145e-19
1.806923686826347e-05 1.205373245418676e-19
1.8099054090818363e-05 1.219215632016222e-19
1.812887131337325e-05 1.2767119908173043e-19
1.8158688535928144e-05 1.3536307017400782e-19
1.8188505758483033e-05 1.257174460959581e-19
1.8218322981037925e-05 1.1291914042408493e-19
1.8248140203592814e-05 1.3029962176299677e-19
1.8277957426147706e-05 1.3665457900200505e-19
1.830777464870259e-05 1.2027754542476506e-19
1.8337591871257484e-05 1.194150409490252e-19
1.8367409093812373e-05 1.237431868349027e-19
1.8397226316367265e-05 1.323202850563235e-19
1.8427043538922154e-05 1.2873418499335993e-19
1.8456860761477046e-05 1.0893312787911043e-19
1.8486677984031935e-05 1.222060247999101e-19
1.8516495206586827e-05 1.3509298108896445e-19
1.8546312429141716e-05 1.1798749904637038e-19
1.857612965169661e-05 1.1562801966825684e-19
1.8605946874251494e-05 1.1951113598983801e-19
1.8635764096806386e-05 1.25014947284876e-19
1.8665581319361275e-05 1.2895960457044234e-19
1.8695398541916167e-05 1.08484879949888e-19
1.8725215764471056e-05 1.1274839529454975e-19
1.875503298702595e-05 1.3253317158245644e-19
1.8784850209580837e-05 1.1696470590108622e-19
1.881466743213573e-05 1.0838460867810443e-19
1.884448465469062e-05 1.1399351760637758e-19
1.887430187724551e-05 1.169088429827547e-19
1.8904119099800396e-05 1.2273377325488825e-19
1.8933936322355285e-05 1.074383692785883e-19
1.8963753544910177e-05 1.012034747905882e-19
1.8993570767465066e-05 1.23115709986257e-19
1.902338799001996e-05 1.1845578695863049e-19
1.9053205212574847e-05 1.027754299786098e-19
1.908302243512974e-05 1.0666669654222807e-19
1.911283965768463e-05 1.1084827774306048e-19
1.914265688023952e-05 1.1602201143337e-19
1.917247410279441e-05 1.0689789924321027e-19
1.9202291325349298e-05 9.353536469784462e-20
1.9232108547904187e-05 1.098231156606089e-19
1.926192577045908e-05 1.1486765871506498e-19
1.9291742993013968e-05 9.71150789452109e-20
1.932156021556886e-05 9.706225343253337e-20
1.935137743812375e-05 1.0185809711349149e-19
1.938119466067864e-05 1.0708746621880814e-19
1.941101188323353e-05 1.0490489352344028e-19
1.9440829105788423e-05 8.541792101437624e-20
1.947064632834331e-05 9.641197752565375e-20
1.95004635508982e-05 1.1117642453383655e-19
1.953028077345309e-05 9.215842154078131e-20
1.956009799600798e-05 8.786442129415208e-20
1.958991521856287e-05 9.187775551882913e-20
1.9619732441117763e-05 9.484503676400152e-20
1.964954966367265e-05 1.0046976175112022e-19
1.9679366886227544e-05 7.969903852437828e-20
1.9709184108782433e-05 7.970238870743314e-20
1.9739001331337325e-05 1.025548261588924e-19
1.9768818553892214e-05 8.897380757290429e-20
1.9798635776447106e-05 7.654712109633004e-20
1.982845299900199e-05 8.23597419435734e-20
1.9858270221556884e-05 8.597227028106837e-20
1.9888087444111773e-05 9.077423031132889e-20
1.9917904666666665e-05 7.503059211149794e-20
1.9947721889221554e-05 6.500550438908696e-20
1.9977539111776446e-05 8.79974409017322e-20
2.0007356334331335e-05 8.492239153134923e-20
2.0037173556886227e-05 6.453276750996096e-20
2.0066990779441116e-05 7.043014376915884e-20
2.009680800199601e-05 7.422211786580029e-20
2.0126625224550894e-05 7.846769485064124e-20
2.0156442447105786e-05 7.241145352891098e-20
2.0186259669660675e-05 5.422154037510696e-20
2.0216076892215567e-05 7.229103672989985e-20
2.0245894114770456e-05 7.978925572902729e-20
2.027571133732535e-05 5.752093339805203e-20
2.0305528559880237e-05 5.776170525774032e-20
2.033534578243513e-05 6.31811605411895e-20
2.036516300499002e-05 6.615121310903114e-20
2.039498022754491e-05 6.462876234691581e-20
2.0424797450099796e-05 4.760395298243057e-20
2.045461467265469e-05 5.3691867134832845e-20
2.0484431895209577e-05 7.065754323866059e-20
2.051424911776447e-05 5.490162044063339e-20
2.054406634031936e-05 4.4211475214412865e-20
2.057388356287425e-05 5.3093454773400315e-20
2.060370078542914e-05 5.52969326186211e-20
2.0633518007984032e-05 5.548595824261885e-20
2.066333523053892e-05 4.132699046103356e-20
2.0693152453093813e-05 3.702497827821579e-20
2.07229696756487e-05 5.871043946291762e-20
2.075278689820359e-05 4.9940347374521696e-20
2.078260412075848e-05 3.103424034024892e-20
2.0812421343313372e-05 3.892470795908584e-20
2.084223856586826e-05 4.539287805671724e-20
2.0872055788423153e-05 4.847751359356299e-20
2.0901873010978042e-05 3.6692857624096346e-20
2.0931690233532934e-05 2.274447742875567e-20
2.0961507456087823e-05 4.398193811671207e-20
2.0991324678642715e-05 4.824952270175338e-20
2.10211419011976e-05 2.299114689008983e-20
2.1050959123752493e-05 2.4641940074266743e-20
2.108077634630738e-05 3.581590903483202e-20
2.1110593568862274e-05 3.721873698024442e-20
2.1140410791417163e-05 2.9846337642799423e-20
2.1170228013972055e-05 1.4044958668899224e-20
2.1200045236526944e-05 2.8747820742419343e-20
2.1229862459081836e-05 4.273795528111676e-20
2.1259679681636725e-05 1.774690116941403e-20
2.1289496904191617e-05 1.4592610963006114e-20
2.1319314126746503e-05 2.72285803299072e-20
2.1349131349301395e-05 2.656633910739286e-20
2.1378948571856284e-05 2.5745968177556e-20
2.1408765794411176e-05 7.611145599447223e-21
2.1438583016966065e-05 1.0927299728597086e-20
2.1468400239520957e-05 3.48196155837677e-20
2.1498217462075846e-05 1.60173310275065e-20
2.152803468463074e-05 2.379081581030301e-21
2.1557851907185627e-05 1.579305996997416e-20
2.158766912974052e-05 1.986553017941291e-20
2.1617486352295405e-05 1.8838072946774842e-20
2.1647303574850297e-05 3.310545632005415e-21
2.1677120797405186e-05 -2.9416870876395118e-22
2.170693801996008e-05 2.2836507740686523e-20
2.1736755242514967e-05 1.6953172061383813e-20
2.176657246506986e-05 -6.48713534853826e-21
2.179638968762475e-05 9.522764649362116e-22
2.182620691017964e-05 1.2977759403787705e-20
2.185602413273453e-05 1.162423081582845e-20
2.1885841355289422e-05 2.8204462894784037e-22
2.191565857784431e-05 -1.0868766346627718e-20
2.19454758003992e-05 1.094467968671941e-20
2.197529302295409e-05 1.693307637437674e-20
2.200511024550898e-05 -1.1236082603952146e-20
2.203492746806387e-05 -7.951769982364187e-21
2.2064744690618762e-05 6.066948283264912e-21
2.209456191317365e-05 5.6355587178673095e-21
2.2124379135728543e-05 -2.91571630295947e-21
2.2154196358283432e-05 -1.8576753275157485e-20
2.2184013580838324e-05 -2.399463002795388e-21
2.2213830803393213e-05 1.4039692876545284e-20
2.2243648025948102e-05 -1.2756856157082023e-20
2.227346524850299e-05 -1.9893657315145467e-20
2.2303282471057883e-05 -6.913234460094019e-22
2.2333099693612772e-05 1.802506259051991e-21
2.2362916916167664e-05 -5.507007005354831e-21
2.2392734138722553e-05 -2.1022472279179546e-20
2.2422551361277445e-05 -1.5187374932173345e-20
2.2452368583832334e-05 8.136054916138223e-21
2.2482185806387226e-05 -9.663637456910928e-21
2.2512003028942115e-05 -2.886029715901397e-20
2.2541820251497004e-05 -1.1056918723594535e-20
2.2571637474051893e-05 -6.865414589473606e-22
2.2601454696606785e-05 -8.607863462236041e-21
2.2631271919161674e-05 -2.3437491025930354e-20
2.2661089141716566e-05 -2.323897446126369e-20
2.2690906364271455e-05 9.366358360887834e-22
2.2720723586826347e-05 -4.682453853187003e-21
2.2750540809381236e-05 -3.209814839181821e-20
2.278035803193613e-05 -2.0349939733329382e-20
2.2810175254491017e-05 -2.712475426475112e-21
2.2839992477045906e-05 -1.0205107982358497e-20
2.2869809699600795e-05 -2.3324784960881675e-20
2.2899626922155687e-05 -2.958531561277243e-20
2.2929444144710576e-05 -8.145599366061504e-21
2.295926136726547e-05 -9.956333707601686e-22
2.2989078589820357e-05 -3.132108999760691e-20
2.301889581237525e-05 -2.846821050466517e-20
2.304871303493014e-05 -5.653035569418952e-21
2.307853025748503e-05 -1.004961474060683e-20
2.310834748003992e-05 -2.074172654913706e-20
2.313816470259481e-05 -3.048735631943188e-20
2.3167981925149697e-05 -1.4854720704074164e-20
2.319779914770459e-05 2.4918252500998178e-21
2.322761637025948e-05 -2.6153014406103666e-20
2.325743359281437e-05 -3.4007391427434577e-20
2.328725081536926e-05 -9.55125077414697e-21
2.3317068037924152e-05 -7.713682442840082e-21
2.334688526047904e-05 -1.9021389270539426e-20
2.3376702483033933e-05 -2.9930726524060283e-20
2.3406519705588822e-05 -1.997053886659004e-20
2.343633692814371e-05 1.706621223631708e-21
2.34661541506986e-05 -1.6226668138697213e-20
2.3495971373253492e-05 -3.4831482776470515e-20
2.352578859580838e-05 -1.3494520742754097e-20
2.355560581836327e-05 -2.701953226851104e-21
2.3585423040918162e-05 -1.499267651892408e-20
2.361524026347305e-05 -2.664853889108868e-20
2.3645057486027943e-05 -2.2863986977578207e-20
2.3674874708582832e-05 -4.099804334091446e-23
2.3704691931137724e-05 -5.4864162639476494e-21
2.373450915369261e-05 -3.3935509036260573e-20
2.3764326376247502e-05 -1.86384364184197e-20
2.379414359880239e-05 3.950002024009574e-21
2.3823960821357283e-05 -7.675581415893213e-21
2.3853778043912172e-05 -2.1448504954409095e-20
2.3883595266467064e-05 -2.2934468474364225e-20
2.3913412489021953e-05 -2.828112634380058e-23
2.3943229711576845e-05 4.309414554775843e-21
2.3973046934131734e-05 -2.787280704146554e-20
2.4002864156686626e-05 -2.1499121282169726e-20
2.4032681379241515e-05 4.005830922979815e-21
2.4062498601796404e-05 -1.8905575705871233e-21
2.4092315824351293e-05 -1.6150892079364904e-20
2.4122133046906185e-05 -2.1579781865135826e-20
2.4151950269461074e-05 -2.2457333208210788e-21
2.4181767492015966e-05 1.2703824136485511e-20
2.4211584714570855e-05 -1.747696224084492e-20
2.4241401937125747e-05 -2.4419803233080998e-20
2.4271219159680636e-05 7.50436507285401e-21
2.430103638223553e-05 6.589218574198354e-21
2.4330853604790417e-05 -1.0227959008871148e-20
2.4360670827345306e-05 -1.5099487713371656e-20
2.4390488049900195e-05 -3.5286754739551326e-21
2.4420305272455087e-05 1.4852745376101583e-20
2.4450122495009976e-05 -5.473501667559224e-21
2.447993971756487e-05 -2.27198138675037e-20
2.4509756940119757e-05 5.912430050328697e-21
2.453957416267465e-05 1.597718402642748e-20
2.456939138522954e-05 -2.7334751674429306e-21
2.459920860778443e-05 -9.88248579225836e-21
2.462902583033932e-05 -2.3319532968803353e-21
2.465884305289421e-05 1.79219256523283e-20
2.4688660275449097e-05 1.0527458714548588e-20
2.471847749800399e-05 -1.731415320966018e-20
2.474829472055888e-05 1.3391216287378281e-21
2.477811194311377e-05 2.3470711625973422e-20
2.480792916566866e-05 7.236469693206588e-21
2.4837746388223552e-05 -4.252145391034288e-21
2.486756361077844e-05 1.5712196698503726e-21
2.4897380833333333e-05 2.0560126583005765e-20
2.4927198055888222e-05 2.2138430295248636e-20
2.495701527844311e-05 -6.796183042219807e-21
2.4986832500998e-05 8.462636277323696e-22
2.5016649723552892e-05 2.939953528931446e-20
2.504646694610778e-05 1.8981578971762386e-20
2.5076284168662673e-05 2.0444437061157738e-21
2.5106101391217562e-05 4.0606957698182624e-21
2.5135918613772454e-05 2.1720299699549753e-20
2.5165735836327343e-05 3.137040166893864e-20
2.5195553058882235e-05 5.488118916339536e-21
2.5225370281437124e-05 3.0252393934029492e-22
2.5255187503992013e-05 3.369009434445052e-20
2.5285004726546902e-05 3.1672369863293075e-20
2.5314821949101794e-05 8.539947624075114e-21
2.5344639171656683e-05 9.932820676622773e-21
2.5374456394211575e-05 2.5042754411391458e-20
2.5404273616766464e-05 3.82739080593249e-20
2.5434090839321356e-05 2.0144150780915195e-20
2.5463908061876245e-05 2.8414735731322257e-21
2.5493725284431137e-05 3.123679721162492e-20
2.5523542506986026e-05 4.288321936360399e-20
2.5553359729540915e-05 1.872107571627234e-20
2.5583176952095804e-05 1.4310278633866663e-20
2.5612994174650696e-05 2.909968518716762e-20
2.5642811397205585e-05 4.3185086224437917e-20
2.5672628619760477e-05 3.376311587367222e-20
2.5702445842315366e-05 1.156861210993257e-20
2.573226306487026e-05 3.057506191089925e-20
2.5762080287425147e-05 4.985261983800132e-20
2.579189750998004e-05 3.0333000230639466e-20
2.582171473253493e-05 1.945731292946453e-20
2.5851531955089817e-05 3.0173205933387164e-20
2.5881349177644706e-05 4.821572719219031e-20
2.59111664001996e-05 4.3319491625931453e-20
2.5940983622754487e-05 1.860852120992653e-20
2.597080084530938e-05 3.000502338229625e-20
2.600061806786427e-05 5.541458972306288e-20
2.603043529041916e-05 4.3042633256505346e-20
2.606025251297405e-05 2.6062015599547473e-20
2.6090069735528942e-05 3.5203653148385763e-20
2.611988695808383e-05 5.021306149321831e-20
2.614970418063872e-05 5.0290770555887776e-20
2.617952140319361e-05 2.936837398157377e-20
2.62093386257485e-05 2.8793532824131086e-20
2.623915584830339e-05 5.654975277730105e-20
2.6268973070858282e-05 5.377305487135149e-20
2.629879029341317e-05 3.191921952750606e-20
2.6328607515968063e-05 3.523719806775561e-20
2.6358424738522952e-05 5.2709541164915965e-20
2.6388241961077844e-05 5.814226904703517e-20
2.6418059183632733e-05 4.095342249763126e-20
2.6447876406187625e-05 3.049789178484943e-20
2.647769362874251e-05 5.490289004329404e-20
2.6507510851297403e-05 6.479024763391952e-20
2.6537328073852292e-05 3.830075741694796e-20
2.6567145296407184e-05 3.507261318494679e-20
2.6596962518962073e-05 5.455307283181952e-20
2.6626779741516965e-05 6.077678705953347e-20
2.6656596964071854e-05 4.9126634036523816e-20
2.6686414186626746e-05 3.482071536647077e-20
2.6716231409181635e-05 5.2626724485808815e-20
2.6746048631736527e-05 6.957141533078558e-20
2.6775865854291413e-05 4.8719185271957624e-20
2.6805683076846305e-05 3.9088736725701356e-20
2.6835500299401194e-05 5.3508190994880654e-20
2.6865317521956086e-05 6.493643675979173e-20
2.6895134744510975e-05 5.866170358547304e-20
2.6924951967065867e-05 3.9731220174019497e-20
2.6954769189620756e-05 4.9467928986020525e-20
2.698458641217565e-05 7.118646493069644e-20
2.7014403634730537e-05 5.681141717737071e-20
2.704422085728543e-05 4.115883856020545e-20
2.7074038079840315e-05 5.507914893412908e-20
2.7103855302395207e-05 6.747734398962169e-20
2.7133672524950096e-05 6.347850905379498e-20
2.716348974750499e-05 4.769085497263831e-20
2.7193306970059877e-05 4.735319741570168e-20
2.722312419261477e-05 7.16589931603059e-20
2.725294141516966e-05 6.699844615384506e-20
2.728275863772455e-05 4.388636971347238e-20
2.731257586027944e-05 5.161506349906003e-20
2.7342393082834332e-05 6.724729716485645e-20
2.7372210305389217e-05 6.749485223659047e-20
2.740202752794411e-05 5.3291729055935404e-20
2.7431844750499e-05 4.656403148097261e-20
2.746166197305389e-05 6.728640872638115e-20
2.749147919560878e-05 7.32084455212072e-20
2.7521296418163672e-05 5.226213750514068e-20
2.755111364071856e-05 4.9768887031666626e-20
2.7580930863273453e-05 6.513844296870616e-20
2.7610748085828342e-05 7.117126317081774e-20
2.7640565308383234e-05 5.950227889305812e-20
2.767038253093812e-05 4.554770264335365e-20
2.7700199753493012e-05 6.110666426083832e-20
2.77300169760479e-05 7.520409888026724e-20
2.7759834198602793e-05 5.526797692364307e-20
2.7789651421157682e-05 4.945489756320554e-20
2.7819468643712574e-05 6.375448421867918e-20
2.7849285866267463e-05 6.959604836843356e-20
2.7879103088822355e-05 6.346562046612009e-20
2.7908920311377244e-05 4.7451022412486517e-20
2.7938737533932136e-05 5.622168289381103e-20
2.7968554756487022e-05 7.521244011690483e-20
2.7998371979041914e-05 6.001682176581964e-20
2.8028189201596803e-05 4.6003825367521173e-20
2.8058006424151695e-05 5.652775668481662e-20
2.8087823646706584e-05 6.833438531223292e-20
2.8117640869261476e-05 6.427744176035676e-20
2.8147458091816365e-05 4.6159410198390775e-20
2.8177275314371258e-05 4.8291130409461553e-20
2.8207092536926146e-05 7.016782645951288e-20
2.823690975948104e-05 6.408872829438437e-20
2.8266726982035924e-05 4.4908557334532366e-20
2.8296544204590813e-05 5.181147866618228e-20
2.8326361427145705e-05 6.266553532361618e-20
2.8356178649700594e-05 6.137568764484199e-20
2.8385995872255486e-05 4.847924457424318e-20
2.8415813094810375e-05 4.155644438925532e-20
2.8445630317365267e-05 6.102655562103776e-20
2.8475447539920156e-05 6.358456431692755e-20
2.850526476247505e-05 4.384315478846277e-20
2.8535081985029937e-05 4.407805682374719e-20
2.856489920758483e-05 5.523036295134981e-20
2.8594716430139715e-05 5.923480838869466e-20
2.8624533652694607e-05 4.8512570599343624e-20
2.8654350875249496e-05 3.7073518971600984e-20
2.868416809780439e-05 4.9853385205447833e-20
2.8713985320359277e-05 5.929718485385075e-20
2.874380254291417e-05 4.2914851966411246e-20
2.877361976546906e-05 3.619452905011752e-20
2.880343698802395e-05 4.7185322086187506e-20
2.883325421057884e-05 5.2466485583567354e-20
2.8863071433133732e-05 4.626711662033036e-20
2.8892888655688617e-05 3.205884983404328e-20
2.892270587824351e-05 3.9437078157503e-20
2.89525231007984e-05 5.652534129594259e-20
2.898234032335329e-05 4.1193857782012874e-20
2.901215754590818e-05 2.849641101747874e-20
2.9041974768463072e-05 3.999953585539054e-20
2.907179199101796e-05 4.4533905071968773e-20
2.9101609213572853e-05 4.1317332507838987e-20
2.9131426436127742e-05 3.064968667018833e-20
2.9161243658682634e-05 2.5940928615533474e-20
2.919106088123752e-05 4.5707608799299443e-20
2.9220878103792412e-05 4.173800378780368e-20
2.92506953263473e-05 2.09315619000219e-20
2.9280512548902193e-05 3.019607311421263e-20
2.9310329771457082e-05 3.721229425867602e-20
2.9340146994011974e-05 3.546950218405051e-20
2.9369964216566863e-05 2.7415478035469e-20
2.9399781439121755e-05 1.745068088004405e-20
2.9429598661676644e-05 3.4311971095660444e-20
2.9459415884231536e-05 3.740989997242981e-20
2.9489233106786422e-05 1.7054047323178025e-20
2.9519050329341314e-05 1.8605240019803633e-20
2.9548867551896203e-05 2.8987207131742555e-20
2.9578684774451095e-05 2.969411832394734e-20
2.9608501997005984e-05 2.117761618982485e-20
2.9638319219560876e-05 9.26517743416721e-21
2.9668136442115765e-05 2.1077675483258164e-20
2.9697953664670658e-05 3.3979368049368535e-20
2.9727770887225546e-05 1.3914282318874994e-20
2.975758810978044e-05 6.720042636498976e-21
2.9787405332335324e-05 2.079083849138801e-20
2.9817222554890216e-05 2.153631946070379e-20
