0.0 -4.583312818058031e-20
2.9818587657784017e-08 -5.945839662521432e-20
5.963717531556803e-08 -5.884914846480563e-20
8.945576297335204e-08 -3.910080347280233e-20
1.1927435063113607e-07 -4.221680618170027e-20
1.4909293828892006e-07 -6.73016970963656e-20
1.789115259467041e-07 -5.843181553773591e-20
2.0873011360448814e-07 -3.970907813335079e-20
2.3854870126227213e-07 -4.802134174406588e-20
2.683672889200561e-07 -6.148219947336104e-20
2.9818587657784013e-07 -6.537698007649028e-20
3.280044642356242e-07 -4.8441547555850125e-20
3.578230518934082e-07 -4.217620690428512e-20
3.876416395511922e-07 -6.919839381065242e-20
4.1746022720897627e-07 -6.939032466771706e-20
4.4727881486676024e-07 -4.79466449264092e-20
4.770974025245443e-07 -5.1777793322944586e-20
5.069159901823282e-07 -6.466110142103604e-20
5.367345778401122e-07 -7.165715363366505e-20
5.665531654978963e-07 -5.855956264538592e-20
5.963717531556803e-07 -4.594550889004192e-20
6.261903408134643e-07 -6.785766033190389e-20
6.560089284712484e-07 -7.832729067788933e-20
6.858275161290323e-07 -5.747886237148456e-20
7.156461037868163e-07 -5.2663679145279255e-20
7.454646914446004e-07 -6.946101565874444e-20
7.752832791023844e-07 -7.885111220870165e-20
8.051018667601685e-07 -6.934919220098317e-20
8.349204544179525e-07 -5.4061486964658346e-20
8.647390420757364e-07 -6.623084704329778e-20
8.945576297335205e-07 -8.645959488523398e-20
9.243762173913045e-07 -6.894960043526151e-20
9.541948050490885e-07 -5.700636717333983e-20
9.840133927068726e-07 -7.316662936790956e-20
1.0138319803646565e-06 -8.104616532780222e-20
1.0436505680224406e-06 -7.899720546411284e-20
1.0734691556802244e-06 -6.416509026763833e-20
1.1032877433380085e-06 -6.771616176995652e-20
1.1331063309957926e-06 -9.147381629735605e-20
1.1629249186535764e-06 -8.113657696112186e-20
1.1927435063113605e-06 -6.567128780963919e-20
1.2225620939691446e-06 -7.519439493429756e-20
1.2523806816269287e-06 -8.717403573357094e-20
1.2821992692847127e-06 -8.802314565249337e-20
1.3120178569424968e-06 -7.444419456581574e-20
1.3418364446002807e-06 -7.155713516721778e-20
1.3716550322580645e-06 -9.178613944680366e-20
1.4014736199158488e-06 -9.286361282599835e-20
1.4312922075736327e-06 -7.481295997113162e-20
1.4611107952314166e-06 -7.893583350642501e-20
1.4909293828892008e-06 -9.233113157987804e-20
1.5207479705469847e-06 -9.53596279742895e-20
1.5505665582047688e-06 -8.718130972251033e-20
1.5803851458625529e-06 -7.786153527740364e-20
1.610203733520337e-06 -9.326414644174397e-20
1.6400223211781208e-06 -1.0405312302765028e-19
1.669840908835905e-06 -8.511505622469902e-20
1.699659496493689e-06 -8.23836300635838e-20
1.7294780841514728e-06 -9.763845161515582e-20
1.7592966718092567e-06 -1.0237093038662625e-19
1.789115259467041e-06 -9.695024885369282e-20
1.8189338471248248e-06 -8.556991703121321e-20
1.848752434782609e-06 -9.576232601907674e-20
1.878571022440393e-06 -1.136562574299356e-19
1.908389610098177e-06 -9.837677303790964e-20
1.9382081977559607e-06 -8.858556050996932e-20
1.9680267854137452e-06 -1.0290742884562628e-19
1.997845373071529e-06 -1.1008233126193192e-19
2.027663960729313e-06 -1.0710999621475128e-19
2.057482548387097e-06 -9.414462354288761e-20
2.087301136044881e-06 -9.749475985695683e-20
2.117119723702665e-06 -1.1880582713672163e-19
2.146938311360449e-06 -1.0941203352450653e-19
2.1767568990182333e-06 -9.589522922799341e-20
2.206575486676017e-06 -1.0685990326478114e-19
2.236394074333801e-06 -1.146750005233728e-19
2.266212661991585e-06 -1.1615851915598346e-19
2.296031249649369e-06 -1.0528397679807116e-19
2.325849837307153e-06 -9.990623125997382e-20
2.3556684249649374e-06 -1.221578517985927e-19
2.385487012622721e-06 -1.2159378676666938e-19
2.415305600280505e-06 -1.0118055680706498e-19
2.445124187938289e-06 -1.093270659088253e-19
2.4749427755960732e-06 -1.1929113919887608e-19
2.5047613632538573e-06 -1.2033403451334194e-19
2.5345799509116414e-06 -1.1541136777002416e-19
2.5643985385694255e-06 -1.0547671661162069e-19
2.594217126227209e-06 -1.2165307218195123e-19
2.6240357138849936e-06 -1.302781852206883e-19
2.6538543015427773e-06 -1.1166176301175562e-19
2.6836728892005614e-06 -1.112168443885302e-19
2.7134914768583454e-06 -1.2271822827269678e-19
2.743310064516129e-06 -1.2724978066880311e-19
2.7731286521739136e-06 -1.2175448129610412e-19
2.8029472398316977e-06 -1.083241611499415e-19
2.8327658274894817e-06 -1.1935128469057147e-19
2.8625844151472654e-06 -1.355533741708203e-19
2.8924030028050495e-06 -1.1985083749602556e-19
2.922221590462833e-06 -1.116790580068051e-19
2.952040178120617e-06 -1.2495848142115084e-19
2.9818587657784017e-06 -1.3011522849018635e-19
3.0116773534361858e-06 -1.2760804297601864e-19
3.0414959410939694e-06 -1.1684409828562226e-19
3.0713145287517535e-06 -1.1653033050268772e-19
3.1011331164095376e-06 -1.3633982665008542e-19
3.1309517040673212e-06 -1.294397892479472e-19
3.1607702917251057e-06 -1.1359361555454335e-19
3.19058887938289e-06 -1.243026682182844e-19
3.220407467040674e-06 -1.3143580071303254e-19
3.2502260546984575e-06 -1.316073245981716e-19
3.2800446423562416e-06 -1.2248022501828676e-19
3.3098632300140253e-06 -1.158129720283747e-19
3.33968181767181e-06 -1.3784589185319678e-19
3.369500405329594e-06 -1.3786489076662865e-19
3.399318992987378e-06 -1.1558110135009725e-19
3.4291375806451616e-06 -1.245649230255489e-19
3.4589561683029456e-06 -1.3453187290742724e-19
3.4887747559607297e-06 -1.3258931631188715e-19
3.5185933436185134e-06 -1.2781436655552348e-19
3.548411931276298e-06 -1.1642305975799417e-19
3.578230518934082e-06 -1.3064886945090686e-19
3.608049106591866e-06 -1.4294728905519561e-19
3.6378676942496497e-06 -1.2122969238584965e-19
3.6676862819074338e-06 -1.2074918288552246e-19
3.697504869565218e-06 -1.3707705240782535e-19
3.7273234572230023e-06 -1.350808539287972e-19
3.757142044880786e-06 -1.316200595850567e-19
3.78696063253857e-06 -1.2199134398030212e-19
3.816779220196354e-06 -1.258334348436629e-19
3.846597807854138e-06 -1.4561375978941002e-19
3.8764163955119214e-06 -1.306364785897471e-19
3.906234983169706e-06 -1.1839572300557463e-19
3.9360535708274904e-06 -1.342761470775121e-19
3.965872158485274e-06 -1.355646745515848e-19
3.995690746143058e-06 -1.3571248674901018e-19
4.025509333800842e-06 -1.2853810868337353e-19
4.055327921458626e-06 -1.2312115401374645e-19
4.0851465091164095e-06 -1.4538946830405855e-19
4.114965096774194e-06 -1.3862490558674218e-19
4.1447836844319785e-06 -1.2007664808058632e-19
4.174602272089762e-06 -1.3331458077558663e-19
4.204420859747546e-06 -1.3898934332587124e-19
4.23423944740533e-06 -1.3694679519501882e-19
4.264058035063114e-06 -1.310490524482674e-19
4.293876622720898e-06 -1.2226452325711746e-19
4.323695210378682e-06 -1.395534627205504e-19
4.353513798036467e-06 -1.4533160539904364e-19
4.38333238569425e-06 -1.2414425841541659e-19
4.413150973352034e-06 -1.2836409800042036e-19
4.4429695610098185e-06 -1.4177110118977526e-19
4.472788148667602e-06 -1.3972068731676956e-19
4.502606736325387e-06 -1.3446372780411847e-19
4.53242532398317e-06 -1.244956861619512e-19
4.562243911640955e-06 -1.3523773664443496e-19
4.592062499298738e-06 -1.5063441082513014e-19
4.621881086956522e-06 -1.2861093705947898e-19
4.651699674614306e-06 -1.2234177171964416e-19
4.68151826227209e-06 -1.416299411942557e-19
4.711336849929875e-06 -1.4033349286680864e-19
4.741155437587658e-06 -1.3562502569187363e-19
4.770974025245442e-06 -1.2736369991100817e-19
4.8007926129032265e-06 -1.2927775788468842e-19
4.83061120056101e-06 -1.4971363239365676e-19
4.860429788218794e-06 -1.3681667934031942e-19
4.890248375876578e-06 -1.1995731540453802e-19
4.920066963534363e-06 -1.3717911455875783e-19
4.9498855511921465e-06 -1.4173675498468637e-19
4.97970413884993e-06 -1.3378073536929918e-19
5.009522726507715e-06 -1.27899374036265e-19
5.039341314165498e-06 -1.2481224731599294e-19
5.069159901823283e-06 -1.4348911899819272e-19
5.0989784894810664e-06 -1.409095683907423e-19
5.128797077138851e-06 -1.1747820384150978e-19
5.158615664796635e-06 -1.304820501562059e-19
5.188434252454418e-06 -1.4263726592984743e-19
5.218252840112203e-06 -1.3376369227061745e-19
5.248071427769987e-06 -1.2761347318192858e-19
5.277890015427771e-06 -1.2151308422175872e-19
5.3077086030855546e-06 -1.3566486422611048e-19
5.337527190743339e-06 -1.4262103621716689e-19
5.367345778401123e-06 -1.1820880574769465e-19
5.397164366058906e-06 -1.203704199115993e-19
5.426982953716691e-06 -1.38317242953244e-19
5.456801541374475e-06 -1.326830237293538e-19
5.486620129032258e-06 -1.2469065040507195e-19
5.516438716690042e-06 -1.1831082720528902e-19
5.546257304347827e-06 -1.2616496801540822e-19
5.576075892005612e-06 -1.416204433447969e-19
5.605894479663395e-06 -1.2018107035954525e-19
5.635713067321179e-06 -1.0968669250492258e-19
5.6655316549789635e-06 -1.3188928441956298e-19
5.695350242636747e-06 -1.2900330857224308e-19
5.725168830294531e-06 -1.2041192892514316e-19
5.7549874179523144e-06 -1.1391996255641506e-19
5.784806005610099e-06 -1.149046745963505e-19
5.814624593267883e-06 -1.3405348486977403e-19
5.844443180925666e-06 -1.2005205509313909e-19
5.874261768583451e-06 -1.0398178053403715e-19
5.904080356241234e-06 -1.2144908102611112e-19
5.93389894389902e-06 -1.2661323141674508e-19
5.963717531556803e-06 -1.165303217174025e-19
5.993536119214587e-06 -1.0718068178181528e-19
6.0233547068723715e-06 -1.0765598474548319e-19
6.053173294530155e-06 -1.242132760529049e-19
6.082991882187939e-06 -1.1957507399406594e-19
6.112810469845723e-06 -9.663870073798989e-20
6.142629057503507e-06 -1.0644180268512832e-19
6.172447645161291e-06 -1.2079534301206682e-19
6.202266232819075e-06 -1.0969012866918328e-19
6.232084820476859e-06 -1.0111910826240702e-19
6.2619034081346425e-06 -1.0007687740041181e-19
6.291721995792427e-06 -1.1047638983917576e-19
6.3215405834502115e-06 -1.1496034306358862e-19
6.351359171107996e-06 -9.281745687882624e-20
6.38117775876578e-06 -9.197931170219958e-20
6.410996346423563e-06 -1.1145918190826777e-19
6.440814934081348e-06 -1.036179230373604e-19
6.470633521739131e-06 -9.224456960448454e-20
6.500452109396915e-06 -9.136678213247603e-20
6.5302706970546996e-06 -9.720356567800291e-20
6.560089284712483e-06 -1.0717335770335179e-19
6.589907872370267e-06 -8.7596807627804e-20
6.6197264600280505e-06 -7.915114425463109e-20
6.649545047685835e-06 -1.0000372144054494e-19
6.67936363534362e-06 -9.574410647269304e-20
6.709182223001404e-06 -8.447164141050471e-20
6.739000810659188e-06 -8.012762020992366e-20
6.768819398316971e-06 -8.379620817026762e-20
6.798637985974756e-06 -9.614330266227765e-20
6.8284565736325395e-06 -8.219214372807742e-20
6.858275161290323e-06 -6.794655721126922e-20
6.888093748948108e-06 -8.209909233678796e-20
6.917912336605891e-06 -8.842764933168466e-20
6.947730924263675e-06 -7.609549369660378e-20
6.9775495119214594e-06 -6.861291605584591e-20
7.007368099579243e-06 -7.262830982436654e-20
7.037186687237027e-06 -8.175848497078008e-20
7.067005274894812e-06 -7.751418354374931e-20
7.096823862552596e-06 -5.827785677920396e-20
7.12664245021038e-06 -6.455383391157864e-20
7.156461037868164e-06 -8.028947361586159e-20
7.1862796255259475e-06 -6.779890185498715e-20
7.216098213183732e-06 -5.72099308416921e-20
7.245916800841516e-06 -5.851491772979909e-20
7.275735388499299e-06 -6.822462684061507e-20
7.305553976157084e-06 -7.155717129058826e-20
7.3353725638148675e-06 -4.818619674383018e-20
7.365191151472651e-06 -4.9020754677109995e-20
7.395009739130436e-06 -7.044831091704803e-20
7.424828326788219e-06 -5.980943512793384e-20
7.454646914446005e-06 -4.622596581039032e-20
7.484465502103788e-06 -4.638472156205968e-20
7.514284089761572e-06 -5.337789691274399e-20
7.5441026774193565e-06 -6.093142286913074e-20
7.57392126507714e-06 -4.2499071930633387e-20
7.603739852734924e-06 -3.282924948861794e-20
7.633558440392708e-06 -5.48911655737112e-20
7.663377028050491e-06 -5.398373901133955e-20
7.693195615708276e-06 -3.4991616324872794e-20
7.72301420336606e-06 -3.454346605307703e-20
7.752832791023843e-06 -4.336945690344204e-20
7.782651378681627e-06 -5.092928215610877e-20
7.812469966339412e-06 -3.673298685512688e-20
7.842288553997196e-06 -2.186745334162366e-20
7.872107141654981e-06 -4.056784205956157e-20
7.901925729312764e-06 -4.475185340470851e-20
7.931744316970548e-06 -2.5929540643213073e-20
7.961562904628333e-06 -2.4105918219963303e-20
7.991381492286115e-06 -2.9715909123701157e-20
8.0212000799439e-06 -3.7629117595963624e-20
8.051018667601684e-06 -3.198073792941402e-20
8.080837255259467e-06 -1.3234909603366215e-20
8.110655842917252e-06 -2.511867094100614e-20
8.140474430575036e-06 -3.700032052585108e-20
8.170293018232819e-06 -2.02840427783205e-20
8.200111605890604e-06 -1.455126170075243e-20
8.229930193548388e-06 -1.9317751124094505e-20
8.259748781206173e-06 -2.473723455582646e-20
8.289567368863957e-06 -2.4600959164756683e-20
8.31938595652174e-06 -5.991257257690719e-21
8.349204544179524e-06 -7.646606790964403e-21
8.379023131837309e-06 -2.7061331607336115e-20
8.408841719495092e-06 -1.5155782464409954e-20
8.438660307152876e-06 -1.775170049653289e-21
8.46847889481066e-06 -8.51594370977123e-21
8.498297482468444e-06 -1.3602204999257463e-20
8.528116070126228e-06 -1.651384125932486e-20
8.557934657784013e-06 -1.4155244235342001e-21
8.587753245441795e-06 5.931543897482341e-21
8.617571833099582e-06 -1.5507565038803428e-20
8.647390420757364e-06 -9.278085037117266e-21
8.677209008415149e-06 9.417333896962302e-21
8.707027596072933e-06 3.907097120769178e-21
8.736846183730716e-06 -1.9598726077791296e-21
8.7666647713885e-06 -6.0542666046610394e-21
8.796483359046285e-06 4.51851100413741e-21
8.826301946704068e-06 1.8223873970995843e-20
8.856120534361852e-06 -6.392334033322543e-23
8.885939122019637e-06 -5.112167580373694e-21
8.91575770967742e-06 1.7912416816954166e-20
8.945576297335204e-06 1.7321661482129856e-20
8.975394884992989e-06 8.066786828373302e-21
9.005213472650773e-06 7.487283697112821e-21
9.035032060308558e-06 1.1461617878011424e-20
9.06485064796634e-06 2.775233841950181e-20
9.094669235624125e-06 1.8483455986302436e-20
9.12448782328191e-06 4.1503018934519884e-21
9.154306410939692e-06 2.4912850026371535e-20
9.184124998597477e-06 2.9613809923417686e-20
9.21394358625526e-06 1.9521640057985693e-20
9.243762173913044e-06 1.9223445520960166e-20
9.273580761570829e-06 1.9269170178736474e-20
9.303399349228611e-06 3.5477940464911765e-20
9.333217936886396e-06 3.383962964651285e-20
9.36303652454418e-06 1.4678909645363473e-20
9.392855112201965e-06 3.045499890308256e-20
9.42267369985975e-06 4.221365150455401e-20
9.452492287517532e-06 3.288465814536453e-20
9.482310875175317e-06 3.15497978004968e-20
9.512129462833101e-06 3.143488665580964e-20
9.541948050490884e-06 4.187326229140361e-20
9.571766638148669e-06 4.6357119694778966e-20
9.601585225806453e-06 3.0063190033668995e-20
9.631403813464236e-06 3.5763005197072794e-20
9.66122240112202e-06 5.176096642483309e-20
9.691040988779805e-06 4.6987098592018704e-20
9.720859576437588e-06 4.1634699642848247e-20
9.750678164095374e-06 4.1911488520776843e-20
9.780496751753157e-06 5.033140177966142e-20
9.810315339410941e-06 5.853002939411294e-20
9.840133927068726e-06 4.530082558964057e-20
9.869952514726508e-06 4.336040334971174e-20
9.899771102384293e-06 6.004009405585305e-20
9.929589690042077e-06 5.826798231318368e-20
9.95940827769986e-06 5.173634189676594e-20
9.989226865357645e-06 5.168149872186059e-20
1.001904545301543e-05 5.742165844033416e-20
1.0048864040673212e-05 6.886631874775707e-20
1.0078682628330997e-05 5.754768827660899e-20
1.0108501215988781e-05 5.009915972339811e-20
1.0138319803646566e-05 6.923039756149097e-20
1.016813839130435e-05 6.970027525920708e-20
1.0197956978962133e-05 6.090562400650451e-20
1.0227775566619917e-05 6.262377378674251e-20
1.0257594154277702e-05 6.475903524379178e-20
1.0287412741935485e-05 7.414208206603974e-20
1.031723132959327e-05 7.083973987032464e-20
1.0347049917251054e-05 5.938145886845675e-20
1.0376868504908837e-05 7.12205176280728e-20
1.0406687092566621e-05 8.038979232442511e-20
1.0436505680224406e-05 7.148570635580841e-20
1.0466324267882188e-05 6.91355248924463e-20
1.0496142855539975e-05 7.327916753464481e-20
1.0525961443197757e-05 8.019088717636266e-20
1.0555780030855542e-05 8.232378645470975e-20
1.0585598618513326e-05 7.067703984506374e-20
1.0615417206171109e-05 7.464513381679708e-20
1.0645235793828894e-05 8.83551711171039e-20
1.0675054381486678e-05 8.048097071316879e-20
1.0704872969144461e-05 7.618773606416998e-20
1.0734691556802245e-05 7.978524123031671e-20
1.076451014446003e-05 8.374621122729075e-20
1.0794328732117813e-05 8.980284364528855e-20
1.0824147319775597e-05 7.960054816982845e-20
1.0853965907433382e-05 7.939628088444328e-20
1.0883784495091166e-05 9.363451357484554e-20
1.091360308274895e-05 9.006895415310442e-20
1.0943421670406734e-05 8.352689018530099e-20
1.0973240258064516e-05 8.543143556717004e-20
1.10030588457223e-05 8.962131373246902e-20
1.1032877433380084e-05 9.475303498377134e-20
1.1062696021037868e-05 8.855233248093183e-20
1.1092514608695654e-05 8.256016075594737e-20
1.1122333196353439e-05 9.587446638510145e-20
1.1152151784011223e-05 9.796242263120565e-20
1.1181970371669006e-05 8.851490197006655e-20
1.121178895932679e-05 9.262427114221021e-20
1.1241607546984575e-05 9.374847436102106e-20
1.1271426134642358e-05 9.921786841567426e-20
1.1301244722300142e-05 9.972689981559432e-20
1.1331063309957927e-05 8.767740212721895e-20
1.136088189761571e-05 9.713265557701263e-20
1.1390700485273494e-05 1.0422525143086957e-19
1.1420519072931277e-05 9.455211419905145e-20
1.1450337660589062e-05 9.5345727177937e-20
1.1480156248246846e-05 9.749500217313221e-20
1.1509974835904629e-05 1.0223757796482896e-19
1.1539793423562413e-05 1.0651127918143706e-19
1.1569612011220198e-05 9.358762023472185e-20
1.159943059887798e-05 9.797867237519596e-20
1.1629249186535765e-05 1.1105797947230517e-19
1.165906777419355e-05 1.0095177472552497e-19
1.1688886361851332e-05 9.96544100572787e-20
1.1718704949509117e-05 1.0308805960178504e-19
1.1748523537166901e-05 1.0439006358558294e-19
1.1778342124824684e-05 1.096854515521296e-19
1.1808160712482469e-05 1.0044765121236177e-19
1.1837979300140255e-05 1.0103751216071053e-19
1.186779788779804e-05 1.1180312947378438e-19
1.1897616475455822e-05 1.0671224588762504e-19
1.1927435063113607e-05 1.0424819413452362e-19
1.1957253650771391e-05 1.0749351367983759e-19
1.1987072238429174e-05 1.0645135563792965e-19
1.2016890826086959e-05 1.1244417017553927e-19
1.2046709413744743e-05 1.0988640674000122e-19
1.2076528001402526e-05 1.0103349672136161e-19
1.210634658906031e-05 1.1318958057918789e-19
1.2136165176718095e-05 1.146491203436389e-19
1.2165983764375878e-05 1.0509599015115109e-19
1.2195802352033662e-05 1.1042054401692486e-19
1.2225620939691447e-05 1.0942063754993784e-19
1.225543952734923e-05 1.1325376140666092e-19
1.2285258115007014e-05 1.1603496812423563e-19
1.2315076702664798e-05 1.0459861443622729e-19
1.2344895290322581e-05 1.1369969512443348e-19
1.2374713877980366e-05 1.201713690607008e-19
1.240453246563815e-05 1.1011037618577112e-19
1.2434351053295933e-05 1.1340671020692625e-19
1.2464169640953718e-05 1.1463902168605958e-19
1.2493988228611502e-05 1.1530456637716994e-19
1.2523806816269285e-05 1.1940680740883692e-19
1.255362540392707e-05 1.1120388193488498e-19
1.2583443991584854e-05 1.1222839626021078e-19
1.261326257924264e-05 1.220829361614664e-19
1.2643081166900423e-05 1.169889836533456e-19
1.2672899754558207e-05 1.1492142476781036e-19
1.2702718342215992e-05 1.1870271594944363e-19
1.2732536929873775e-05 1.1757662692475287e-19
1.276235551753156e-05 1.237169795744452e-19
1.2792174105189344e-05 1.1935447225640102e-19
1.2821992692847127e-05 1.1373002949657283e-19
1.2851811280504911e-05 1.2601457580987308e-19
1.2881629868162696e-05 1.220334828304582e-19
1.2911448455820478e-05 1.16612927644574e-19
1.2941267043478263e-05 1.231065150591682e-19
1.2971085631136047e-05 1.1994327589688587e-19
1.300090421879383e-05 1.253600406234163e-19
1.3030722806451615e-05 1.2696836124597979e-19
1.3060541394109399e-05 1.1644227981111966e-19
1.3090359981767182e-05 1.2618107446275804e-19
1.3120178569424966e-05 1.3050325432109553e-19
1.314999715708275e-05 1.207663868660006e-19
1.3179815744740534e-05 1.2670002013420184e-19
1.3209634332398318e-05 1.2496838100335082e-19
1.3239452920056101e-05 1.2512908532309845e-19
1.3269271507713886e-05 1.3240537071830263e-19
1.329909009537167e-05 1.2055413303563254e-19
1.3328908683029453e-05 1.2599270416735343e-19
1.335872727068724e-05 1.3441064137111786e-19
1.3388545858345024e-05 1.242679820603371e-19
1.3418364446002808e-05 1.29222674189874e-19
1.3448183033660593e-05 1.2980423281799224e-19
1.3478001621318375e-05 1.2872826305796063e-19
1.350782020897616e-05 1.3575994589493516e-19
1.3537638796633943e-05 1.28037575208862e-19
1.3567457384291727e-05 1.280755561190362e-19
1.3597275971949512e-05 1.370485209419671e-19
1.3627094559607294e-05 1.298576082427859e-19
1.3656913147265079e-05 1.2944359283803684e-19
1.3686731734922863e-05 1.3505908347815141e-19
1.3716550322580646e-05 1.2966431981371618e-19
1.374636891023843e-05 1.3731736553693903e-19
1.3776187497896215e-05 1.3582783174755756e-19
1.3806006085553998e-05 1.2666901533440688e-19
1.3835824673211783e-05 1.4014982456600582e-19
1.3865643260869567e-05 1.3604256951378297e-19
1.389546184852735e-05 1.3136497669284691e-19
1.3925280436185134e-05 1.3832298640994186e-19
1.3955099023842919e-05 1.2938668626969872e-19
1.3984917611500702e-05 1.3644176654213942e-19
1.4014736199158486e-05 1.419292557837593e-19
1.404455478681627e-05 1.279681401625895e-19
1.4074373374474053e-05 1.3578058142406032e-19
1.4104191962131838e-05 1.425387500131323e-19
1.4134010549789624e-05 1.32265025775308e-19
1.4163829137447409e-05 1.371626681260023e-19
1.4193647725105191e-05 1.3603295536828303e-19
1.4223466312762976e-05 1.3527760390312311e-19
1.425328490042076e-05 1.4616506596430176e-19
1.4283103488078543e-05 1.323599617969628e-19
1.4312922075736328e-05 1.3148824496885622e-19
1.4342740663394112e-05 1.45422035734901e-19
1.4372559251051895e-05 1.3370446894746092e-19
1.440237783870968e-05 1.3632869331962296e-19
1.4432196426367464e-05 1.4022198211192806e-19
1.4462015014025247e-05 1.3272982066999316e-19
1.4491833601683031e-05 1.4443395119242735e-19
1.4521652189340816e-05 1.3784905694957645e-19
1.4551470776998599e-05 1.295618954725115e-19
1.4581289364656383e-05 1.449863271204879e-19
1.4611107952314168e-05 1.3970525062063584e-19
1.464092653997195e-05 1.3351223194134174e-19
1.4670745127629735e-05 1.400444029881824e-19
1.470056371528752e-05 1.3590773422696858e-19
1.4730382302945302e-05 1.4048952608666358e-19
1.4760200890603087e-05 1.4197077694024093e-19
1.4790019478260871e-05 1.2991850746525424e-19
1.4819838065918654e-05 1.3859211445433514e-19
1.4849656653576439e-05 1.4315411054553573e-19
1.4879475241234223e-05 1.3337722314502052e-19
1.490929382889201e-05 1.3907165803044779e-19
1.4939112416549792e-05 1.378242740372629e-19
1.4968931004207577e-05 1.38485770026263e-19
1.4998749591865361e-05 1.44078400062326e-19
1.5028568179523144e-05 1.3195572363406804e-19
1.5058386767180928e-05 1.366327062934304e-19
1.5088205354838713e-05 1.4600831197862e-19
1.5118023942496496e-05 1.3463037702906238e-19
1.514784253015428e-05 1.3661297404374873e-19
1.5177661117812065e-05 1.3903900878795942e-19
1.5207479705469848e-05 1.3678212708911897e-19
1.5237298293127632e-05 1.4581053999789583e-19
1.5267116880785417e-05 1.3452664148316008e-19
1.52969354684432e-05 1.3198311659940597e-19
1.5326754056100982e-05 1.4864274744354777e-19
1.5356572643758767e-05 1.37720017889772e-19
1.538639123141655e-05 1.3465006512347554e-19
1.5416209819074336e-05 1.4127238018291314e-19
1.544602840673212e-05 1.3514876439753304e-19
1.5475846994389905e-05 1.4397689386521726e-19
1.5505665582047686e-05 1.3981343979669335e-19
1.553548416970547e-05 1.29040883097476e-19
1.5565302757363255e-05 1.4583797654060024e-19
1.559512134502104e-05 1.4365262765893893e-19
1.5624939932678824e-05 1.3365415300738903e-19
1.5654758520336608e-05 1.4302185239157414e-19
1.5684577107994393e-05 1.392091837199321e-19
1.5714395695652177e-05 1.4285169275391818e-19
1.5744214283309962e-05 1.4510819392057983e-19
1.5774032870967746e-05 1.303068563932603e-19
1.5803851458625527e-05 1.4286429195567445e-19
1.5833670046283312e-05 1.4893773500354248e-19
1.5863488633941096e-05 1.33764207489689e-19
1.589330722159888e-05 1.41231446631364e-19
1.5923125809256665e-05 1.419588213668911e-19
1.595294439691445e-05 1.399505594630074e-19
1.598276298457223e-05 1.4750197262508137e-19
1.6012581572230015e-05 1.3511073240029387e-19
1.60424001598878e-05 1.3878975620536145e-19
1.6072218747545584e-05 1.5181595474042983e-19
1.610203733520337e-05 1.3888677972318655e-19
1.6131855922861153e-05 1.388404640843368e-19
1.6161674510518935e-05 1.448168932415998e-19
1.619149309817672e-05 1.4013723809936278e-19
1.6221311685834504e-05 1.4698039229371893e-19
1.6251130273492288e-05 1.4044304711743632e-19
1.6280948861150073e-05 1.3557993874849805e-19
1.6310767448807854e-05 1.5188643886653128e-19
1.6340586036465638e-05 1.431280899114565e-19
1.6370404624123423e-05 1.38349693422268e-19
1.6400223211781207e-05 1.4872908318357054e-19
1.6430041799438995e-05 1.4054914961066661e-19
1.6459860387096776e-05 1.4727074244115816e-19
1.648967897475456e-05 1.4711649580908509e-19
1.6519497562412345e-05 1.3529758172812124e-19
1.654931615007013e-05 1.493857200801037e-19
1.6579134737727914e-05 1.484238844603679e-19
1.6608953325385695e-05 1.3765246213696668e-19
1.663877191304348e-05 1.4540144884466114e-19
1.6668590500701264e-05 1.4514038089671038e-19
1.669840908835905e-05 1.4586092995070895e-19
1.6728227676016833e-05 1.4937103533169275e-19
1.6758046263674618e-05 1.393053845192919e-19
1.67878648513324e-05 1.4580978839703326e-19
1.6817683438990183e-05 1.5453769475739456e-19
1.6847502026647968e-05 1.4087660045449823e-19
1.6877320614305752e-05 1.436384377925277e-19
1.6907139201963537e-05 1.4897653898544893e-19
1.693695778962132e-05 1.4426064556725886e-19
1.6966776377279103e-05 1.5040331295001378e-19
1.6996594964936887e-05 1.420134869164317e-19
1.702641355259467e-05 1.4201331729057713e-19
1.7056232140252456e-05 1.5681235926898046e-19
1.708605072791024e-05 1.4360040246066285e-19
1.7115869315568025e-05 1.417569350503593e-19
1.7145687903225806e-05 1.5355584391367473e-19
1.717550649088359e-05 1.4643069808027645e-19
1.720532507854138e-05 1.494146793399554e-19
1.7235143666199163e-05 1.4709542985939216e-19
1.7264962253856944e-05 1.405820556735717e-19
1.729478084151473e-05 1.5530524123046704e-19
1.7324599429172513e-05 1.5049846974935835e-19
1.7354418016830298e-05 1.3922052145637585e-19
1.7384236604488082e-05 1.5037566403620786e-19
1.7414055192145867e-05 1.495098584936213e-19
1.7443873779803648e-05 1.4759749158783532e-19
1.7473692367461432e-05 1.5064247490749846e-19
1.7503510955119217e-05 1.4144124035699134e-19
1.7533329542777e-05 1.5086476687888592e-19
1.7563148130434786e-05 1.566488180117768e-19
1.759296671809257e-05 1.407179842111572e-19
1.762278530575035e-05 1.474484685957183e-19
1.7652603893408136e-05 1.5183329464245077e-19
1.768242248106592e-05 1.462250910341788e-19
1.7712241068723705e-05 1.5180224198564661e-19
1.774205965638149e-05 1.4300263286423636e-19
1.7771878244039274e-05 1.4702425533840153e-19
1.7801696831697055e-05 1.5812371834231934e-19
1.783151541935484e-05 1.4345872140108703e-19
1.7861334007012624e-05 1.4634703796619467e-19
1.789115259467041e-05 1.5364433865974868e-19
1.7920971182328193e-05 1.472569990486497e-19
1.7950789769985977e-05 1.51018436212375e-19
1.7980608357643762e-05 1.4450621340314992e-19
1.8010426945301546e-05 1.4346711770076168e-19
1.804024553295933e-05 1.5636768672232547e-19
1.8070064120617115e-05 1.4507069607486668e-19
1.8099882708274897e-05 1.3920222473107814e-19
1.812970129593268e-05 1.51625011171026e-19
1.8159519883590466e-05 1.475511081629046e-19
1.818933847124825e-05 1.4671661841826456e-19
1.8219157058906035e-05 1.4652611026785825e-19
1.824897564656382e-05 1.401278847602145e-19
1.82787942342216e-05 1.5240404424640383e-19
1.8308612821879385e-05 1.4989818932460433e-19
1.833843140953717e-05 1.3681540419028652e-19
1.8368249997194954e-05 1.4752174672865173e-19
1.8398068584852738e-05 1.4824197323674388e-19
1.842788717251052e-05 1.4326039010240762e-19
1.8457705760168304e-05 1.451202020440075e-19
1.8487524347826088e-05 1.3926665478163794e-19
1.8517342935483873e-05 1.4701776737021959e-19
1.8547161523141657e-05 1.5003156298386322e-19
1.8576980110799442e-05 1.3648546830667026e-19
1.8606798698457223e-05 1.42668167431501e-19
1.8636617286115007e-05 1.4858051220151563e-19
1.8666435873772792e-05 1.4205910550856639e-19
1.8696254461430576e-05 1.435482309550513e-19
1.872607304908836e-05 1.3980740162651268e-19
1.8755891636746145e-05 1.4131252884371623e-19
1.878571022440393e-05 1.4840423234369084e-19
1.8815528812061714e-05 1.3616883098720405e-19
1.88453473997195e-05 1.3622341912019258e-19
1.8875165987377283e-05 1.472466469944757e-19
1.8904984575035065e-05 1.4048747602446663e-19
1.893480316269285e-05 1.4094034489738117e-19
1.8964621750350634e-05 1.4003967186985496e-19
1.8994440338008418e-05 1.3648915491448312e-19
1.9024258925666203e-05 1.4612184889424265e-19
1.9054077513323987e-05 1.391610863803223e-19
1.9083896100981768e-05 1.3280567779589149e-19
1.9113714688639553e-05 1.4353633839709824e-19
1.9143533276297337e-05 1.3910633956902936e-19
1.917335186395512e-05 1.3699600032715832e-19
1.9203170451612906e-05 1.3974517025075031e-19
1.923298903927069e-05 1.334384885330088e-19
1.9262807626928472e-05 1.4239539280129118e-19
1.9292626214586256e-05 1.4136608110039623e-19
1.932244480224404e-05 1.2913992194561014e-19
1.9352263389901825e-05 1.395186138012935e-19
1.938208197755961e-05 1.4121655691005608e-19
1.9411900565217394e-05 1.3516501745771096e-19
1.9441719152875175e-05 1.3795061548078063e-19
1.9471537740532963e-05 1.3248157049903375e-19
1.9501356328190748e-05 1.3702438911666981e-19
1.9531174915848532e-05 1.4122237816864948e-19
1.9560993503506313e-05 1.2924584518670051e-19
1.9590812091164098e-05 1.3321319476693011e-19
1.9620630678821882e-05 1.4047912438217537e-19
1.9650449266479667e-05 1.3398611167509734e-19
1.968026785413745e-05 1.3453931862732838e-19
1.9710086441795236e-05 1.3307598724562368e-19
1.9739905029453017e-05 1.3383197335210186e-19
1.97697236171108e-05 1.413148060041161e-19
1.9799542204768586e-05 1.2936891187240373e-19
1.982936079242637e-05 1.2856868195378238e-19
1.9859179380084155e-05 1.3939620320007745e-19
1.988899796774194e-05 1.31259305776359e-19
1.991881655539972e-05 1.3142299056162543e-19
1.9948635143057505e-05 1.308131669288329e-19
1.997845373071529e-05 1.2856934817837898e-19
2.0008272318373074e-05 1.3924463233090786e-19
2.003809090603086e-05 1.3117375733784235e-19
2.0067909493688643e-05 1.2347923967065887e-19
2.0097728081346424e-05 1.3496460536278215e-19
2.012754666900421e-05 1.3230633644202372e-19
2.0157365256661993e-05 1.270766553043454e-19
2.0187183844319778e-05 1.2924919423875446e-19
2.0217002431977562e-05 1.2533444295554585e-19
2.0246821019635347e-05 1.304272100311332e-19
2.027663960729313e-05 1.3016770760523728e-19
2.0306458194950916e-05 1.2008591041711515e-19
2.03362767826087e-05 1.2741018435088638e-19
2.0366095370266485e-05 1.2978841537087927e-19
2.0395913957924266e-05 1.211105646027305e-19
2.042573254558205e-05 1.2453444125453064e-19
2.0455551133239835e-05 1.2429301003735993e-19
2.048536972089762e-05 1.2403980422329836e-19
2.0515188308555404e-05 1.282645873438253e-19
2.0545006896213185e-05 1.162277085893947e-19
2.057482548387097e-05 1.1875911770008785e-19
2.0604644071528754e-05 1.274764288734701e-19
2.063446265918654e-05 1.1573425488796005e-19
2.0664281246844323e-05 1.1770362091603572e-19
2.0694099834502107e-05 1.1806018902873444e-19
2.072391842215989e-05 1.165962249812738e-19
2.0753737009817673e-05 1.2363780146577835e-19
2.0783555597475458e-05 1.1042978520135926e-19
2.0813374185133242e-05 1.1013266042984556e-19
2.0843192772791027e-05 1.2330768222997869e-19
2.087301136044881e-05 1.124816587541085e-19
2.0902829948106592e-05 1.0943844823816616e-19
2.0932648535764377e-05 1.1296187160684294e-19
2.096246712342216e-05 1.0742732246918683e-19
2.099228571107995e-05 1.150967664293833e-19
2.102210429873773e-05 1.0791496421429654e-19
2.1051922886395515e-05 9.842100053989989e-20
2.10817414740533e-05 1.1424795090374353e-19
2.1111560061711084e-05 1.0879106175896298e-19
2.1141378649368868e-05 1.0147396123766954e-19
2.1171197237026653e-05 1.0613392179287549e-19
2.1201015824684434e-05 9.957960769036842e-20
