0.0 -8.434468901171209e-20
2.982195256166983e-08 -8.14100120121645e-20
5.964390512333966e-08 -8.920792362692802e-20
8.946585768500948e-08 -8.607126943844796e-20
1.1928781024667932e-07 -8.150041042119917e-20
1.4910976280834914e-07 -9.385454565458171e-20
1.7893171537001896e-07 -8.842777117480684e-20
2.0875366793168878e-07 -8.657733895332238e-20
2.3857562049335863e-07 -9.634904545645472e-20
2.683975730550285e-07 -8.790925682733217e-20
2.982195256166983e-07 -9.397180296711963e-20
3.2804147817836807e-07 -9.831649374331773e-20
3.578634307400379e-07 -8.866920469781077e-20
3.8768538330170777e-07 -9.996627900253323e-20
4.1750733586337756e-07 -9.979855938840953e-20
4.4732928842504736e-07 -9.327106499147782e-20
4.771512409867173e-07 -1.0278623616539486e-19
5.069731935483871e-07 -9.832263376767811e-20
5.36795146110057e-07 -9.903286217845179e-20
5.666170986717266e-07 -1.0511922321600007e-19
5.964390512333966e-07 -9.627301792905061e-20
6.262610037950663e-07 -1.0294388862059276e-19
6.560829563567361e-07 -1.0811671041420719e-19
6.85904908918406e-07 -9.855397072977856e-20
7.157268614800758e-07 -1.0710433876707964e-19
7.455488140417457e-07 -1.0853312592818005e-19
7.753707666034155e-07 -1.0099106522032558e-19
8.051927191650853e-07 -1.0953158073765492e-19
8.350146717267551e-07 -1.0459804021871608e-19
8.64836624288425e-07 -1.0393950625302855e-19
8.946585768500947e-07 -1.1410235203225208e-19
9.244805294117646e-07 -1.0329012420522594e-19
9.543024819734345e-07 -1.0633076768852916e-19
9.841244345351043e-07 -1.1289547765842503e-19
1.0139463870967741e-06 -1.0318163577530427e-19
1.0437683396584441e-06 -1.113814836737196e-19
1.073590292220114e-06 -1.1163602923811754e-19
1.1034122447817835e-06 -1.0417885436521995e-19
1.1332341973434533e-06 -1.1399983259074018e-19
1.1630561499051233e-06 -1.1047988072771121e-19
1.192878102466793e-06 -1.0632867478342014e-19
1.222700055028463e-06 -1.1400707973225553e-19
1.2525220075901327e-06 -1.0836790566739373e-19
1.2823439601518027e-06 -1.0960765762143237e-19
1.3121659127134723e-06 -1.1365361566496554e-19
1.341987865275142e-06 -1.0437078965441187e-19
1.371809817836812e-06 -1.1141977391477428e-19
1.4016317703984819e-06 -1.1438594125950112e-19
1.4314537229601517e-06 -1.048640227572131e-19
1.4612756755218215e-06 -1.120661492184457e-19
1.4910976280834915e-06 -1.1066999514045521e-19
1.5209195806451613e-06 -1.0884593644545209e-19
1.550741533206831e-06 -1.1635888414570223e-19
1.5805634857685007e-06 -1.0528754682993654e-19
1.6103854383301707e-06 -1.0803188183926781e-19
1.6402073908918405e-06 -1.1509223707488796e-19
1.6700293434535103e-06 -1.0392339182708317e-19
1.6998512960151803e-06 -1.1070421473235108e-19
1.72967324857685e-06 -1.1045776818207774e-19
1.7594952011385199e-06 -1.043780251480289e-19
1.7893171537001894e-06 -1.1556520617241643e-19
1.8191391062618595e-06 -1.0803423390829265e-19
1.8489610588235292e-06 -1.0363648972619347e-19
1.878783011385199e-06 -1.1454666871024134e-19
1.908604963946869e-06 -1.0661866599839371e-19
1.938426916508539e-06 -1.049413957235116e-19
1.9682488690702086e-06 -1.1090081131625866e-19
1.9980708216318784e-06 -1.0392323625144723e-19
2.0278927741935482e-06 -1.085983331806581e-19
2.057714726755218e-06 -1.0858869002569643e-19
2.0875366793168882e-06 -9.913976512967962e-20
2.117358631878558e-06 -1.0870286579744534e-19
2.147180584440228e-06 -1.0700876233693342e-19
2.1770025370018972e-06 -1.0005746797490778e-19
2.206824489563567e-06 -1.0818789314588084e-19
2.236646442125237e-06 -1.036615297561812e-19
2.2664683946869066e-06 -1.0413084151832376e-19
2.296290347248577e-06 -1.0765533209667904e-19
2.3261122998102466e-06 -9.72352931564029e-20
2.3559342523719164e-06 -1.0195163088963108e-19
2.385756204933586e-06 -1.0551342353594678e-19
2.415578157495256e-06 -9.70424126502308e-20
2.445400110056926e-06 -1.011470285743469e-19
2.4752220626185956e-06 -1.0035235635556827e-19
2.5050440151802654e-06 -9.798037134448135e-20
2.5348659677419356e-06 -1.0429349531899759e-19
2.5646879203036054e-06 -9.438787791272024e-20
2.594509872865275e-06 -9.522869203345059e-20
2.6243318254269446e-06 -1.0654855990067266e-19
2.6541537779886144e-06 -9.394348985140176e-20
2.683975730550284e-06 -9.378618193593525e-20
2.713797683111954e-06 -9.875363565647083e-20
2.743619635673624e-06 -9.139572949407447e-20
2.773441588235294e-06 -9.792607352998505e-20
2.8032635407969638e-06 -9.168844522201606e-20
2.8330854933586336e-06 -8.5279455742798e-20
2.8629074459203034e-06 -9.884610559670267e-20
2.892729398481973e-06 -9.135161436839705e-20
2.922551351043643e-06 -8.59018335910766e-20
2.952373303605313e-06 -9.366797223176305e-20
2.982195256166983e-06 -8.706191325159358e-20
3.0120172087286528e-06 -9.055440503107706e-20
3.0418391612903226e-06 -8.922053092708242e-20
3.0716611138519924e-06 -7.891563965422337e-20
3.101483066413662e-06 -9.076510536766759e-20
3.1313050189753315e-06 -8.836073101333948e-20
3.1611269715370013e-06 -7.588060228958508e-20
3.1909489240986715e-06 -8.289657154634337e-20
3.2207708766603413e-06 -8.288245040061099e-20
3.250592829222011e-06 -8.097026412534662e-20
3.280414781783681e-06 -8.245659078819133e-20
3.3102367343453507e-06 -7.316783964527259e-20
3.3400586869070205e-06 -7.802283991921534e-20
3.3698806394686903e-06 -8.39653854342075e-20
3.3997025920303605e-06 -6.929470637326905e-20
3.4295245445920303e-06 -7.302127769471649e-20
3.4593464971537e-06 -7.723303728679698e-20
3.48916844971537e-06 -6.89647372642557e-20
3.5189904022770397e-06 -7.414812511111102e-20
3.5488123548387095e-06 -6.482268008718048e-20
3.578634307400379e-06 -6.454648003663461e-20
3.608456259962049e-06 -7.684349024564151e-20
3.638278212523719e-06 -6.116582481271232e-20
3.6681001650853887e-06 -6.029522633273541e-20
3.6979221176470585e-06 -6.844320372832521e-20
3.7277440702087283e-06 -6.091728390472172e-20
3.757566022770398e-06 -6.384266439314275e-20
3.787387975332068e-06 -5.892500750141702e-20
3.817209927893738e-06 -5.3513001399647497e-20
3.8470318804554075e-06 -6.46783790537826e-20
3.876853833017078e-06 -5.571063452719118e-20
3.906675785578747e-06 -4.596046621037948e-20
3.936497738140417e-06 -5.673525432302136e-20
3.9663196907020875e-06 -5.2780160426753924e-20
3.996141643263757e-06 -4.9601610655286216e-20
4.025963595825427e-06 -5.030238755593808e-20
4.0557855483870965e-06 -4.027594180161527e-20
4.085607500948767e-06 -5.037923458040369e-20
4.115429453510436e-06 -5.052080824545435e-20
4.145251406072106e-06 -3.279228585447625e-20
4.1750733586337765e-06 -4.18131046648217e-20
4.204895311195446e-06 -4.313746584350794e-20
4.234717263757116e-06 -3.532643449946698e-20
4.2645392163187855e-06 -3.7036964428078753e-20
4.294361168880456e-06 -2.856970257798703e-20
4.324183121442124e-06 -3.342223356300406e-20
4.3540050740037944e-06 -3.8318887306487337e-20
4.383827026565465e-06 -2.2067937878688868e-20
4.413648979127134e-06 -2.5404508548085106e-20
4.443470931688804e-06 -3.298383871736627e-20
4.473292884250474e-06 -2.2644556173314286e-20
4.503114836812144e-06 -2.2386600937318987e-20
4.532936789373813e-06 -1.755093723887617e-20
4.562758741935483e-06 -1.554062881524413e-20
4.592580694497154e-06 -2.5975808809638584e-20
4.622402647058823e-06 -1.036183766899456e-20
4.652224599620493e-06 -4.796598156946143e-21
4.682046552182163e-06 -1.8857783547146395e-20
4.711868504743833e-06 -9.206120444794266e-21
4.741690457305502e-06 -6.074021514069895e-21
4.771512409867172e-06 -5.692379891996572e-21
4.801334362428842e-06 6.756526351945077e-22
4.831156314990512e-06 -9.95776011965398e-21
4.860978267552182e-06 3.3638809253817553e-22
4.890800220113852e-06 1.3663184726517158e-20
4.920622172675522e-06 -2.602885390800603e-21
4.950444125237191e-06 2.999079997290372e-21
4.980266077798861e-06 1.3554897438668323e-20
5.010088030360531e-06 1.006620004158356e-20
5.039909982922201e-06 1.7400655812452016e-20
5.069731935483871e-06 8.960874277381941e-21
5.099553888045541e-06 1.1297850813191014e-20
5.129375840607211e-06 2.9813148476614703e-20
5.15919779316888e-06 1.759222387024261e-20
5.18901974573055e-06 1.4822013401951383e-20
5.21884169829222e-06 2.7812836455529987e-20
5.248663650853889e-06 2.632622566490276e-20
5.278485603415559e-06 3.117589159882635e-20
5.308307555977229e-06 2.859074804707368e-20
5.338129508538899e-06 2.5599264517067376e-20
5.367951461100568e-06 4.3721324820171527e-20
5.3977734136622385e-06 3.982478305254646e-20
5.427595366223908e-06 2.8934581056429486e-20
5.457417318785578e-06 4.376010474482338e-20
5.487239271347248e-06 4.5456703999054675e-20
5.517061223908918e-06 4.2978920767998374e-20
5.546883176470588e-06 4.716830940685474e-20
5.576705129032257e-06 4.029443962085445e-20
5.6065270815939275e-06 5.3042806144197097e-20
5.636349034155597e-06 6.077617704773626e-20
5.666170986717267e-06 4.401938904645525e-20
5.695992939278937e-06 5.444218632462459e-20
5.725814891840607e-06 6.45444487674454e-20
5.755636844402277e-06 5.877117537120496e-20
5.785458796963946e-06 6.266966236075592e-20
5.8152807495256165e-06 5.658375239264417e-20
5.845102702087286e-06 6.46427030268265e-20
5.874924654648956e-06 7.818310259857018e-20
5.904746607210626e-06 6.036036148575486e-20
5.934568559772296e-06 6.219543278594354e-20
5.964390512333966e-06 7.997743392186218e-20
5.994212464895635e-06 7.440429724001714e-20
6.0240344174573055e-06 7.426464130003999e-20
6.053856370018975e-06 7.432451304487643e-20
6.083678322580645e-06 7.61696018571372e-20
6.1135002751423145e-06 9.071273230783762e-20
6.143322227703985e-06 7.966224420425225e-20
6.173144180265655e-06 7.362029242723016e-20
6.202966132827324e-06 9.316374998409752e-20
6.232788085388994e-06 9.035361628066714e-20
6.262610037950663e-06 8.567003847272544e-20
6.292431990512333e-06 8.775136917176958e-20
6.322253943074003e-06 8.684111137696531e-20
6.352075895635673e-06 1.0256478381263261e-19
6.381897848197343e-06 9.699135634288753e-20
6.4117198007590125e-06 8.47614477276631e-20
6.441541753320683e-06 1.0425504794186137e-19
6.471363705882352e-06 1.0627240078223148e-19
6.501185658444022e-06 9.858239427151941e-20
6.531007611005692e-06 1.0301177358055404e-19
6.560829563567362e-06 1.0044444935769581e-19
6.590651516129032e-06 1.1068315202991136e-19
6.6204734686907014e-06 1.144463232579165e-19
6.650295421252372e-06 9.916422623008695e-20
6.680117373814041e-06 1.10699285485372e-19
6.709939326375711e-06 1.213668970935157e-19
6.739761278937381e-06 1.1025427550930801e-19
6.769583231499051e-06 1.1455919494211206e-19
6.799405184060721e-06 1.160947251123858e-19
6.8292271366223904e-06 1.2010472900359163e-19
6.859049089184061e-06 1.2992639990334262e-19
6.88887104174573e-06 1.138888233906427e-19
6.9186929943074e-06 1.1805510198602367e-19
6.94851494686907e-06 1.3637878656752504e-19
6.97833689943074e-06 1.247337919987258e-19
7.00815885199241e-06 1.242786375734923e-19
7.0379808045540794e-06 1.2966161286597524e-19
7.06780275711575e-06 1.2894212996287116e-19
7.097624709677419e-06 1.4010567714846842e-19
7.127446662239089e-06 1.3184951409566233e-19
7.157268614800758e-06 1.2525498445993422e-19
7.187090567362428e-06 1.4636636386483003e-19
7.216912519924098e-06 1.439452929223191e-19
7.246734472485768e-06 1.3299564165676966e-19
7.276556425047438e-06 1.4229710613231083e-19
7.306378377609107e-06 1.4300868523562824e-19
7.336200330170777e-06 1.4916348346910217e-19
7.366022282732447e-06 1.4845834346409658e-19
7.395844235294117e-06 1.3530012731669718e-19
7.425666187855787e-06 1.5400873545977612e-19
7.4554881404174566e-06 1.595878834684997e-19
7.485310092979128e-06 1.4336914323159113e-19
7.515132045540796e-06 1.5285695640318874e-19
7.544953998102467e-06 1.547865671041324e-19
7.574775950664136e-06 1.579061307395031e-19
7.604597903225807e-06 1.629353469657889e-19
7.634419855787476e-06 1.4759931574703807e-19
7.664241808349145e-06 1.600865479394871e-19
7.694063760910815e-06 1.726172488114895e-19
7.723885713472485e-06 1.5569936053590126e-19
7.753707666034155e-06 1.593309391715161e-19
7.783529618595824e-06 1.6687595275254012e-19
7.813351571157494e-06 1.663635450538892e-19
7.843173523719164e-06 1.722362251405779e-19
7.872995476280835e-06 1.6089738448078817e-19
7.902817428842503e-06 1.6357501522362364e-19
7.932639381404175e-06 1.833715177240343e-19
7.962461333965844e-06 1.7052293979811622e-19
7.992283286527514e-06 1.642227771140586e-19
8.022105239089182e-06 1.7643301664342686e-19
8.051927191650854e-06 1.7447742778171162e-19
8.081749144212523e-06 1.789875178039473e-19
8.111571096774193e-06 1.7495024681024572e-19
8.141393049335863e-06 1.677595779541289e-19
8.171215001897533e-06 1.8701734012764707e-19
8.201036954459202e-06 1.829692953185424e-19
8.230858907020872e-06 1.6928688444294282e-19
8.260680859582542e-06 1.8444164486677772e-19
8.290502812144213e-06 1.8395879139517746e-19
8.320324764705881e-06 1.829266993387073e-19
8.350146717267553e-06 1.8585266088184176e-19
8.379968669829222e-06 1.746880257050665e-19
8.409790622390892e-06 1.8997708089276174e-19
8.43961257495256e-06 1.9322116169041682e-19
8.469434527514232e-06 1.742900094333471e-19
8.4992564800759e-06 1.8598299667990594e-19
8.529078432637571e-06 1.9008629399624732e-19
8.558900385199241e-06 1.8622302035326656e-19
8.588722337760911e-06 1.9083912449328053e-19
8.61854429032258e-06 1.8000505074512076e-19
8.648366242884248e-06 1.8869938457467773e-19
8.67818819544592e-06 2.0170882988099836e-19
8.708010148007589e-06 1.833908789109265e-19
8.737832100569259e-06 1.8355729396646294e-19
8.76765405313093e-06 1.954565131306561e-19
8.7974760056926e-06 1.9040921789883171e-19
8.827297958254268e-06 1.9195285310963853e-19
8.857119910815938e-06 1.8600849663063874e-19
8.886941863377608e-06 1.8557641682382158e-19
8.916763815939279e-06 2.0179013711213128e-19
8.946585768500947e-06 1.8959821279099363e-19
8.976407721062619e-06 1.8166755187746541e-19
9.006229673624288e-06 1.9661109662418084e-19
9.036051626185958e-06 1.9220493671033143e-19
9.065873578747626e-06 1.9133872173560083e-19
9.095695531309298e-06 1.9128073108850126e-19
9.125517483870967e-06 1.8415997242688433e-19
9.155339436432637e-06 1.9870177135067189e-19
9.185161388994307e-06 1.941440850201208e-19
9.214983341555977e-06 1.7772351546282144e-19
9.244805294117646e-06 1.927760316787449e-19
9.274627246679316e-06 1.9370190347040294e-19
9.304449199240986e-06 1.8527846328868586e-19
9.334271151802657e-06 1.8985065070755506e-19
9.364093104364325e-06 1.8379535971632345e-19
9.393915056925995e-06 1.9073784788445399e-19
9.423737009487666e-06 1.9642984014867874e-19
9.453558962049336e-06 1.7880019519253496e-19
9.483380914611004e-06 1.8511452593683274e-19
9.513202867172676e-06 1.938154037835397e-19
9.543024819734345e-06 1.8037276999776879e-19
9.572846772296013e-06 1.8404374793406678e-19
9.602668724857684e-06 1.8186924069701875e-19
9.632490677419354e-06 1.79898757298159e-19
9.662312629981024e-06 1.9261534839002167e-19
9.692134582542693e-06 1.757062321747162e-19
9.721956535104364e-06 1.7394677204686697e-19
9.751778487666033e-06 1.8940216916567152e-19
9.781600440227703e-06 1.7553336783092531e-19
9.811422392789372e-06 1.766513562597772e-19
9.841244345351044e-06 1.7761398110629124e-19
9.871066297912712e-06 1.7035006243074822e-19
9.900888250474382e-06 1.8213448155404346e-19
9.930710203036053e-06 1.7222672360862286e-19
9.960532155597723e-06 1.6294563344580802e-19
9.990354108159391e-06 1.7729737624536915e-19
1.0020176060721062e-05 1.7079365837308347e-19
1.0049998013282732e-05 1.6440255016777786e-19
1.0079819965844402e-05 1.682511816073269e-19
1.010964191840607e-05 1.6120637200610815e-19
1.0139463870967742e-05 1.6951629848008938e-19
1.0169285823529411e-05 1.6928254045835129e-19
1.0199107776091081e-05 1.5114069104653733e-19
1.022892972865275e-05 1.6154194317144933e-19
1.0258751681214422e-05 1.6464847613735247e-19
1.028857363377609e-05 1.5166028929729385e-19
1.031839558633776e-05 1.5601119376968857e-19
1.034821753889943e-05 1.5163060357447255e-19
1.03780394914611e-05 1.5238340175009554e-19
1.040786144402277e-05 1.572403463317596e-19
1.043768339658444e-05 1.4176660264576762e-19
1.046750534914611e-05 1.4540723451558243e-19
1.0497327301707778e-05 1.5433555410070526e-19
1.0527149254269449e-05 1.4219410693706643e-19
1.0556971206831119e-05 1.412491587084926e-19
1.0586793159392789e-05 1.4128000625202879e-19
1.0616615111954457e-05 1.3758717950336305e-19
1.0646437064516128e-05 1.4233293937221649e-19
1.0676259017077798e-05 1.3274223710808544e-19
1.0706080969639468e-05 1.2831792780885678e-19
1.0735902922201137e-05 1.3852897263337758e-19
1.0765724874762809e-05 1.3123779962583228e-19
1.0795546827324477e-05 1.2499262109381685e-19
1.0825368779886147e-05 1.2655911195095046e-19
1.0855190732447816e-05 1.2210242495127414e-19
1.0885012685009488e-05 1.27274579272369e-19
1.0914834637571156e-05 1.2269638197410196e-19
1.0944656590132826e-05 1.1112440276766656e-19
1.0974478542694497e-05 1.21140800659596e-19
1.1004300495256167e-05 1.1786044809840615e-19
1.1034122447817835e-05 1.0766168822288532e-19
1.1063944400379506e-05 1.1307143760368945e-19
1.1093766352941176e-05 1.072196841575607e-19
1.1123588305502846e-05 1.073788555728283e-19
1.1153410258064515e-05 1.0880523030308095e-19
1.1183232210626187e-05 9.601234036039845e-20
1.1213054163187855e-05 1.0103456721809323e-19
1.1242876115749525e-05 1.0420743779407903e-19
1.1272698068311194e-05 9.301103553636704e-20
1.1302520020872866e-05 9.459431582285526e-20
1.1332341973434534e-05 9.341941831568476e-20
1.1362163925996204e-05 8.950560417710298e-20
1.1391985878557875e-05 9.151850068960353e-20
1.1421807831119545e-05 8.111767000740514e-20
1.1451629783681213e-05 7.966434278559388e-20
1.1481451736242882e-05 8.70028670182434e-20
1.1511273688804554e-05 7.659730156378073e-20
1.1541095641366222e-05 7.432171473854474e-20
1.1570917593927893e-05 7.583975551613563e-20
1.1600739546489563e-05 7.061501636662039e-20
1.1630561499051233e-05 7.376662651027768e-20
1.1660383451612902e-05 6.481375275618521e-20
1.1690205404174572e-05 6.046033170893253e-20
1.1720027356736242e-05 6.792470402152564e-20
1.1749849309297912e-05 5.87832729706083e-20
1.177967126185958e-05 5.410706810683719e-20
1.1809493214421253e-05 5.496468202061352e-20
1.1839315166982921e-05 4.878931951561479e-20
1.1869137119544591e-05 5.1952652134835305e-20
1.189895907210626e-05 4.7990903630026807e-20
1.1928781024667932e-05 3.7600301600344454e-20
1.19586029772296e-05 4.4921745379329036e-20
1.198842492979127e-05 4.214264114080863e-20
1.201824688235294e-05 3.107918159823996e-20
1.2048068834914611e-05 3.466286630619266e-20
1.207789078747628e-05 2.983451479448545e-20
1.210771274003795e-05 2.7900757234803503e-20
1.213753469259962e-05 2.782916454578615e-20
1.216735664516129e-05 1.4894907955001497e-20
1.2197178597722959e-05 1.8943616562071065e-20
1.2227000550284629e-05 2.088065139230621e-20
1.22568225028463e-05 9.783081429637642e-21
1.228664445540797e-05 9.988235229149586e-21
1.2316466407969638e-05 6.36098360272619e-21
1.234628836053131e-05 3.945047040934347e-21
1.2376110313092978e-05 5.957771894459128e-21
1.2405932265654649e-05 -5.12015467439483e-21
1.2435754218216317e-05 -6.516543739044737e-21
1.2465576170777987e-05 -2.5312695981305606e-21
1.2495398123339658e-05 -1.299761511950548e-20
1.2525220075901326e-05 -1.5063998965720854e-20
1.2555042028462998e-05 -1.568386003550249e-20
1.2584863981024667e-05 -2.2363173674888346e-20
1.2614685933586337e-05 -1.9472884973275875e-20
1.2644507886148005e-05 -2.6694366168648108e-20
1.2674329838709677e-05 -3.427472188396594e-20
1.2704151791271346e-05 -2.715587812399695e-20
1.2733973743833016e-05 -3.43851203090989e-20
1.2763795696394686e-05 -4.073606081017502e-20
1.2793617648956356e-05 -4.024304772699259e-20
1.2823439601518025e-05 -4.776427116031733e-20
1.2853261554079695e-05 -4.4947025857607044e-20
1.2883083506641365e-05 -4.8735366586726315e-20
1.2912905459203036e-05 -6.15302033414921e-20
1.2942727411764704e-05 -5.595881412925136e-20
1.2972549364326376e-05 -5.671303374748979e-20
1.3002371316888045e-05 -6.703667026117991e-20
1.3032193269449715e-05 -6.534318353962887e-20
1.3062015222011383e-05 -7.02230629009022e-20
1.3091837174573055e-05 -7.231291024058058e-20
1.3121659127134724e-05 -7.199004970798522e-20
1.3151481079696394e-05 -8.595400750654858e-20
1.3181303032258064e-05 -8.236595578524386e-20
1.3211124984819734e-05 -7.913481508201118e-20
1.3240946937381403e-05 -9.312428166540459e-20
1.3270768889943073e-05 -9.235024840631489e-20
1.3300590842504743e-05 -9.437654953714226e-20
1.3330412795066414e-05 -9.931765517515596e-20
1.3360234747628082e-05 -9.740079831694918e-20
1.3390056700189752e-05 -1.0838623686476097e-19
1.3419878652751423e-05 -1.1004728125767218e-19
1.3449700605313091e-05 -1.0312942281032828e-19
1.3479522557874761e-05 -1.1490840869709371e-19
1.3509344510436431e-05 -1.1868497291567442e-19
1.3539166462998102e-05 -1.1630281868558463e-19
1.356898841555977e-05 -1.255298562641972e-19
1.3598810368121442e-05 -1.2268786235115768e-19
1.362863232068311e-05 -1.2802018572521037e-19
1.3658454273244781e-05 -1.3840611494058813e-19
1.368827622580645e-05 -1.2853612211583063e-19
1.3718098178368121e-05 -1.3611569362462217e-19
1.374792013092979e-05 -1.455829970564875e-19
1.377774208349146e-05 -1.404696010865393e-19
1.380756403605313e-05 -1.4649760332600908e-19
1.38373859886148e-05 -1.4604947039338866e-19
1.3867207941176469e-05 -1.5026271301031968e-19
1.389702989373814e-05 -1.6241809535922906e-19
1.392685184629981e-05 -1.5422334535356245e-19
1.395667379886148e-05 -1.5609264519236182e-19
1.3986495751423148e-05 -1.694196585740219e-19
1.401631770398482e-05 -1.6620788043415004e-19
1.4046139656546489e-05 -1.69597421331687e-19
1.4075961609108159e-05 -1.7324982098415632e-19
1.4105783561669827e-05 -1.7158074158347954e-19
1.41356055142315e-05 -1.8340116172646039e-19
1.4165427466793168e-05 -1.8232174147476793e-19
1.4195249419354838e-05 -1.7603047240228484e-19
1.4225071371916508e-05 -1.9019608976661666e-19
1.4254893324478178e-05 -1.9108510798989765e-19
1.4284715277039847e-05 -1.8753836534768337e-19
1.4314537229601516e-05 -1.9561286895298388e-19
1.4344359182163187e-05 -1.9405626030258339e-19
1.4374181134724856e-05 -2.0284345610486474e-19
1.4404003087286526e-05 -2.0660763752061533e-19
1.4433825039848196e-05 -1.966607294887585e-19
1.4463646992409867e-05 -2.0836687154848315e-19
1.4493468944971535e-05 -2.1507229727914625e-19
1.4523290897533205e-05 -2.0877705419909247e-19
1.4553112850094876e-05 -2.1387032507061268e-19
1.4582934802656546e-05 -2.1558482258744927e-19
1.4612756755218214e-05 -2.193443832314808e-19
1.4642578707779886e-05 -2.2627895610710256e-19
1.4672400660341555e-05 -2.185388303288881e-19
1.4702222612903225e-05 -2.237995724780256e-19
1.4732044565464894e-05 -2.3629860320613163e-19
1.4761866518026565e-05 -2.286325058256235e-19
1.4791688470588234e-05 -2.310971776054451e-19
1.4821510423149904e-05 -2.3735118486454074e-19
1.4851332375711574e-05 -2.3580868891763695e-19
1.4881154328273243e-05 -2.440622142751395e-19
1.4910976280834913e-05 -2.400211160058688e-19
1.4940798233396583e-05 -2.3740755586883663e-19
1.4970620185958255e-05 -2.5199179784876604e-19
1.5000442138519922e-05 -2.4889880046362645e-19
1.5030264091081592e-05 -2.4623081058555844e-19
1.5060086043643263e-05 -2.546254389816853e-19
1.5089907996204934e-05 -2.533729570759917e-19
1.5119729948766601e-05 -2.595331294512101e-19
1.5149551901328272e-05 -2.5910613058323617e-19
1.5179373853889943e-05 -2.529618537546284e-19
1.5209195806451614e-05 -2.6695683730360956e-19
1.523901775901328e-05 -2.666837889027702e-19
1.5268839711574952e-05 -2.594751843228216e-19
1.5298661664136623e-05 -2.6834244629202546e-19
1.532848361669829e-05 -2.677062699648874e-19
1.535830556925996e-05 -2.7241106891289285e-19
1.538812752182163e-05 -2.758626713861389e-19
1.54179494743833e-05 -2.6735507459293747e-19
1.544777142694497e-05 -2.783586850935984e-19
1.547759337950664e-05 -2.8292537964274253e-19
1.550741533206831e-05 -2.7417232667009494e-19
1.553723728462998e-05 -2.8098405071718907e-19
1.5567059237191648e-05 -2.8282442321852376e-19
1.5596881189753318e-05 -2.8381861339884473e-19
1.5626703142314988e-05 -2.8827362690772953e-19
1.5656525094876662e-05 -2.805040604305016e-19
1.568634704743833e-05 -2.8658102268328064e-19
1.5716169e-05 -2.964363490710795e-19
1.574599095256167e-05 -2.8794644465926615e-19
1.577581290512334e-05 -2.8894637194133556e-19
1.5805634857685006e-05 -2.963612077143897e-19
1.5835456810246676e-05 -2.9575262764842515e-19
1.586527876280835e-05 -2.9896810214074014e-19
1.589510071537002e-05 -2.9500903779274493e-19
1.5924922667931687e-05 -2.943059718406927e-19
1.5954744620493357e-05 -3.0814824871056507e-19
1.5984566573055027e-05 -3.0054854896804175e-19
1.6014388525616698e-05 -2.9504354672010084e-19
1.6044210478178365e-05 -3.0725368012360355e-19
1.6074032430740038e-05 -3.03409953960765e-19
1.610385438330171e-05 -3.061451120292633e-19
1.613367633586338e-05 -3.0730956053860776e-19
1.6163498288425045e-05 -3.019811175173579e-19
1.6193320240986716e-05 -3.1513045402455864e-19
1.6223142193548386e-05 -3.1216365879207744e-19
1.6252964146110053e-05 -3.0443796698215293e-19
1.6282786098671726e-05 -3.1347472060527333e-19
1.6312608051233397e-05 -3.131377924604858e-19
1.6342430003795067e-05 -3.1362693201996953e-19
1.6372251956356734e-05 -3.1425017817925166e-19
1.6402073908918404e-05 -3.0857146825883197e-19
1.6431895861480074e-05 -3.1706662165963316e-19
1.6461717814041744e-05 -3.1926758860239802e-19
1.6491539766603414e-05 -3.1002331315033673e-19
1.6521361719165085e-05 -3.1689270619360902e-19
1.6551183671726755e-05 -3.20697091697369e-19
1.6581005624288425e-05 -3.181528626305436e-19
1.6610827576850092e-05 -3.2075738629341223e-19
1.6640649529411762e-05 -3.1370324578943317e-19
1.6670471481973432e-05 -3.1799196935278255e-19
1.6700293434535106e-05 -3.2847678485996645e-19
1.6730115387096773e-05 -3.141091436196421e-19
1.6759937339658443e-05 -3.139563659346432e-19
1.6789759292220113e-05 -3.255479521564657e-19
1.6819581244781783e-05 -3.1911087526620227e-19
1.684940319734345e-05 -3.2097338511030985e-19
1.687922514990512e-05 -3.1863161856348213e-19
1.6909047102466794e-05 -3.1527504698029747e-19
1.6938869055028464e-05 -3.274827293709964e-19
1.696869100759013e-05 -3.1987900076360934e-19
1.69985129601518e-05 -3.1314131180032005e-19
1.702833491271347e-05 -3.245493089957591e-19
1.7058156865275142e-05 -3.1943659163921396e-19
1.708797881783681e-05 -3.166999231756108e-19
1.7117800770398482e-05 -3.1933051313794826e-19
1.7147622722960152e-05 -3.127939666775842e-19
1.7177444675521823e-05 -3.216303414605192e-19
1.720726662808349e-05 -3.206751361691029e-19
1.723708858064516e-05 -3.0789489379277957e-19
1.726691053320683e-05 -3.1871518354844217e-19
1.7296732485768497e-05 -3.1946352486248843e-19
1.732655443833017e-05 -3.1217071930634695e-19
1.735637639089184e-05 -3.1556434902268293e-19
1.738619834345351e-05 -3.09620348154457e-19
1.7416020296015178e-05 -3.1466527024730364e-19
1.7445842248576848e-05 -3.163871628528978e-19
1.7475664201138518e-05 -3.0087006163459816e-19
1.750548615370019e-05 -3.0864916421735394e-19
1.753530810626186e-05 -3.150446715939864e-19
1.756513005882353e-05 -3.042204837342297e-19
1.75949520113852e-05 -3.047435688971937e-19
1.762477396394687e-05 -3.016756426031636e-19
1.7654595916508536e-05 -3.0436564840669133e-19
1.7684417869070206e-05 -3.1042175460613434e-19
1.7714239821631876e-05 -2.9402561056222317e-19
1.774406177419355e-05 -2.957958679201159e-19
1.7773883726755217e-05 -3.074093281102966e-19
1.7803705679316887e-05 -2.953471420404696e-19
1.7833527631878557e-05 -2.940412325043001e-19
1.7863349584440228e-05 -2.9332016315088104e-19
1.7893171537001894e-05 -2.890785772238565e-19
1.7922993489563565e-05 -2.974550060769823e-19
1.7952815442125238e-05 -2.863155990676962e-19
1.798263739468691e-05 -2.800231821685822e-19
1.8012459347248575e-05 -2.9486106914451946e-19
1.8042281299810246e-05 -2.866461156295217e-19
1.8072103252371916e-05 -2.7796097065856544e-19
1.8101925204933586e-05 -2.8305679934029985e-19
1.8131747157495253e-05 -2.7749088660699693e-19
1.8161569110056926e-05 -2.811318987697906e-19
1.8191391062618597e-05 -2.7837597287448484e-19
1.8221213015180263e-05 -2.6358007852767595e-19
1.8251034967741934e-05 -2.745285779815842e-19
1.8280856920303604e-05 -2.756814800499153e-19
1.8310678872865274e-05 -2.6168994385657153e-19
1.834050082542694e-05 -2.6586106146898047e-19
1.8370322777988615e-05 -2.6350636979059235e-19
1.8400144730550285e-05 -2.6342256627763493e-19
1.8429966683111955e-05 -2.6435811940675436e-19
1.8459788635673622e-05 -2.500000329472911e-19
1.8489610588235292e-05 -2.545569517237563e-19
1.8519432540796962e-05 -2.6068869971102204e-19
1.8549254493358632e-05 -2.4555715299603104e-19
1.8579076445920303e-05 -2.4451961084149263e-19
1.8608898398481973e-05 -2.4728248791439844e-19
1.8638720351043643e-05 -2.4149284127295206e-19
1.8668542303605313e-05 -2.452109014485582e-19
1.869836425616698e-05 -2.349724261748928e-19
1.872818620872865e-05 -2.3035087163026403e-19
1.875800816129032e-05 -2.4406368314552375e-19
1.878783011385199e-05 -2.297444391150435e-19
1.881765206641366e-05 -2.220200676570122e-19
1.884747401897533e-05 -2.3028292985484558e-19
1.8877295971537e-05 -2.2220698425957343e-19
1.8907117924098672e-05 -2.2451908561539563e-19
1.893693987666034e-05 -2.1635445907779004e-19
1.896676182922201e-05 -2.0580833486045765e-19
1.899658378178368e-05 -2.2159115409285155e-19
1.9026405734345353e-05 -2.1164442370484547e-19
1.905622768690702e-05 -1.974027286542939e-19
1.908604963946869e-05 -2.077141324404757e-19
1.911587159203036e-05 -2.0159554096445488e-19
1.9145693544592027e-05 -1.9852476808366926e-19
1.9175515497153697e-05 -1.9749947386790136e-19
1.9205337449715367e-05 -1.8317575670507626e-19
1.923515940227704e-05 -1.9248847034459491e-19
1.9264981354838708e-05 -1.9450763643561093e-19
1.9294803307400378e-05 -1.741225599169374e-19
1.9324625259962048e-05 -1.7795589855514722e-19
1.9354447212523718e-05 -1.8074434346214784e-19
1.9384269165085385e-05 -1.7227921987157366e-19
1.9414091117647055e-05 -1.7180518422198646e-19
1.944391307020873e-05 -1.6194148742987197e-19
1.94737350227704e-05 -1.632138750370049e-19
1.9503556975332066e-05 -1.6996171680003827e-19
1.9533378927893736e-05 -1.523745928993753e-19
1.9563200880455406e-05 -1.4989023170643076e-19
1.9593022833017077e-05 -1.5780347837308067e-19
1.9622844785578743e-05 -1.4669839411350304e-19
1.9652666738140417e-05 -1.453399478020278e-19
1.9682488690702087e-05 -1.4007640071121987e-19
1.9712310643263757e-05 -1.3242953223663785e-19
1.9742132595825424e-05 -1.4146904162520622e-19
1.9771954548387095e-05 -1.2927618009878953e-19
1.9801776500948765e-05 -1.197977640718414e-19
1.9831598453510435e-05 -1.2937443158178632e-19
1.9861420406072105e-05 -1.2103989636506592e-19
1.9891242358633775e-05 -1.1612283819527305e-19
1.9921064311195446e-05 -1.1400747785104887e-19
1.9950886263757116e-05 -1.0519316223311377e-19
1.9980708216318783e-05 -1.1317548874705107e-19
2.0010530168880453e-05 -1.0662379063025385e-19
2.0040352121442123e-05 -8.920016484838723e-20
2.0070174074003793e-05 -9.904712232723684e-20
2.0099996026565464e-05 -9.700177407816202e-20
2.0129817979127134e-05 -8.560820646283452e-20
2.0159639931688804e-05 -8.696641816675863e-20
2.018946188425047e-05 -7.704591912191486e-20
2.021928383681214e-05 -8.046744910276999e-20
2.024910578937381e-05 -8.265533649836705e-20
2.0278927741935485e-05 -6.226027527247806e-20
2.0308749694497152e-05 -6.688897044424087e-20
2.0338571647058822e-05 -7.029350500066261e-20
2.0368393599620492e-05 -5.579907395813658e-20
2.0398215552182162e-05 -5.635433659775004e-20
2.042803750474383e-05 -4.960579192664462e-20
2.04578594573055e-05 -4.73491352758097e-20
2.0487681409867173e-05 -5.20016607898792e-20
2.0517503362428843e-05 -3.4289713007557085e-20
2.054732531499051e-05 -3.083165616300928e-20
2.057714726755218e-05 -4.006827354493124e-20
2.060696922011385e-05 -3.002706680589512e-20
2.063679117267552e-05 -2.4269314014864237e-20
2.0666613125237188e-05 -2.110338475264687e-20
2.069643507779886e-05 -1.574782770698989e-20
2.072625703036053e-05 -2.1220946227802298e-20
2.07560789829222e-05 -8.813242308886134e-21
2.078590093548387e-05 4.2812414001887356e-21
2.081572288804554e-05 -7.459192063042477e-21
2.084554484060721e-05 -1.0610864359017786e-21
2.087536679316888e-05 9.99233299634895e-21
2.090518874573055e-05 9.030266684800788e-21
2.093501069829222e-05 1.644307340799185e-20
2.096483265085389e-05 1.3392603730514978e-20
2.0994654603415557e-05 1.7712642365554663e-20
2.1024476555977227e-05 3.401765203359387e-20
2.1054298508538897e-05 2.816149271973716e-20
2.1084120461100567e-05 2.723476699065509e-20
2.1113942413662237e-05 4.025410047987218e-20
2.1143764366223908e-05 4.2303832391749175e-20
2.1173586318785578e-05 4.7171527828197695e-20
2.1203408271347248e-05 4.908913017401347e-20
2.1233230223908915e-05 4.855766205095522e-20
2.1263052176470585e-05 6.510271757606852e-20
2.1292874129032255e-05 6.51671897470326e-20
2.132269608159393e-05 5.788775199295706e-20
2.1352518034155596e-05 7.083709170147687e-20
2.1382339986717266e-05 7.452271000205052e-20
2.1412161939278936e-05 7.80797680608712e-20
2.1441983891840606e-05 8.207629980439245e-20
2.1471805844402273e-05 7.867760910754692e-20
2.1501627796963944e-05 9.343828489461712e-20
2.1531449749525617e-05 9.958046898050237e-20
2.1561271702087287e-05 9.139621575063481e-20
2.1591093654648954e-05 1.011660974711686e-19
2.1620915607210624e-05 1.0997207569108492e-19
2.1650737559772295e-05 1.0952302011893126e-19
2.1680559512333965e-05 1.129661059370552e-19
2.171038146489563e-05 1.1250358393812274e-19
2.1740203417457305e-05 1.204095233856683e-19
2.1770025370018976e-05 1.3361848795864486e-19
2.1799847322580646e-05 1.2461155265706525e-19
2.1829669275142313e-05 1.2595222492326928e-19
2.1859491227703983e-05 1.4164568629926597e-19
2.1889313180265653e-05 1.4141570825733173e-19
2.1919135132827323e-05 1.4497221810636118e-19
2.1948957085388993e-05 1.4541301595031272e-19
2.1978779037950664e-05 1.481518657603751e-19
2.2008600990512334e-05 1.6427223114928785e-19
2.2038422943074e-05 1.5779543533931839e-19
2.206824489563567e-05 1.5423388069273775e-19
2.209806684819734e-05 1.701957608724909e-19
2.212788880075901e-05 1.7037177917546198e-19
2.215771075332068e-05 1.7308260689533323e-19
2.2187532705882352e-05 1.763975841568528e-19
2.2217354658444022e-05 1.749551766146309e-19
2.2247176611005692e-05 1.9024568507243023e-19
2.227699856356736e-05 1.9003637688422522e-19
2.230682051612903e-05 1.825295880933163e-19
2.23366424686907e-05 1.9659424120259265e-19
2.2366464421252373e-05 2.0208181615084845e-19
2.239628637381404e-05 2.015870885238033e-19
2.242610832637571e-05 2.0390214114632886e-19
2.245593027893738e-05 2.019247721717399e-19
2.248575223149905e-05 2.1510423152910794e-19
2.2515574184060717e-05 2.2189119969874673e-19
2.2545396136622388e-05 2.0987193104946518e-19
2.257521808918406e-05 2.186430872234301e-19
2.260504004174573e-05 2.3029857561579855e-19
2.26348619943074e-05 2.2794508089068035e-19
2.266468394686907e-05 2.3121583502573133e-19
2.269450589943074e-05 2.308131568868104e-19
2.272432785199241e-05 2.3727987341981775e-19
2.2754149804554076e-05 2.4732322912083467e-19
2.278397175711575e-05 2.3947527181360347e-19
2.281379370967742e-05 2.4082474406297366e-19
2.284361566223909e-05 2.5146762080985387e-19
2.2873437614800757e-05 2.5381654885239478e-19
2.2903259567362427e-05 2.5510836152239497e-19
2.2933081519924097e-05 2.5343126628624533e-19
2.2962903472485764e-05 2.5836818779363357e-19
2.2992725425047438e-05 2.7103394073299127e-19
2.3022547377609108e-05 2.674750815560204e-19
2.3052369330170778e-05 2.6075979555831926e-19
2.3082191282732445e-05 2.740612085971104e-19
2.3112013235294115e-05 2.7923584057156015e-19
2.3141835187855785e-05 2.7604972961858265e-19
2.3171657140417455e-05 2.7803467077008174e-19
2.3201479092979126e-05 2.7679377499764e-19
2.3231301045540796e-05 2.906252293942805e-19
2.3261122998102466e-05 2.925309640439007e-19
2.3290944950664136e-05 2.790095931180987e-19
2.3320766903225803e-05 2.9254785748685217e-19
2.3350588855787473e-05 3.004182828925734e-19
2.3380410808349144e-05 2.970598245261487e-19
2.3410232760910817e-05 2.9966401591257644e-19
2.3440054713472484e-05 2.9590951734748795e-19
2.3469876666034154e-05 3.0708239670604564e-19
2.3499698618595825e-05 3.145757283748636e-19
2.3529520571157495e-05 3.0021528829451975e-19
2.355934252371916e-05 3.0626113669350867e-19
2.3589164476280832e-05 3.1896870833491537e-19
2.3618986428842505e-05 3.156004959260064e-19
2.3648808381404176e-05 3.167194812886102e-19
2.3678630333965842e-05 3.155509501213986e-19
2.3708452286527513e-05 3.218802791128189e-19
2.3738274239089183e-05 3.323891580081491e-19
2.3768096191650853e-05 3.2147574536776464e-19
2.379791814421252e-05 3.2038309017563105e-19
2.3827740096774194e-05 3.3361715678181513e-19
2.3857562049335864e-05 3.3520420995717095e-19
2.388738400189753e-05 3.322233880887696e-19
2.39172059544592e-05 3.29525084521609e-19
2.394702790702087e-05 3.343684797204064e-19
2.397684985958254e-05 3.4664701618834254e-19
2.4006671812144208e-05 3.401986892827105e-19
2.403649376470588e-05 3.30845835443898e-19
2.4066315717267552e-05 3.4535292639347085e-19
2.4096137669829222e-05 3.5041111398409233e-19
2.412595962239089e-05 3.4321142296752697e-19
2.415578157495256e-05 3.4441731689135567e-19
2.418560352751423e-05 3.4615863655740276e-19
2.42154254800759e-05 3.553665556520713e-19
2.424524743263757e-05 3.5545204291339633e-19
2.427506938519924e-05 3.424623423245027e-19
2.430489133776091e-05 3.5150990047518457e-19
2.433471329032258e-05 3.6170358164095645e-19
2.4364535242884247e-05 3.562098756026079e-19
2.4394357195445918e-05 3.5294817277146846e-19
2.4424179148007588e-05 3.514038786325441e-19
2.4454001100569258e-05 3.6353357881562137e-19
2.4483823053130928e-05 3.681690362810324e-19
2.45136450056926e-05 3.525048557870923e-19
2.454346695825427e-05 3.5810470115346893e-19
2.457328891081594e-05 3.699187388386106e-19
2.4603110863377606e-05 3.6514102295256873e-19
2.4632932815939276e-05 3.604925309408101e-19
2.4662754768500946e-05 3.577890841473577e-19
2.469257672106262e-05 3.668527316617365e-19
2.4722398673624287e-05 3.7606363788184875e-19
2.4752220626185957e-05 3.6201615759309755e-19
2.4782042578747627e-05 3.582893648926406e-19
2.4811864531309297e-05 3.75907335300164e-19
2.4841686483870964e-05 3.753514143418826e-19
2.4871508436432634e-05 3.6398278672546046e-19
2.4901330388994308e-05 3.6408327442154285e-19
2.4931152341555975e-05 3.704585344575922e-19
2.4960974294117645e-05 3.7941622560236043e-19
2.4990796246679315e-05 3.6953381648545466e-19
2.5020618199240985e-05 3.5902050975916715e-19
2.5050440151802652e-05 3.759420955724017e-19
2.5080262104364322e-05 3.785979389201131e-19
2.5110084056925996e-05 3.67447242962112e-19
2.5139906009487666e-05 3.6622769074330434e-19
2.5169727962049333e-05 3.6848955135865526e-19
2.5199549914611003e-05 3.79746459770654e-19
2.5229371867172674e-05 3.7592735438445224e-19
2.5259193819734344e-05 3.598470869106683e-19
2.528901577229601e-05 3.708076239762373e-19
2.5318837724857684e-05 3.820737871927009e-19
2.5348659677419354e-05 3.702179357676117e-19
2.5378481629981025e-05 3.631256903294513e-19
2.540830358254269e-05 3.681322116784904e-19
2.543812553510436e-05 3.760901438173636e-19
2.5467947487666032e-05 3.7541282664166177e-19
2.5497769440227702e-05 3.597274916638262e-19
2.5527591392789372e-05 3.6265034301327876e-19
2.5557413345351043e-05 3.8030446429837187e-19
2.5587235297912713e-05 3.702242321215698e-19
2.5617057250474383e-05 3.5993284305691367e-19
2.564687920303605e-05 3.6422309389880115e-19
2.567670115559772e-05 3.696357095770839e-19
2.570652310815939e-05 3.756788796143813e-19
2.5736345060721064e-05 3.5855093083508185e-19
2.576616701328273e-05 3.519251532201086e-19
2.57959889658444e-05 3.7323374226866307e-19
2.582581091840607e-05 3.6886404846386396e-19
2.5855632870967738e-05 3.5353386496691053e-19
2.5885454823529408e-05 3.556713559551032e-19
2.591527677609108e-05 3.626172646077138e-19
2.5945098728652752e-05 3.6749555638038304e-19
2.597492068121442e-05 3.5458173009251803e-19
2.600474263377609e-05 3.4285988235428566e-19
2.603456458633776e-05 3.5963915040455807e-19
2.606438653889943e-05 3.6337891953321487e-19
2.6094208491461096e-05 3.458384473364146e-19
2.6124030444022767e-05 3.4303908336938306e-19
2.615385239658444e-05 3.4941994063231743e-19
2.618367434914611e-05 3.566018042429276e-19
2.6213496301707777e-05 3.470689754454574e-19
2.6243318254269447e-05 3.2953453516951743e-19
2.6273140206831118e-05 3.445082055669447e-19
2.6302962159392788e-05 3.543214707010902e-19
2.6332784111954455e-05 3.347582170492925e-19
2.6362606064516128e-05 3.2863162424555637e-19
2.63924280170778e-05 3.3658628494992415e-19
2.642224996963947e-05 3.4247572925958513e-19
2.6452071922201136e-05 3.363487578213315e-19
2.6481893874762806e-05 3.1827067923919717e-19
2.6511715827324476e-05 3.2289685670975105e-19
2.6541537779886146e-05 3.387279394234073e-19
2.6571359732447816e-05 3.256599381116257e-19
2.6601181685009487e-05 3.1178864682674044e-19
2.6631003637571157e-05 3.191543113898599e-19
2.6660825590132827e-05 3.250214306748808e-19
2.6690647542694494e-05 3.2267707566174207e-19
2.6720469495256164e-05 3.0627474571601744e-19
2.6750291447817834e-05 3.0274147695323615e-19
2.6780113400379505e-05 3.217100601678894e-19
2.6809935352941175e-05 3.122932720547139e-19
2.6839757305502845e-05 2.936479468690745e-19
2.6869579258064515e-05 2.980117615705019e-19
2.6899401210626182e-05 3.044587790796153e-19
2.6929223163187852e-05 3.049143944988053e-19
2.6959045115749523e-05 2.909199066733725e-19
2.6988867068311196e-05 2.815202752500658e-19
2.7018689020872863e-05 2.9730550746624926e-19
2.7048510973434533e-05 2.986670180990671e-19
2.7078332925996203e-05 2.776857665527477e-19
2.7108154878557874e-05 2.738778138185005e-19
2.713797683111954e-05 2.842823877653001e-19
2.716779878368121e-05 2.864371912747357e-19
2.7197620736242884e-05 2.740273919806862e-19
2.7227442688804554e-05 2.594162050410295e-19
2.725726464136622e-05 2.702236939898811e-19
2.728708659392789e-05 2.8023579981314724e-19
2.7316908546489562e-05 2.5871408456411436e-19
2.7346730499051232e-05 2.4925656004074415e-19
2.73765524516129e-05 2.610617675893954e-19
2.7406374404174572e-05 2.644716693847734e-19
2.7436196356736243e-05 2.554845703514359e-19
2.7466018309297913e-05 2.377849291858948e-19
2.749584026185958e-05 2.450600488012991e-19
2.752566221442125e-05 2.596638922067196e-19
2.755548416698292e-05 2.3891710879909195e-19
2.758530611954459e-05 2.2617800587743133e-19
2.761512807210626e-05 2.362306957576991e-19
2.764495002466793e-05 2.4084461861897595e-19
2.76747719772296e-05 2.325977925608374e-19
2.7704593929791268e-05 2.1555512914600932e-19
2.7734415882352938e-05 2.176876653700216e-19
2.7764237834914608e-05 2.347552380718843e-19
2.779405978747628e-05 2.230907969260871e-19
2.782388174003795e-05 2.0101358770461353e-19
2.785370369259962e-05 2.0877038008558533e-19
2.788352564516129e-05 2.174475135337913e-19
2.791334759772296e-05 2.0937596918080162e-19
2.7943169550284626e-05 1.9584595844162618e-19
2.7972991502846296e-05 1.8785012064078698e-19
2.8002813455407967e-05 2.0368653103699232e-19
2.803263540796964e-05 2.0192464292753745e-19
2.8062457360531307e-05 1.7598252535746343e-19
2.8092279313092977e-05 1.8032047990033612e-19
2.8122101265654648e-05 1.9141465357296346e-19
2.8151923218216318e-05 1.848908587909045e-19
2.8181745170777985e-05 1.7236636321032092e-19
2.8211567123339655e-05 1.6168481658735028e-19
2.824138907590133e-05 1.7384290185467746e-19
2.8271211028463e-05 1.7910225042393942e-19
2.8301032981024665e-05 1.5242104106332223e-19
2.8330854933586336e-05 1.46746694178678e-19
2.8360676886148006e-05 1.6293025165789414e-19
2.8390498838709676e-05 1.5891684500642796e-19
2.8420320791271343e-05 1.4581698754130786e-19
2.8450142743833017e-05 1.34596759201872e-19
2.8479964696394687e-05 1.412847705256208e-19
2.8509786648956357e-05 1.5357072791973694e-19
2.8539608601518024e-05 1.3190193727507102e-19
2.8569430554079694e-05 1.179543220535217e-19
2.8599252506641364e-05 1.3219856789146645e-19
2.862907445920303e-05 1.3290654518198318e-19
2.8658896411764705e-05 1.2008478477091011e-19
2.8688718364326375e-05 1.0772554015580836e-19
2.8718540316888045e-05 1.0847812946288276e-19
2.8748362269449712e-05 1.2176218526196171e-19
2.8778184222011382e-05 1.1009922651561675e-19
2.8808006174573052e-05 8.688878881457997e-20
2.8837828127134723e-05 9.67699924973251e-20
2.8867650079696393e-05 1.0739427920689933e-19
2.8897472032258063e-05 9.234870013949315e-20
2.8927293984819733e-05 7.993240970409332e-20
2.8957115937381403e-05 7.860975347872725e-20
2.898693788994307e-05 8.838234163996735e-20
2.901675984250474e-05 8.541567298625313e-20
2.904658179506641e-05 6.024552369444183e-20
2.9076403747628084e-05 6.298289158997761e-20
2.910622570018975e-05 7.558535586816423e-20
2.913604765275142e-05 6.448624058646867e-20
2.916586960531309e-05 5.2896415082620233e-20
2.9195691557874762e-05 4.5374349755793286e-20
2.922551351043643e-05 5.524845834276612e-20
2.92553354629981e-05 5.85872393282836e-20
2.9285157415559773e-05 3.3710911512189385e-20
2.9314979368121443e-05 3.11231124604228e-20
2.934480132068311e-05 4.4119367651893417e-20
2.937462327324478e-05 3.8461487208729473e-20
2.940444522580645e-05 2.4220764484601007e-20
2.943426717836812e-05 1.4485765394180156e-20
2.9464089130929787e-05 2.2190965992901227e-20
2.949391108349146e-05 2.781591108669351e-20
2.952373303605313e-05 8.843985372184513e-21
2.95535549886148e-05 -1.5979252823137695e-21
2.9583376941176468e-05 1.0567834160666333e-20
2.9613198893738138e-05 9.04749450659493e-21
2.964302084629981e-05 -4.799758123386418e-21
2.967284279886148e-05 -1.2167923829584657e-20
2.970266475142315e-05 -1.1963068948736307e-20
2.9732486703984816e-05 -1.5417717841130485e-21
2.9762308656546486e-05 -1.4492774174728632e-20
2.9792130609108156e-05 -3.4818897106822207e-20
2.9821952561669826e-05 -2.2362284167252355e-20
2.9851774514231497e-05 -1.944966299739192e-20
2.9881596466793167e-05 -3.453331106156947e-20
2.9911418419354837e-05 -4.2403367553036434e-20
2.994124037191651e-05 -4.400715392894167e-20
2.9971062324478174e-05 -3.5540159024318356e-20
3.0000884277039844e-05 -4.0687336227687224e-20
3.0030706229601514e-05 -6.240295760090397e-20
3.0060528182163185e-05 -5.767032408702084e-20
3.0090350134724855e-05 -4.7791344725140435e-20
3.0120172087286525e-05 -6.151349103192302e-20
3.01499940398482e-05 -7.172226408875789e-20
3.017981599240987e-05 -7.47057733679439e-20
3.0209637944971532e-05 -7.039503531420854e-20
3.0239459897533203e-05 -6.765119929049417e-20
3.0269281850094873e-05 -8.875859566156176e-20
3.0299103802656543e-05 -9.423861559044551e-20
3.0328925755218213e-05 -7.75531536821072e-20
3.0358747707779887e-05 -8.641579925683238e-20
3.0388569660341557e-05 -1.0200458565822711e-19
3.0418391612903227e-05 -1.0393513017620002e-19
3.044821356546489e-05 -1.0004911000107357e-19
3.047803551802656e-05 -9.684488957797613e-20
3.050785747058823e-05 -1.1307630718978302e-19
3.0537679423149905e-05 -1.2513296068097753e-19
3.056750137571157e-05 -1.1262893009468266e-19
3.0597323328273245e-05 -1.125005088152194e-19
3.062714528083491e-05 -1.280922487264672e-19
3.065696723339658e-05 -1.3357165526886145e-19
3.068678918595825e-05 -1.3167326152258134e-19
3.071661113851992e-05 -1.2634520941562187e-19
3.074643309108159e-05 -1.363193263423363e-19
3.077625504364326e-05 -1.5388454332794459e-19
3.080607699620493e-05 -1.43139506231667e-19
3.08358989487666e-05 -1.3824019422383e-19
3.0865720901328274e-05 -1.543038585697417e-19
3.089554285388994e-05 -1.60703775467224e-19
3.092536480645161e-05 -1.612558848829878e-19
3.095518675901328e-05 -1.5664461893663742e-19
3.098500871157495e-05 -1.5911890646323966e-19
3.101483066413662e-05 -1.771201643410655e-19
3.104465261669829e-05 -1.7556918801606465e-19
3.107447456925996e-05 -1.638283480754836e-19
3.1104296521821636e-05 -1.7622498985932752e-19
3.1134118474383296e-05 -1.8687770417007938e-19
3.116394042694497e-05 -1.859139805817294e-19
3.1193762379506636e-05 -1.8395167886685528e-19
3.122358433206831e-05 -1.8096618507964968e-19
3.1253406284629977e-05 -1.9705979934854427e-19
3.128322823719165e-05 -2.0643549435220769e-19
3.1313050189753324e-05 -1.9124773658360715e-19
3.134287214231499e-05 -1.9655331174274396e-19
3.137269409487666e-05 -2.107808039092352e-19
