0.0 -2.6169685966387186e-19
2.982237391304348e-08 -2.645456597902915e-19
5.964474782608696e-08 -2.6528085476219953e-19
8.946712173913044e-08 -2.64899436776305e-19
1.1928949565217392e-07 -2.7489252589528667e-19
1.491118695652174e-07 -2.7888153578354975e-19
1.789342434782609e-07 -2.7320205371484395e-19
2.0875661739130437e-07 -2.7715981787105373e-19
2.3857899130434783e-07 -2.846246195137338e-19
2.6840136521739135e-07 -2.8736337774717255e-19
2.982237391304348e-07 -2.888985222769709e-19
3.2804611304347827e-07 -2.844563874626983e-19
3.578684869565218e-07 -2.923450889582458e-19
3.8769086086956524e-07 -3.0416155107713046e-19
4.1751323478260875e-07 -2.9413147379238536e-19
4.4733560869565216e-07 -2.9570032054261925e-19
4.771579826086957e-07 -3.0677203724450024e-19
5.069803565217391e-07 -3.069559854948747e-19
5.368027304347827e-07 -3.0976408695099167e-19
5.666251043478262e-07 -3.0634236998641226e-19
5.964474782608696e-07 -3.099546725014944e-19
6.262698521739132e-07 -3.228503488023533e-19
6.560922260869565e-07 -3.1625051752463577e-19
6.859146e-07 -3.123108360045081e-19
7.157369739130436e-07 -3.2372662524790114e-19
7.45559347826087e-07 -3.269437862326627e-19
7.753817217391305e-07 -3.2626348573363975e-19
8.052040956521739e-07 -3.264239884728318e-19
8.350264695652175e-07 -3.27562352921989e-19
8.64848843478261e-07 -3.362964204887768e-19
8.946712173913043e-07 -3.360098036986391e-19
9.244935913043479e-07 -3.298104493778231e-19
9.543159652173913e-07 -3.3820219095327265e-19
9.84138339130435e-07 -3.4241281453852603e-19
1.0139607130434783e-06 -3.405077678443282e-19
1.0437830869565218e-06 -3.4212137918839136e-19
1.0736054608695654e-06 -3.4024086041504963e-19
1.1034278347826087e-06 -3.4923957641998524e-19
1.1332502086956523e-06 -3.525091933041282e-19
1.1630725826086959e-06 -3.4422746740923117e-19
1.1928949565217392e-06 -3.514879000803625e-19
1.2227173304347828e-06 -3.5657116941964196e-19
1.2525397043478264e-06 -3.537967875778119e-19
1.2823620782608695e-06 -3.5658780358121687e-19
1.312184452173913e-06 -3.558487877473682e-19
1.3420068260869566e-06 -3.5806954468060525e-19
1.3718292e-06 -3.656136776053083e-19
1.4016515739130435e-06 -3.5909735099212562e-19
1.4314739478260871e-06 -3.5836286328892145e-19
1.4612963217391305e-06 -3.705515708914921e-19
1.491118695652174e-06 -3.67049843320438e-19
1.5209410695652174e-06 -3.667033224862269e-19
1.550763443478261e-06 -3.69384434851449e-19
1.5805858173913045e-06 -3.6656943494299484e-19
1.6104081913043479e-06 -3.7638975552517347e-19
1.6402305652173914e-06 -3.7321632656427723e-19
1.670052939130435e-06 -3.66398689022946e-19
1.6998753130434784e-06 -3.7723321519606223e-19
1.729697686956522e-06 -3.7785687965328083e-19
1.7595200608695655e-06 -3.756279306309193e-19
1.7893424347826086e-06 -3.7768403016684483e-19
1.8191648086956522e-06 -3.7513354272583676e-19
1.8489871826086958e-06 -3.8162527287352505e-19
1.8788095565217391e-06 -3.837783706027831e-19
1.9086319304347827e-06 -3.7567169621750956e-19
1.938454304347826e-06 -3.824458929478131e-19
1.96827667826087e-06 -3.867323579194393e-19
1.998099052173913e-06 -3.8150420672183123e-19
2.0279214260869565e-06 -3.8487413618081015e-19
2.0577438000000003e-06 -3.8205948701367077e-19
2.0875661739130436e-06 -3.8430093150819864e-19
2.117388547826087e-06 -3.9143040517163107e-19
2.1472109217391308e-06 -3.81458038207345e-19
2.177033295652174e-06 -3.8420236118870006e-19
2.2068556695652175e-06 -3.929711177059308e-19
2.2366780434782613e-06 -3.85136644346766e-19
2.2665004173913046e-06 -3.869798491546126e-19
2.296322791304348e-06 -3.896256202586806e-19
2.3261451652173917e-06 -3.865100584798475e-19
2.355967539130435e-06 -3.930955009247036e-19
2.3857899130434784e-06 -3.882499762217917e-19
2.4156122869565222e-06 -3.851215830245274e-19
2.4454346608695656e-06 -3.939393025585545e-19
2.475257034782609e-06 -3.8728811861783474e-19
2.5050794086956527e-06 -3.8752198057428933e-19
2.5349017826086956e-06 -3.912449987762289e-19
2.564724156521739e-06 -3.8483973852901403e-19
2.5945465304347828e-06 -3.9385894468291404e-19
2.624368904347826e-06 -3.920988741471441e-19
2.6541912782608695e-06 -3.837498691097473e-19
2.6840136521739133e-06 -3.9427059097795852e-19
2.7138360260869566e-06 -3.906024147056941e-19
2.7436584e-06 -3.862248272563837e-19
2.7734807739130437e-06 -3.9203499932519057e-19
2.803303147826087e-06 -3.8464849238758434e-19
2.8331255217391304e-06 -3.8797698081332828e-19
2.8629478956521742e-06 -3.9283073656320177e-19
2.8927702695652176e-06 -3.824368148641079e-19
2.922592643478261e-06 -3.868957088237127e-19
2.9524150173913043e-06 -3.900312065353711e-19
2.982237391304348e-06 -3.8318990260367837e-19
3.0120597652173914e-06 -3.876066039380932e-19
3.0418821391304348e-06 -3.8545596932531337e-19
3.0717045130434785e-06 -3.8140975512708186e-19
3.101526886956522e-06 -3.884238196281709e-19
3.1313492608695652e-06 -3.817808147149409e-19
3.161171634782609e-06 -3.7776364361747127e-19
3.1909940086956524e-06 -3.8505527740324864e-19
3.2208163826086957e-06 -3.7866120230608173e-19
3.2506387565217395e-06 -3.7849999171188933e-19
3.280461130434783e-06 -3.80641835191822e-19
3.3102835043478262e-06 -3.741341619779579e-19
3.34010587826087e-06 -3.800016045990901e-19
3.3699282521739133e-06 -3.7940578199299406e-19
3.3997506260869567e-06 -3.708128029040444e-19
3.4295730000000005e-06 -3.773857484167378e-19
3.459395373913044e-06 -3.768359380889522e-19
3.489217747826087e-06 -3.7096530771058583e-19
3.519040121739131e-06 -3.7316855221911296e-19
3.548862495652174e-06 -3.673186827010797e-19
3.5786848695652172e-06 -3.687010159870399e-19
3.608507243478261e-06 -3.7240413247320387e-19
3.6383296173913044e-06 -3.624248642088792e-19
3.6681519913043477e-06 -3.650002570194841e-19
3.6979743652173915e-06 -3.684804580246611e-19
3.727796739130435e-06 -3.6191342568757395e-19
3.7576191130434782e-06 -3.6463419478860487e-19
3.787441486956522e-06 -3.6046093256000643e-19
3.817263860869565e-06 -3.572168271835492e-19
3.847086234782609e-06 -3.633290006765311e-19
3.876908608695652e-06 -3.5519107566450946e-19
3.906730982608696e-06 -3.5159966670889174e-19
3.93655335652174e-06 -3.5727916767648173e-19
3.966375730434783e-06 -3.5141990680005534e-19
3.996198104347826e-06 -3.508149341825314e-19
4.02602047826087e-06 -3.506945500286977e-19
4.055842852173913e-06 -3.4343958781910694e-19
4.085665226086956e-06 -3.4970235803438153e-19
4.1154876000000006e-06 -3.483371004958478e-19
4.1453099739130435e-06 -3.3723722289530185e-19
4.175132347826087e-06 -3.431562739186724e-19
4.20495472173913e-06 -3.424828066850605e-19
4.234777095652174e-06 -3.3643142515744627e-19
4.264599469565217e-06 -3.3774761581960873e-19
4.2944218434782615e-06 -3.3086675505190647e-19
4.3242442173913045e-06 -3.3327461756768083e-19
4.354066591304348e-06 -3.3645951395219546e-19
4.383888965217391e-06 -3.2431320841831475e-19
4.413711339130435e-06 -3.254049235324044e-19
4.443533713043478e-06 -3.2812336654330287e-19
4.4733560869565225e-06 -3.23059186368951e-19
4.5031784608695654e-06 -3.2374385823874057e-19
4.533000834782609e-06 -3.1611182140754498e-19
4.562823208695652e-06 -3.1660926530996306e-19
4.592645582608696e-06 -3.217053473818494e-19
4.622467956521739e-06 -3.0957932719900203e-19
4.6522903304347835e-06 -3.09146643210396e-19
4.682112704347826e-06 -3.1294901505638475e-19
4.71193507826087e-06 -3.0580455266783092e-19
4.741757452173913e-06 -3.0581128931174295e-19
4.771579826086957e-06 -3.0074950653888655e-19
4.8014022e-06 -2.9821821069043823e-19
4.8312245739130444e-06 -3.048113851040077e-19
4.861046947826087e-06 -2.952193035787334e-19
4.890869321739131e-06 -2.894593764254503e-19
4.920691695652174e-06 -2.950316386513593e-19
4.950514069565218e-06 -2.9150241158864105e-19
4.980336443478261e-06 -2.8706370835332753e-19
5.010158817391305e-06 -2.819618121047437e-19
5.039981191304348e-06 -2.7911037625311625e-19
5.069803565217391e-06 -2.845319551095578e-19
5.099625939130435e-06 -2.7978868464946054e-19
5.129448313043478e-06 -2.6956768119890556e-19
5.159270686956522e-06 -2.738510398469337e-19
5.1890930608695655e-06 -2.7445831085324814e-19
5.218915434782609e-06 -2.6779134053426174e-19
5.248737808695652e-06 -2.6509448507581183e-19
5.278560182608696e-06 -2.592046888841817e-19
5.308382556521739e-06 -2.6270881341426676e-19
5.338204930434783e-06 -2.6429190473586374e-19
5.3680273043478265e-06 -2.504451678410318e-19
5.39784967826087e-06 -2.503247791284735e-19
5.427672052173913e-06 -2.549707060181391e-19
5.457494426086957e-06 -2.489132660823096e-19
5.4873168e-06 -2.45123104092902e-19
5.517139173913044e-06 -2.3858671732565237e-19
5.5469615478260875e-06 -2.403477625752066e-19
5.576783921739131e-06 -2.468431415773063e-19
5.606606295652174e-06 -2.3282532493981815e-19
5.636428669565218e-06 -2.27001958418245e-19
5.666251043478261e-06 -2.3514136335774475e-19
5.696073417391305e-06 -2.3058589100778303e-19
5.7258957913043484e-06 -2.235489640986244e-19
5.755718165217392e-06 -2.1850886546124554e-19
5.785540539130435e-06 -2.1869651837927986e-19
5.815362913043479e-06 -2.226779921008188e-19
5.845185286956522e-06 -2.1362114684055765e-19
5.875007660869566e-06 -2.055821117511052e-19
5.9048300347826086e-06 -2.1095190483506998e-19
5.934652408695653e-06 -2.109687063429082e-19
5.964474782608696e-06 -2.032111173466348e-19
5.99429715652174e-06 -1.9683865063096396e-19
6.024119530434783e-06 -1.957481575967046e-19
6.053941904347827e-06 -2.0125679158331461e-19
6.0837642782608695e-06 -1.9341285321765213e-19
6.113586652173913e-06 -1.8112934622165528e-19
6.143409026086957e-06 -1.8697095515869891e-19
6.1732314e-06 -1.8743469908698896e-19
6.203053773913044e-06 -1.8013551530007018e-19
6.232876147826087e-06 -1.7550941571879245e-19
6.2626985217391305e-06 -1.716533166124504e-19
6.292520895652174e-06 -1.7620817688670842e-19
6.322343269565218e-06 -1.7291210177059795e-19
6.352165643478261e-06 -1.5962783084089317e-19
6.381988017391305e-06 -1.618428151506768e-19
6.411810391304348e-06 -1.673575444177956e-19
6.4416327652173915e-06 -1.582421546681828e-19
6.471455139130435e-06 -1.4998080896188402e-19
6.501277513043479e-06 -1.4804177441241107e-19
6.531099886956522e-06 -1.506567493115454e-19
6.560922260869566e-06 -1.5038609182786256e-19
6.590744634782609e-06 -1.3665454755552692e-19
6.6205670086956524e-06 -1.3400092318993113e-19
6.650389382608696e-06 -1.4168807526919656e-19
6.68021175652174e-06 -1.3422985994484118e-19
6.710034130434783e-06 -1.270397137224641e-19
6.739856504347827e-06 -1.2385993325717826e-19
6.76967887826087e-06 -1.2312510185893991e-19
6.799501252173913e-06 -1.2642537469446334e-19
6.829323626086957e-06 -1.147994443400434e-19
6.859146000000001e-06 -1.0652219842351979e-19
6.888968373913044e-06 -1.1370844793819107e-19
6.918790747826088e-06 -1.1137314150240602e-19
6.948613121739131e-06 -1.0164513894881149e-19
6.978435495652174e-06 -9.728795517238886e-20
7.008257869565218e-06 -9.68935354737169e-20
7.038080243478262e-06 -1.0077713957979591e-19
7.067902617391305e-06 -9.370324506040786e-20
7.097724991304348e-06 -7.918694645527884e-20
7.1275473652173916e-06 -8.600793401911107e-20
7.1573697391304345e-06 -9.00676542466838e-20
7.187192113043479e-06 -7.562248707477883e-20
7.217014486956522e-06 -6.995995286348611e-20
7.246836860869566e-06 -6.961709398740621e-20
7.276659234782609e-06 -7.373911783451709e-20
7.3064816086956525e-06 -7.030324162101932e-20
7.3363039826086955e-06 -5.248825408425648e-20
7.36612635652174e-06 -5.721651418306366e-20
7.395948730434783e-06 -6.411184318283027e-20
7.425771104347827e-06 -5.2235634254822746e-20
7.45559347826087e-06 -4.52710190398898e-20
7.4854158521739135e-06 -4.3331731094583867e-20
7.5152382260869564e-06 -4.7350397092988396e-20
7.545060600000001e-06 -4.479166822606719e-20
7.574882973913044e-06 -2.959986057394338e-20
7.604705347826087e-06 -2.920689085079647e-20
7.63452772173913e-06 -3.667359470683726e-20
7.664350095652175e-06 -2.846678596750728e-20
7.694172469565218e-06 -1.8930980698024502e-20
7.723994843478261e-06 -1.8089323273132702e-20
7.753817217391304e-06 -1.850336655099573e-20
7.783639591304349e-06 -2.0312883904427444e-20
7.813461965217392e-06 -9.30756974177468e-21
7.843284339130435e-06 -8.554347052230907e-23
7.87310671304348e-06 -1.0677336454838716e-20
7.902929086956522e-06 -7.003061387227324e-21
7.932751460869567e-06 5.613143698468856e-21
7.962573834782608e-06 8.203643574311645e-21
7.992396208695653e-06 8.30552786117455e-21
8.022218582608697e-06 5.959317761491669e-21
8.05204095652174e-06 1.4492785727531923e-20
8.081863330434783e-06 2.4826598572551976e-20
8.111685704347826e-06 1.7683791559063397e-20
8.14150807826087e-06 1.653995538489328e-20
8.171330452173912e-06 2.921648053453024e-20
8.201152826086957e-06 3.2947952186601364e-20
8.230975200000001e-06 3.17777042010041e-20
8.260797573913044e-06 3.191469759278729e-20
8.290619947826087e-06 3.6045134562776055e-20
8.32044232173913e-06 5.043984038685468e-20
8.350264695652175e-06 4.719181258273164e-20
8.38008706956522e-06 3.913287766399159e-20
8.40990944347826e-06 5.313113851079737e-20
8.439731817391305e-06 5.871274857005852e-20
8.469554191304348e-06 5.8161319888405e-20
8.499376565217393e-06 5.73661294420604e-20
8.529198939130434e-06 5.735000070344376e-20
8.559021313043478e-06 7.215038878954526e-20
8.588843686956523e-06 7.303854508322004e-20
8.618666060869566e-06 6.415340066594449e-20
8.648488434782609e-06 7.372728438721244e-20
8.678310808695652e-06 8.323426174058542e-20
8.708133182608696e-06 8.333017659820109e-20
8.737955556521741e-06 8.181474905593533e-20
8.767777930434782e-06 8.121592440890403e-20
8.797600304347827e-06 9.259341686168621e-20
8.82742267826087e-06 9.987891950199726e-20
8.857245052173915e-06 8.881732751903997e-20
8.887067426086956e-06 9.333183793808821e-20
8.9168898e-06 1.0628654402874388e-19
8.946712173913045e-06 1.0555230338037417e-19
8.976534547826088e-06 1.0528768563325778e-19
9.006356921739131e-06 1.0466426912499466e-19
9.036179295652174e-06 1.1334451993545442e-19
9.066001669565218e-06 1.2278157004550813e-19
9.095824043478261e-06 1.1355276757487343e-19
9.125646417391304e-06 1.1501609264663274e-19
9.155468791304349e-06 1.2789418270839868e-19
9.185291165217392e-06 1.2945142199014027e-19
9.215113539130435e-06 1.280100933096502e-19
9.244935913043478e-06 1.2638269946163788e-19
9.274758286956522e-06 1.3109254820253234e-19
9.304580660869567e-06 1.4351746927540649e-19
9.334403034782608e-06 1.3963762728482178e-19
9.364225408695653e-06 1.3366258869323893e-19
9.394047782608696e-06 1.4561677906934364e-19
9.42387015652174e-06 1.501776053051404e-19
9.453692530434783e-06 1.489342927473966e-19
9.483514904347826e-06 1.498533702814023e-19
9.513337278260871e-06 1.5011756639866311e-19
9.543159652173914e-06 1.6081703784258397e-19
9.572982026086957e-06 1.628141560096879e-19
9.6028044e-06 1.5326320169075618e-19
9.632626773913044e-06 1.609139602070172e-19
9.662449147826089e-06 1.7027874917431723e-19
9.69227152173913e-06 1.6711977087204058e-19
9.722093895652175e-06 1.6577109080706724e-19
9.751916269565218e-06 1.6782558916622964e-19
9.781738643478262e-06 1.7787011348010019e-19
9.811561017391304e-06 1.8287795352704448e-19
9.841383391304348e-06 1.7243705156986238e-19
9.871205765217393e-06 1.7626947158719105e-19
9.901028139130436e-06 1.8894183463943874e-19
9.930850513043479e-06 1.8698049030773847e-19
9.960672886956522e-06 1.8370297655432237e-19
9.990495260869566e-06 1.8375749806136066e-19
1.002031763478261e-05 1.9004928670043877e-19
1.0050140008695652e-05 1.9927365327063643e-19
1.0079962382608697e-05 1.9088115046256834e-19
1.010978475652174e-05 1.87886178973541e-19
1.0139607130434783e-05 2.0324697082180175e-19
1.0169429504347825e-05 2.0370247572528598e-19
1.019925187826087e-05 1.9846566264836212e-19
1.0229074252173915e-05 2.0136699743014614e-19
1.0258896626086956e-05 2.0377585932906001e-19
1.0288719e-05 2.126503414505657e-19
1.0318541373913044e-05 2.092505226828662e-19
1.0348363747826088e-05 2.0066827121667929e-19
1.0378186121739131e-05 2.1539776516695806e-19
1.0408008495652174e-05 2.1840679176116278e-19
1.0437830869565219e-05 2.1056410585510267e-19
1.0467653243478262e-05 2.1515384940934663e-19
1.0497475617391304e-05 2.1473155521714565e-19
1.0527297991304347e-05 2.2345291016406163e-19
1.0557120365217392e-05 2.2635957021866957e-19
1.0586942739130437e-05 2.1260732802818811e-19
1.0616765113043478e-05 2.2394024980523563e-19
1.0646587486956523e-05 2.3292758784459857e-19
1.0676409860869565e-05 2.234325951702844e-19
1.070623223478261e-05 2.260854615792701e-19
1.0736054608695653e-05 2.255277791243682e-19
1.0765876982608696e-05 2.308570184376597e-19
1.079569935652174e-05 2.395009090693543e-19
1.0825521730434783e-05 2.2505690996720846e-19
1.0855344104347826e-05 2.290321824307863e-19
1.088516647826087e-05 2.4336290490221044e-19
1.0914988852173914e-05 2.3452842626303354e-19
1.0944811226086959e-05 2.3536780897502703e-19
1.09746336e-05 2.366382763232114e-19
1.1004455973913044e-05 2.374541800666082e-19
1.1034278347826087e-05 2.478741615220376e-19
1.1064100721739132e-05 2.3820471202980736e-19
1.1093923095652175e-05 2.334388628781158e-19
1.1123745469565218e-05 2.473985720657039e-19
1.1153567843478262e-05 2.4672102098106633e-19
1.1183390217391304e-05 2.413694489751926e-19
1.1213212591304348e-05 2.429504181061068e-19
1.1243034965217391e-05 2.4402077799313414e-19
1.1272857339130436e-05 2.5191960276278356e-19
1.1302679713043479e-05 2.4902974529481727e-19
1.1332502086956522e-05 2.387457634812038e-19
1.1362324460869566e-05 2.518574481555902e-19
1.139214683478261e-05 2.550835325814184e-19
1.1421969208695652e-05 2.4501013259449765e-19
1.1451791582608697e-05 2.4751547331041967e-19
1.148161395652174e-05 2.4669125105890064e-19
1.1511436330434784e-05 2.547729899765908e-19
1.1541258704347826e-05 2.5514089968228606e-19
1.157108107826087e-05 2.40078053558767e-19
1.1600903452173913e-05 2.5130121066451083e-19
1.1630725826086958e-05 2.6026190901542753e-19
1.16605482e-05 2.4754444111374215e-19
1.1690370573913044e-05 2.4777066346311524e-19
1.1720192947826088e-05 2.517691501029131e-19
1.1750015321739131e-05 2.541114614690734e-19
1.1779837695652174e-05 2.5805196903348355e-19
1.1809660069565217e-05 2.456341400028515e-19
1.1839482443478262e-05 2.4581487863661173e-19
1.1869304817391306e-05 2.594168034411898e-19
1.1899127191304348e-05 2.522684310026067e-19
1.1928949565217392e-05 2.473405610807367e-19
1.1958771939130435e-05 2.4987712157508966e-19
1.198859431304348e-05 2.510226473238622e-19
1.2018416686956523e-05 2.5715887300782333e-19
1.2048239060869566e-05 2.493030762731912e-19
1.207806143478261e-05 2.429265175323196e-19
1.2107883808695653e-05 2.5648396939021447e-19
1.2137706182608696e-05 2.5361713599408443e-19
1.2167528556521739e-05 2.438044133000933e-19
1.2197350930434784e-05 2.481411010526159e-19
1.2227173304347827e-05 2.476325500094757e-19
1.225699567826087e-05 2.5171036640856766e-19
1.2286818052173914e-05 2.489833857347926e-19
1.2316640426086957e-05 2.375924886811413e-19
1.23464628e-05 2.4988342550604527e-19
1.2376285173913045e-05 2.5339639055279736e-19
1.2406107547826088e-05 2.3999299285897876e-19
1.2435929921739132e-05 2.4308295534711173e-19
1.2465752295652173e-05 2.4416769654897115e-19
1.2495574669565218e-05 2.4547968875525124e-19
1.2525397043478261e-05 2.4814384273363446e-19
1.2555219417391306e-05 2.3415522105723507e-19
1.2585041791304349e-05 2.37895407392354e-19
1.2614864165217391e-05 2.5040683831538557e-19
1.2644686539130436e-05 2.3732976683070573e-19
1.2674508913043479e-05 2.329820845449591e-19
1.2704331286956522e-05 2.3894010413893403e-19
1.2734153660869567e-05 2.3771734567066277e-19
1.276397603478261e-05 2.411890374290337e-19
1.2793798408695654e-05 2.3181639454615177e-19
1.2823620782608695e-05 2.2745807382798285e-19
1.285344315652174e-05 2.439338347091404e-19
1.2883265530434783e-05 2.3493417412302497e-19
1.2913087904347828e-05 2.2371286651664836e-19
1.294291027826087e-05 2.3138602825426894e-19
1.2972732652173913e-05 2.289435146177542e-19
1.3002555026086958e-05 2.3204241206915317e-19
1.3032377400000001e-05 2.2659049423822295e-19
1.3062199773913044e-05 2.175709267290591e-19
1.3092022147826089e-05 2.3246282215647645e-19
1.3121844521739131e-05 2.3005712706310167e-19
1.3151666895652174e-05 2.1612671173587786e-19
1.3181489269565217e-05 2.2134610323590314e-19
1.3211311643478262e-05 2.2329458715932376e-19
1.3241134017391305e-05 2.2256308132924314e-19
1.3270956391304348e-05 2.1944666977458906e-19
1.3300778765217392e-05 2.0866118277122696e-19
1.3330601139130435e-05 2.176460247662317e-19
1.336042351304348e-05 2.2299677704430077e-19
1.3390245886956521e-05 2.068160623279388e-19
1.3420068260869566e-05 2.0742627139441696e-19
1.3449890634782609e-05 2.134995813870677e-19
1.3479713008695653e-05 2.1244596085441472e-19
1.3509535382608696e-05 2.1090100390354661e-19
1.353935775652174e-05 2.0091020834417532e-19
1.3569180130434784e-05 2.028709959978598e-19
1.3599002504347827e-05 2.1182071057047535e-19
1.362882487826087e-05 1.9960722519275304e-19
1.3658647252173914e-05 1.936589255683333e-19
1.3688469626086957e-05 2.0061982975559864e-19
1.3718292000000002e-05 1.9915028902416502e-19
1.3748114373913043e-05 1.9865128337688528e-19
1.3777936747826088e-05 1.901383577396044e-19
1.380775912173913e-05 1.8725926385000093e-19
1.3837581495652175e-05 2.0089024873101443e-19
1.3867403869565218e-05 1.9192576395522014e-19
1.3897226243478261e-05 1.8018442166678813e-19
1.3927048617391306e-05 1.8762898605294246e-19
1.3956870991304349e-05 1.874644301087389e-19
1.3986693365217392e-05 1.85922844162086e-19
1.4016515739130436e-05 1.791172032747198e-19
1.404633811304348e-05 1.7121561462048397e-19
1.4076160486956524e-05 1.8448261130056797e-19
1.4105982860869565e-05 1.8226678775065061e-19
1.413580523478261e-05 1.6418685090090367e-19
1.4165627608695653e-05 1.7092771594730137e-19
1.4195449982608696e-05 1.7698016123550006e-19
1.422527235652174e-05 1.7235299274553612e-19
1.4255094730434783e-05 1.6775265025203548e-19
1.4284917104347828e-05 1.587835087356819e-19
1.4314739478260869e-05 1.6732779736059625e-19
1.4344561852173914e-05 1.7139939918891467e-19
1.4374384226086958e-05 1.5315022006834748e-19
1.4404206600000001e-05 1.5441451851660382e-19
1.4434028973913044e-05 1.6150444421400804e-19
1.4463851347826087e-05 1.5563959156650106e-19
1.4493673721739132e-05 1.5445260087301898e-19
1.4523496095652175e-05 1.4754296849375606e-19
1.4553318469565218e-05 1.4992911632258922e-19
1.4583140843478262e-05 1.5823516004850716e-19
1.4612963217391305e-05 1.426659502735292e-19
1.464278559130435e-05 1.38702069247322e-19
1.4672607965217391e-05 1.4958924232324544e-19
1.4702430339130436e-05 1.4480045885253578e-19
1.473225271304348e-05 1.412859969209967e-19
1.4762075086956523e-05 1.3525155518207032e-19
1.4791897460869566e-05 1.309731447412885e-19
1.4821719834782609e-05 1.4204531792086723e-19
1.4851542208695654e-05 1.350684703663414e-19
1.4881364582608697e-05 1.2292044176788736e-19
1.491118695652174e-05 1.3205501007633452e-19
1.4941009330434784e-05 1.321334581055556e-19
1.4970831704347827e-05 1.2622581579398557e-19
1.5000654078260872e-05 1.2529267854129701e-19
1.5030476452173913e-05 1.182491343256563e-19
1.5060298826086957e-05 1.2605305059348772e-19
1.5090121200000002e-05 1.2689926856273664e-19
1.5119943573913045e-05 1.0681445157241694e-19
1.5149765947826088e-05 1.1564047313403797e-19
1.5179588321739133e-05 1.223893589605579e-19
1.5209410695652174e-05 1.1141056840483526e-19
1.5239233069565217e-05 1.1330687324583197e-19
1.526905544347826e-05 1.0471293968618083e-19
1.5298877817391304e-05 1.0827115281434971e-19
1.532870019130435e-05 1.171713008947768e-19
1.535852256521739e-05 9.906363391669313e-20
1.5388344939130436e-05 9.994208393425513e-20
1.541816731304348e-05 1.1006969437293216e-19
1.5447989686956522e-05 1.0092587253004935e-19
1.547781206086957e-05 9.754698782337733e-20
1.5507634434782608e-05 9.428549818147875e-20
1.553745680869565e-05 9.409760833039761e-20
1.5567279182608697e-05 1.024154656805572e-19
1.559710155652174e-05 8.937430214668974e-20
1.5626923930434783e-05 8.170666167418995e-20
1.5656746304347826e-05 9.665960656435271e-20
1.568656867826087e-05 8.981486801494556e-20
1.5716391052173915e-05 8.236639318399947e-20
1.574621342608696e-05 8.490135828575084e-20
1.5776035799999998e-05 8.078112004819274e-20
1.5805858173913044e-05 8.878665612698635e-20
1.5835680547826087e-05 7.999600742455296e-20
1.5865502921739134e-05 6.754858637690676e-20
1.5895325295652176e-05 8.150717294354928e-20
1.5925147669565216e-05 7.996520711228464e-20
1.5954970043478262e-05 7.086895587982642e-20
1.5984792417391305e-05 7.130622066632734e-20
1.6014614791304348e-05 6.704063511888454e-20
1.6044437165217394e-05 7.368590681366047e-20
1.6074259539130434e-05 7.437700188999557e-20
1.610408191304348e-05 5.700209413512146e-20
1.6133904286956523e-05 6.565592567696684e-20
1.6163726660869566e-05 7.356493526333336e-20
1.6193549034782613e-05 5.723832815046278e-20
1.6223371408695652e-05 5.982000733816905e-20
1.6253193782608695e-05 5.912708807598506e-20
1.628301615652174e-05 5.737103536010083e-20
1.6312838530434784e-05 6.45331916669591e-20
1.6342660904347824e-05 4.8057137748943963e-20
1.637248327826087e-05 4.867274826591574e-20
1.6402305652173913e-05 6.220070751451942e-20
1.643212802608696e-05 5.120293547555749e-20
1.6461950400000002e-05 4.748867778437114e-20
1.6491772773913042e-05 4.9468472504967573e-20
1.6521595147826088e-05 4.8030338716111715e-20
1.655141752173913e-05 5.274428568987062e-20
1.6581239895652174e-05 4.275777063283849e-20
1.661106226956522e-05 3.621456276990019e-20
1.664088464347826e-05 5.004535492211566e-20
1.6670707017391306e-05 4.37923650586131e-20
1.670052939130435e-05 3.472905473592317e-20
1.6730351765217392e-05 3.9375952668998385e-20
1.676017413913044e-05 3.7276362692030006e-20
1.6789996513043478e-05 4.244070159854222e-20
1.681981888695652e-05 3.8237076539047735e-20
1.6849641260869567e-05 2.554158498989103e-20
1.687946363478261e-05 3.766959600400523e-20
1.6909286008695656e-05 3.9917300954379906e-20
1.6939108382608696e-05 2.6117961246842964e-20
1.696893075652174e-05 3.093390072905158e-20
1.6998753130434785e-05 2.883851921147623e-20
1.7028575504347828e-05 2.85973988227834e-20
1.7058397878260868e-05 3.21456691129429e-20
1.7088220252173914e-05 1.785218279303819e-20
1.7118042626086957e-05 2.5716143590538406e-20
1.7147865e-05 3.376492829952658e-20
1.7177687373913046e-05 1.9249081048996675e-20
1.7207509747826086e-05 2.0294152868758583e-20
1.7237332121739132e-05 2.3745554478835413e-20
1.7267154495652175e-05 2.2104654494776395e-20
1.7296976869565218e-05 2.2918522052777226e-20
1.7326799243478264e-05 1.3079795143267031e-20
1.7356621617391304e-05 1.4358504149009773e-20
1.7386443991304347e-05 2.4793500929694623e-20
1.7416266365217393e-05 1.455328152042237e-20
1.7446088739130436e-05 1.0630304055310788e-20
1.7475911113043482e-05 1.5321868079011212e-20
1.7505733486956522e-05 1.278001143453279e-20
1.7535555860869565e-05 1.600740343079933e-20
1.756537823478261e-05 9.328691184736655e-21
1.7595200608695654e-05 3.458481074881932e-21
1.7625022982608694e-05 1.665149818625317e-20
1.765484535652174e-05 1.286090550295674e-20
1.7684667730434783e-05 6.237210743989851e-22
1.771449010434783e-05 7.526386924985834e-21
1.7744312478260872e-05 6.681977297125623e-21
1.777413485217391e-05 4.326311877872324e-21
1.7803957226086958e-05 4.790171817545185e-21
1.78337796e-05 -2.7480509356674095e-21
1.7863601973913044e-05 6.187439464590367e-21
1.789342434782609e-05 5.907104670763602e-21
1.792324672173913e-05 -4.95579413280342e-21
1.7953069095652176e-05 7.799493202002198e-22
1.798289146956522e-05 -1.3924900241160035e-21
1.8012713843478262e-05 -2.2004481569184542e-21
1.8042536217391308e-05 1.824153338473961e-23
1.8072358591304348e-05 -9.810807913651127e-21
1.810218096521739e-05 -5.783923526369482e-21
1.8132003339130437e-05 1.2168052833244841e-21
1.816182571304348e-05 -1.0657671709322106e-20
1.8191648086956523e-05 -1.069613743110758e-20
1.8221470460869566e-05 -6.5041445946200544e-21
1.825129283478261e-05 -1.0734798892169535e-20
1.8281115208695655e-05 -5.390258652464481e-21
1.8310937582608698e-05 -1.3244469407104696e-20
1.8340759956521737e-05 -1.601295646710016e-20
1.8370582330434784e-05 -4.430318393596027e-21
1.8400404704347827e-05 -1.5558439689577915e-20
1.843022707826087e-05 -1.9129576189403203e-20
1.8460049452173916e-05 -1.271551971901715e-20
1.8489871826086955e-05 -1.7942378733351623e-20
1.8519694200000002e-05 -1.5635141755109018e-20
1.8549516573913045e-05 -1.8599033014300777e-20
1.8579338947826088e-05 -2.377076742676507e-20
1.8609161321739134e-05 -1.4979012408249307e-20
1.8638983695652173e-05 -1.7295929173197468e-20
1.8668806069565216e-05 -2.4853225777219732e-20
1.8698628443478263e-05 -2.0612223261479598e-20
1.8728450817391306e-05 -2.081649830455376e-20
1.8758273191304352e-05 -2.254924219696621e-20
1.878809556521739e-05 -2.3814267325275152e-20
1.8817917939130434e-05 -2.935256197147047e-20
1.884774031304348e-05 -2.3960807101433305e-20
1.8877562686956524e-05 -2.1957970604619555e-20
1.8907385060869567e-05 -3.2043991974711735e-20
1.893720743478261e-05 -2.8186225129976496e-20
1.8967029808695652e-05 -2.7029313609556364e-20
1.89968521826087e-05 -3.144538243240981e-20
1.9026674556521742e-05 -2.6603779762416998e-20
1.905649693043478e-05 -3.411892876285986e-20
1.9086319304347828e-05 -3.390182356917817e-20
1.911614167826087e-05 -2.50277295768765e-20
1.9145964052173913e-05 -3.652248244475374e-20
1.917578642608696e-05 -3.8037819984698357e-20
1.92056088e-05 -3.218004588209747e-20
1.9235431173913042e-05 -3.7645827175152314e-20
1.926525354782609e-05 -3.376401371798258e-20
1.929507592173913e-05 -3.6648527787181874e-20
1.9324898295652178e-05 -4.2623476104602215e-20
1.9354720669565217e-05 -3.298709633387579e-20
1.938454304347826e-05 -3.946571625399506e-20
1.9414365417391307e-05 -4.502827489613853e-20
1.944418779130435e-05 -3.5695998940047335e-20
1.9474010165217392e-05 -4.270884408245051e-20
1.9503832539130435e-05 -4.369467649241244e-20
1.9533654913043478e-05 -4.1914216090271185e-20
1.9563477286956525e-05 -4.9819351909405447e-20
1.9593299660869568e-05 -4.156627652410822e-20
1.9623122034782607e-05 -4.2493708543567584e-20
1.9652944408695653e-05 -5.311850723003043e-20
1.9682766782608696e-05 -4.600502250421356e-20
1.971258915652174e-05 -4.7767052966160823e-20
1.9742411530434786e-05 -5.022746439126336e-20
1.9772233904347825e-05 -4.7280079134624235e-20
1.980205627826087e-05 -5.697888460447782e-20
1.9831878652173914e-05 -5.050987930165335e-20
1.9861701026086957e-05 -4.761783717612128e-20
1.9891523400000004e-05 -6.080178838302721e-20
1.9921345773913043e-05 -5.518731270957464e-20
1.9951168147826086e-05 -5.487725036931831e-20
1.9980990521739132e-05 -6.008126827271907e-20
2.0010812895652175e-05 -5.443684652331762e-20
2.004063526956522e-05 -6.173032065773819e-20
2.007045764347826e-05 -6.247715271101091e-20
2.0100280017391304e-05 -5.395592191968448e-20
2.013010239130435e-05 -6.444754077923773e-20
2.0159924765217393e-05 -6.511938069481985e-20
2.0189747139130436e-05 -5.90460235759141e-20
2.021956951304348e-05 -6.747352798567832e-20
2.0249391886956522e-05 -6.384636591687591e-20
2.0279214260869565e-05 -6.605943213968072e-20
2.030903663478261e-05 -7.45350457285428e-20
2.033885900869565e-05 -6.415036399258939e-20
2.0368681382608697e-05 -6.884929602259618e-20
2.039850375652174e-05 -7.61936021928253e-20
2.0428326130434783e-05 -6.81435829827945e-20
2.045814850434783e-05 -7.326714622099105e-20
2.048797087826087e-05 -7.343346991442751e-20
2.0517793252173912e-05 -7.266994336136638e-20
2.0547615626086958e-05 -8.18768981476746e-20
2.0577438e-05 -7.43847863214682e-20
2.0607260373913047e-05 -7.34805384137213e-20
2.0637082747826087e-05 -8.479710304562268e-20
2.066690512173913e-05 -7.941506976482414e-20
2.0696727495652176e-05 -7.997915006375384e-20
2.072654986956522e-05 -8.529892852085449e-20
2.0756372243478262e-05 -7.999873411510913e-20
2.0786194617391305e-05 -8.82662288180163e-20
2.0816016991304348e-05 -8.756568196803223e-20
2.0845839365217394e-05 -7.945064404436131e-20
2.0875661739130437e-05 -9.252088411491947e-20
2.090548411304348e-05 -8.955569560658329e-20
2.0935306486956523e-05 -8.653129472344158e-20
2.0965128860869566e-05 -9.493069311055062e-20
2.099495123478261e-05 -8.734749939194533e-20
2.1024773608695655e-05 -9.528793601652171e-20
2.1054595982608695e-05 -9.957865965110123e-20
2.108441835652174e-05 -8.798408029860757e-20
2.1114240730434784e-05 -9.80586489538159e-20
2.1144063104347827e-05 -1.0270575941633559e-19
2.1173885478260873e-05 -9.597463513033617e-20
2.1203707852173913e-05 -1.005998645880855e-19
2.1233530226086956e-05 -9.97242652686393e-20
2.1263352600000002e-05 -9.978726152009528e-20
2.1293174973913045e-05 -1.0742891858154932e-19
2.1322997347826088e-05 -1.0077417660975178e-19
2.135281972173913e-05 -1.0207808347993737e-19
2.1382642095652174e-05 -1.1259789642301658e-19
2.141246446956522e-05 -1.0509515171272492e-19
2.1442286843478263e-05 -1.085505446892254e-19
2.1472109217391306e-05 -1.1096463300484043e-19
2.150193159130435e-05 -1.0645082250398616e-19
2.1531753965217392e-05 -1.1922291218534676e-19
2.1561576339130435e-05 -1.119300820513231e-19
2.159139871304348e-05 -1.0650073180077451e-19
2.162122108695652e-05 -1.223188934025088e-19
2.1651043460869567e-05 -1.1590254349432966e-19
2.168086583478261e-05 -1.1422378550211624e-19
2.1710688208695653e-05 -1.217135088540635e-19
2.17405105826087e-05 -1.1669469097438081e-19
2.177033295652174e-05 -1.2458043563373836e-19
2.180015533043478e-05 -1.2508697623851788e-19
2.1829977704347828e-05 -1.1581781257075085e-19
2.185980007826087e-05 -1.2862990142268067e-19
2.1889622452173917e-05 -1.3154918596542304e-19
2.1919444826086957e-05 -1.2298301394306518e-19
2.19492672e-05 -1.293714112005194e-19
2.1979089573913046e-05 -1.2814359811173183e-19
2.200891194782609e-05 -1.3056032671694478e-19
2.2038734321739132e-05 -1.3666319842488215e-19
2.2068556695652175e-05 -1.2604040040065292e-19
2.2098379069565218e-05 -1.338418897171025e-19
2.2128201443478264e-05 -1.4262767524133908e-19
2.2158023817391307e-05 -1.3247485752452637e-19
2.218784619130435e-05 -1.3748790406462206e-19
2.2217668565217393e-05 -1.3901356299554485e-19
2.2247490939130436e-05 -1.3986291958004923e-19
2.227731331304348e-05 -1.4781396395680753e-19
2.2307135686956525e-05 -1.3616850648701962e-19
2.2336958060869565e-05 -1.393148001136783e-19
2.2366780434782607e-05 -1.5307471302947297e-19
2.2396602808695654e-05 -1.4270614698420512e-19
2.2426425182608697e-05 -1.4300982246648806e-19
2.2456247556521743e-05 -1.4901700272405661e-19
2.2486069930434783e-05 -1.4708255570201251e-19
2.2515892304347826e-05 -1.5622781326137188e-19
2.2545714678260872e-05 -1.5006755743317957e-19
2.2575537052173915e-05 -1.4476239515007894e-19
2.2605359426086958e-05 -1.620331347473877e-19
2.26351818e-05 -1.5685256449424163e-19
2.2665004173913044e-05 -1.4880106533605105e-19
2.269482654782609e-05 -1.5793997292756525e-19
2.2724648921739133e-05 -1.5653739962305907e-19
2.2754471295652176e-05 -1.614585852240415e-19
2.278429366956522e-05 -1.6235915352958094e-19
2.281411604347826e-05 -1.520586995665344e-19
2.2843938417391305e-05 -1.6527250387975202e-19
2.287376079130435e-05 -1.6873594073852896e-19
2.2903583165217394e-05 -1.5747939361322295e-19
2.2933405539130437e-05 -1.6727441547203897e-19
2.296322791304348e-05 -1.6694184872275503e-19
2.2993050286956523e-05 -1.6600526352531184e-19
2.302287266086957e-05 -1.7281864458579548e-19
2.305269503478261e-05 -1.6102585644310886e-19
2.308251740869565e-05 -1.688431986805271e-19
2.3112339782608698e-05 -1.7957139088396107e-19
2.314216215652174e-05 -1.6512361464098666e-19
2.3171984530434784e-05 -1.7035857387339452e-19
2.3201806904347826e-05 -1.765216608766121e-19
2.323162927826087e-05 -1.7310893566163977e-19
2.3261451652173916e-05 -1.7993171163632923e-19
2.329127402608696e-05 -1.7173401153454358e-19
2.33210964e-05 -1.7365710869515519e-19
2.3350918773913044e-05 -1.8773767036196339e-19
2.3380741147826087e-05 -1.7655850193492885e-19
2.341056352173913e-05 -1.7491292471340313e-19
2.3440385895652177e-05 -1.8290615880071347e-19
2.347020826956522e-05 -1.807953765695936e-19
2.3500030643478263e-05 -1.8643780855310573e-19
2.3529853017391305e-05 -1.8162713582877086e-19
2.355967539130435e-05 -1.7723049569794594e-19
2.3589497765217395e-05 -1.9319422728252985e-19
2.3619320139130434e-05 -1.8833512904319916e-19
2.3649142513043477e-05 -1.788875232130112e-19
2.3678964886956523e-05 -1.9044298640621774e-19
2.3708787260869566e-05 -1.8958861742704605e-19
2.3738609634782613e-05 -1.8974512883646785e-19
2.3768432008695652e-05 -1.9172803968381707e-19
2.3798254382608695e-05 -1.8285756641150283e-19
2.382807675652174e-05 -1.9441259834625658e-19
2.3857899130434784e-05 -1.9939412641598491e-19
2.3887721504347827e-05 -1.8445168012641733e-19
2.391754387826087e-05 -1.9364200374919803e-19
2.3947366252173913e-05 -1.9931150634160107e-19
2.397718862608696e-05 -1.95015024895753e-19
2.4007011000000002e-05 -2.0061577956717395e-19
2.4036833373913045e-05 -1.905196355018818e-19
2.406665574782609e-05 -1.9720349677038114e-19
2.409647812173913e-05 -2.0913293144451178e-19
2.4126300495652174e-05 -1.910732554124025e-19
2.415612286956522e-05 -1.972687919146591e-19
2.4185945243478263e-05 -2.067369339609724e-19
2.4215767617391306e-05 -1.999258390727289e-19
2.424558999130435e-05 -2.0655562325336211e-19
2.4275412365217392e-05 -1.9907953390319739e-19
2.430523473913044e-05 -2.0023864782634277e-19
2.4335057113043478e-05 -2.1601853574377952e-19
2.436487948695652e-05 -2.0173166421741267e-19
2.4394701860869567e-05 -1.9817922502854784e-19
2.442452423478261e-05 -2.1368455099659143e-19
2.4454346608695653e-05 -2.0869493481444584e-19
2.4484168982608696e-05 -2.0788912588080088e-19
2.451399135652174e-05 -2.0690717826495822e-19
2.4543813730434785e-05 -2.0215319989577426e-19
2.457363610434783e-05 -2.1698384184329625e-19
2.460345847826087e-05 -2.1252679088443508e-19
2.4633280852173914e-05 -2.0008614449484468e-19
2.4663103226086957e-05 -2.154881957754037e-19
2.46929256e-05 -2.1453296118058365e-19
2.4722747973913046e-05 -2.0960879113668857e-19
2.475257034782609e-05 -2.1533070444737707e-19
2.4782392721739132e-05 -2.0669250908529078e-19
2.4812215095652175e-05 -2.156335018455088e-19
2.4842037469565218e-05 -2.203961645065563e-19
2.4871859843478264e-05 -2.0303860952923514e-19
2.4901682217391304e-05 -2.1350629338787854e-19
2.4931504591304347e-05 -2.204842399920335e-19
2.4961326965217393e-05 -2.108406883770308e-19
2.4991149339130436e-05 -2.1557257680674868e-19
2.5020971713043482e-05 -2.106841250813626e-19
2.5050794086956522e-05 -2.1509592805637024e-19
2.5080616460869565e-05 -2.254361351574638e-19
2.511043883478261e-05 -2.0955273628014294e-19
2.5140261208695654e-05 -2.113960594369661e-19
2.5170083582608697e-05 -2.2317134154462665e-19
2.519990595652174e-05 -2.149991771938667e-19
2.5229728330434783e-05 -2.1630183618255717e-19
2.5259550704347826e-05 -2.1420264408117476e-19
2.5289373078260872e-05 -2.1144422861157904e-19
2.5319195452173915e-05 -2.2515888709174346e-19
2.5349017826086958e-05 -2.1430769927027087e-19
2.53788402e-05 -2.0633517437503476e-19
2.5408662573913044e-05 -2.2378585387322343e-19
2.543848494782609e-05 -2.1823410282655706e-19
2.5468307321739133e-05 -2.1281209211913175e-19
2.5498129695652173e-05 -2.1580279507978097e-19
2.552795206956522e-05 -2.1202418207422235e-19
2.5557774443478262e-05 -2.2392386617499607e-19
2.5587596817391308e-05 -2.18361057634377e-19
2.5617419191304348e-05 -2.0403381103044142e-19
2.564724156521739e-05 -2.208767697087374e-19
2.5677063939130437e-05 -2.2127218381087077e-19
2.570688631304348e-05 -2.0972422665662842e-19
2.5736708686956523e-05 -2.1629962326196467e-19
2.5766531060869566e-05 -2.1125470391244205e-19
2.579635343478261e-05 -2.161206292605104e-19
2.5826175808695655e-05 -2.231532002611142e-19
2.5855998182608698e-05 -2.0507039908695142e-19
2.588582055652174e-05 -2.1361375381213023e-19
2.5915642930434784e-05 -2.243005071905155e-19
2.5945465304347827e-05 -2.0980072560194954e-19
2.597528767826087e-05 -2.140973534026222e-19
2.6005110052173916e-05 -2.1224096617234838e-19
2.603493242608696e-05 -2.1047533533786065e-19
2.6064754800000002e-05 -2.220800249282031e-19
2.6094577173913045e-05 -2.0535554210365507e-19
2.6124399547826088e-05 -2.0480156986029635e-19
2.6154221921739134e-05 -2.237321707103302e-19
2.6184044295652177e-05 -2.1053785461341606e-19
2.6213866669565217e-05 -2.0853924286675694e-19
2.6243689043478263e-05 -2.1408913944459844e-19
2.6273511417391306e-05 -2.076467098827254e-19
2.630333379130435e-05 -2.175878538587954e-19
2.633315616521739e-05 -2.0935666986049142e-19
2.6362978539130435e-05 -1.9955137181532448e-19
2.639280091304348e-05 -2.17033801618276e-19
2.6422623286956524e-05 -2.114629307389884e-19
2.6452445660869567e-05 -2.0274523195952094e-19
2.648226803478261e-05 -2.0887161159491705e-19
2.6512090408695653e-05 -2.0546629654491575e-19
2.6541912782608696e-05 -2.12074800255575e-19
2.6571735156521742e-05 -2.0991404109692965e-19
2.6601557530434785e-05 -1.9627892852754276e-19
2.6631379904347828e-05 -2.0895801352615847e-19
2.666120227826087e-05 -2.1171262904036245e-19
2.6691024652173914e-05 -1.9919775585391006e-19
2.672084702608696e-05 -2.0436818041658434e-19
2.6750669400000003e-05 -2.0205020026161558e-19
2.6780491773913042e-05 -2.0227822845150024e-19
2.681031414782609e-05 -2.0854091481640521e-19
2.684013652173913e-05 -1.938581637563186e-19
2.6869958895652178e-05 -1.980235645998395e-19
2.6899781269565218e-05 -2.1103130394881163e-19
2.692960364347826e-05 -1.959191060926106e-19
2.6959426017391307e-05 -1.9496839216112812e-19
2.698924839130435e-05 -2.002780144974198e-19
2.7019070765217393e-05 -1.974025030072433e-19
2.7048893139130436e-05 -2.038860301627502e-19
2.707871551304348e-05 -1.917806696854806e-19
2.7108537886956525e-05 -1.879672313086168e-19
2.7138360260869568e-05 -2.043516798307292e-19
2.716818263478261e-05 -1.9368517562951513e-19
2.7198005008695654e-05 -1.8795731887214549e-19
2.7227827382608697e-05 -1.9536461793982612e-19
2.725764975652174e-05 -1.9036419180842616e-19
2.7287472130434786e-05 -1.963445585035719e-19
2.731729450434783e-05 -1.914753554890862e-19
2.7347116878260868e-05 -1.7975730202517341e-19
2.7376939252173915e-05 -1.9430258021691416e-19
2.7406761626086958e-05 -1.9220220894716753e-19
2.7436584000000004e-05 -1.804202478284366e-19
2.7466406373913047e-05 -1.8830937095057604e-19
2.7496228747826086e-05 -1.8417338236724758e-19
2.7526051121739133e-05 -1.854529206887003e-19
2.7555873495652176e-05 -1.8799245744403193e-19
2.758569586956522e-05 -1.7307154888880665e-19
2.761551824347826e-05 -1.842658623940712e-19
2.7645340617391304e-05 -1.8890973766997438e-19
2.767516299130435e-05 -1.725037386947276e-19
2.7704985365217394e-05 -1.7990529990729544e-19
2.7734807739130437e-05 -1.794530887893163e-19
2.776463011304348e-05 -1.7492777839601978e-19
2.7794452486956522e-05 -1.8318119028226735e-19
2.7824274860869565e-05 -1.688657417203118e-19
2.785409723478261e-05 -1.6858315617777671e-19
2.7883919608695655e-05 -1.8452771942339109e-19
2.7913741982608697e-05 -1.6938115030172513e-19
2.794356435652174e-05 -1.663612672501726e-19
2.7973386730434783e-05 -1.7315268633048276e-19
2.800320910434783e-05 -1.6766112684481162e-19
2.8033031478260873e-05 -1.742394797629116e-19
2.8062853852173912e-05 -1.6587733187700417e-19
2.809267622608696e-05 -1.599752039671436e-19
2.81224986e-05 -1.7400474012830197e-19
2.8152320973913048e-05 -1.647881983200026e-19
2.818214334782609e-05 -1.566856894737979e-19
2.821196572173913e-05 -1.6339078185447804e-19
2.8241788095652176e-05 -1.597023579357452e-19
2.827161046956522e-05 -1.6375232741305916e-19
2.8301432843478262e-05 -1.5994838584502853e-19
2.8331255217391305e-05 -1.4794725414874762e-19
2.8361077591304348e-05 -1.6284993551132934e-19
2.839089996521739e-05 -1.5991284422020496e-19
2.8420722339130437e-05 -1.4621278025806496e-19
2.845054471304348e-05 -1.5719066167148926e-19
2.8480367086956523e-05 -1.508800117065455e-19
2.8510189460869566e-05 -1.493512132911059e-19
2.854001183478261e-05 -1.535317307019379e-19
2.8569834208695655e-05 -1.38264553894563e-19
2.85996565826087e-05 -1.4747575468230723e-19
2.8629478956521738e-05 -1.5230297399210806e-19
2.8659301330434784e-05 -1.3628263139427879e-19
2.8689123704347827e-05 -1.427671432522466e-19
2.8718946078260874e-05 -1.4300593049821529e-19
2.8748768452173916e-05 -1.3797260337472153e-19
2.8778590826086956e-05 -1.4484227957057345e-19
2.8808413200000002e-05 -1.3187370949162378e-19
2.8838235573913045e-05 -1.3077977616908903e-19
2.8868057947826088e-05 -1.4487281244436858e-19
2.889788032173913e-05 -1.301813536353046e-19
2.8927702695652174e-05 -1.255893200529085e-19
2.895752506956522e-05 -1.333133174746235e-19
2.8987347443478263e-05 -1.2480804912759689e-19
2.9017169817391306e-05 -1.2942105956009835e-19
2.904699219130435e-05 -1.2521990690923044e-19
2.9076814565217392e-05 -1.1384679856361972e-19
2.9106636939130435e-05 -1.2918705389969855e-19
2.913645931304348e-05 -1.2418447048344531e-19
2.9166281686956524e-05 -1.1263418709471094e-19
2.9196104060869567e-05 -1.2044976639106682e-19
2.922592643478261e-05 -1.1414517535991969e-19
2.9255748808695653e-05 -1.1626926965263236e-19
2.92855711826087e-05 -1.152640474543116e-19
2.9315393556521742e-05 -1.0010422240154463e-19
2.9345215930434782e-05 -1.1229017351629344e-19
2.9375038304347828e-05 -1.138827719614682e-19
2.940486067826087e-05 -9.649669733474893e-20
2.9434683052173914e-05 -1.0480835617286776e-19
2.946450542608696e-05 -1.049701508878989e-19
2.94943278e-05 -9.979329278349007e-20
2.9524150173913046e-05 -1.0461031083887919e-19
2.955397254782609e-05 -8.904264786911451e-20
2.9583794921739132e-05 -9.334836755759088e-20
2.9613617295652175e-05 -1.0632245549654633e-19
2.9643439669565218e-05 -8.552554651842299e-20
2.967326204347826e-05 -8.523914315223445e-20
2.9703084417391307e-05 -9.312285367515782e-20
2.973290679130435e-05 -8.402149340660217e-20
2.9762729165217393e-05 -8.94090408660827e-20
2.9792551539130436e-05 -8.077885547605557e-20
2.982237391304348e-05 -7.422361172390078e-20
2.9852196286956525e-05 -9.123810834292516e-20
2.9882018660869568e-05 -7.744191245854011e-20
2.9911841034782608e-05 -6.81151825904609e-20
2.9941663408695654e-05 -8.057859058384908e-20
2.9971485782608697e-05 -7.193528217489622e-20
3.0001308156521743e-05 -7.360186949870907e-20
3.0031130530434786e-05 -7.087153612255615e-20
3.0060952904347826e-05 -5.917217081060541e-20
3.0090775278260872e-05 -7.278380209449785e-20
3.0120597652173915e-05 -6.80171486241975e-20
3.0150420026086958e-05 -5.3710156750622103e-20
3.0180242400000004e-05 -6.247444830365213e-20
3.0210064773913044e-05 -6.081169113792952e-20
3.023988714782609e-05 -5.807306022360253e-20
3.0269709521739133e-05 -5.816120319105204e-20
3.0299531895652176e-05 -4.511690530352266e-20
3.0329354269565222e-05 -5.323059319620337e-20
3.0359176643478265e-05 -5.917141155212386e-20
3.0388999017391308e-05 -4.0152275501621196e-20
3.0418821391304348e-05 -4.3551880140404565e-20
3.044864376521739e-05 -4.8231860383052813e-20
3.0478466139130434e-05 -4.1549543323010906e-20
3.050828851304348e-05 -4.508309859685059e-20
3.053811088695652e-05 -3.2521461493792746e-20
3.0567933260869566e-05 -3.2344354588464546e-20
3.059775563478261e-05 -4.670791260461127e-20
3.062757800869566e-05 -2.8517755787275293e-20
3.06574003826087e-05 -2.4973938412207293e-20
3.068722275652174e-05 -3.524131134875402e-20
3.071704513043478e-05 -2.6732275268484724e-20
3.074686750434782e-05 -2.969417393434719e-20
3.077668987826087e-05 -2.026030873202793e-20
3.0806512252173916e-05 -1.3504657775637262e-20
