0.0 -2.1353156409374669e-19
2.980567989864865e-08 -2.0240853521841717e-19
5.96113597972973e-08 -1.997285378303597e-19
8.941703969594597e-08 -1.8927128238133324e-19
1.192227195945946e-07 -1.9858979615618593e-19
1.4902839949324327e-07 -2.0384396967922254e-19
1.7883407939189194e-07 -1.7628412266253564e-19
2.0863975929054055e-07 -1.7895203134737648e-19
2.384454391891892e-07 -1.9140243000079072e-19
2.6825111908783787e-07 -1.8004665715044524e-19
2.9805679898648653e-07 -1.7579936000298522e-19
3.278624788851352e-07 -1.6783573560895178e-19
3.5766815878378387e-07 -1.6995156713413143e-19
3.874738386824325e-07 -1.8001854129639798e-19
4.172795185810811e-07 -1.5957687558562067e-19
4.4708519847972983e-07 -1.5323221331745193e-19
4.768908783783784e-07 -1.6728198514504349e-19
5.066965582770271e-07 -1.5919344480860941e-19
5.365022381756757e-07 -1.5187107127249118e-19
5.663079180743244e-07 -1.4434558040602797e-19
5.961135979729731e-07 -1.4191287550447276e-19
6.259192778716217e-07 -1.5586135395001004e-19
6.557249577702704e-07 -1.405764686503537e-19
6.85530637668919e-07 -1.2291334767395378e-19
7.153363175675677e-07 -1.3835170677595218e-19
7.451419974662163e-07 -1.3901617328434102e-19
7.74947677364865e-07 -1.2723455229740289e-19
8.047533572635135e-07 -1.2073344120176515e-19
8.345590371621622e-07 -1.1645390233981114e-19
8.64364717060811e-07 -1.2837585803443623e-19
8.941703969594597e-07 -1.2112546190005353e-19
9.239760768581082e-07 -9.813213454060863e-20
9.537817567567568e-07 -1.0732169172478575e-19
9.835874366554055e-07 -1.142679960157925e-19
1.0133931165540541e-06 -1.0276086321988896e-19
1.0431987964527028e-06 -9.540193261885712e-20
1.0730044763513515e-06 -8.993346484165724e-20
1.1028101562500001e-06 -9.83264929751609e-20
1.1326158361486488e-06 -1.0075035238660342e-19
1.1624215160472975e-06 -7.678156221041714e-20
1.1922271959459461e-06 -7.711143445249699e-20
1.2220328758445946e-06 -9.203951421638111e-20
1.2518385557432435e-06 -8.002621360702345e-20
1.2816442356418921e-06 -7.012659844722216e-20
1.3114499155405408e-06 -6.414981350233596e-20
1.3412555954391893e-06 -6.757732251849579e-20
1.371061275337838e-06 -7.721665093679934e-20
1.4008669552364866e-06 -5.553007468765137e-20
1.4306726351351355e-06 -4.633830102050505e-20
1.460478315033784e-06 -6.404940022381098e-20
1.4902839949324326e-06 -5.920410844152662e-20
1.5200896748310813e-06 -4.609431437337139e-20
1.54989535472973e-06 -3.966582375141967e-20
1.5797010346283784e-06 -3.997614389888497e-20
1.609506714527027e-06 -5.123742158789621e-20
1.639312394425676e-06 -3.8178626673480326e-20
1.6691180743243244e-06 -1.8520884899353935e-20
1.698923754222973e-06 -3.3354668378724304e-20
1.728729434121622e-06 -3.672651715958256e-20
1.7585351140202704e-06 -2.1715529462806474e-20
1.7883407939189193e-06 -1.62285586923967e-20
1.8181464738175678e-06 -1.333447532269184e-20
1.8479521537162164e-06 -2.37430502796582e-20
1.877757833614865e-06 -2.028891505110667e-20
1.9075635135135136e-06 4.8688350800647635e-21
1.9373691934121627e-06 -1.8311382316297405e-21
1.967174873310811e-06 -1.4481671264306285e-20
1.99698055320946e-06 1.4391931690371763e-22
2.0267862331081082e-06 8.890784226443857e-21
2.056591913006757e-06 1.2627879592381776e-20
2.0863975929054056e-06 6.162520193905491e-21
2.1162032728040543e-06 8.061900670645958e-22
2.146008952702703e-06 2.652650968724005e-20
2.1758146326013516e-06 2.829534734933983e-20
2.2056203125000003e-06 9.188399817124175e-21
2.235425992398649e-06 2.1540477185208828e-20
2.2652316722972976e-06 3.2392751982583086e-20
2.2950373521959463e-06 3.526327281445066e-20
2.324843032094595e-06 3.459517776825208e-20
2.3546487119932436e-06 2.4413334443664336e-20
2.3844543918918923e-06 4.424078674101561e-20
2.414260071790541e-06 5.839656294223238e-20
2.444065751689189e-06 3.714207336845405e-20
2.4738714315878383e-06 4.16100393193662e-20
2.503677111486487e-06 5.746281181095603e-20
2.533482791385135e-06 5.991547289715053e-20
2.5632884712837843e-06 6.002212933800925e-20
2.5930941511824325e-06 4.853214069730584e-20
2.6228998310810816e-06 6.106582699093692e-20
2.65270551097973e-06 8.371775252553889e-20
2.6825111908783785e-06 6.556210554222104e-20
2.7123168707770276e-06 5.873029799998549e-20
2.742122550675676e-06 7.998917479850578e-20
2.7719282305743246e-06 8.490821343359307e-20
2.8017339104729732e-06 8.400641013005695e-20
2.831539590371622e-06 7.46875408550465e-20
2.861345270270271e-06 7.771170643077048e-20
2.8911509501689192e-06 1.0549373526252004e-19
2.920956630067568e-06 9.443442824424343e-20
2.9507623099662166e-06 7.872925656341785e-20
2.9805679898648652e-06 9.858349235634438e-20
3.010373669763514e-06 1.0618708516405556e-19
3.0401793496621626e-06 1.0660195910086967e-19
3.0699850295608112e-06 1.0067015836367158e-19
3.09979070945946e-06 9.53036381972819e-20
3.1295963893581086e-06 1.2121726016526368e-19
3.159402069256757e-06 1.2368952485277772e-19
3.189207749155406e-06 9.958637096404068e-20
3.219013429054054e-06 1.1294772568733734e-19
3.2488191089527033e-06 1.2917749528044749e-19
3.278624788851352e-06 1.2651217556438614e-19
3.3084304687500006e-06 1.217165704500412e-19
3.338236148648649e-06 1.1420779323305502e-19
3.3680418285472975e-06 1.3299017578429985e-19
3.397847508445946e-06 1.4566123062317144e-19
3.4276531883445953e-06 1.2229146140411672e-19
3.457458868243244e-06 1.2647779895747174e-19
3.487264548141892e-06 1.475671380333164e-19
3.517070228040541e-06 1.4659977560436956e-19
3.5468759079391895e-06 1.4219331734896435e-19
3.5766815878378386e-06 1.3334212707330927e-19
3.6064872677364864e-06 1.4509751900352378e-19
3.6362929476351355e-06 1.6501618615814438e-19
3.666098627533784e-06 1.4545712139531777e-19
3.695904307432433e-06 1.3755593602982224e-19
3.725709987331082e-06 1.601623036352947e-19
3.75551566722973e-06 1.6406300596904577e-19
3.7853213471283785e-06 1.5702315378530016e-19
3.815127027027027e-06 1.5131285064519636e-19
3.844932706925677e-06 1.5618712547467145e-19
3.874738386824325e-06 1.794989321491021e-19
3.904544066722973e-06 1.6873702258794494e-19
3.934349746621622e-06 1.484461519087934e-19
3.9641554265202705e-06 1.7170021313057983e-19
3.99396110641892e-06 1.8032253421118777e-19
4.023766786317569e-06 1.720835735366675e-19
4.0535724662162165e-06 1.6834429626751975e-19
4.083378146114865e-06 1.648248815688302e-19
4.113183826013514e-06 1.8739698668015144e-19
4.1429895059121625e-06 1.8879200613997958e-19
4.172795185810811e-06 1.6303135800311953e-19
4.20260086570946e-06 1.7655341927882458e-19
4.2324065456081085e-06 1.9538279423129545e-19
4.262212225506757e-06 1.8843973829322159e-19
4.292017905405406e-06 1.8140765505999574e-19
4.3218235853040545e-06 1.776432105095327e-19
4.351629265202703e-06 1.9339283720645377e-19
4.381434945101352e-06 2.0523966657722113e-19
4.4112406250000005e-06 1.7981577472763392e-19
4.441046304898649e-06 1.781955292455565e-19
4.470851984797298e-06 2.0501518191864023e-19
4.5006576646959465e-06 2.0159575677097537e-19
4.530463344594595e-06 1.9031081279105496e-19
4.560269024493244e-06 1.8838530582888746e-19
4.5900747043918925e-06 1.981004504584238e-19
4.619880384290541e-06 2.1624832903978625e-19
4.64968606418919e-06 1.9720325210718234e-19
4.6794917440878385e-06 1.8316839804753034e-19
4.709297423986487e-06 2.1065213304715287e-19
4.739103103885135e-06 2.1450789806566153e-19
4.7689087837837846e-06 1.9995147610546318e-19
4.798714463682433e-06 1.957977727171315e-19
4.828520143581082e-06 2.0196206138910362e-19
4.8583258234797306e-06 2.2107908324208045e-19
4.888131503378378e-06 2.106648610889668e-19
4.917937183277027e-06 1.9056020542073326e-19
4.9477428631756766e-06 2.1158472814105709e-19
4.977548543074325e-06 2.2421896079943895e-19
5.007354222972974e-06 2.10538430857493e-19
5.037159902871622e-06 2.0244495488310103e-19
5.06696558277027e-06 2.0615415671559039e-19
5.09677126266892e-06 2.243152092529026e-19
5.126576942567569e-06 2.223597057122891e-19
5.156382622466217e-06 1.9734760602108965e-19
5.186188302364865e-06 2.0815721320095322e-19
5.215993982263514e-06 2.2956145135033344e-19
5.245799662162163e-06 2.16933588256648e-19
5.275605342060812e-06 2.0726201910870974e-19
5.30541102195946e-06 2.0985075985121562e-19
5.335216701858108e-06 2.219498332332908e-19
5.365022381756757e-06 2.3052608683175637e-19
5.394828061655406e-06 2.059396717996616e-19
5.424633741554055e-06 2.0444815292921569e-19
5.454439421452703e-06 2.312994949287309e-19
5.484245101351352e-06 2.2381922673151584e-19
5.5140507812500004e-06 2.0968364352275528e-19
5.543856461148649e-06 2.099431033185652e-19
5.573662141047299e-06 2.1964819983948346e-19
5.6034678209459464e-06 2.3255077250162517e-19
5.633273500844595e-06 2.1294399287949794e-19
5.663079180743244e-06 2.0111334510364845e-19
5.6928848606418925e-06 2.279798331454686e-19
5.722690540540542e-06 2.3022292561015464e-19
5.75249622043919e-06 2.1175271925581788e-19
5.7823019003378385e-06 2.0997513461839565e-19
5.812107580236487e-06 2.1768806146017526e-19
5.841913260135136e-06 2.3121145796172017e-19
5.8717189400337845e-06 2.188604529018108e-19
5.901524619932433e-06 1.9820923347247372e-19
5.931330299831082e-06 2.204742662034009e-19
5.9611359797297305e-06 2.335205415095338e-19
5.990941659628379e-06 2.1165214115773058e-19
6.020747339527028e-06 2.0446040121604295e-19
6.0505530194256765e-06 2.141481365370096e-19
6.080358699324325e-06 2.2779157324875593e-19
6.110164379222974e-06 2.227165130183849e-19
6.1399700591216225e-06 1.971181103954648e-19
6.169775739020271e-06 2.1070718375387224e-19
6.19958141891892e-06 2.3218926527693595e-19
6.2293870988175685e-06 2.140344069454264e-19
6.259192778716217e-06 2.0297005700182597e-19
6.288998458614865e-06 2.07594791562659e-19
6.318804138513514e-06 2.2076536305905934e-19
6.348609818412163e-06 2.239284752310028e-19
6.378415498310812e-06 1.9705494172264882e-19
6.4082211782094605e-06 1.9869737319385802e-19
6.438026858108108e-06 2.26599443827591e-19
6.467832538006757e-06 2.1763073652315375e-19
6.4976382179054065e-06 1.971129200869209e-19
6.527443897804055e-06 2.0135801702555975e-19
6.557249577702704e-06 2.152540654177586e-19
6.587055257601352e-06 2.1927894850859066e-19
6.616860937500001e-06 1.9850439447385336e-19
6.64666661739865e-06 1.893578054198392e-19
6.676472297297298e-06 2.159579831377952e-19
6.706277977195947e-06 2.1644820827615323e-19
6.736083657094595e-06 1.9289124913501386e-19
6.7658893369932445e-06 1.9360609559258875e-19
6.795695016891892e-06 2.055510948408726e-19
6.825500696790541e-06 2.1410039571654855e-19
6.8553063766891906e-06 1.996650289992984e-19
6.885112056587838e-06 1.8154246137667002e-19
6.914917736486488e-06 2.0355288280460664e-19
6.944723416385136e-06 2.1401436367437171e-19
6.974529096283784e-06 1.9015248492600964e-19
7.004334776182434e-06 1.837290741344062e-19
7.034140456081082e-06 1.9484314946892521e-19
7.063946135979731e-06 2.0558759063857676e-19
7.093751815878379e-06 1.966537180941769e-19
7.123557495777028e-06 1.7376985967895488e-19
7.153363175675677e-06 1.892600275822937e-19
7.183168855574325e-06 2.0918626194788871e-19
7.212974535472973e-06 1.872914418050288e-19
7.242780215371622e-06 1.7465511349337627e-19
7.272585895270271e-06 1.838995887072873e-19
7.302391575168921e-06 1.9492900230147896e-19
7.332197255067568e-06 1.9282371444603215e-19
7.362002934966216e-06 1.6691143533917702e-19
7.391808614864866e-06 1.7160223136472263e-19
7.4216142947635144e-06 1.9785061711294978e-19
7.451419974662164e-06 1.8267509732342069e-19
7.481225654560812e-06 1.6267099555296612e-19
7.51103133445946e-06 1.721130264835406e-19
7.540837014358109e-06 1.839630707462277e-19
7.570642694256757e-06 1.8333015541101425e-19
7.600448374155407e-06 1.6439107721450688e-19
7.630254054054054e-06 1.5612313693042212e-19
7.660059733952703e-06 1.81293569761403e-19
7.689865413851353e-06 1.7928812655669605e-19
7.71967109375e-06 1.5299571314421557e-19
7.74947677364865e-06 1.567379921316835e-19
7.779282453547298e-06 1.6902440821855826e-19
7.809088133445946e-06 1.7318576352559376e-19
7.838893813344597e-06 1.5721836106255154e-19
7.868699493243244e-06 1.413540664275945e-19
7.898505173141894e-06 1.6569142393479126e-19
7.928310853040541e-06 1.7338258437617028e-19
7.95811653293919e-06 1.4450853986280824e-19
7.98792221283784e-06 1.418731061754851e-19
8.017727892736487e-06 1.5731290700803527e-19
8.047533572635137e-06 1.6090460814628494e-19
8.077339252533784e-06 1.501931540844961e-19
8.107144932432433e-06 1.2935140797797708e-19
8.136950612331082e-06 1.4463060754059828e-19
8.16675629222973e-06 1.6458192179071325e-19
8.196561972128379e-06 1.3633782334805926e-19
8.226367652027028e-06 1.2554335122215018e-19
8.256173331925676e-06 1.4204669050227107e-19
8.285979011824325e-06 1.4889058001085135e-19
8.315784691722974e-06 1.4206704566663448e-19
8.345590371621622e-06 1.2009919463469728e-19
8.375396051520271e-06 1.2697044513360768e-19
8.40520173141892e-06 1.4910250464064108e-19
8.435007411317568e-06 1.3125677424455577e-19
8.464813091216217e-06 1.1291713062133526e-19
8.494618771114866e-06 1.2354080111255594e-19
8.524424451013514e-06 1.3415128821916658e-19
8.554230130912163e-06 1.3099426721267441e-19
8.584035810810812e-06 1.1142879594217005e-19
8.61384149070946e-06 1.076716718566144e-19
8.643647170608109e-06 1.331364174519829e-19
8.673452850506758e-06 1.2712160347526105e-19
8.703258530405406e-06 1.0069419685337999e-19
8.733064210304055e-06 1.063892921935005e-19
8.762869890202704e-06 1.2081054972908052e-19
8.792675570101352e-06 1.2068592575762686e-19
8.822481250000001e-06 1.0177097331302465e-19
8.85228692989865e-06 9.099467942648102e-20
8.882092609797298e-06 1.1437965788176322e-19
8.911898289695947e-06 1.1866318104001247e-19
8.941703969594596e-06 8.999944731086902e-20
8.971509649493244e-06 8.882992841693877e-20
9.001315329391893e-06 1.080935231778908e-19
9.031121009290542e-06 1.0620812900022754e-19
9.06092668918919e-06 9.130757202562629e-20
9.090732369087839e-06 8.01219255162495e-20
9.120538048986488e-06 9.28743908001911e-20
9.150343728885136e-06 1.0704461179325791e-19
9.180149408783785e-06 8.213345300243619e-20
9.209955088682434e-06 7.035305056322924e-20
9.239760768581082e-06 9.029581557311688e-20
9.269566448479731e-06 9.330268194450906e-20
9.29937212837838e-06 8.024210729683801e-20
9.329177808277027e-06 6.657161302941408e-20
9.358983488175677e-06 7.344737605944057e-20
9.388789168074326e-06 9.302238710075772e-20
9.418594847972974e-06 7.506206018795402e-20
9.448400527871623e-06 5.47245580323505e-20
9.47820620777027e-06 7.164790775422342e-20
9.50801188766892e-06 7.947910961298233e-20
9.537817567567569e-06 6.868302179492997e-20
9.567623247466218e-06 5.330929934767376e-20
9.597428927364866e-06 5.247868589796762e-20
9.627234607263513e-06 7.511722459881572e-20
9.657040287162164e-06 6.693381586523157e-20
9.686845967060812e-06 4.0830519663838904e-20
9.716651646959461e-06 5.1681500217127716e-20
9.74645732685811e-06 6.498834085339811e-20
9.776263006756757e-06 5.674513395430885e-20
9.806068686655407e-06 4.314689664960088e-20
9.835874366554054e-06 3.6086460645377494e-20
9.865680046452704e-06 5.358889804358987e-20
9.895485726351353e-06 5.872093605727806e-20
9.92529140625e-06 2.9177284293357416e-20
9.95509708614865e-06 2.7805809275840913e-20
9.984902766047297e-06 4.9432770204907604e-20
1.0014708445945948e-05 4.407871162405881e-20
1.0044514125844596e-05 2.8589255231834776e-20
1.0074319805743243e-05 2.0641833230973482e-20
1.0104125485641894e-05 3.3311081369767283e-20
1.013393116554054e-05 4.5727271199461846e-20
1.0163736845439191e-05 1.846008283084914e-20
1.019354252533784e-05 9.634664309716371e-21
1.0223348205236487e-05 3.318208557980561e-20
1.0253153885135137e-05 2.9522937935606065e-20
1.0282959565033784e-05 1.5554588697025636e-20
1.0312765244932435e-05 6.81165857137104e-21
1.0342570924831083e-05 1.1985346733531503e-20
1.037237660472973e-05 2.859989783124129e-20
1.040218228462838e-05 1.1071615130421656e-20
1.0431987964527027e-05 -7.122156755588728e-21
1.0461793644425676e-05 1.1416942257925382e-20
1.0491599324324327e-05 1.7720122751975574e-20
1.0521405004222973e-05 2.8169036350417944e-21
1.0551210684121624e-05 -6.3991655424130105e-21
1.058101636402027e-05 -4.2359946052993005e-21
1.061082204391892e-05 1.0494643889239213e-20
1.064062772381757e-05 2.605837326286733e-21
1.0670433403716217e-05 -2.1889637912002207e-20
1.0700239083614867e-05 -9.23727532455136e-21
1.0730044763513514e-05 2.8128770727615383e-21
1.0759850443412163e-05 -1.0562595062248415e-20
1.0789656123310812e-05 -1.87638375951278e-20
1.081946180320946e-05 -2.184912100965019e-20
1.084926748310811e-05 -8.560466097597496e-21
1.0879073163006758e-05 -7.04999693536902e-21
1.0908878842905406e-05 -3.180442681650013e-20
1.0938684522804055e-05 -2.880692602490625e-20
1.0968490202702704e-05 -1.234323731773619e-20
1.0998295882601354e-05 -1.9887789149207793e-20
1.1028101562500001e-05 -3.4383453624723745e-20
1.105790724239865e-05 -3.835213503466838e-20
1.1087712922297298e-05 -2.634463247099324e-20
1.1117518602195947e-05 -2.011001101703781e-20
1.1147324282094597e-05 -4.2216273335985315e-20
1.1177129961993244e-05 -4.882598311057488e-20
1.1206935641891893e-05 -2.904969604478949e-20
1.1236741321790542e-05 -3.1926915523626384e-20
1.126654700168919e-05 -4.504279192230848e-20
1.129635268158784e-05 -5.149489383290696e-20
1.1326158361486488e-05 -4.6525466408409756e-20
1.1355964041385136e-05 -3.345380369374012e-20
1.1385769721283785e-05 -4.988167462784636e-20
1.1415575401182434e-05 -6.617414413576102e-20
1.1445381081081084e-05 -4.9653521665768505e-20
1.1475186760979731e-05 -4.3265328820909184e-20
1.150499244087838e-05 -5.890210980396472e-20
1.1534798120777028e-05 -6.76547523051574e-20
1.1564603800675677e-05 -6.241453194681431e-20
1.1594409480574326e-05 -5.166749516713788e-20
1.1624215160472974e-05 -5.856560930451884e-20
1.1654020840371623e-05 -7.915191381051328e-20
1.1683826520270272e-05 -7.075246683658708e-20
1.171363220016892e-05 -5.678125690277561e-20
1.1743437880067569e-05 -7.12474274022975e-20
1.1773243559966218e-05 -8.163447555079601e-20
1.1803049239864866e-05 -7.990392062416977e-20
1.1832854919763515e-05 -7.003660687401734e-20
1.1862660599662164e-05 -6.966022990912873e-20
1.1892466279560812e-05 -9.211638205500994e-20
1.1922271959459461e-05 -8.861106569601587e-20
1.195207763935811e-05 -7.222615795190117e-20
1.1981883319256758e-05 -8.344703773906049e-20
1.2011688999155407e-05 -9.416567265609222e-20
1.2041494679054056e-05 -9.496074971782484e-20
1.2071300358952704e-05 -8.712754253361237e-20
1.2101106038851353e-05 -8.176687844547281e-20
1.2130911718750002e-05 -1.0051824248126901e-19
1.216071739864865e-05 -1.0830915952084579e-19
1.2190523078547299e-05 -9.168850113651474e-20
1.2220328758445948e-05 -9.222278968275267e-20
1.2250134438344596e-05 -1.0749993200295056e-19
1.2279940118243245e-05 -1.105868507046609e-19
1.2309745798141894e-05 -1.0348932751238961e-19
1.2339551478040542e-05 -9.662573819235561e-20
1.2369357157939191e-05 -1.0834735991448657e-19
1.239916283783784e-05 -1.2463351157434206e-19
1.2428968517736488e-05 -1.088144958683579e-19
1.2458774197635137e-05 -1.0144438277474599e-19
1.2488579877533784e-05 -1.2129529094821627e-19
1.2518385557432434e-05 -1.2391630716812812e-19
1.2548191237331083e-05 -1.2004056884068785e-19
1.257799691722973e-05 -1.1270772254695957e-19
1.260780259712838e-05 -1.1631969734043426e-19
1.2637608277027027e-05 -1.373712717741784e-19
1.2667413956925678e-05 -1.2529852002968144e-19
1.2697219636824326e-05 -1.1590192839552647e-19
1.2727025316722973e-05 -1.30860588186034e-19
1.2756830996621624e-05 -1.3570706549027428e-19
1.278663667652027e-05 -1.3581345421203958e-19
1.2816442356418921e-05 -1.2605704743668194e-19
1.284624803631757e-05 -1.2829328199778082e-19
1.2876053716216217e-05 -1.4954457787868197e-19
1.2905859396114867e-05 -1.443991934993781e-19
1.2935665076013514e-05 -1.281805331466766e-19
1.2965470755912164e-05 -1.3938929327130474e-19
1.2995276435810813e-05 -1.510224665094507e-19
1.302508211570946e-05 -1.4759287765488326e-19
1.305488779560811e-05 -1.4195435771227468e-19
1.3084693475506757e-05 -1.3815998344312808e-19
1.3114499155405408e-05 -1.5479344948597762e-19
1.3144304835304056e-05 -1.6118947950556736e-19
1.3174110515202703e-05 -1.425052670177074e-19
1.3203916195101354e-05 -1.482244653250391e-19
1.3233721875000002e-05 -1.6159260279193985e-19
1.326352755489865e-05 -1.6059732363638493e-19
1.32933332347973e-05 -1.5708308586540833e-19
1.3323138914695948e-05 -1.5137263767383555e-19
1.3352944594594595e-05 -1.6342051621951036e-19
1.3382750274493244e-05 -1.7519022119836526e-19
1.3412555954391894e-05 -1.5925725087989696e-19
1.3442361634290541e-05 -1.5428905055388634e-19
1.347216731418919e-05 -1.712962996536424e-19
1.350197299408784e-05 -1.7467415610990983e-19
1.3531778673986489e-05 -1.6873362760005915e-19
1.3561584353885136e-05 -1.6501511571099947e-19
1.3591390033783785e-05 -1.6863395470132573e-19
1.3621195713682435e-05 -1.8579933626531102e-19
1.3651001393581082e-05 -1.7776089374125473e-19
1.368080707347973e-05 -1.6361535159563858e-19
1.3710612753378381e-05 -1.8086140198518592e-19
1.3740418433277028e-05 -1.8579209269556704e-19
1.3770224113175677e-05 -1.8145624108312938e-19
1.3800029793074327e-05 -1.7797133357164597e-19
1.3829835472972976e-05 -1.756202937977308e-19
1.3859641152871623e-05 -1.9230579607551804e-19
1.3889446832770271e-05 -1.9139462827932374e-19
1.3919252512668922e-05 -1.7714047785568516e-19
1.3949058192567569e-05 -1.8584649820975647e-19
1.3978863872466217e-05 -1.9629911624701834e-19
1.4008669552364868e-05 -1.9508980023957787e-19
1.4038475232263515e-05 -1.8834593529498603e-19
1.4068280912162163e-05 -1.8584320413870406e-19
1.4098086592060814e-05 -1.9981468841140105e-19
1.4127892271959462e-05 -2.0461623143032608e-19
1.415769795185811e-05 -1.899413642791448e-19
1.4187503631756758e-05 -1.9103482817532125e-19
1.4217309311655408e-05 -2.0421649621795948e-19
1.4247114991554055e-05 -2.0505099363620427e-19
1.4276920671452704e-05 -1.9884382605536637e-19
1.4306726351351355e-05 -1.923939170435453e-19
1.433653203125e-05 -2.0478039456422017e-19
1.436633771114865e-05 -2.1741117104246753e-19
1.4396143391047299e-05 -1.996568693519292e-19
1.4425949070945946e-05 -1.972546249101656e-19
1.4455754750844596e-05 -2.1204330916404407e-19
1.4485560430743245e-05 -2.1149443958220254e-19
1.4515366110641895e-05 -2.0790512937105545e-19
1.4545171790540542e-05 -2.024245126073172e-19
1.457497747043919e-05 -2.067983222894307e-19
1.4604783150337841e-05 -2.217563350498638e-19
1.4634588830236486e-05 -2.1275766754530514e-19
1.4664394510135137e-05 -2.0156147491583846e-19
1.4694200190033786e-05 -2.1683032539239016e-19
1.4724005869932432e-05 -2.2202256753371105e-19
1.4753811549831083e-05 -2.1457635771679922e-19
1.4783617229729732e-05 -2.1057754053529992e-19
1.4813422909628382e-05 -2.1060832246277103e-19
1.4843228589527029e-05 -2.2535207420137215e-19
1.4873034269425678e-05 -2.2314033777731495e-19
1.4902839949324328e-05 -2.0704037842327323e-19
1.4932645629222973e-05 -2.1626777631434905e-19
1.4962451309121624e-05 -2.268222686487064e-19
1.4992256989020272e-05 -2.217303547266463e-19
1.502206266891892e-05 -2.1602877789054118e-19
1.505186834881757e-05 -2.1510565347966913e-19
1.5081674028716218e-05 -2.247963226858628e-19
1.5111479708614869e-05 -2.321098442004565e-19
1.5141285388513514e-05 -2.1630477288508436e-19
1.5171091068412164e-05 -2.135303224522166e-19
1.5200896748310815e-05 -2.3048993494313805e-19
1.523070242820946e-05 -2.2662123008719385e-19
1.526050810810811e-05 -2.1955421097633356e-19
1.529031378800676e-05 -2.174770964932187e-19
1.5320119467905406e-05 -2.215334381485378e-19
1.5349925147804056e-05 -2.3495853132722765e-19
1.5379730827702707e-05 -2.221312470289924e-19
1.540953650760135e-05 -2.127669672612114e-19
1.54393421875e-05 -2.304887820433906e-19
1.546914786739865e-05 -2.3093142874072003e-19
1.54989535472973e-05 -2.226712878882309e-19
1.5528759227195948e-05 -2.2001955828974753e-19
1.5558564907094595e-05 -2.231045085935755e-19
1.5588370586993246e-05 -2.3599217147426355e-19
1.5618176266891893e-05 -2.262754740075718e-19
1.5647981946790543e-05 -2.1259186651437606e-19
1.5677787626689193e-05 -2.281880546701048e-19
1.5707593306587837e-05 -2.3293657056186166e-19
1.5737398986486487e-05 -2.2331349552494544e-19
1.5767204666385138e-05 -2.2167828770964583e-19
1.5797010346283788e-05 -2.206471238807307e-19
1.5826816026182435e-05 -2.326620121177489e-19
1.5856621706081082e-05 -2.3340304793558716e-19
1.5886427385979732e-05 -2.1327717654712104e-19
1.591623306587838e-05 -2.2201376303302397e-19
1.594603874577703e-05 -2.340877355734275e-19
1.597584442567568e-05 -2.236900241088457e-19
1.6005650105574324e-05 -2.189964461145891e-19
1.6035455785472974e-05 -2.1857263010801685e-19
1.6065261465371624e-05 -2.261092264628132e-19
1.6095067145270275e-05 -2.3114803480894753e-19
1.612487282516892e-05 -2.1434660901572204e-19
1.615467850506757e-05 -2.1413708100649724e-19
1.618448418496622e-05 -2.3082157820375685e-19
1.6214289864864866e-05 -2.250439304737e-19
1.6244095544763516e-05 -2.1681371603606496e-19
1.6273901224662163e-05 -2.1583283639725015e-19
1.630370690456081e-05 -2.184185687160973e-19
1.633351258445946e-05 -2.2784063893061857e-19
1.636331826435811e-05 -2.157110725701149e-19
1.6393123944256758e-05 -2.0450620658925602e-19
1.642292962415541e-05 -2.2162928784815827e-19
1.6452735304054055e-05 -2.2200978374226847e-19
1.6482540983952706e-05 -2.107453504926056e-19
1.6512346663851353e-05 -2.1018908002252665e-19
1.6542152343750003e-05 -2.1141842023218833e-19
1.657195802364865e-05 -2.218952361534693e-19
1.6601763703547297e-05 -2.1541623888406436e-19
1.6631569383445947e-05 -1.9839206151089136e-19
1.6661375063344598e-05 -2.0948449836964294e-19
1.6691180743243245e-05 -2.184239098724169e-19
1.6720986423141895e-05 -2.0676266824185418e-19
1.6750792103040542e-05 -1.9905342966761695e-19
1.6780597782939192e-05 -2.0242652418129977e-19
1.681040346283784e-05 -2.110987038631284e-19
1.684020914273649e-05 -2.0788431435634303e-19
1.6870014822635137e-05 -1.908718516615618e-19
1.6899820502533784e-05 -1.9737112967722414e-19
1.6929626182432434e-05 -2.1149229289078553e-19
1.6959431862331084e-05 -1.988697004810923e-19
1.698923754222973e-05 -1.9089859446707853e-19
1.701904322212838e-05 -1.9191075745533145e-19
1.704884890202703e-05 -1.9754802158012397e-19
1.707865458192568e-05 -2.018018417285904e-19
1.7108460261824326e-05 -1.8365659448748604e-19
1.7138265941722976e-05 -1.80621817813807e-19
1.7168071621621623e-05 -1.961249878608313e-19
1.719787730152027e-05 -1.9105228252154614e-19
1.722768298141892e-05 -1.7907693697416392e-19
1.725748866131757e-05 -1.7832033972653463e-19
1.7287294341216218e-05 -1.853272761844263e-19
1.7317100021114865e-05 -1.8933578012578915e-19
1.7346905701013515e-05 -1.7560090881667138e-19
1.7376711380912166e-05 -1.6615105066018085e-19
1.7406517060810813e-05 -1.8118517665081697e-19
1.7436322740709463e-05 -1.8085629578473216e-19
1.746612842060811e-05 -1.6529774097643402e-19
1.7495934100506757e-05 -1.653288193602628e-19
1.7525739780405407e-05 -1.681341231841563e-19
1.7555545460304058e-05 -1.736114268149713e-19
1.7585351140202705e-05 -1.668083843349929e-19
1.7615156820101352e-05 -1.510374439289962e-19
1.7644962500000002e-05 -1.6310123322999129e-19
1.767476817989865e-05 -1.6997284397009427e-19
1.77045738597973e-05 -1.5392657542290816e-19
1.773437953969595e-05 -1.4904623972223955e-19
1.7764185219594597e-05 -1.5272704921117662e-19
1.7793990899493244e-05 -1.5661722438286808e-19
1.7823796579391894e-05 -1.5328718501336996e-19
1.7853602259290544e-05 -1.3772943991629754e-19
1.788340793918919e-05 -1.4014901368883577e-19
1.791321361908784e-05 -1.541371837696437e-19
1.794301929898649e-05 -1.417813311080213e-19
1.7972824978885136e-05 -1.2997826247004987e-19
1.8002630658783786e-05 -1.3570287430791447e-19
1.8032436338682436e-05 -1.3913154822688936e-19
1.8062242018581083e-05 -1.394569679975652e-19
1.809204769847973e-05 -1.2446675763277502e-19
1.812185337837838e-05 -1.189563313538385e-19
1.815165905827703e-05 -1.3602391163347081e-19
1.8181464738175678e-05 -1.2870709337563048e-19
1.8211270418074325e-05 -1.1195432025542815e-19
1.8241076097972975e-05 -1.1468029757534713e-19
1.8270881777871622e-05 -1.1998416221785268e-19
1.8300687457770273e-05 -1.207812453483645e-19
1.8330493137668923e-05 -1.0811209356779364e-19
1.836029881756757e-05 -9.960675843942833e-20
1.8390104497466217e-05 -1.139315089996132e-19
1.8419910177364867e-05 -1.1318265405808507e-19
1.8449715857263518e-05 -9.622735473349014e-20
1.8479521537162165e-05 -9.451831191285219e-20
1.8509327217060812e-05 -9.968932420873493e-20
1.8539132896959462e-05 -1.0166588680078729e-19
1.856893857685811e-05 -9.168711601890979e-20
1.859874425675676e-05 -7.838591581490126e-20
1.862854993665541e-05 -8.841215527764951e-20
1.8658355616554053e-05 -9.380595559773353e-20
1.8688161296452704e-05 -7.710070477539951e-20
1.8717966976351354e-05 -7.299110923227312e-20
1.8747772656250005e-05 -7.762090316150435e-20
1.877757833614865e-05 -8.048496448752387e-20
1.88073840160473e-05 -7.539050525794621e-20
1.883718969594595e-05 -5.861368304287657e-20
1.8866995375844596e-05 -6.436719166719127e-20
1.8896801055743246e-05 -7.441741718143263e-20
1.8926606735641893e-05 -5.924993397074515e-20
1.895641241554054e-05 -4.990601971156648e-20
1.898621809543919e-05 -5.4194121709235916e-20
1.901602377533784e-05 -5.917182307234684e-20
1.904582945523649e-05 -5.451897594029479e-20
1.9075635135135138e-05 -3.93694430137687e-20
1.9105440815033785e-05 -3.964208382752015e-20
1.9135246494932436e-05 -5.202266324700205e-20
1.9165052174831083e-05 -4.316459859101397e-20
1.9194857854729733e-05 -2.913801556216964e-20
1.922466353462838e-05 -3.216536740297272e-20
1.9254469214527027e-05 -3.460432970324068e-20
1.9284274894425677e-05 -3.450495226906128e-20
1.9314080574324328e-05 -2.2318910741470347e-20
1.9343886254222978e-05 -1.2846926880500313e-20
1.9373691934121625e-05 -2.767223244858723e-20
1.9403497614020272e-05 -2.4002948674280166e-20
1.9433303293918922e-05 -7.970164077314917e-21
1.946310897381757e-05 -9.34571591494108e-21
1.949291465371622e-05 -1.22750084720815e-20
1.9522720333614867e-05 -1.508562021943804e-20
1.9552526013513514e-05 -5.180469460390525e-21
1.9582331693412164e-05 9.067127214822222e-21
1.9612137373310814e-05 -2.496284438227993e-21
1.964194305320946e-05 -6.83180748914567e-21
1.9671748733108108e-05 1.1468620576592293e-20
1.970155441300676e-05 1.4426169696586433e-20
1.973136009290541e-05 8.156955135263085e-21
1.9761165772804056e-05 9.383513693319375e-21
1.9790971452702706e-05 1.413444056771346e-20
1.9820777132601353e-05 2.7114078428339284e-20
1.98505828125e-05 2.2758678585235373e-20
1.988038849239865e-05 1.0723687928515116e-20
1.99101941722973e-05 2.737868342393963e-20
1.9939999852195948e-05 3.557477272661026e-20
1.9969805532094595e-05 2.829768640696755e-20
1.9999611211993245e-05 3.02192468644354e-20
2.0029416891891896e-05 3.309171191327402e-20
2.0059222571790543e-05 4.42325185636671e-20
2.0089028251689193e-05 4.696793775223529e-20
2.011883393158784e-05 3.467482791167753e-20
2.0148639611486487e-05 4.329083021867117e-20
2.0178445291385137e-05 5.645823733181207e-20
2.0208250971283788e-05 5.104301905441343e-20
2.0238056651182435e-05 4.769494362425979e-20
2.026786233108108e-05 5.154693389662752e-20
2.0297668010979732e-05 6.132810697278014e-20
2.0327473690878382e-05 6.63001190243278e-20
2.035727937077703e-05 5.500638565736452e-20
2.038708505067568e-05 5.837652762642512e-20
2.0416890730574327e-05 7.568493788891983e-20
2.0446696410472974e-05 7.306904237989571e-20
2.0476502090371624e-05 6.717122099334072e-20
2.0506307770270274e-05 7.101276970391248e-20
2.053611345016892e-05 7.68052520904386e-20
2.0565919130067568e-05 8.625197531061282e-20
2.059572480996622e-05 7.87217311730578e-20
2.062553048986487e-05 7.228289673615533e-20
2.0655336169763516e-05 9.072279580636195e-20
2.0685141849662166e-05 9.379793198694502e-20
2.0714947529560813e-05 8.479109176264298e-20
2.074475320945946e-05 8.773726005682608e-20
2.077455888935811e-05 9.481775950684803e-20
2.080436456925676e-05 1.0423072830839613e-19
2.0834170249155408e-05 9.889673835407026e-20
2.0863975929054055e-05 9.000566351567358e-20
2.0893781608952705e-05 1.052069958230778e-19
2.0923587288851352e-05 1.1341467657510508e-19
2.0953392968750003e-05 1.0295803831428926e-19
2.0983198648648653e-05 1.0289728874992358e-19
2.10130043285473e-05 1.106128139045471e-19
2.1042810008445947e-05 1.176301909713889e-19
2.1072615688344597e-05 1.1876012505940388e-19
2.1102421368243248e-05 1.0805812613806469e-19
2.1132227048141895e-05 1.1543316826919026e-19
2.116203272804054e-05 1.3110950277320715e-19
2.1191838407939192e-05 1.2287654418450938e-19
2.122164408783784e-05 1.1883257521908362e-19
2.125144976773649e-05 1.2561125233782213e-19
2.128125544763514e-05 1.312735492958947e-19
2.1311061127533787e-05 1.352978335291161e-19
2.1340866807432434e-05 1.2617005972181394e-19
2.1370672487331084e-05 1.2674876230922365e-19
2.1400478167229734e-05 1.4310898061391143e-19
2.143028384712838e-05 1.3969293971799707e-19
2.146008952702703e-05 1.315601485915669e-19
2.148989520692568e-05 1.3793645523995217e-19
2.1519700886824326e-05 1.4496293352426092e-19
2.1549506566722976e-05 1.4937889699765538e-19
2.1579312246621623e-05 1.4175832692324058e-19
2.1609117926520273e-05 1.3802554920942845e-19
2.163892360641892e-05 1.5319825927970158e-19
2.166872928631757e-05 1.5466942555201163e-19
2.169853496621622e-05 1.4559877403744261e-19
2.1728340646114868e-05 1.4760773342066957e-19
2.1758146326013515e-05 1.538777674783172e-19
2.1787952005912165e-05 1.595879258628215e-19
2.1817757685810812e-05 1.545043338071162e-19
2.1847563365709463e-05 1.494613109908938e-19
2.187736904560811e-05 1.6239477627933254e-19
2.1907174725506757e-05 1.6692414663040234e-19
2.1936980405405407e-05 1.567679616123132e-19
2.1966786085304057e-05 1.5799111499123828e-19
2.1996591765202708e-05 1.6433952504658843e-19
2.2026397445101355e-05 1.6808532580533576e-19
2.2056203125000002e-05 1.6699054324737375e-19
2.2086008804898652e-05 1.5899953204250625e-19
2.21158144847973e-05 1.657010356072349e-19
2.214562016469595e-05 1.7540418804909724e-19
2.2175425844594596e-05 1.677661277109952e-19
2.2205231524493243e-05 1.6470954363176097e-19
2.2235037204391894e-05 1.70825590639158e-19
2.2264842884290544e-05 1.757494258616221e-19
2.2294648564189194e-05 1.7601345388224905e-19
2.2324454244087838e-05 1.6934358129176108e-19
2.235425992398649e-05 1.7067259693539725e-19
2.238406560388514e-05 1.8085140185360198e-19
2.2413871283783786e-05 1.7712521293607042e-19
2.2443676963682436e-05 1.6966655751420979e-19
2.2473482643581083e-05 1.7594687815501756e-19
2.250328832347973e-05 1.8072673246986858e-19
2.253309400337838e-05 1.8139994999879811e-19
2.256289968327703e-05 1.7590219974317284e-19
2.259270536317568e-05 1.7299736677737686e-19
2.2622511043074325e-05 1.8641512990163587e-19
2.2652316722972975e-05 1.8468106210406233e-19
2.2682122402871626e-05 1.7518574034732888e-19
2.2711928082770272e-05 1.80509786915694e-19
2.2741733762668923e-05 1.8376783782262091e-19
2.277153944256757e-05 1.8589843034427304e-19
2.2801345122466217e-05 1.8205378449157473e-19
2.2831150802364867e-05 1.77029740415075e-19
2.2860956482263518e-05 1.8484174022542617e-19
2.2890762162162168e-05 1.8841279075502777e-19
2.292056784206081e-05 1.809306609550789e-19
2.2950373521959462e-05 1.798525242242587e-19
2.2980179201858112e-05 1.8716752410165432e-19
2.300998488175676e-05 1.881184866101739e-19
2.303979056165541e-05 1.8476607631474205e-19
2.3069596241554057e-05 1.8025945153136006e-19
2.3099401921452703e-05 1.837621590445224e-19
2.3129207601351354e-05 1.9255837817577522e-19
2.3159013281250004e-05 1.836322792950773e-19
2.318881896114865e-05 1.7928110402299874e-19
2.3218624641047298e-05 1.8583100487776366e-19
2.324843032094595e-05 1.869812237225839e-19
2.32782360008446e-05 1.8855110301240256e-19
2.3308041680743246e-05 1.805510739754463e-19
2.3337847360641896e-05 1.8120671943045372e-19
2.3367653040540543e-05 1.923518683857278e-19
2.339745872043919e-05 1.8449637922458417e-19
2.342726440033784e-05 1.8014686735730427e-19
2.345707008023649e-05 1.861065871804089e-19
2.3486875760135138e-05 1.8612414712030606e-19
2.3516681440033785e-05 1.8525347118750475e-19
2.3546487119932435e-05 1.7987524045150242e-19
2.3576292799831086e-05 1.7877333461064794e-19
2.3606098479729733e-05 1.8653831953763893e-19
2.3635904159628383e-05 1.837791174920098e-19
2.366570983952703e-05 1.7775685815889031e-19
2.3695515519425677e-05 1.799498373261983e-19
2.3725321199324327e-05 1.822136484174464e-19
2.3755126879222978e-05 1.8363117918715157e-19
2.3784932559121625e-05 1.7986692930447197e-19
2.381473823902027e-05 1.7357288313951257e-19
2.3844543918918922e-05 1.8025377725605475e-19
2.3874349598817572e-05 1.8279828322533404e-19
2.390415527871622e-05 1.7231765692454944e-19
2.393396095861487e-05 1.7415063349392432e-19
2.3963766638513517e-05 1.7673732780968065e-19
2.3993572318412164e-05 1.758141607901695e-19
2.4023377998310814e-05 1.7593586789539967e-19
2.4053183678209464e-05 1.6699634045151789e-19
2.408298935810811e-05 1.7262783668329107e-19
2.4112795038006758e-05 1.7908724217898198e-19
2.414260071790541e-05 1.6729504027450292e-19
2.4172406397804056e-05 1.6553820684654816e-19
2.4202212077702706e-05 1.7128705016074376e-19
2.4232017757601353e-05 1.7061870406465356e-19
2.4261823437500003e-05 1.6737497042190812e-19
2.429162911739865e-05 1.6202954990864616e-19
2.43214347972973e-05 1.6177565814228426e-19
2.435124047719595e-05 1.6989743092287876e-19
2.4381046157094598e-05 1.635252604826347e-19
2.4410851836993245e-05 1.5717772056026248e-19
2.4440657516891895e-05 1.6435138673277277e-19
2.4470463196790542e-05 1.590016958117378e-19
2.4500268876689193e-05 1.6065107205503575e-19
2.453007455658784e-05 1.5920168127815255e-19
2.455988023648649e-05 1.5085558247390846e-19
2.4589685916385137e-05 1.605835335566336e-19
2.4619491596283787e-05 1.5576862178129464e-19
2.4649297276182438e-05 1.4864610323544637e-19
2.4679102956081085e-05 1.534752917754192e-19
2.470890863597973e-05 1.5040153886764475e-19
2.4738714315878382e-05 1.5071229220868026e-19
2.476851999577703e-05 1.4900886616952118e-19
2.479832567567568e-05 1.434390188694283e-19
2.4828131355574326e-05 1.4886739126825075e-19
2.4857937035472977e-05 1.4966416697454637e-19
2.4887742715371624e-05 1.393689937221244e-19
2.4917548395270274e-05 1.4227060564033878e-19
2.4947354075168924e-05 1.4410592151367943e-19
2.4977159755067568e-05 1.379090365331645e-19
2.500696543496622e-05 1.4010991403150497e-19
2.503677111486487e-05 1.3382131283518158e-19
2.5066576794763516e-05 1.335760857606781e-19
2.5096382474662166e-05 1.4058197325329723e-19
2.5126188154560813e-05 1.3032387743803259e-19
2.515599383445946e-05 1.291073218731658e-19
2.518579951435811e-05 1.3408213394548784e-19
2.521560519425676e-05 1.2749916810310163e-19
2.524541087415541e-05 1.288545812946888e-19
2.5275216554054055e-05 1.254740742159311e-19
2.5305022233952705e-05 1.201262377463703e-19
2.5334827913851355e-05 1.2878945312532183e-19
2.5364633593750002e-05 1.2158352963044913e-19
2.5394439273648653e-05 1.1462702125328026e-19
2.54242449535473e-05 1.228691742047034e-19
2.5454050633445947e-05 1.1666420823062752e-19
2.5483856313344597e-05 1.1380125138331802e-19
2.5513661993243247e-05 1.1640178333511283e-19
2.5543467673141898e-05 1.0851389524999902e-19
2.557327335304054e-05 1.1321815932976427e-19
2.5603079032939192e-05 1.1251480159855822e-19
2.5632884712837842e-05 1.0044171612452484e-19
2.566269039273649e-05 1.0796815485736512e-19
2.569249607263514e-05 1.0680436804726013e-19
2.5722301752533786e-05 9.878394642477803e-20
2.5752107432432433e-05 1.0306327936652556e-19
2.5781913112331084e-05 9.552817892145754e-20
2.5811718792229734e-05 9.538636686090075e-20
2.5841524472128384e-05 1.0093769068124756e-19
2.5871330152027028e-05 8.964081398041596e-20
2.590113583192568e-05 8.964266534859865e-20
2.593094151182433e-05 9.483873154869001e-20
2.5960747191722976e-05 8.67473712253245e-20
2.5990552871621626e-05 8.768214420673147e-20
2.6020358551520273e-05 8.437802818277808e-20
2.605016423141892e-05 7.745426392345813e-20
2.607996991131757e-05 8.569256127625902e-20
2.610977559121622e-05 7.80665162202035e-20
2.6139581271114868e-05 7.24549632218817e-20
2.6169386951013515e-05 7.871169776442946e-20
2.6199192630912165e-05 7.039236005833735e-20
2.6228998310810815e-05 7.093039130267654e-20
2.6258803990709462e-05 7.044768014401336e-20
2.6288609670608113e-05 6.324720755315791e-20
2.631841535050676e-05 6.889118421134128e-20
2.6348221030405407e-05 6.48391229648111e-20
2.6378026710304057e-05 5.70679820355008e-20
2.6407832390202707e-05 6.176380974846288e-20
2.6437638070101354e-05 5.816633412555293e-20
2.6467443750000005e-05 5.389642834740956e-20
2.649724942989865e-05 5.63323808699639e-20
2.65270551097973e-05 4.77364816133433e-20
2.655686078969595e-05 4.76128451640541e-20
2.65866664695946e-05 5.267216163691032e-20
2.6616472149493246e-05 4.211150935806336e-20
2.6646277829391897e-05 4.311848242447233e-20
2.6676083509290547e-05 4.435086383372807e-20
2.670588918918919e-05 3.670453055264475e-20
2.673569486908784e-05 4.017907903574476e-20
2.6765500548986488e-05 3.512447688153649e-20
2.679530622888514e-05 3.0517356498730175e-20
2.682511190878379e-05 3.544738366535051e-20
2.685491758868244e-05 2.7912139800138686e-20
2.6884723268581083e-05 2.4538448706650373e-20
2.691452894847973e-05 2.7325210786453946e-20
2.694433462837838e-05 2.0442663040279116e-20
2.697414030827703e-05 2.2568248223174117e-20
2.700394598817568e-05 2.2315757115390237e-20
2.7033751668074328e-05 1.3425475635076334e-20
2.7063557347972978e-05 1.8600574910149807e-20
2.7093363027871622e-05 1.434923677849276e-20
2.7123168707770272e-05 6.797961130895166e-21
2.7152974387668923e-05 1.2658248068629361e-20
2.718278006756757e-05 5.5240418166597965e-21
2.721258574746622e-05 3.3295039146992387e-21
2.724239142736487e-05 6.324286281487647e-21
2.7272197107263514e-05 -3.056579970105448e-21
2.7302002787162164e-05 -7.029604561535993e-22
2.7331808467060815e-05 4.347907714496757e-22
2.736161414695946e-05 -8.17369519342408e-21
2.7391419826858112e-05 -6.1793844444619165e-21
2.7421225506756762e-05 -8.051399364921155e-21
2.7451031186655413e-05 -1.232324073096536e-20
2.7480836866554056e-05 -9.53160654874353e-21
2.7510642546452703e-05 -1.6944878749365952e-20
2.7540448226351354e-05 -1.85480482245273e-20
2.7570253906250004e-05 -1.4689956082603376e-20
2.7600059586148654e-05 -2.428709770815853e-20
2.76298652660473e-05 -2.4162052984197795e-20
2.765967094594595e-05 -2.3092824118337766e-20
2.7689476625844595e-05 -2.86631380557982e-20
2.7719282305743246e-05 -2.6582021520366195e-20
2.7749087985641896e-05 -3.241767196880553e-20
2.7778893665540543e-05 -3.540562170157775e-20
2.7808699345439193e-05 -3.085211251664145e-20
2.7838505025337844e-05 -3.6401189630362445e-20
2.7868310705236487e-05 -4.135830840400601e-20
2.7898116385135138e-05 -4.142252105305681e-20
2.7927922065033785e-05 -4.2792674331127826e-20
2.7957727744932435e-05 -4.3585871310498053e-20
2.7987533424831085e-05 -4.812677315017178e-20
2.8017339104729736e-05 -5.254753873528579e-20
2.8047144784628383e-05 -4.883475776088991e-20
2.807695046452703e-05 -5.134378051340029e-20
2.8106756144425677e-05 -5.729281974621439e-20
2.8136561824324327e-05 -5.548483433142151e-20
2.8166367504222977e-05 -5.96493042141415e-20
2.8196173184121628e-05 -6.053386415824826e-20
2.8225978864020275e-05 -5.976452794919703e-20
2.8255784543918925e-05 -6.890537544990934e-20
2.828559022381757e-05 -6.531514577371243e-20
2.831539590371622e-05 -6.353444067978365e-20
2.834520158361487e-05 -7.449611726759048e-20
2.8375007263513516e-05 -7.345304281046506e-20
2.8404812943412167e-05 -7.378919609057023e-20
2.8434618623310817e-05 -7.57639064043723e-20
2.846442430320946e-05 -7.384425966616567e-20
2.849422998310811e-05 -8.383708651540241e-20
2.8524035663006758e-05 -8.40248970284595e-20
2.8553841342905408e-05 -7.714657305042193e-20
2.858364702280406e-05 -8.626708776248541e-20
2.861345270270271e-05 -8.838333945418135e-20
2.8643258382601356e-05 -8.737435158752858e-20
2.86730640625e-05 -9.233506057623945e-20
2.870286974239865e-05 -8.878953972414155e-20
2.87326754222973e-05 -9.490519491216786e-20
2.876248110219595e-05 -1.0059622652725971e-19
2.8792286782094598e-05 -9.247848643037816e-20
2.8822092461993248e-05 -9.873222652709316e-20
2.885189814189189e-05 -1.0433475588471919e-19
2.8881703821790542e-05 -1.0002509585533429e-19
2.8911509501689192e-05 -1.0427818925477332e-19
2.8941315181587843e-05 -1.032503068419794e-19
2.897112086148649e-05 -1.0599217786365734e-19
2.900092654138514e-05 -1.1614666702776183e-19
2.903073222128379e-05 -1.0857457974089736e-19
2.9060537901182434e-05 -1.0779072716515068e-19
2.9090343581081084e-05 -1.189018616896293e-19
2.912014926097973e-05 -1.1662670982990245e-19
2.914995494087838e-05 -1.1746631760074568e-19
2.9179760620777032e-05 -1.1812468980051199e-19
2.9209566300675682e-05 -1.1728446378477936e-19
2.923937198057433e-05 -1.269562407496641e-19
2.9269177660472973e-05 -1.2356973412319056e-19
2.9298983340371623e-05 -1.1922004635104548e-19
2.9328789020270274e-05 -1.301566233025739e-19
2.9358594700168924e-05 -1.3106471305058019e-19
2.938840038006757e-05 -1.2926596622266604e-19
2.941820605996622e-05 -1.3191804070335297e-19
2.9448011739864865e-05 -1.3012490771854273e-19
2.9477817419763515e-05 -1.3812514467505887e-19
2.9507623099662166e-05 -1.3977959042279471e-19
2.9537428779560813e-05 -1.309153752957055e-19
2.9567234459459463e-05 -1.40271427728174e-19
2.9597040139358113e-05 -1.432817740965707e-19
2.9626845819256764e-05 -1.3899120263885048e-19
2.9656651499155407e-05 -1.4464506877694847e-19
2.9686457179054058e-05 -1.4165696888452666e-19
2.9716262858952705e-05 -1.4778707772536566e-19
2.9746068538851355e-05 -1.5384982011960382e-19
2.9775874218750005e-05 -1.4313016417142482e-19
2.9805679898648656e-05 -1.4969330424555663e-19
2.98354855785473e-05 -1.5815532405131834e-19
2.9865291258445946e-05 -1.5360511246039587e-19
2.9895096938344597e-05 -1.553799767150389e-19
2.9924902618243247e-05 -1.5404779302097554e-19
2.9954708298141897e-05 -1.563338801359678e-19
2.9984513978040544e-05 -1.6488074469635071e-19
3.0014319657939195e-05 -1.5723452832426757e-19
3.004412533783784e-05 -1.5564774796851037e-19
3.007393101773649e-05 -1.6834283971049527e-19
3.010373669763514e-05 -1.6475118198729736e-19
3.0133542377533786e-05 -1.637906640801485e-19
3.0163348057432436e-05 -1.673746001351563e-19
3.0193153737331087e-05 -1.6421825833632951e-19
3.0222959417229737e-05 -1.748366202899984e-19
3.025276509712838e-05 -1.7155558640388596e-19
3.0282570777027028e-05 -1.6309286747487116e-19
3.0312376456925678e-05 -1.779399161081775e-19
3.034218213682433e-05 -1.7646769398961938e-19
3.037198781672298e-05 -1.7033738391364277e-19
3.040179349662163e-05 -1.7682228143513042e-19
3.0431599176520273e-05 -1.7396572755410867e-19
3.046140485641892e-05 -1.807812578419419e-19
3.049121053631757e-05 -1.8367472416541362e-19
3.052101621621622e-05 -1.7252548068498918e-19
3.055082189611487e-05 -1.8232167874832525e-19
3.058062757601352e-05 -1.884162936747435e-19
3.061043325591217e-05 -1.7963408198922962e-19
3.064023893581081e-05 -1.836247340558714e-19
3.067004461570946e-05 -1.8320310223454125e-19
3.069985029560811e-05 -1.8511150568248343e-19
3.072965597550676e-05 -1.9176192670499516e-19
3.075946165540541e-05 -1.8066712274145588e-19
3.078926733530406e-05 -1.84591051080654e-19
3.08190730152027e-05 -1.954821156612884e-19
3.0848878695101354e-05 -1.8635620006862174e-19
3.0878684375e-05 -1.871118658006208e-19
3.0908490054898655e-05 -1.9113105459466585e-19
3.09382957347973e-05 -1.91352230760438e-19
3.096810141469595e-05 -1.9729929072267126e-19
3.09979070945946e-05 -1.882218713762473e-19
3.102771277449324e-05 -1.8532148854431284e-19
3.1057518454391897e-05 -1.9942772067601803e-19
3.1087324134290543e-05 -1.931110632528251e-19
3.111712981418919e-05 -1.8765771052688947e-19
3.1146935494087844e-05 -1.9492579802152344e-19
3.117674117398649e-05 -1.9359020320051867e-19
3.1206546853885145e-05 -1.989661127091742e-19
3.1236352533783785e-05 -1.9581880974012088e-19
3.126615821368243e-05 -1.8630653045165705e-19
3.1295963893581086e-05 -1.9996644136216175e-19
3.132576957347973e-05 -1.9919717027327956e-19
3.1355575253378387e-05 -1.8913288000273513e-19
3.1385380933277034e-05 -1.9602423063358367e-19
3.1415186613175674e-05 -1.934795010610633e-19
3.144499229307433e-05 -1.9740561583141822e-19
3.1474797972972974e-05 -1.9871803487777532e-19
3.150460365287163e-05 -1.8536438950725198e-19
3.1534409332770275e-05 -1.963585705658188e-19
3.156421501266892e-05 -2.0208224681705835e-19
3.1594020692567576e-05 -1.8907537149065262e-19
3.1623826372466216e-05 -1.9273732210940252e-19
3.165363205236487e-05 -1.9455689785180313e-19
3.168343773226352e-05 -1.9470345993122331e-19
3.1713243412162164e-05 -2.001078986770328e-19
3.174304909206082e-05 -1.8914569014243198e-19
3.1772854771959465e-05 -1.8881640537658065e-19
3.180266045185811e-05 -2.0216086548462707e-19
3.183246613175676e-05 -1.912579052282646e-19
3.1862271811655405e-05 -1.8574170816448884e-19
3.189207749155406e-05 -1.9414909143255159e-19
3.1921883171452706e-05 -1.9134767147364504e-19
3.195168885135136e-05 -1.956679570398453e-19
3.198149453125001e-05 -1.901998478499515e-19
3.201130021114865e-05 -1.829432885437417e-19
3.20411058910473e-05 -1.9756602932367818e-19
3.207091157094595e-05 -1.9278545547566784e-19
3.21007172508446e-05 -1.823599219077067e-19
3.213052293074325e-05 -1.8856403253776014e-19
3.2160328610641896e-05 -1.8812277303408116e-19
3.219013429054055e-05 -1.8900977776298005e-19
3.221993997043919e-05 -1.861433244342787e-19
3.224974565033784e-05 -1.7737171225886264e-19
3.227955133023649e-05 -1.877237795800191e-19
3.230935701013514e-05 -1.9041346060472581e-19
3.233916269003379e-05 -1.7664397298007719e-19
3.236896836993244e-05 -1.8116671524071692e-19
3.2398774049831085e-05 -1.8334614306597995e-19
3.242857972972973e-05 -1.8181243442610489e-19
3.245838540962838e-05 -1.8330896695462336e-19
3.248819108952703e-05 -1.7152290490803046e-19
3.251799676942568e-05 -1.7795312557444462e-19
3.2547802449324327e-05 -1.8579596945429226e-19
3.257760812922298e-05 -1.702586443414342e-19
3.260741380912162e-05 -1.7023224448377583e-19
3.2637219489020274e-05 -1.7622389692167644e-19
3.266702516891892e-05 -1.7306649298705698e-19
3.2696830848817575e-05 -1.7447599642833965e-19
3.272663652871622e-05 -1.6691324230174648e-19
3.275644220861487e-05 -1.6520984778824042e-19
3.2786247888513516e-05 -1.7615070193527649e-19
3.281605356841216e-05 -1.6613398459862834e-19
3.284585924831082e-05 -1.5780612993678306e-19
3.2875664928209464e-05 -1.6733978434672223e-19
3.290547060810811e-05 -1.6522605723167885e-19
3.2935276288006764e-05 -1.6202708939704073e-19
3.296508196790541e-05 -1.5918154595931947e-19
3.299488764780406e-05 -1.5174665596879044e-19
3.3024693327702705e-05 -1.6340455607296716e-19
3.305449900760135e-05 -1.6190430547294754e-19
3.3084304687500006e-05 -1.4548072421780372e-19
3.311411036739865e-05 -1.5412656942746018e-19
3.31439160472973e-05 -1.555165792528593e-19
3.3173721727195954e-05 -1.5094505488050423e-19
3.3203527407094594e-05 -1.501917103217127e-19
3.323333308699325e-05 -1.401089888919626e-19
3.3263138766891895e-05 -1.4842584038600993e-19
3.329294444679054e-05 -1.5012496511252403e-19
3.3322750126689195e-05 -1.3476877898172086e-19
3.335255580658784e-05 -1.391674354878663e-19
3.338236148648649e-05 -1.4255632169520602e-19
3.3412167166385136e-05 -1.3711197943792895e-19
3.344197284628379e-05 -1.3636753325466749e-19
3.347177852618244e-05 -1.2945749208458538e-19
3.3501584206081084e-05 -1.3253255728667487e-19
3.353138988597974e-05 -1.3873379139358635e-19
3.3561195565878385e-05 -1.2353040783368554e-19
3.359100124577703e-05 -1.2227989202925413e-19
3.362080692567568e-05 -1.2985605795430799e-19
3.3650612605574326e-05 -1.2220652675004901e-19
3.368041828547298e-05 -1.22036511126087e-19
3.3710223965371626e-05 -1.1710057378052943e-19
3.374002964527027e-05 -1.1316014539622966e-19
3.376983532516893e-05 -1.2361077730007433e-19
3.379964100506757e-05 -1.149729717706349e-19
3.382944668496622e-05 -1.0525279076747146e-19
3.385925236486487e-05 -1.136191006313127e-19
3.3889058044763515e-05 -1.10550152721862e-19
3.391886372466217e-05 -1.0641170447955906e-19
3.3948669404560816e-05 -1.033159344543345e-19
3.397847508445946e-05 -9.642301847379115e-20
3.400828076435811e-05 -1.0428140904357114e-19
3.403808644425676e-05 -1.0195839608922637e-19
3.406789212415541e-05 -8.913273306265355e-20
3.409769780405406e-05 -9.306026795891635e-20
3.412750348395271e-05 -9.543405364906928e-20
3.415730916385136e-05 -9.105572197359175e-20
3.4187114843750005e-05 -8.702286675006986e-20
3.421692052364865e-05 -8.050470135710072e-20
3.42467262035473e-05 -8.61138427118819e-20
3.427653188344595e-05 -8.787125220295075e-20
3.43063375633446e-05 -7.232955799930487e-20
3.433614324324325e-05 -7.443194185694851e-20
3.4365948923141894e-05 -7.96193230697327e-20
3.439575460304054e-05 -7.120520366319726e-20
3.4425560282939194e-05 -7.06708592860056e-20
3.445536596283784e-05 -6.417709054640332e-20
3.448517164273649e-05 -6.441525074549229e-20
3.451497732263514e-05 -7.160847448637878e-20
3.454478300253379e-05 -5.688315045079393e-20
3.4574588682432436e-05 -5.3666620996872454e-20
3.460439436233108e-05 -6.274553936638771e-20
3.463420004222973e-05 -5.628522789284686e-20
3.4664005722128384e-05 -5.275139183482574e-20
3.469381140202703e-05 -4.7629425321976506e-20
3.4723617081925685e-05 -4.3274090702927525e-20
3.475342276182433e-05 -5.11212235716052e-20
3.478322844172297e-05 -4.253051707408056e-20
3.4813034121621625e-05 -3.263171802833445e-20
3.484283980152027e-05 -4.1708547459815656e-20
3.4872645481418926e-05 -3.7665287101871704e-20
3.490245116131757e-05 -3.187548734182263e-20
3.493225684121622e-05 -3.057144567953695e-20
3.496206252111487e-05 -2.3160035730720788e-20
3.4991868201013514e-05 -3.0407651017249236e-20
3.502167388091217e-05 -2.839938713545736e-20
3.5051479560810815e-05 -1.3996439788522862e-20
3.508128524070946e-05 -1.8871768984619405e-20
3.5111090920608116e-05 -1.9770774818040405e-20
3.514089660050676e-05 -1.2313764307901238e-20
3.517070228040541e-05 -9.45250285210252e-21
3.5200507960304056e-05 -4.5979379853239726e-21
3.5230313640202703e-05 -7.965952936440725e-21
