0.0 -7.683692632890769e-20
2.9795901865369016e-08 -7.456407338555476e-20
5.959180373073803e-08 -8.341280640014637e-20
8.938770559610704e-08 -9.080609558576036e-20
1.1918360746147606e-07 -9.239196228599075e-20
1.4897950932684507e-07 -7.760736620784029e-20
1.7877541119221408e-07 -8.485771770176365e-20
2.085713130575831e-07 -1.0636617809188347e-19
2.3836721492295213e-07 -9.556857552765658e-20
2.6816311678832114e-07 -8.599190178740073e-20
2.9795901865369015e-07 -9.806309208112595e-20
3.2775492051905916e-07 -1.0497254682076342e-19
3.5755082238442817e-07 -1.0809063343192101e-19
3.873467242497972e-07 -9.697031278497456e-20
4.171426261151662e-07 -9.453063871723153e-20
4.469385279805352e-07 -1.1820836997834339e-19
4.7673442984590426e-07 -1.145520419138904e-19
5.065303317112733e-07 -9.975857968220261e-20
5.363262335766423e-07 -1.0825654496158515e-19
5.661221354420112e-07 -1.182911169875349e-19
5.959180373073803e-07 -1.2274171610957345e-19
6.257139391727494e-07 -1.1447024798637684e-19
6.555098410381183e-07 -1.095617515303052e-19
6.853057429034873e-07 -1.2813516529526826e-19
7.151016447688563e-07 -1.3331528160118805e-19
7.448975466342254e-07 -1.158789325401145e-19
7.746934484995944e-07 -1.1735127914643908e-19
8.044893503649633e-07 -1.314540023165508e-19
8.342852522303324e-07 -1.3631048916280162e-19
8.640811540957014e-07 -1.3042253304210458e-19
8.938770559610704e-07 -1.1942615521321753e-19
9.236729578264395e-07 -1.349025505994635e-19
9.534688596918085e-07 -1.4987860693359258e-19
9.832647615571776e-07 -1.3205493065433476e-19
1.0130606634225466e-06 -1.301746380914782e-19
1.0428565652879155e-06 -1.4343268437744298e-19
1.0726524671532846e-06 -1.4828481100405824e-19
1.1024483690186536e-06 -1.48198428811449e-19
1.1322442708840225e-06 -1.350915545674219e-19
1.1620401727493915e-06 -1.4273742755255011e-19
1.1918360746147606e-06 -1.6277386505214292e-19
1.2216319764801297e-06 -1.4958681873367634e-19
1.2514278783454987e-06 -1.4012087848451186e-19
1.2812237802108676e-06 -1.5356404344528674e-19
1.3110196820762366e-06 -1.6174163192882056e-19
1.3408155839416057e-06 -1.6114249398143903e-19
1.3706114858069745e-06 -1.5032079060032348e-19
1.4004073876723436e-06 -1.5161938307936211e-19
1.4302032895377127e-06 -1.7333666513409837e-19
1.4599991914030817e-06 -1.6674628826504178e-19
1.4897950932684508e-06 -1.5181484974239366e-19
1.5195909951338196e-06 -1.6473084911266e-19
1.5493868969991887e-06 -1.731834590706919e-19
1.5791827988645578e-06 -1.7328771339124178e-19
1.6089787007299266e-06 -1.6551260129297827e-19
1.6387746025952957e-06 -1.6131552482346053e-19
1.6685705044606647e-06 -1.810249394266572e-19
1.6983664063260338e-06 -1.8291551079739938e-19
1.7281623081914029e-06 -1.6687899569947848e-19
1.757958210056772e-06 -1.7269547802627194e-19
1.7877541119221408e-06 -1.8462293452150484e-19
1.8175500137875098e-06 -1.8788469978868453e-19
1.847345915652879e-06 -1.8102074321906803e-19
1.877141817518248e-06 -1.7201284122357e-19
1.906937719383617e-06 -1.8846481234817907e-19
1.936733621248986e-06 -1.9942936266029489e-19
1.966529523114355e-06 -1.8132370624835518e-19
1.9963254249797242e-06 -1.8114677843966485e-19
2.0261213268450933e-06 -1.9548577567026168e-19
2.055917228710462e-06 -1.9970644551140302e-19
2.085713130575831e-06 -1.9495930989866874e-19
2.1155090324412e-06 -1.8530839899229563e-19
2.145304934306569e-06 -1.9671932662387934e-19
2.175100836171938e-06 -2.125295648184209e-19
2.2048967380373072e-06 -1.9875088058926027e-19
2.2346926399026763e-06 -1.9052462700861398e-19
2.264488541768045e-06 -2.053319215475666e-19
2.294284443633414e-06 -2.10629763116887e-19
2.324080345498783e-06 -2.0727618358071674e-19
2.353876247364152e-06 -2.0008152523097366e-19
2.383672149229521e-06 -2.013846499961454e-19
2.4134680510948902e-06 -2.233264231999467e-19
2.4432639529602593e-06 -2.168624491499736e-19
2.4730598548256284e-06 -1.9845373509633542e-19
2.5028557566909974e-06 -2.155212971137159e-19
2.532651658556366e-06 -2.24626568654269e-19
2.562447560421735e-06 -2.1895780284627398e-19
2.592243462287104e-06 -2.153692226801815e-19
2.6220393641524733e-06 -2.1271736876420725e-19
2.6518352660178423e-06 -2.2935426066055457e-19
2.6816311678832114e-06 -2.3059829657391893e-19
2.7114270697485804e-06 -2.1221152977250825e-19
2.741222971613949e-06 -2.212675229143934e-19
2.771018873479318e-06 -2.346832564993748e-19
2.800814775344687e-06 -2.3159083953870807e-19
2.8306106772100563e-06 -2.2636523625990947e-19
2.8604065790754253e-06 -2.235620662336523e-19
2.8902024809407944e-06 -2.3490150569294336e-19
2.9199983828061635e-06 -2.4437302830147463e-19
2.9497942846715325e-06 -2.2779328694660135e-19
2.9795901865369016e-06 -2.2684348101292827e-19
3.0093860884022702e-06 -2.453937667644971e-19
3.0391819902676393e-06 -2.41241096091774e-19
3.0689778921330083e-06 -2.3637405224651976e-19
3.0987737939983774e-06 -2.348311427175515e-19
3.1285696958637465e-06 -2.3880688115519265e-19
3.1583655977291155e-06 -2.538238608327673e-19
3.1881614995944846e-06 -2.4201174418646913e-19
3.2179574014598532e-06 -2.3389932007246063e-19
3.2477533033252227e-06 -2.496082037300635e-19
3.2775492051905914e-06 -2.509867002656913e-19
3.307345107055961e-06 -2.4669419430637557e-19
3.3371410089213295e-06 -2.4292037261258445e-19
3.3669369107866985e-06 -2.4428469724130646e-19
3.3967328126520676e-06 -2.589621422840561e-19
3.4265287145174367e-06 -2.5386209918240383e-19
3.4563246163828057e-06 -2.3797999065586356e-19
3.4861205182481748e-06 -2.5220480123536436e-19
3.515916420113544e-06 -2.628753823175206e-19
3.545712321978913e-06 -2.5157946370372254e-19
3.5755082238442816e-06 -2.5045333497267726e-19
3.605304125709651e-06 -2.5118315671328124e-19
3.6351000275750197e-06 -2.6070825739131676e-19
3.664895929440389e-06 -2.6475578892907163e-19
3.694691831305758e-06 -2.453200018684124e-19
3.7244877331711273e-06 -2.538366019654603e-19
3.754283635036496e-06 -2.6781387783139445e-19
3.7840795369018654e-06 -2.586345867631486e-19
3.813875438767234e-06 -2.5617669029219855e-19
3.843671340632602e-06 -2.54488214281537e-19
3.873467242497972e-06 -2.627539725124847e-19
3.90326314436334e-06 -2.70521666338694e-19
3.93305904622871e-06 -2.544294491003554e-19
3.9628549480940785e-06 -2.5358208955043587e-19
3.9926508499594484e-06 -2.700607933580029e-19
4.022446751824817e-06 -2.672887376758309e-19
4.0522426536901865e-06 -2.5912479191831166e-19
4.082038555555555e-06 -2.5906890043930565e-19
4.111834457420924e-06 -2.6231308757041183e-19
4.141630359286293e-06 -2.7069780175479473e-19
4.171426261151662e-06 -2.6360818762334116e-19
4.201222163017031e-06 -2.537224109370825e-19
4.2310180648824e-06 -2.6866587889870776e-19
4.260813966747769e-06 -2.712961521388769e-19
4.290609868613138e-06 -2.5997137455062587e-19
4.320405770478507e-06 -2.614726875470322e-19
4.350201672343876e-06 -2.645472646321673e-19
4.379997574209245e-06 -2.7113729430348367e-19
4.4097934760746145e-06 -2.7002686520212567e-19
4.4395893779399835e-06 -2.572951336755007e-19
4.4693852798053526e-06 -2.651281881577794e-19
4.499181181670721e-06 -2.7315940328335476e-19
4.52897708353609e-06 -2.640283032970337e-19
4.558772985401459e-06 -2.6345605409458143e-19
4.588568887266828e-06 -2.6360581814170593e-19
4.618364789132197e-06 -2.693417451171629e-19
4.648160690997566e-06 -2.736546544371418e-19
4.677956592862935e-06 -2.603541899299404e-19
4.707752494728304e-06 -2.6375155778509845e-19
4.737548396593673e-06 -2.7490112025981634e-19
4.767344298459042e-06 -2.687970069818583e-19
4.797140200324411e-06 -2.647142679158227e-19
4.8269361021897805e-06 -2.646046072233918e-19
4.8567320040551495e-06 -2.686549348870864e-19
4.886527905920519e-06 -2.743193477294587e-19
4.916323807785888e-06 -2.6372680115653523e-19
4.946119709651257e-06 -2.594193707866224e-19
4.975915611516626e-06 -2.7327068631340566e-19
5.005711513381995e-06 -2.714165607727046e-19
5.035507415247364e-06 -2.62858087515178e-19
5.065303317112732e-06 -2.6518556365554743e-19
5.095099218978102e-06 -2.685906955654251e-19
5.12489512084347e-06 -2.740600429492862e-19
5.15469102270884e-06 -2.6745374574107745e-19
5.184486924574208e-06 -2.581693080810117e-19
5.214282826439578e-06 -2.7003163872575207e-19
5.2440787283049465e-06 -2.730213875696246e-19
5.2738746301703156e-06 -2.625875504528242e-19
5.303670532035685e-06 -2.63224812382846e-19
5.333466433901054e-06 -2.6512574506897274e-19
5.363262335766423e-06 -2.7060736526425994e-19
5.393058237631792e-06 -2.6924006622834265e-19
5.422854139497161e-06 -2.573442091542338e-19
5.45265004136253e-06 -2.656617172314222e-19
5.482445943227898e-06 -2.7262037687977977e-19
5.512241845093268e-06 -2.6334037023164837e-19
5.542037746958636e-06 -2.6079855207529815e-19
5.571833648824006e-06 -2.625097854109317e-19
5.601629550689374e-06 -2.6699445592527498e-19
5.631425452554744e-06 -2.679685223691012e-19
5.6612213544201125e-06 -2.5693763092248773e-19
5.6910172562854824e-06 -2.5825602654503976e-19
5.720813158150851e-06 -2.673035812360442e-19
5.75060906001622e-06 -2.617646165375492e-19
5.780404961881589e-06 -2.5988745044957217e-19
5.810200863746958e-06 -2.588598595396273e-19
5.839996765612327e-06 -2.5895209663943583e-19
5.869792667477696e-06 -2.6718455454174897e-19
5.899588569343065e-06 -2.582624463930346e-19
5.929384471208434e-06 -2.5105736177138845e-19
5.959180373073803e-06 -2.6142632540313973e-19
5.988976274939172e-06 -2.600330548960921e-19
6.0187721768045404e-06 -2.5399223649873207e-19
6.04856807866991e-06 -2.5296811772119664e-19
6.0783639805352786e-06 -2.5262671760572515e-19
6.1081598824006485e-06 -2.590429652875167e-19
6.137955784266017e-06 -2.5421166960584037e-19
6.167751686131387e-06 -2.4458564566549497e-19
6.197547587996755e-06 -2.529688446269015e-19
6.227343489862124e-06 -2.551318772977432e-19
6.257139391727493e-06 -2.4850110693907993e-19
6.286935293592862e-06 -2.4684805406346604e-19
6.316731195458231e-06 -2.4335296419811526e-19
6.346527097323601e-06 -2.4939546162553803e-19
6.376322999188969e-06 -2.499625260743268e-19
6.406118901054338e-06 -2.362162503158086e-19
6.4359148029197065e-06 -2.405593805227061e-19
6.4657107047850755e-06 -2.49016564197448e-19
6.4955066066504454e-06 -2.4217617626047485e-19
6.5253025085158145e-06 -2.373164197659085e-19
6.555098410381183e-06 -2.3533390878527533e-19
6.584894312246552e-06 -2.388913665217917e-19
6.614690214111922e-06 -2.439373225632029e-19
6.644486115977291e-06 -2.3162948166418457e-19
6.674282017842659e-06 -2.2828172387551895e-19
6.704077919708028e-06 -2.386088242345725e-19
6.733873821573397e-06 -2.321548014924348e-19
6.763669723438767e-06 -2.2597865621811687e-19
6.793465625304135e-06 -2.2569653814132376e-19
6.823261527169504e-06 -2.2581108289378107e-19
6.853057429034873e-06 -2.3118499317375377e-19
6.882853330900243e-06 -2.225712841853127e-19
6.9126492327656115e-06 -2.141840687035465e-19
6.9424451346309805e-06 -2.2507906490692683e-19
6.9722410364963496e-06 -2.2397737446117516e-19
7.002036938361718e-06 -2.1430039970116862e-19
7.031832840227088e-06 -2.1360915322618512e-19
7.061628742092457e-06 -2.1059803904365754e-19
7.091424643957826e-06 -2.168945009004799e-19
7.121220545823194e-06 -2.1272916228169438e-19
7.151016447688563e-06 -1.971806161325892e-19
7.180812349553933e-06 -2.0807150436075876e-19
7.210608251419302e-06 -2.105259188014588e-19
7.24040415328467e-06 -1.9922876161235302e-19
7.270200055150039e-06 -1.9972180370445735e-19
7.299995957015409e-06 -1.9555633811336042e-19
7.329791858880778e-06 -1.9903082375944758e-19
7.3595877607461465e-06 -2.010215867691661e-19
7.389383662611516e-06 -1.8388115957961283e-19
7.419179564476884e-06 -1.8586523983431787e-19
7.4489754663422546e-06 -1.9635082267918184e-19
7.478771368207623e-06 -1.8524894743893089e-19
7.508567270072992e-06 -1.791574407522544e-19
7.53836317193836e-06 -1.7829457341425203e-19
7.568159073803731e-06 -1.7785933786342882e-19
7.597954975669099e-06 -1.8273140362291706e-19
7.627750877534468e-06 -1.7054666628926437e-19
7.657546779399836e-06 -1.6370653848903596e-19
7.687342681265205e-06 -1.7633103286321438e-19
7.717138583130576e-06 -1.704803167610883e-19
7.746934484995944e-06 -1.5926955094252096e-19
7.776730386861313e-06 -1.5841006474449983e-19
7.80652628872668e-06 -1.573686372742487e-19
7.836322190592052e-06 -1.6306166603909172e-19
7.86611809245742e-06 -1.5399136853754104e-19
7.895913994322789e-06 -1.4027588386330755e-19
7.925709896188157e-06 -1.533561650117617e-19
7.955505798053527e-06 -1.5312664405083282e-19
7.985301699918897e-06 -1.3790825180081113e-19
8.015097601784265e-06 -1.3867648738945026e-19
8.044893503649633e-06 -1.3663250456120366e-19
8.074689405515003e-06 -1.3913240944105382e-19
8.104485307380373e-06 -1.375876261169561e-19
8.134281209245741e-06 -1.1914201271156332e-19
8.16407711111111e-06 -1.2620991652439532e-19
8.19387301297648e-06 -1.3417729745253777e-19
8.223668914841848e-06 -1.1595319040062302e-19
8.253464816707218e-06 -1.134816763264716e-19
8.283260718572586e-06 -1.1566661764708726e-19
8.313056620437956e-06 -1.1366650366541e-19
8.342852522303324e-06 -1.1606532738049926e-19
8.372648424168692e-06 -9.95401059829211e-20
8.402444326034062e-06 -9.880123244196754e-20
8.432240227899432e-06 -1.123336421373359e-19
8.4620361297648e-06 -9.739572623294134e-20
8.491832031630168e-06 -8.943333276449065e-20
8.521627933495538e-06 -9.118273882129689e-20
8.551423835360908e-06 -8.994436766731083e-20
8.581219737226276e-06 -9.299108293275947e-20
8.611015639091645e-06 -7.944612711312675e-20
8.640811540957015e-06 -7.186614611928041e-20
8.670607442822384e-06 -8.55531577315504e-20
8.700403344687753e-06 -7.979794773201174e-20
8.730199246553121e-06 -6.501178411240929e-20
8.75999514841849e-06 -6.653909524467845e-20
8.78979105028386e-06 -6.778022896088082e-20
8.819586952149229e-06 -6.900837950074432e-20
8.849382854014597e-06 -5.95417110244442e-20
8.879178755879967e-06 -4.6026331226663966e-20
8.908974657745335e-06 -5.828456899954986e-20
8.938770559610705e-06 -5.988746779996497e-20
8.968566461476073e-06 -4.072348876391848e-20
8.998362363341442e-06 -3.7721787832289194e-20
9.028158265206811e-06 -4.1325807972176684e-20
9.05795416707218e-06 -4.294273291333621e-20
9.08775006893755e-06 -3.786424575088346e-20
9.117545970802918e-06 -2.333847400554412e-20
9.147341872668288e-06 -2.848868023720906e-20
9.177137774533656e-06 -3.6137553789743843e-20
9.206933676399026e-06 -1.923426673515549e-20
9.236729578264394e-06 -1.2358501341634808e-20
9.266525480129764e-06 -1.700455965027011e-20
9.296321381995132e-06 -1.5517600066836375e-20
9.3261172838605e-06 -1.2894426643001991e-20
9.35591318572587e-06 1.130190810516235e-21
9.38570908759124e-06 3.3861635921881655e-21
9.415504989456608e-06 -1.0396066657825817e-20
9.445300891321977e-06 1.781224686202131e-21
9.475096793187347e-06 1.5930451898112576e-20
9.504892695052716e-06 9.537875576752972e-21
9.534688596918085e-06 9.022773180323824e-21
9.564484498783453e-06 1.4105065944149313e-20
9.594280400648823e-06 2.4331188267245572e-20
9.624076302514193e-06 3.0782650965916155e-20
9.653872204379561e-06 2.0414960970144004e-20
9.68366810624493e-06 2.569677428793208e-20
9.713464008110299e-06 4.351011371450141e-20
9.743259909975669e-06 4.111988254222018e-20
9.773055811841037e-06 3.74562539424739e-20
9.802851713706405e-06 4.165524537440528e-20
9.832647615571775e-06 4.9078027788854686e-20
9.862443517437144e-06 5.973385563066989e-20
9.892239419302513e-06 5.1985834151829814e-20
9.922035321167882e-06 4.8474692222250053e-20
9.951831223033252e-06 6.865269750256098e-20
9.98162712489862e-06 7.138871042317179e-20
1.001142302676399e-05 6.519991384499432e-20
1.0041218928629358e-05 7.000634059066042e-20
1.0071014830494728e-05 7.601037632655713e-20
1.0100810732360096e-05 8.858049893314605e-20
1.0130606634225464e-05 8.622259008001449e-20
1.0160402536090834e-05 7.750055242194778e-20
1.0190198437956204e-05 9.341299149017033e-20
1.0219994339821572e-05 1.0220630496744222e-19
1.024979024168694e-05 9.488907428895215e-20
1.0279586143552309e-05 9.604638695697601e-20
1.030938204541768e-05 1.043164355533473e-19
1.0339177947283049e-05 1.1617335433320195e-19
1.0368973849148417e-05 1.1634141859376444e-19
1.0398769751013785e-05 1.070205885666496e-19
1.0428565652879157e-05 1.1955509399583113e-19
1.0458361554744525e-05 1.3375860713217034e-19
1.0488157456609893e-05 1.2772160465481663e-19
1.0517953358475261e-05 1.25721443072722e-19
1.0547749260340631e-05 1.3171503533632897e-19
1.0577545162206001e-05 1.4302204613720645e-19
1.060734106407137e-05 1.4750984041399823e-19
1.0637136965936737e-05 1.3726042672266054e-19
1.0666932867802107e-05 1.4369682141589736e-19
1.0696728769667477e-05 1.6117710001907236e-19
1.0726524671532846e-05 1.5886352379528962e-19
1.0756320573398214e-05 1.5447643062995487e-19
1.0786116475263584e-05 1.6194435144418837e-19
1.0815912377128952e-05 1.688592077166915e-19
1.0845708278994322e-05 1.7610655862944905e-19
1.087550418085969e-05 1.7197011352229574e-19
1.090530008272506e-05 1.6931848898590438e-19
1.0935095984590428e-05 1.8784811071233326e-19
1.0964891886455796e-05 1.8903321442060116e-19
1.0994687788321166e-05 1.8015802694207885e-19
1.1024483690186536e-05 1.8903988740466963e-19
1.1054279592051904e-05 1.9565170064395196e-19
1.1084075493917273e-05 2.030292717008093e-19
1.1113871395782642e-05 2.030118065228558e-19
1.1143667297648012e-05 1.9499116794949055e-19
1.117346319951338e-05 2.1089141797484036e-19
1.1203259101378749e-05 2.2106032228983205e-19
1.1233055003244119e-05 2.10602251911054e-19
1.1262850905109489e-05 2.1456799428403962e-19
1.1292646806974857e-05 2.223511733003301e-19
1.1322442708840225e-05 2.2815695334245185e-19
1.1352238610705595e-05 2.3081514883179103e-19
1.1382034512570965e-05 2.2212825896966317e-19
1.1411830414436333e-05 2.333814430898828e-19
1.1441626316301701e-05 2.4759403924083815e-19
1.1471422218167071e-05 2.385267058882459e-19
1.150121812003244e-05 2.3970421019869124e-19
1.153101402189781e-05 2.4703801945131297e-19
1.1560809923763178e-05 2.527173682881141e-19
1.1590605825628547e-05 2.5936338012360363e-19
1.1620401727493916e-05 2.503954739537091e-19
1.1650197629359286e-05 2.5353245526902116e-19
1.1679993531224654e-05 2.7103581387481136e-19
1.1709789433090024e-05 2.665892835234803e-19
1.1739585334955392e-05 2.61302779533054e-19
1.176938123682076e-05 2.6943965208128427e-19
1.179917713868613e-05 2.7542731600848767e-19
1.18289730405515e-05 2.8138455234400477e-19
1.1858768942416868e-05 2.770776641262841e-19
1.1888564844282236e-05 2.7400454889738857e-19
1.1918360746147606e-05 2.9045504126159718e-19
1.1948156648012976e-05 2.926790474808763e-19
1.1977952549878344e-05 2.837666366957271e-19
1.2007748451743713e-05 2.8968480382456535e-19
1.2037544353609081e-05 2.956826846864278e-19
1.2067340255474452e-05 3.021914017120678e-19
1.209713615733982e-05 2.986140823507516e-19
1.2126932059205189e-05 2.9220716962436367e-19
1.2156727961070557e-05 3.081533276120477e-19
1.2186523862935927e-05 3.1339705168282413e-19
1.2216319764801297e-05 3.047960010288618e-19
1.2246115666666665e-05 3.0800087247420477e-19
1.2275911568532033e-05 3.1505063197172055e-19
1.2305707470397403e-05 3.2011694921514835e-19
1.2335503372262773e-05 3.1960968749925217e-19
1.2365299274128141e-05 3.132424546890128e-19
1.239509517599351e-05 3.2027513006143316e-19
1.242489107785888e-05 3.3199376734112047e-19
1.2454686979724248e-05 3.2368695594589707e-19
1.2484482881589618e-05 3.2233133566962275e-19
1.2514278783454986e-05 3.3108810776914673e-19
1.2544074685320356e-05 3.320443421923738e-19
1.2573870587185724e-05 3.3680509349854036e-19
1.2603666489051094e-05 3.3189713071947455e-19
1.2633462390916462e-05 3.3030475080071816e-19
1.2663258292781832e-05 3.4457621009947933e-19
1.2693054194647202e-05 3.4044135765104097e-19
1.272285009651257e-05 3.342799205375541e-19
1.2752645998377938e-05 3.4236353166123693e-19
1.2782441900243308e-05 3.448765474753861e-19
1.2812237802108676e-05 3.482382247365538e-19
1.2842033703974045e-05 3.449042867221163e-19
1.2871829605839413e-05 3.399634310576541e-19
1.2901625507704783e-05 3.5401774817367405e-19
1.2931421409570151e-05 3.565302680395182e-19
1.2961217311435523e-05 3.4525449436277847e-19
1.2991013213300891e-05 3.5015731605428013e-19
1.302080911516626e-05 3.565255501231583e-19
1.3050605017031629e-05 3.5754268504926063e-19
1.3080400918896997e-05 3.5680333558007855e-19
1.3110196820762365e-05 3.502310005126946e-19
1.3139992722627735e-05 3.5730351791143684e-19
1.3169788624493104e-05 3.6656447013328464e-19
1.3199584526358472e-05 3.566143054380266e-19
1.3229380428223843e-05 3.5563567137353695e-19
1.3259176330089213e-05 3.6429799189599877e-19
1.3288972231954581e-05 3.6294288008177895e-19
1.331876813381995e-05 3.6493672464242048e-19
1.3348564035685318e-05 3.606106882637225e-19
1.3378359937550688e-05 3.6043490799542354e-19
1.3408155839416056e-05 3.7454040571461683e-19
1.3437951741281424e-05 3.6585443825310694e-19
1.3467747643146794e-05 3.590680226907805e-19
1.3497543545012166e-05 3.689844342790929e-19
1.3527339446877534e-05 3.6964945707714845e-19
1.3557135348742902e-05 3.7077087769070575e-19
1.358693125060827e-05 3.6482891571013777e-19
1.361672715247364e-05 3.628391882172236e-19
1.3646523054339009e-05 3.7652648758205313e-19
1.3676318956204377e-05 3.7217417458311596e-19
1.3706114858069747e-05 3.6310732564919388e-19
1.3735910759935115e-05 3.7061463016344275e-19
1.3765706661800486e-05 3.7256176235713595e-19
1.3795502563665855e-05 3.7189212933690377e-19
1.3825298465531223e-05 3.7091388919514085e-19
1.3855094367396593e-05 3.641542856372245e-19
1.3884890269261961e-05 3.7206228738474573e-19
1.391468617112733e-05 3.773770200737886e-19
1.3944482072992699e-05 3.637672800818612e-19
1.3974277974858067e-05 3.661450983386482e-19
1.4004073876723436e-05 3.7353511758098888e-19
1.4033869778588807e-05 3.7190582910424225e-19
1.4063665680454175e-05 3.7319429198238046e-19
1.4093461582319545e-05 3.637284094762995e-19
1.4123257484184914e-05 3.689584399899944e-19
1.4153053386050282e-05 3.789553740426626e-19
1.4182849287915652e-05 3.6542717595686503e-19
1.421264518978102e-05 3.6389670668710285e-19
1.4242441091646388e-05 3.693533684849068e-19
1.4272236993511756e-05 3.6966319181713664e-19
1.4302032895377126e-05 3.698811104075767e-19
1.4331828797242498e-05 3.6115746042541594e-19
1.4361624699107866e-05 3.6149347776904136e-19
1.4391420600973234e-05 3.735375326416137e-19
1.4421216502838604e-05 3.669365614204612e-19
1.4451012404703972e-05 3.557119927623404e-19
1.448080830656934e-05 3.628815070593068e-19
1.4510604208434709e-05 3.6651306772292933e-19
1.4540400110300079e-05 3.641566204917745e-19
1.4570196012165447e-05 3.572998463683603e-19
1.4599991914030819e-05 3.521316980264819e-19
1.4629787815896187e-05 3.6348861313373615e-19
1.4659583717761557e-05 3.6064465875960304e-19
1.4689379619626925e-05 3.4859919790988644e-19
1.4719175521492293e-05 3.5219139231772196e-19
1.4748971423357661e-05 3.5523584852817184e-19
1.4778767325223031e-05 3.548375758539728e-19
1.48085632270884e-05 3.481222601991023e-19
1.4838359128953768e-05 3.421781952830727e-19
1.486815503081914e-05 3.5034192141507965e-19
1.4897950932684509e-05 3.5108785355906095e-19
1.4927746834549877e-05 3.385977080326968e-19
1.4957542736415246e-05 3.367577119847118e-19
1.4987338638280614e-05 3.42858605572937e-19
1.5017134540145984e-05 3.403827917359513e-19
1.5046930442011352e-05 3.3530022198583314e-19
1.507672634387672e-05 3.280480956244287e-19
1.510652224574209e-05 3.307611929242747e-19
1.5136318147607462e-05 3.3908417606505655e-19
1.516611404947283e-05 3.254240419658846e-19
1.5195909951338198e-05 3.2007348438924197e-19
1.5225705853203566e-05 3.265931507003752e-19
1.5255501755068936e-05 3.2364726848427086e-19
1.5285297656934304e-05 3.209628847032164e-19
1.5315093558799673e-05 3.11087369440914e-19
1.534488946066504e-05 3.101275477634896e-19
1.537468536253041e-05 3.203591528200279e-19
1.540448126439578e-05 3.104911681835265e-19
1.5434277166261152e-05 2.975522894002686e-19
1.546407306812652e-05 3.035083218400988e-19
1.549386896999189e-05 3.067062903186133e-19
1.5523664871857257e-05 2.9994944079088915e-19
1.5553460773722625e-05 2.9305941578683014e-19
1.5583256675587993e-05 2.882253712824772e-19
1.561305257745336e-05 2.94996116532232e-19
1.5642848479318733e-05 2.9392971426381945e-19
1.5672644381184105e-05 2.764846071514019e-19
1.5702440283049473e-05 2.781234973350366e-19
1.573223618491484e-05 2.8471467730027913e-19
1.576203208678021e-05 2.770066553000496e-19
1.5791827988645578e-05 2.700196292403735e-19
1.5821623890510946e-05 2.638365237424588e-19
1.5851419792376314e-05 2.692105723246841e-19
1.5881215694241686e-05 2.711629046063286e-19
1.5911011596107054e-05 2.526968647166499e-19
1.5940807497972425e-05 2.5157998477273183e-19
1.5970603399837794e-05 2.5921357173932305e-19
1.6000399301703162e-05 2.5198086954911986e-19
1.603019520356853e-05 2.4710532022470127e-19
1.60599911054339e-05 2.3728010170550683e-19
1.6089787007299267e-05 2.37506374493402e-19
1.6119582909164638e-05 2.4571272503259343e-19
1.6149378811030006e-05 2.2958209751753525e-19
1.6179174712895375e-05 2.2112178745226333e-19
1.6208970614760746e-05 2.2896624551412196e-19
1.6238766516626114e-05 2.2607229521139136e-19
1.6268562418491483e-05 2.1888439614023077e-19
1.629835832035685e-05 2.1067431418683103e-19
1.632815422222222e-05 2.0849405959349479e-19
1.635795012408759e-05 2.1519633344201712e-19
1.638774602595296e-05 2.0572001901487022e-19
1.6417541927818327e-05 1.9155272075654834e-19
1.6447337829683695e-05 1.9747351106821806e-19
1.6477133731549064e-05 1.9930802180862753e-19
1.6506929633414435e-05 1.894155542261678e-19
1.6536725535279803e-05 1.812519032031729e-19
1.656652143714517e-05 1.7737818359285892e-19
1.6596317339010543e-05 1.8332842769689337e-19
1.662611324087591e-05 1.7843119001184778e-19
1.665590914274128e-05 1.6186624190529862e-19
1.6685705044606648e-05 1.6535452063928992e-19
1.6715500946472016e-05 1.6887370366860957e-19
1.6745296848337384e-05 1.5882124314854426e-19
1.6775092750202756e-05 1.5161910051853913e-19
1.6804888652068124e-05 1.4620943304076091e-19
1.6834684553933496e-05 1.500062540917774e-19
1.6864480455798864e-05 1.4905698883049604e-19
1.6894276357664232e-05 1.3216072410607485e-19
1.69240722595296e-05 1.293593510739359e-19
1.695386816139497e-05 1.375030012708683e-19
1.6983664063260337e-05 1.3146799498193941e-19
1.7013459965125705e-05 1.1980607222656565e-19
1.7043255866991077e-05 1.1396774610512753e-19
1.7073051768856448e-05 1.1729236252304438e-19
1.7102847670721816e-05 1.1994707001689745e-19
1.7132643572587185e-05 1.0311002954390957e-19
1.7162439474452553e-05 9.466603401629262e-20
1.719223537631792e-05 1.0461816754778472e-19
1.722203127818329e-05 9.808421529948241e-20
1.7251827180048657e-05 8.889448513263326e-20
1.728162308191403e-05 8.334108582748338e-20
1.7311418983779397e-05 8.072415134770129e-20
1.734121488564477e-05 8.85131780477305e-20
1.7371010787510137e-05 7.470770281582299e-20
1.7400806689375505e-05 6.16417753973179e-20
1.7430602591240874e-05 7.135764017904789e-20
1.7460398493106242e-05 6.848529886180363e-20
1.749019439497161e-05 5.727225036876434e-20
1.751999029683698e-05 5.0300205115430776e-20
1.754978619870235e-05 4.8339967533465065e-20
1.757958210056772e-05 5.353930560406144e-20
1.760937800243309e-05 4.603982859713212e-20
1.7639173904298458e-05 2.9008877055385003e-20
1.7668969806163826e-05 3.34715151474563e-20
1.7698765708029194e-05 3.929976500484421e-20
1.7728561609894562e-05 2.730678867802067e-20
1.7758357511759934e-05 2.083694074058607e-20
1.7788153413625302e-05 1.6630767072836695e-20
1.781794931549067e-05 1.9038346866894713e-20
1.7847745217356042e-05 1.855147166796904e-20
1.787754111922141e-05 -5.936851288114278e-22
1.790733702108678e-05 -1.1672392203970374e-21
1.7937132922952147e-05 7.34869636191742e-21
1.7966928824817515e-05 -3.0180608324000896e-21
1.7996724726682883e-05 -1.1895386903632862e-20
1.8026520628548255e-05 -1.6025089465885016e-20
1.8056316530413623e-05 -1.3774737660969226e-20
1.808611243227899e-05 -1.3290203783838394e-20
1.811590833414436e-05 -2.8897267683572713e-20
1.814570423600973e-05 -3.280083263429634e-20
1.81755001378751e-05 -2.5785805275050645e-20
1.8205296039740467e-05 -3.240084390406933e-20
1.8235091941605836e-05 -4.152112591025978e-20
1.8264887843471207e-05 -4.6871127588037437e-20
1.8294683745336575e-05 -4.819523719614109e-20
1.8324479647201944e-05 -4.454293990633807e-20
1.8354275549067312e-05 -5.546464356468302e-20
1.838407145093268e-05 -6.787653548717147e-20
1.8413867352798052e-05 -5.970258333667284e-20
1.844366325466342e-05 -5.94731297231677e-20
1.8473459156528788e-05 -7.302623970191813e-20
1.850325505839416e-05 -7.85332772572637e-20
1.8533050960259528e-05 -7.85138737100744e-20
1.8562846862124896e-05 -7.676616957081089e-20
1.8592642763990264e-05 -8.344982483555752e-20
1.8622438665855633e-05 -9.770444640825997e-20
1.8652234567721e-05 -9.311568925986679e-20
1.8682030469586372e-05 -9.013108838246119e-20
1.871182637145174e-05 -1.0380560421035646e-19
1.8741622273317112e-05 -1.089650662774739e-19
1.877141817518248e-05 -1.1071972478853426e-19
1.880121407704785e-05 -1.095683241613285e-19
1.8831009978913217e-05 -1.1133836285089272e-19
1.8860805880778585e-05 -1.278071191554035e-19
1.8890601782643953e-05 -1.2760517219733666e-19
1.892039768450932e-05 -1.1805523288273928e-19
1.8950193586374693e-05 -1.3089236631008315e-19
1.8979989488240065e-05 -1.4144906414275072e-19
1.9009785390105433e-05 -1.4040525813736123e-19
1.90395812919708e-05 -1.3914070283975782e-19
1.906937719383617e-05 -1.421288749530837e-19
1.9099173095701538e-05 -1.5574674187779928e-19
1.9128968997566906e-05 -1.5847386868234153e-19
1.9158764899432274e-05 -1.496837059857444e-19
1.9188560801297646e-05 -1.573466124042591e-19
1.9218356703163017e-05 -1.6830402053343424e-19
1.9248152605028385e-05 -1.6758308334581138e-19
1.9277948506893754e-05 -1.6909429155354167e-19
1.9307744408759122e-05 -1.7075254101812885e-19
1.933754031062449e-05 -1.7691596290360286e-19
1.936733621248986e-05 -1.8892389272403879e-19
1.9397132114355227e-05 -1.8203228316020086e-19
1.9426928016220598e-05 -1.8192704806782826e-19
1.9456723918085966e-05 -1.963086987752604e-19
1.9486519819951338e-05 -1.9436902147956468e-19
1.9516315721816706e-05 -1.9676144978302352e-19
1.9546111623682074e-05 -1.980397070719174e-19
1.9575907525547443e-05 -1.9951040530362735e-19
1.960570342741281e-05 -2.128383680071139e-19
1.963549932927818e-05 -2.0834554996766872e-19
1.966529523114355e-05 -2.0605067426147145e-19
1.969509113300892e-05 -2.1699722316960857e-19
1.9724887034874287e-05 -2.1934891056522758e-19
1.975468293673966e-05 -2.2058543850863603e-19
1.9784478838605027e-05 -2.216246060188509e-19
1.9814274740470395e-05 -2.234416939468668e-19
1.9844070642335763e-05 -2.329988565912884e-19
1.987386654420113e-05 -2.3468744207226276e-19
1.9903662446066503e-05 -2.2702914484378587e-19
1.993345834793187e-05 -2.360131999824077e-19
1.996325424979724e-05 -2.43140010243319e-19
1.9993050151662608e-05 -2.389422801445079e-19
2.002284605352798e-05 -2.4396075501385143e-19
2.0052641955393348e-05 -2.4246343392312294e-19
2.0082437857258716e-05 -2.4784134549045016e-19
2.0112233759124084e-05 -2.569019552438081e-19
2.0142029660989456e-05 -2.4563906240825415e-19
2.0171825562854824e-05 -2.513428274456644e-19
2.0201621464720192e-05 -2.6234267303415106e-19
2.023141736658556e-05 -2.5696004122968395e-19
2.026121326845093e-05 -2.6035549416241075e-19
2.0291009170316297e-05 -2.600804845173265e-19
2.032080507218167e-05 -2.614674446078556e-19
2.0350600974047037e-05 -2.719986478298403e-19
2.0380396875912408e-05 -2.6487598876023933e-19
2.0410192777777776e-05 -2.619247512804271e-19
2.0439988679643145e-05 -2.7549192426304106e-19
2.0469784581508513e-05 -2.732448207438339e-19
2.049958048337388e-05 -2.7169204979140824e-19
2.052937638523925e-05 -2.756758389125714e-19
2.0559172287104617e-05 -2.736863933002869e-19
2.058896818896999e-05 -2.829955902745938e-19
2.061876409083536e-05 -2.815258423127669e-19
2.064855999270073e-05 -2.722957151959633e-19
2.0678355894566097e-05 -2.8310580171319684e-19
2.0708151796431465e-05 -2.856892276403505e-19
2.0737947698296834e-05 -2.799256010643306e-19
2.0767743600162202e-05 -2.859144002722326e-19
2.079753950202757e-05 -2.84201805182433e-19
2.082733540389294e-05 -2.878313435441253e-19
2.0857131305758313e-05 -2.946503911608286e-19
2.088692720762368e-05 -2.8339007141851445e-19
2.091672310948905e-05 -2.891052319807709e-19
2.0946519011354418e-05 -2.9680296559157612e-19
2.0976314913219786e-05 -2.8931896763929704e-19
2.1006110815085154e-05 -2.925553051440588e-19
2.1035906716950522e-05 -2.9094904433253466e-19
2.1065702618815894e-05 -2.9252306591863234e-19
2.1095498520681262e-05 -2.991517518379793e-19
2.1125294422546634e-05 -2.912319171891662e-19
2.1155090324412002e-05 -2.917089272322907e-19
2.118488622627737e-05 -3.0130749802990235e-19
2.121468212814274e-05 -2.966230894908568e-19
2.1244478030008107e-05 -2.9485286207079737e-19
2.1274273931873475e-05 -2.9914843575353717e-19
2.1304069833738847e-05 -2.9463048542520784e-19
2.1333865735604215e-05 -3.019435301441519e-19
2.1363661637469583e-05 -3.013865140066069e-19
2.1393457539334955e-05 -2.9044356760088904e-19
2.1423253441200323e-05 -3.0063881349382413e-19
2.145304934306569e-05 -2.9975399410899096e-19
2.148284524493106e-05 -2.967232759216242e-19
2.1512641146796427e-05 -3.0075401249107644e-19
2.15424370486618e-05 -2.9427250750807668e-19
2.1572232950527167e-05 -3.0223470402978576e-19
2.1602028852392535e-05 -3.0302558240269167e-19
2.1631824754257904e-05 -2.925832844062177e-19
2.1661620656123275e-05 -2.995385439469238e-19
2.1691416557988644e-05 -3.0176819699825236e-19
2.1721212459854012e-05 -2.9550912722511094e-19
2.175100836171938e-05 -2.9670402206993063e-19
2.178080426358475e-05 -2.9543010742285776e-19
2.181060016545012e-05 -2.9684252002198127e-19
2.1840396067315488e-05 -3.022603308473572e-19
2.1870191969180856e-05 -2.92397606744021e-19
2.1899987871046224e-05 -2.906351257358255e-19
2.1929783772911593e-05 -3.01023973095212e-19
2.1959579674776964e-05 -2.955995550051482e-19
2.1989375576642332e-05 -2.9333029781249265e-19
2.2019171478507704e-05 -2.9452661269472076e-19
2.2048967380373072e-05 -2.9088119734597366e-19
2.207876328223844e-05 -2.972929877837961e-19
2.210855918410381e-05 -2.935626412402447e-19
2.2138355085969177e-05 -2.84517329202648e-19
2.2168150987834545e-05 -2.9232153350298315e-19
2.2197946889699913e-05 -2.9260128107363575e-19
2.2227742791565285e-05 -2.8694045776731643e-19
2.2257538693430657e-05 -2.8756929661092785e-19
2.2287334595296025e-05 -2.848505084366771e-19
2.2317130497161393e-05 -2.8985409136079745e-19
2.234692639902676e-05 -2.899099459690195e-19
2.237672230089213e-05 -2.783649367546649e-19
2.2406518202757498e-05 -2.8459325750989095e-19
2.2436314104622866e-05 -2.8926766651301833e-19
2.2466110006488237e-05 -2.7982134386584567e-19
2.249590590835361e-05 -2.79430254344304e-19
2.2525701810218977e-05 -2.7740236170501517e-19
2.2555497712084345e-05 -2.789955966355792e-19
2.2585293613949714e-05 -2.838483818749022e-19
2.2615089515815082e-05 -2.7162158327690887e-19
2.264488541768045e-05 -2.705633364590332e-19
2.267468131954582e-05 -2.7990742138198145e-19
2.270447722141119e-05 -2.736376602612829e-19
2.2734273123276558e-05 -2.698252774090775e-19
2.276406902514193e-05 -2.6914529186107803e-19
2.2793864927007298e-05 -2.692296476776788e-19
2.2823660828872666e-05 -2.737130317475251e-19
2.2853456730738034e-05 -2.6532775229252486e-19
2.2883252632603403e-05 -2.593940191485996e-19
2.291304853446877e-05 -2.6794986782908364e-19
2.2942844436334142e-05 -2.653426760285783e-19
2.297264033819951e-05 -2.5704091764506566e-19
2.300243624006488e-05 -2.5658610982458823e-19
2.303223214193025e-05 -2.5716004437981273e-19
2.306202804379562e-05 -2.6120699059630664e-19
2.3091823945660987e-05 -2.558253125687993e-19
2.3121619847526355e-05 -2.4621891943507664e-19
2.3151415749391723e-05 -2.5447668995264626e-19
2.3181211651257095e-05 -2.542354366022901e-19
2.3211007553122463e-05 -2.442196462589889e-19
2.324080345498783e-05 -2.445953860153382e-19
2.32705993568532e-05 -2.437886059540395e-19
2.330039525871857e-05 -2.458778972998552e-19
2.333019116058394e-05 -2.430914515301663e-19
2.3359987062449308e-05 -2.321795920485197e-19
2.3389782964314676e-05 -2.3538246005144853e-19
2.3419578866180047e-05 -2.4068130104272285e-19
2.3449374768045416e-05 -2.337786030621528e-19
2.3479170669910784e-05 -2.285011728486334e-19
2.3508966571776152e-05 -2.28503373403201e-19
2.353876247364152e-05 -2.303228715125366e-19
2.3568558375506892e-05 -2.2977675654825393e-19
2.359835427737226e-05 -2.1725252339532536e-19
2.362815017923763e-05 -2.1605133235017473e-19
2.3657946081103e-05 -2.2585046835817104e-19
2.3687741982968368e-05 -2.183906960161368e-19
2.3717537884833736e-05 -2.1178082380010579e-19
2.3747333786699105e-05 -2.0899447057876245e-19
2.3777129688564473e-05 -2.0922314783332917e-19
2.380692559042984e-05 -2.1364701255351629e-19
2.3836721492295213e-05 -2.020695145388503e-19
2.386651739416058e-05 -1.9676143680648484e-19
2.3896313296025952e-05 -2.0605028684794761e-19
2.392610919789132e-05 -2.0106489615402616e-19
2.395590509975669e-05 -1.9227113154483038e-19
2.3985701001622057e-05 -1.9069402177894117e-19
2.4015496903487425e-05 -1.9022322140096853e-19
2.4045292805352793e-05 -1.9383477718056583e-19
2.4075088707218162e-05 -1.846874838270033e-19
2.4104884609083533e-05 -1.746151825985024e-19
2.4134680510948905e-05 -1.8482247632925646e-19
2.4164476412814273e-05 -1.8366640512917345e-19
2.419427231467964e-05 -1.7185523078825281e-19
2.422406821654501e-05 -1.7111160985976286e-19
2.4253864118410378e-05 -1.7090127413644444e-19
2.4283660020275746e-05 -1.7131412987293815e-19
2.4313455922141114e-05 -1.6731909277820833e-19
2.4343251824006486e-05 -1.5536164105753318e-19
2.4373047725871854e-05 -1.5865051672382157e-19
2.4402843627737226e-05 -1.6476175672781039e-19
2.4432639529602594e-05 -1.5317057909715784e-19
2.4462435431467962e-05 -1.4750099212240154e-19
2.449223133333333e-05 -1.4956751548814337e-19
2.45220272351987e-05 -1.504853409970896e-19
2.4551823137064067e-05 -1.4756092648069082e-19
2.458161903892944e-05 -1.3446400027793946e-19
2.4611414940794807e-05 -1.3712875320375955e-19
2.4641210842660175e-05 -1.4669875714684562e-19
2.4671006744525546e-05 -1.335409732779075e-19
2.4700802646390915e-05 -1.2641060555096034e-19
2.4730598548256283e-05 -1.296513188965425e-19
2.476039445012165e-05 -1.269944317129327e-19
2.479019035198702e-05 -1.2776059999962489e-19
2.481998625385239e-05 -1.1895082732203385e-19
2.484978215571776e-05 -1.1310700145671344e-19
2.4879578057583127e-05 -1.2284883570536204e-19
2.4909373959448495e-05 -1.1698652267929687e-19
2.4939169861313867e-05 -1.0733171557456716e-19
2.4968965763179235e-05 -1.0888067111508537e-19
2.4998761665044603e-05 -1.0804958116187302e-19
2.5028557566909972e-05 -1.088509489595081e-19
2.505835346877534e-05 -1.0134280740818503e-19
2.508814937064071e-05 -9.174681263268143e-20
2.511794527250608e-05 -1.0009851737565553e-19
2.5147741174371448e-05 -1.0017214650876721e-19
2.5177537076236816e-05 -8.819052477715044e-20
2.5207332978102188e-05 -8.71772451943925e-20
2.5237128879967556e-05 -8.835377652083189e-20
2.5266924781832924e-05 -8.9584264872682e-20
2.5296720683698292e-05 -8.532897476074872e-20
2.5326516585563664e-05 -7.280124371832316e-20
2.5356312487429036e-05 -7.875083680701913e-20
2.5386108389294404e-05 -8.488032489270224e-20
2.5415904291159772e-05 -6.936934628054236e-20
2.544570019302514e-05 -6.545307059476137e-20
2.547549609489051e-05 -7.0513549805495e-20
2.5505291996755877e-05 -6.963686074245086e-20
2.5535087898621245e-05 -6.742323455795873e-20
2.5564883800486617e-05 -5.49712329708911e-20
2.5594679702351985e-05 -5.693768465392101e-20
2.5624475604217353e-05 -6.853103416543575e-20
2.565427150608272e-05 -5.484098194834425e-20
2.568406740794809e-05 -4.6211851778128335e-20
2.5713863309813458e-05 -5.3773093228453255e-20
2.5743659211678826e-05 -5.290714161697569e-20
2.5773455113544197e-05 -4.9310423598378824e-20
2.5803251015409566e-05 -4.19763897842504e-20
2.5833046917274934e-05 -3.757012947016024e-20
2.5862842819140302e-05 -4.6011887311663666e-20
2.5892638721005677e-05 -4.035239810589091e-20
2.5922434622871045e-05 -2.988209867841628e-20
2.5952230524736413e-05 -3.479510474459171e-20
2.5982026426601782e-05 -3.378036492417378e-20
2.601182232846715e-05 -3.1373350844807134e-20
2.604161823033252e-05 -2.870701567831098e-20
2.607141413219789e-05 -1.963269151828909e-20
2.6101210034063258e-05 -2.6336308828181318e-20
2.6131005935928626e-05 -2.796145358171107e-20
2.6160801837793994e-05 -1.3304797979337742e-20
2.6190597739659363e-05 -1.4355092802328895e-20
2.622039364152473e-05 -1.765431926585081e-20
2.6250189543390102e-05 -1.3963600657695507e-20
2.627998544525547e-05 -1.1317173516377006e-20
2.630978134712084e-05 -3.7156682321510525e-21
2.6339577248986207e-05 -6.992677433826033e-21
2.6369373150851575e-05 -1.173170515947981e-20
2.6399169052716943e-05 2.2707400593406984e-22
2.642896495458232e-05 3.4460644716638264e-21
2.6458760856447687e-05 -2.578654860613741e-21
2.6488556758313055e-05 4.052430397709572e-22
2.6518352660178427e-05 5.28141796575528e-21
2.6548148562043795e-05 1.2517120021044305e-20
2.6577944463909163e-05 1.2868509995534383e-20
2.660774036577453e-05 5.5792278928949465e-21
2.66375362676399e-05 1.3977301631149526e-20
2.6667332169505268e-05 2.0824601459436794e-20
2.6697128071370636e-05 1.6377389388487475e-20
2.6726923973236007e-05 1.593986613841265e-20
2.6756719875101376e-05 1.8865383338446026e-20
2.6786515776966744e-05 2.6359072118570345e-20
2.6816311678832112e-05 2.8626107257224875e-20
2.684610758069748e-05 2.2231433358233132e-20
2.687590348256285e-05 2.6280191478368805e-20
2.6905699384428217e-05 3.54122742961658e-20
2.693549528629359e-05 3.304429154531963e-20
2.6965291188158957e-05 3.2293453720741754e-20
2.699508709002433e-05 3.6573740195180234e-20
2.70248829918897e-05 3.932851312556099e-20
2.7054678893755068e-05 4.346427637933117e-20
2.7084474795620436e-05 3.909637538201467e-20
2.7114270697485804e-05 3.9950176016810095e-20
2.7144066599351173e-05 4.895053722603314e-20
2.717386250121654e-05 4.7141580007101925e-20
2.7203658403081912e-05 4.746609310279464e-20
2.723345430494728e-05 4.944782396004591e-20
2.726325020681265e-05 5.405542995600148e-20
2.7293046108678017e-05 5.917918504524155e-20
2.7322842010543385e-05 5.447734870317274e-20
2.7352637912408753e-05 5.556809827821767e-20
2.7382433814274122e-05 6.238019984107313e-20
2.7412229716139493e-05 6.452873125554239e-20
2.744202561800486e-05 6.146499186602347e-20
2.747182151987023e-05 6.116993923169848e-20
2.7501617421735598e-05 6.711413372521704e-20
2.7531413323600973e-05 7.152070799212362e-20
2.756120922546634e-05 7.060768689694391e-20
2.759100512733171e-05 6.644564861585342e-20
2.7620801029197078e-05 7.213108185510479e-20
2.7650596931062446e-05 7.88789156290931e-20
2.7680392832927817e-05 7.646094030226805e-20
2.7710188734793186e-05 7.68012976608488e-20
2.7739984636658554e-05 7.84475012238704e-20
2.7769780538523922e-05 8.342998469512568e-20
2.779957644038929e-05 8.541227507275827e-20
2.782937234225466e-05 8.067106837456919e-20
2.7859168244120027e-05 8.407268604334515e-20
2.7888964145985398e-05 8.970716249097902e-20
2.7918760047850767e-05 9.004308050303414e-20
2.7948555949716135e-05 8.873690798521486e-20
2.7978351851581503e-05 8.905105357820932e-20
2.800814775344687e-05 9.522058248406815e-20
2.803794365531224e-05 9.79669837078826e-20
2.8067739557177614e-05 9.502028550690595e-20
2.8097535459042983e-05 9.523836807892431e-20
2.812733136090835e-05 9.964269025953076e-20
2.8157127262773722e-05 1.0283137613793428e-19
2.818692316463909e-05 1.0009171607196532e-19
2.821671906650446e-05 9.983137488382775e-20
2.8246514968369827e-05 1.0367381717045478e-19
2.8276310870235195e-05 1.0787579573628814e-19
2.8306106772100563e-05 1.06867435477299e-19
2.8335902673965932e-05 1.0278458487277622e-19
2.8365698575831303e-05 1.0968786085322055e-19
2.839549447769667e-05 1.1454606234384776e-19
2.842529037956204e-05 1.1102339378087842e-19
2.8455086281427408e-05 1.1063832652151453e-19
2.8484882183292776e-05 1.1207332351626273e-19
2.8514678085158144e-05 1.17904138773132e-19
2.8544473987023513e-05 1.1730620854414894e-19
2.8574269888888884e-05 1.1117797738858305e-19
2.8604065790754252e-05 1.1802371609406527e-19
2.8633861692619627e-05 1.212542213540541e-19
2.8663657594484996e-05 1.1841391406374648e-19
2.8693453496350364e-05 1.2029604442238072e-19
2.8723249398215732e-05 1.1856137454276834e-19
2.87530453000811e-05 1.22341220036062e-19
2.878284120194647e-05 1.2699906457143761e-19
2.8812637103811837e-05 1.2213973299708653e-19
2.8842433005677208e-05 1.2195829594692869e-19
2.8872228907542577e-05 1.2793942015590677e-19
2.8902024809407945e-05 1.285988922371419e-19
2.8931820711273313e-05 1.2489429800168661e-19
2.896161661313868e-05 1.2482210733501214e-19
2.899141251500405e-05 1.275557998218184e-19
2.9021208416869418e-05 1.3183376076000457e-19
2.905100431873479e-05 1.2905159700639583e-19
2.9080800220600157e-05 1.2557218330975697e-19
2.9110596122465526e-05 1.3371438552387555e-19
2.9140392024330894e-05 1.337143312637875e-19
2.917018792619627e-05 1.3080550592769615e-19
2.9199983828061637e-05 1.3285113716245985e-19
2.9229779729927005e-05 1.3121936377175808e-19
2.9259575631792373e-05 1.3703048012349154e-19
2.928937153365774e-05 1.3665490243633246e-19
2.9319167435523113e-05 1.295064648174465e-19
2.934896333738848e-05 1.3455580735215096e-19
2.937875923925385e-05 1.383417372573523e-19
2.9408555141119218e-05 1.3635280561692846e-19
2.9438351042984586e-05 1.3370048429427312e-19
2.9468146944849954e-05 1.337049598074355e-19
2.9497942846715323e-05 1.4086002230124167e-19
2.9527738748580694e-05 1.4126838982880744e-19
2.9557534650446062e-05 1.3345455192033674e-19
2.958733055231143e-05 1.3714756444335933e-19
2.96171264541768e-05 1.4290940438651557e-19
2.9646922356042167e-05 1.3969424976162393e-19
2.9676718257907535e-05 1.3921155589804435e-19
2.970651415977291e-05 1.3662131551688657e-19
2.973631006163828e-05 1.3949466337454276e-19
2.9766105963503647e-05 1.4765079513164815e-19
2.9795901865369018e-05 1.387990309305861e-19
2.9825697767234387e-05 1.358676918535014e-19
2.9855493669099755e-05 1.4629135524412734e-19
2.9885289570965123e-05 1.452473569307233e-19
2.991508547283049e-05 1.430989206862331e-19
2.994488137469586e-05 1.4118746118951757e-19
2.9974677276561228e-05 1.4192496403716022e-19
3.00044731784266e-05 1.5013195861946055e-19
3.0034269080291967e-05 1.437342066771793e-19
3.0064064982157336e-05 1.3753512478762042e-19
3.0093860884022704e-05 1.4603436201495471e-19
3.0123656785888072e-05 1.486672708210393e-19
3.015345268775344e-05 1.450047961086846e-19
3.018324858961881e-05 1.4264069739299752e-19
3.021304449148418e-05 1.4361222329659658e-19
3.024284039334955e-05 1.5179235796498396e-19
3.0272636295214923e-05 1.5206208456559513e-19
3.030243219708029e-05 1.4108411717731814e-19
3.033222809894566e-05 1.4543758894844519e-19
3.0362024000811028e-05 1.5381240295718556e-19
3.0391819902676396e-05 1.493238772769506e-19
3.0421615804541764e-05 1.4655375810115129e-19
3.0451411706407133e-05 1.4574316652254251e-19
3.0481207608272504e-05 1.5235259095532048e-19
3.0511003510137872e-05 1.5524041937403004e-19
3.054079941200324e-05 1.4313520167577733e-19
3.057059531386861e-05 1.469238828673369e-19
3.060039121573398e-05 1.5656256372865931e-19
3.0630187117599345e-05 1.536220972246169e-19
3.065998301946472e-05 1.5134742283777252e-19
3.068977892133008e-05 1.4827799531105567e-19
3.071957482319545e-05 1.5311268967336637e-19
3.074937072506082e-05 1.5909810230085993e-19
3.077916662692619e-05 1.489781485018708e-19
3.080896252879156e-05 1.4521109084684254e-19
3.083875843065693e-05 1.566213936872191e-19
3.0868554332522305e-05 1.5831192737253943e-19
3.089835023438767e-05 1.512137329860153e-19
3.092814613625304e-05 1.4916420297462685e-19
3.0957942038118406e-05 1.5366214709665438e-19
3.098773793998378e-05 1.6214109569493734e-19
3.101753384184914e-05 1.5419477272901393e-19
3.1047329743714514e-05 1.4537943784989873e-19
3.1077125645579885e-05 1.5796962853292618e-19
3.110692154744525e-05 1.60939049554167e-19
3.113671744931062e-05 1.5306804915855097e-19
3.116651335117599e-05 1.5044920527186393e-19
3.119630925304136e-05 1.5236032725878404e-19
3.122610515490672e-05 1.604037625351571e-19
3.1255901056772095e-05 1.579549583165941e-19
3.1285696958637466e-05 1.4744806624677445e-19
3.131549286050283e-05 1.5357100455587236e-19
3.134528876236821e-05 1.6239553304426544e-19
3.1375084664233574e-05 1.5659132442937087e-19
3.1404880566098946e-05 1.5239670689557734e-19
3.143467646796431e-05 1.5374030340751548e-19
3.146447236982968e-05 1.5823037508722186e-19
3.149426827169505e-05 1.6010869682394851e-19
3.152406417356042e-05 1.4881004396746183e-19
3.155386007542579e-05 1.506717512685156e-19
3.1583655977291155e-05 1.62413086487858e-19
3.161345187915653e-05 1.582336394162885e-19
3.164324778102189e-05 1.516163023699523e-19
3.167304368288726e-05 1.512699108189944e-19
3.170283958475263e-05 1.5869746622264997e-19
3.1732635486618e-05 1.6235786319330775e-19
3.176243138848337e-05 1.5078252418268717e-19
3.1792227290348736e-05 1.4830481332710884e-19
3.182202319221411e-05 1.6156599415000138e-19
3.185181909407947e-05 1.6011256208068882e-19
3.188161499594485e-05 1.491736784144033e-19
3.1911410897810216e-05 1.5065354721022197e-19
3.194120679967559e-05 1.5503863965563591e-19
3.197100270154095e-05 1.5903954647071565e-19
3.2000798603406324e-05 1.5384195017260571e-19
3.2030594505271695e-05 1.454980462483735e-19
3.206039040713706e-05 1.5685818581622881e-19
3.209018630900243e-05 1.6194466083501817e-19
3.21199822108678e-05 1.504439497263672e-19
3.214977811273317e-05 1.4813855272404735e-19
3.217957401459853e-05 1.5332985083381142e-19
3.2209369916463905e-05 1.5838018173402416e-19
3.2239165818329276e-05 1.5339972248699905e-19
3.226896172019464e-05 1.425227309913736e-19
3.229875762206001e-05 1.513559511307822e-19
3.232855352392538e-05 1.6023106349479734e-19
3.235834942579075e-05 1.5029787494705605e-19
3.2388145327656114e-05 1.442582361458251e-19
3.241794122952149e-05 1.4984370253518834e-19
3.244773713138686e-05 1.578679346248586e-19
3.247753303325223e-05 1.5371873968019462e-19
3.25073289351176e-05 1.406762639034619e-19
3.2537124836982965e-05 1.4535532455660877e-19
3.256692073884834e-05 1.5900485689203193e-19
3.25967166407137e-05 1.5058983614575177e-19
3.262651254257907e-05 1.394484156487434e-19
3.265630844444444e-05 1.4606601528149098e-19
3.268610434630981e-05 1.517202436358138e-19
3.271590024817518e-05 1.5045285312004271e-19
3.2745696150040546e-05 1.4083120487741214e-19
3.277549205190592e-05 1.3870323793346614e-19
3.280528795377128e-05 1.539254665531066e-19
3.2835083855636654e-05 1.510552924226781e-19
3.286487975750202e-05 1.3703838339645525e-19
3.289467565936739e-05 1.41315749823578e-19
3.292447156123276e-05 1.4853564528578222e-19
3.295426746309813e-05 1.486464705731923e-19
3.2984063364963505e-05 1.4024849863719044e-19
3.301385926682887e-05 1.3304316917530849e-19
3.304365516869424e-05 1.4467659660846694e-19
3.307345107055961e-05 1.4970586952392913e-19
3.310324697242498e-05 1.3512211741845428e-19
3.313304287429034e-05 1.325210506860057e-19
3.3162838776155715e-05 1.428695014366962e-19
3.3192634678021086e-05 1.4614078484910297e-19
3.322243057988645e-05 1.3886148233469703e-19
3.325222648175182e-05 1.2877243384251805e-19
3.328202238361719e-05 1.3766467356623466e-19
3.331181828548256e-05 1.4837752775524444e-19
3.3341614187347924e-05 1.3320644108988655e-19
3.3371410089213296e-05 1.265499645568896e-19
3.340120599107867e-05 1.3609872076415628e-19
3.343100189294403e-05 1.3971030630146305e-19
3.3460797794809404e-05 1.354652116342902e-19
3.349059369667477e-05 1.2534416200235587e-19
3.352038959854015e-05 1.3014578145352934e-19
3.355018550040551e-05 1.4205877230325516e-19
3.357998140227088e-05 1.3337710907614553e-19
3.360977730413625e-05 1.2305827556488952e-19
3.363957320600162e-05 1.3001889562327862e-19
3.366936910786699e-05 1.3568895482732144e-19
3.3699165009732356e-05 1.321964620647296e-19
3.372896091159773e-05 1.2388798289735472e-19
3.375875681346309e-05 1.210225074890771e-19
3.3788552715328464e-05 1.351189753524431e-19
3.381834861719383e-05 1.3298561727949622e-19
3.38481445190592e-05 1.1799704635335012e-19
3.387794042092457e-05 1.241812236292183e-19
3.390773632278994e-05 1.2992037856876092e-19
3.393753222465531e-05 1.2806454731470853e-19
3.3967328126520673e-05 1.2267386670142541e-19
3.3997124028386045e-05 1.1719397665186542e-19
3.402691993025141e-05 1.275907351607789e-19
3.405671583211679e-05 1.3144891949226824e-19
3.408651173398215e-05 1.160495630651357e-19
3.4116307635847525e-05 1.1462806670669505e-19
3.4146103537712896e-05 1.2575290327816475e-19
3.417589943957826e-05 1.253892584968347e-19
3.420569534144363e-05 1.1845129328259097e-19
3.4235491243309e-05 1.1175008263870688e-19
3.426528714517437e-05 1.187704987365609e-19
3.4295083047039734e-05 1.291437576559404e-19
3.4324878948905106e-05 1.1567135362877244e-19
3.435467485077048e-05 1.0863532520664819e-19
3.438447075263584e-05 1.1996848670724947e-19
3.4414266654501214e-05 1.2198454731970145e-19
3.444406255636658e-05 1.1594472051328386e-19
3.447385845823195e-05 1.0768471045652672e-19
3.4503654360097315e-05 1.1095748861039664e-19
3.4533450261962687e-05 1.2331701974568427e-19
3.456324616382806e-05 1.1363414684718686e-19
3.459304206569342e-05 1.0308230776730081e-19
3.4622837967558795e-05 1.1404947701904226e-19
3.4652633869424166e-05 1.175974235928932e-19
3.468242977128954e-05 1.1185400328671665e-19
3.47122256731549e-05 1.0552830529835773e-19
3.4742021575020274e-05 1.0456083382936093e-19
3.477181747688564e-05 1.165181644622064e-19
3.480161337875101e-05 1.1213940200017605e-19
3.483140928061638e-05 9.746363126832753e-20
3.486120518248175e-05 1.0458115360313381e-19
3.489100108434712e-05 1.108545351805743e-19
3.4920796986212483e-05 1.0540516519428791e-19
3.4950592888077855e-05 9.976598737440823e-20
3.498038878994322e-05 9.708856243474654e-20
3.501018469180859e-05 1.0596633760304945e-19
3.503998059367396e-05 1.0884805250339267e-19
3.506977649553933e-05 9.438024457916866e-20
3.50995723974047e-05 9.270934812162451e-20
3.5129368299270064e-05 1.0372750097101442e-19
3.515916420113544e-05 1.0126495354643624e-19
3.518896010300081e-05 9.259079698120983e-20
3.521875600486618e-05 8.996136797058703e-20
3.5248551906731544e-05 9.560069000440675e-20
3.5278347808596916e-05 1.0042040272120545e-19
3.530814371046228e-05 8.886154453015866e-20
3.533793961232765e-05 8.199979189649001e-20
3.5367735514193024e-05 9.467284038099146e-20
3.539753141605839e-05 9.641559619357273e-20
3.542732731792376e-05 8.523877334924863e-20
3.5457123219789125e-05 8.120749914887622e-20
3.5486919121654496e-05 8.5545050643946e-20
3.551671502351987e-05 9.136524719852033e-20
3.554651092538523e-05 8.335108571986021e-20
3.5576306827250605e-05 7.329809187253171e-20
3.560610272911597e-05 8.046050490730132e-20
3.563589863098134e-05 8.633221410935484e-20
3.5665694532846706e-05 7.875533150425318e-20
3.5695490434712084e-05 6.98977810611473e-20
3.572528633657745e-05 7.28435278624165e-20
3.575508223844282e-05 8.153176099338125e-20
3.5784878140308185e-05 7.65951014191098e-20
3.581467404217356e-05 6.427718872272326e-20
3.584446994403893e-05 6.765763354056032e-20
3.5874265845904293e-05 7.573881389807943e-20
3.5904061747769665e-05 6.839541883491056e-20
3.593385764963503e-05 6.073062414590352e-20
3.59636535515004e-05 6.004303430461793e-20
3.5993449453365766e-05 6.700367224316428e-20
3.602324535523114e-05 6.91236172757799e-20
3.605304125709651e-05 5.4144265312236295e-20
3.6082837158961874e-05 5.295480048646379e-20
3.6112633060827246e-05 6.366311247320765e-20
3.614242896269261e-05 6.138469007996648e-20
3.617222486455798e-05 5.218801698050299e-20
3.6202020766423354e-05 4.7748821208766805e-20
3.623181666828872e-05 5.466067599243336e-20
3.626161257015409e-05 5.855799414047773e-20
3.629140847201946e-05 4.5760650133269247e-20
3.6321204373884834e-05 3.860138347825677e-20
3.63510002757502e-05 4.946533511054099e-20
3.638079617761557e-05 5.1482366139412965e-20
3.6410592079480935e-05 3.95341878481366e-20
3.6440387981346306e-05 3.482387197582026e-20
3.647018388321167e-05 4.173749687528304e-20
3.649997978507704e-05 4.769514222225463e-20
3.6529775686942415e-05 3.7039102882223714e-20
3.655957158880778e-05 2.6610939095493164e-20
3.658936749067315e-05 3.5617106146697526e-20
3.6619163392538516e-05 4.012149531433185e-20
3.664895929440389e-05 3.0562665828843106e-20
3.667875519626925e-05 2.4017127731311442e-20
