0.0 3.707830505115596e-20
2.982191454272864e-08 3.219369572919327e-20
5.964382908545728e-08 4.052207408119987e-20
8.94657436281859e-08 4.0868136002726514e-20
1.1928765817091455e-07 3.273910826461948e-20
1.4910957271364318e-07 4.171980849680887e-20
1.789314872563718e-07 4.16291792020285e-20
2.0875340179910045e-07 3.895208313938745e-20
2.385753163418291e-07 4.409497983914436e-20
2.6839723088455773e-07 3.686110671021843e-20
2.9821914542728635e-07 4.281557834165713e-20
3.28041059970015e-07 4.9710242849379694e-20
3.578629745127436e-07 3.896301657940019e-20
3.876848890554723e-07 4.2631630285724084e-20
4.175068035982009e-07 4.8437643856033824e-20
4.4732871814092953e-07 4.68599145810947e-20
4.771506326836582e-07 4.850056187116206e-20
5.069725472263868e-07 4.5348517946171686e-20
5.367944617691155e-07 4.8055160428093107e-20
5.666163763118441e-07 5.541156923367666e-20
5.964382908545727e-07 4.8364007749100995e-20
6.262602053973013e-07 4.545465555905901e-20
6.5608211994003e-07 5.462092026388419e-20
6.859040344827587e-07 5.415187566618514e-20
7.157259490254872e-07 5.3219340325678403e-20
7.455478635682159e-07 5.286992842581457e-20
7.753697781109446e-07 5.1803926876339817e-20
8.051916926536731e-07 6.160409411532232e-20
8.350136071964018e-07 5.914051872764422e-20
8.648355217391304e-07 5.09106810604552e-20
8.946574362818591e-07 5.976599713253158e-20
9.244793508245878e-07 6.284806929375583e-20
9.543012653673164e-07 5.985923317201703e-20
9.84123179910045e-07 6.151693111648946e-20
1.0139450944527737e-06 5.802450745607247e-20
1.0437670089955022e-06 6.446666543796435e-20
1.073588923538231e-06 6.838569713620666e-20
1.1034108380809596e-06 5.705018031379989e-20
1.1332327526236882e-06 6.393330368111332e-20
1.1630546671664167e-06 7.010213165648278e-20
1.1928765817091454e-06 6.520542763809381e-20
1.2226984962518741e-06 6.804778352263824e-20
1.2525204107946027e-06 6.3716923158946e-20
1.2823423253373314e-06 6.891567039581497e-20
1.31216423988006e-06 7.868597849025718e-20
1.3419861544227884e-06 6.569028732659403e-20
1.3718080689655174e-06 6.557763696372423e-20
1.401629983508246e-06 7.73977012613988e-20
1.4314518980509744e-06 7.303029910932414e-20
1.4612738125937031e-06 7.205124705422176e-20
1.4910957271364319e-06 7.063618892376982e-20
1.5209176416791604e-06 7.179122333356707e-20
1.5507395562218891e-06 8.238033389058328e-20
1.5805614707646176e-06 7.570204578915519e-20
1.6103833853073462e-06 6.969787077867523e-20
1.640205299850075e-06 8.03019009191891e-20
1.6700272143928036e-06 8.123194016002586e-20
1.6998491289355324e-06 7.727775625775394e-20
1.7296710434782609e-06 7.688488220827239e-20
1.7594929580209894e-06 7.62565827224488e-20
1.7893148725637181e-06 8.594877064621541e-20
1.8191367871064466e-06 8.390324052480462e-20
1.8489587016491756e-06 7.128179268592854e-20
1.8787806161919041e-06 8.283015459201946e-20
1.908602530734633e-06 8.987289505096808e-20
1.9384244452773614e-06 8.182256445182101e-20
1.96824635982009e-06 8.187472372641415e-20
1.998068274362819e-06 8.255961956106285e-20
2.0278901889055473e-06 8.911672005343632e-20
2.057712103448276e-06 9.19396465328929e-20
2.0875340179910044e-06 7.94571466812116e-20
2.117355932533733e-06 8.363112748219202e-20
2.147177847076462e-06 9.469537188991104e-20
2.1769997616191904e-06 8.860177338979665e-20
2.2068216761619193e-06 8.620876419676436e-20
2.236643590704648e-06 8.674527486552723e-20
2.2664655052473763e-06 9.064652486639061e-20
2.296287419790105e-06 9.768094996580118e-20
2.3261093343328334e-06 8.785176470014273e-20
2.3559312488755623e-06 8.581523937421581e-20
2.385753163418291e-06 9.966089792279022e-20
2.4155750779610194e-06 9.84055653062746e-20
2.4453969925037483e-06 9.140973574254326e-20
2.475218907046477e-06 9.156132520892146e-20
2.5050408215892053e-06 9.545875767807738e-20
2.5348627361319343e-06 1.030960333040242e-19
2.564684650674663e-06 9.607233124364726e-20
2.5945065652173913e-06 8.74722919144229e-20
2.62432847976012e-06 1.0303675848132617e-19
2.6541503943028484e-06 1.0643078333042176e-19
2.683972308845577e-06 9.64827680160169e-20
2.713794223388306e-06 9.804167561741236e-20
2.7436161379310348e-06 9.9513072266753e-20
2.7734380524737633e-06 1.0876765159790902e-19
2.803259967016492e-06 1.0569780394330273e-19
2.8330818815592203e-06 9.24383747568618e-20
2.862903796101949e-06 1.0636751834307265e-19
2.8927257106446778e-06 1.130732597086398e-19
2.9225476251874063e-06 1.016994299676373e-19
2.952369539730135e-06 1.0069145427148144e-19
2.9821914542728638e-06 1.0498459383612757e-19
3.0120133688155923e-06 1.12526116538611e-19
3.041835283358321e-06 1.140704478390428e-19
3.0716571979010493e-06 1.0129845374699669e-19
3.1014791124437783e-06 1.0568474023423046e-19
3.131301026986507e-06 1.213446382206097e-19
3.1611229415292353e-06 1.128882382462999e-19
3.1909448560719642e-06 1.0650024649452186e-19
3.2207667706146923e-06 1.1057124392684176e-19
3.2505886851574213e-06 1.1573428060886024e-19
3.28041059970015e-06 1.2201329464602259e-19
3.3102325142428787e-06 1.0858341055309512e-19
3.3400544287856073e-06 1.0743335806322964e-19
3.3698763433283358e-06 1.2422518875662426e-19
3.3996982578710647e-06 1.1939342629510186e-19
3.429520172413793e-06 1.1306405297853541e-19
3.4593420869565218e-06 1.1449939073857356e-19
3.4891640014992507e-06 1.1884554576859738e-19
3.518985916041979e-06 1.267855659903288e-19
3.5488078305847077e-06 1.173176525185173e-19
3.5786297451274363e-06 1.0953278109519123e-19
3.608451659670165e-06 1.2457762450976844e-19
3.6382735742128933e-06 1.2750272321988447e-19
3.6680954887556222e-06 1.1553548227749552e-19
3.697917403298351e-06 1.1639114577056212e-19
3.7277393178410793e-06 1.224641578555849e-19
3.7575612323838082e-06 1.286922500964784e-19
3.7873831469265363e-06 1.2439122171081445e-19
3.817205061469266e-06 1.135915293643807e-19
3.847026976011994e-06 1.2485030894458396e-19
3.876848890554723e-06 1.3420510942237042e-19
3.906670805097451e-06 1.2136620653240186e-19
3.93649271964018e-06 1.1685658854441978e-19
3.966314634182908e-06 1.253870241664445e-19
3.996136548725638e-06 1.3111688954717946e-19
4.025958463268366e-06 1.2820405657089788e-19
4.055780377811095e-06 1.1589063617171284e-19
4.085602292353823e-06 1.220562238865503e-19
4.115424206896552e-06 1.3607739564147074e-19
4.14524612143928e-06 1.2489739043358905e-19
4.175068035982009e-06 1.1796723511401267e-19
4.204889950524738e-06 1.2457641951009053e-19
4.234711865067466e-06 1.2952522410161972e-19
4.264533779610195e-06 1.31867445126118e-19
4.294355694152924e-06 1.2094234020043834e-19
4.324177608695652e-06 1.17909688775169e-19
4.353999523238381e-06 1.3452118063371185e-19
4.383821437781109e-06 1.3120693565150862e-19
4.413643352323839e-06 1.1693844668977172e-19
4.443465266866566e-06 1.2109951354261622e-19
4.473287181409296e-06 1.2960088501326644e-19
4.503109095952023e-06 1.3214763711907603e-19
4.532931010494753e-06 1.2147243458157895e-19
4.562752925037481e-06 1.150136814579715e-19
4.59257483958021e-06 1.3120059277247868e-19
4.622396754122939e-06 1.333413461491559e-19
4.652218668665667e-06 1.1720507808949263e-19
4.682040583208396e-06 1.1783919520419394e-19
4.711862497751125e-06 1.2644159933703172e-19
4.741684412293853e-06 1.29693622271793e-19
4.771506326836582e-06 1.231070124344408e-19
4.80132824137931e-06 1.1225980467777168e-19
4.831150155922039e-06 1.2327479410805817e-19
4.860972070464768e-06 1.3183657282002183e-19
4.890793985007497e-06 1.1716062384711862e-19
4.920615899550225e-06 1.1437916507930824e-19
4.950437814092954e-06 1.2264725103057987e-19
4.980259728635682e-06 1.2562765752355486e-19
5.010081643178411e-06 1.2188588456329468e-19
5.039903557721139e-06 1.098982332580674e-19
5.0697254722638686e-06 1.1576145934567544e-19
5.099547386806596e-06 1.2801275244731695e-19
5.129369301349326e-06 1.1575323963255566e-19
5.159191215892054e-06 1.0729188092999106e-19
5.189013130434783e-06 1.1535049425801178e-19
5.218835044977511e-06 1.215682375357377e-19
5.24865695952024e-06 1.188041737308784e-19
5.278478874062969e-06 1.0681572220327971e-19
5.308300788605697e-06 1.0866866955914445e-19
5.338122703148426e-06 1.2318703450755457e-19
5.367944617691154e-06 1.1448751443893762e-19
5.397766532233883e-06 1.0098388088034963e-19
5.427588446776612e-06 1.0726454204298925e-19
5.45741036131934e-06 1.1396235293022636e-19
5.4872322758620695e-06 1.1330109841251695e-19
5.517054190404797e-06 1.0257200019537101e-19
5.5468761049475265e-06 9.701970040766863e-20
5.576698019490255e-06 1.1279798087641831e-19
5.606519934032984e-06 1.1356417275078617e-19
5.636341848575712e-06 9.448481931845394e-20
5.666163763118441e-06 9.698203339312549e-20
5.695985677661169e-06 1.0758034442115836e-19
5.725807592203898e-06 1.0514734798547835e-19
5.755629506746627e-06 9.886687424432894e-20
5.7854514212893555e-06 8.943745534772183e-20
5.815273335832084e-06 9.873310191504701e-20
5.845095250374813e-06 1.0774765382999378e-19
5.874917164917542e-06 8.822912751178247e-20
5.90473907946027e-06 8.756497379539359e-20
5.934560994002998e-06 9.843332129695833e-20
5.9643829085457275e-06 9.631508916568571e-20
5.994204823088456e-06 9.317148566160798e-20
6.0240267376311845e-06 8.20896585407727e-20
6.053848652173912e-06 8.781923506198256e-20
6.083670566716642e-06 9.907058843478108e-20
6.11349248125937e-06 8.580859414907842e-20
6.143314395802099e-06 7.833870251734993e-20
6.173136310344828e-06 8.599771886974101e-20
6.2029582248875565e-06 8.944225212208203e-20
6.232780139430284e-06 8.414142227280532e-20
6.262602053973014e-06 7.603454699601598e-20
6.292423968515742e-06 7.593293672863839e-20
6.322245883058471e-06 8.753706815933566e-20
6.352067797601199e-06 8.3628959358957e-20
6.3818897121439285e-06 6.836669315503579e-20
6.411711626686657e-06 7.661972788185393e-20
6.441533541229385e-06 8.266582141082877e-20
6.471355455772115e-06 7.639510350945844e-20
6.5011773703148425e-06 7.098130087807712e-20
6.530999284857571e-06 6.53221366530104e-20
6.5608211994003e-06 7.654827503459537e-20
6.590643113943029e-06 7.796939839408479e-20
6.6204650284857575e-06 6.021234528570944e-20
6.650286943028485e-06 6.388059186803974e-20
6.6801088575712145e-06 7.393068950478531e-20
6.709930772113943e-06 7.114066292379669e-20
6.7397526866566715e-06 6.451447248809239e-20
6.769574601199401e-06 5.70230797296887e-20
6.7993965157421294e-06 6.543518498054703e-20
6.829218430284857e-06 7.462611836525304e-20
6.859040344827586e-06 5.81767827666227e-20
6.888862259370315e-06 5.175344976243264e-20
6.9186841739130435e-06 6.397543150580512e-20
6.948506088455772e-06 6.416527623723078e-20
6.978328002998501e-06 5.719961283050272e-20
7.00814991754123e-06 5.011921137845104e-20
7.037971832083958e-06 5.319228818126881e-20
7.067793746626686e-06 6.419031160032737e-20
7.0976156611694155e-06 5.4170141599326803e-20
7.127437575712144e-06 4.403839672035665e-20
7.1572594902548725e-06 5.606405297532599e-20
7.187081404797602e-06 5.780595919792513e-20
7.21690331934033e-06 4.969737099307565e-20
7.246725233883058e-06 4.5199909022022355e-20
7.276547148425787e-06 4.37275052575155e-20
7.306369062968516e-06 5.413599667299719e-20
7.3361909775112445e-06 5.093881031240854e-20
7.366012892053973e-06 3.6429743852304775e-20
7.395834806596702e-06 4.30400284868895e-20
7.42565672113943e-06 4.977739007263112e-20
7.4554786356821585e-06 4.484522424613914e-20
7.485300550224888e-06 3.8934530810439036e-20
7.5151224647676164e-06 3.5790339806975614e-20
7.544944379310345e-06 4.4429432596215154e-20
7.574766293853073e-06 4.6008811914510146e-20
7.604588208395803e-06 3.157722857671619e-20
7.634410122938531e-06 3.1702672232212134e-20
7.664232037481258e-06 4.100009048289925e-20
7.694053952023988e-06 3.8652910787077136e-20
7.723875866566717e-06 3.141458352106004e-20
7.753697781109445e-06 2.634786437991077e-20
7.783519695652174e-06 3.27882243085221e-20
7.813341610194902e-06 3.9135612382594555e-20
7.843163524737631e-06 2.6877533173450637e-20
7.87298543928036e-06 2.2389453409687937e-20
7.90280735382309e-06 3.365573720780054e-20
7.932629268365817e-06 3.269566966220819e-20
7.962451182908545e-06 2.5383949617825137e-20
7.992273097451275e-06 2.0427490306670325e-20
8.022095011994004e-06 2.1734590766513992e-20
8.051916926536732e-06 3.126924737137911e-20
8.081738841079459e-06 2.2949144816950525e-20
8.11156075562219e-06 1.1253486875445457e-20
8.141382670164918e-06 2.234045361017661e-20
8.171204584707646e-06 2.6226979026720348e-20
8.201026499250375e-06 1.775611589855795e-20
8.230848413793103e-06 1.4442312763210525e-20
8.260670328335832e-06 1.369976900013026e-20
8.29049224287856e-06 2.2088644359007955e-20
8.320314157421289e-06 2.062009146379204e-20
8.350136071964017e-06 5.696500684075335e-21
8.379957986506746e-06 1.1853063104708508e-20
8.409779901049476e-06 1.997999025850338e-20
8.439601815592205e-06 1.2320825483031612e-20
8.469423730134932e-06 7.546638515007857e-21
8.49924564467766e-06 5.995285303296867e-21
8.52906755922039e-06 1.3176916542319102e-20
8.558889473763119e-06 1.5825383099805966e-20
8.588711388305847e-06 2.3154753168555295e-21
8.618533302848576e-06 3.464128319426893e-21
8.648355217391304e-06 1.25427669843867e-20
8.678177131934033e-06 8.446010201413874e-21
8.707999046476761e-06 3.437831392361505e-21
8.73782096101949e-06 -1.405112820035399e-22
8.767642875562218e-06 4.575575189599501e-21
8.797464790104947e-06 1.2010834054569028e-20
8.827286704647677e-06 6.633695669528359e-22
8.857108619190404e-06 -4.4296707713234584e-21
8.886930533733133e-06 5.467014241221593e-21
8.916752448275863e-06 5.924170665649971e-21
8.946574362818591e-06 1.348230565369255e-21
8.97639627736132e-06 -4.301190490274367e-21
9.006218191904047e-06 -2.4981249640901203e-21
9.036040106446777e-06 9.02500766805576e-21
9.065862020989505e-06 7.075882494214706e-22
9.095683935532234e-06 -9.97249814195588e-21
9.125505850074962e-06 1.422504084317064e-21
9.155327764617691e-06 3.069543739943207e-21
9.18514967916042e-06 -1.533851162702197e-21
9.21497159370315e-06 -4.740451203593121e-21
9.244793508245878e-06 -8.63822445558564e-21
9.274615422788605e-06 4.992213341861744e-21
9.304437337331333e-06 4.8798775756046265e-21
9.334259251874064e-06 -1.1922588013660639e-20
9.364081166416792e-06 -5.6245688752098805e-21
9.39390308095952e-06 5.5569883105400354e-21
9.42372499550225e-06 3.3048169337615627e-22
9.453546910044978e-06 -7.169875122512925e-21
9.483368824587706e-06 -7.947448129332128e-21
9.513190739130435e-06 7.769800970616633e-23
9.543012653673163e-06 5.2863419038524074e-21
9.572834568215892e-06 -8.609487411315324e-21
9.60265648275862e-06 -1.1108635476215243e-20
9.63247839730135e-06 3.863217660753421e-21
9.662300311844077e-06 2.4002971615504428e-21
9.692122226386806e-06 -4.113693813292075e-21
9.721944140929536e-06 -8.434768402659768e-21
9.751766055472265e-06 -2.4090526187619174e-21
9.781587970014993e-06 8.803996233166538e-21
9.81140988455772e-06 -4.099440534588626e-21
9.84123179910045e-06 -1.1446285948754766e-20
9.871053713643179e-06 1.5175646281759644e-21
9.900875628185907e-06 4.955107027475458e-21
9.930697542728636e-06 -3.1026691622923573e-21
9.960519457271364e-06 -7.639426470831849e-21
9.990341371814093e-06 -1.8058644329880705e-21
1.0020163286356821e-05 7.946990385430854e-21
1.004998520089955e-05 3.576348315660754e-21
1.0079807115442278e-05 -7.347401064519784e-21
1.0109629029985007e-05 1.7372092751793283e-21
1.0139450944527737e-05 9.808916245624368e-21
1.0169272859070466e-05 2.352917107635525e-21
1.0199094773613192e-05 -2.2598108139477153e-21
1.0228916688155921e-05 -1.7159746587023698e-21
1.0258738602698651e-05 8.660546885716124e-21
1.028856051724138e-05 1.00303539797911e-20
1.0318382431784108e-05 -4.276678322011815e-21
1.0348204346326837e-05 1.2305895706222603e-21
1.0378026260869565e-05 1.3204941999754197e-20
1.0407848175412294e-05 8.802876080289886e-21
1.0437670089955022e-05 3.628899404667973e-21
1.046749200449775e-05 3.418353075975789e-21
1.049731391904048e-05 1.2014422607344144e-20
1.0527135833583208e-05 1.8350264093816985e-20
1.0556957748125938e-05 5.29572816702243e-21
1.0586779662668665e-05 2.2402031998465744e-21
1.0616601577211393e-05 1.7091777834453287e-20
1.0646423491754124e-05 1.7742818359123413e-20
1.0676245406296852e-05 8.788933718838442e-21
1.070606732083958e-05 7.237042003249935e-21
1.0735889235382307e-05 1.5006680979872298e-20
1.0765711149925038e-05 2.3575619857881243e-20
1.0795533064467766e-05 1.5341328550097427e-20
1.0825354979010495e-05 7.44909834667436e-21
1.0855176893553223e-05 2.1204005395295115e-20
1.0884998808095952e-05 2.5977409964074874e-20
1.091482072263868e-05 1.7293927020561142e-20
1.094464263718141e-05 1.39506807379793e-20
1.0974464551724139e-05 1.7242544778588372e-20
1.1004286466266866e-05 2.925408729339389e-20
1.1034108380809594e-05 2.5090018024810673e-20
1.1063930295352325e-05 1.1911259308794479e-20
1.1093752209895053e-05 2.3175587987713374e-20
1.1123574124437782e-05 3.306170247732784e-20
1.115339603898051e-05 2.5500729628728168e-20
1.1183217953523239e-05 2.152739245814522e-20
1.1213039868065967e-05 2.349050518050072e-20
1.1242861782608696e-05 3.264925520221725e-20
1.1272683697151424e-05 3.687436623132834e-20
1.1302505611694153e-05 2.220594911984536e-20
1.1332327526236881e-05 2.4403958753659597e-20
1.1362149440779611e-05 3.9981427699275833e-20
1.1391971355322338e-05 3.3546292328781907e-20
1.1421793269865067e-05 2.6717659699458557e-20
1.1451615184407795e-05 2.9251320546867674e-20
1.1481437098950526e-05 3.630859322229468e-20
1.1511259013493254e-05 4.283807145804504e-20
1.1541080928035981e-05 3.09161184733508e-20
1.1570902842578711e-05 2.6679743915536472e-20
1.160072475712144e-05 4.3509331088826226e-20
1.1630546671664168e-05 4.5008087550725416e-20
1.1660368586206897e-05 3.393662249979496e-20
1.1690190500749625e-05 3.1977986988000946e-20
1.1720012415292354e-05 3.914566070230775e-20
1.1749834329835084e-05 4.7267109031711274e-20
1.177965624437781e-05 3.8900001650135805e-20
1.180947815892054e-05 3.046580368305928e-20
1.183930007346327e-05 4.469757477624452e-20
1.1869121988005996e-05 5.032478408795569e-20
1.1898943902548726e-05 3.895621646795281e-20
1.1928765817091455e-05 3.7715648038323976e-20
1.1958587731634182e-05 4.351364819505145e-20
1.1988409646176912e-05 5.269546951147016e-20
1.2018231560719642e-05 4.877615289574666e-20
1.2048053475262369e-05 3.3343157882587456e-20
1.2077875389805098e-05 4.456232198535837e-20
1.2107697304347824e-05 5.617044451261163e-20
1.2137519218890555e-05 4.534730145861553e-20
1.2167341133433283e-05 4.0038535750342777e-20
1.2197163047976012e-05 4.496637603911362e-20
1.222698496251874e-05 5.490299625254632e-20
1.225680687706147e-05 5.487128075592742e-20
1.2286628791604197e-05 4.086266321750208e-20
1.2316450706146926e-05 4.3264906744184695e-20
1.2346272620689656e-05 5.993078944744976e-20
1.2376094535232383e-05 5.427508385968277e-20
1.2405916449775113e-05 4.1295967627568846e-20
1.2435738364317842e-05 4.8083777429638376e-20
1.2465560278860568e-05 5.677263553785822e-20
1.2495382193403299e-05 5.848646443276614e-20
1.2525204107946029e-05 4.7724110319765804e-20
1.2555026022488756e-05 4.18689043177088e-20
1.2584847937031484e-05 6.000741079093757e-20
1.2614669851574211e-05 6.274691746768575e-20
1.2644491766116941e-05 4.7269116998912873e-20
1.2674313680659671e-05 4.7337013184745766e-20
1.2704135595202398e-05 5.7554345313202e-20
1.2733957509745127e-05 6.353276395204777e-20
1.2763779424287857e-05 5.446251536712846e-20
1.2793601338830584e-05 4.4533947520743806e-20
1.2823423253373314e-05 5.739737181360994e-20
1.2853245167916042e-05 6.622823116930919e-20
1.288306708245877e-05 5.287876863523018e-20
1.29128889970015e-05 4.8290694501724174e-20
1.294271091154423e-05 5.837215294199205e-20
1.2972532826086957e-05 6.58076204248977e-20
1.3002354740629685e-05 6.067687812883489e-20
1.3032176655172415e-05 4.705422006808931e-20
1.3061998569715142e-05 5.699045625360914e-20
1.3091820484257872e-05 7.150230440708879e-20
1.31216423988006e-05 5.809287002158509e-20
1.3151464313343328e-05 5.037517725275639e-20
1.3181286227886058e-05 5.809972709233791e-20
1.3211108142428785e-05 6.692537932884389e-20
1.3240930056971515e-05 6.646080309339976e-20
1.3270751971514243e-05 5.0473735370473876e-20
1.330057388605697e-05 5.366595265305775e-20
1.33303958005997e-05 7.30999208737765e-20
1.3360217715142429e-05 6.65646049548473e-20
1.3390039629685158e-05 5.198219709413823e-20
1.3419861544227886e-05 5.759447160120897e-20
1.3449683458770616e-05 6.907566728273421e-20
1.3479505373313343e-05 6.771593722991483e-20
1.3509327287856072e-05 5.637609640853878e-20
1.3539149202398802e-05 5.354534542032421e-20
1.3568971116941529e-05 6.86158124466115e-20
1.3598793031484259e-05 7.157547550309982e-20
1.3628614946026986e-05 5.325613151313121e-20
1.3658436860569714e-05 5.452351631450205e-20
1.3688258775112444e-05 6.736848537831069e-20
1.3718080689655171e-05 6.936790802909242e-20
1.3747902604197901e-05 5.995305290121955e-20
1.377772451874063e-05 5.015824612819029e-20
1.3807546433283357e-05 6.527590526095175e-20
1.3837368347826087e-05 7.35571947111677e-20
1.3867190262368817e-05 5.610566942500464e-20
1.3897012176911544e-05 5.112427178011927e-20
1.3926834091454273e-05 6.301665640166264e-20
1.3956656005997003e-05 7.019843265678367e-20
1.398647792053973e-05 5.99236738233894e-20
1.401629983508246e-05 4.8145810699283965e-20
1.4046121749625187e-05 5.952035571726242e-20
1.4075943664167915e-05 7.082461722512079e-20
1.4105765578710645e-05 5.952409456734737e-20
1.4135587493253372e-05 4.9106282227230644e-20
1.4165409407796102e-05 5.709653930947058e-20
1.4195231322338831e-05 6.737196331625517e-20
1.4225053236881558e-05 6.043598747461674e-20
1.4254875151424288e-05 4.6426679906321806e-20
1.4284697065967018e-05 5.068198116786979e-20
1.4314518980509745e-05 6.535322628175013e-20
1.4344340895052474e-05 5.88574775097115e-20
1.4374162809595204e-05 4.456937378675179e-20
1.440398472413793e-05 4.968448149033216e-20
1.443380663868066e-05 6.102191596528824e-20
1.446362855322339e-05 5.921412937524997e-20
1.4493450467766116e-05 4.3724642986318844e-20
1.4523272382308846e-05 4.203353329935943e-20
1.4553094296851573e-05 5.842401049025337e-20
1.4582916211394303e-05 5.713913994008454e-20
1.4612738125937032e-05 4.035202468790752e-20
1.4642560040479759e-05 3.948715467343029e-20
1.4672381955022489e-05 5.228756875497578e-20
1.4702203869565217e-05 5.470820175193969e-20
1.4732025784107946e-05 4.0364965419066993e-20
1.4761847698650674e-05 3.291482644637321e-20
1.4791669613193405e-05 4.8056622261278066e-20
1.4821491527736132e-05 5.3321251753744376e-20
1.485131344227886e-05 3.731301506156885e-20
1.488113535682159e-05 3.0318181548413977e-20
1.4910957271364317e-05 4.168719790784515e-20
1.4940779185907047e-05 5.0468114487039867e-20
1.4970601100449776e-05 3.6541692805113745e-20
1.5000423014992503e-05 2.3485002621665663e-20
1.5030244929535233e-05 3.599372451010905e-20
1.506006684407796e-05 4.5520069706499005e-20
1.508988875862069e-05 3.109736578034714e-20
1.5119710673163418e-05 2.0825124114094258e-20
1.5149532587706145e-05 2.980199942121042e-20
1.5179354502248875e-05 3.953038727148424e-20
1.5209176416791606e-05 3.0503510229763464e-20
1.5238998331334332e-05 1.4882414313677925e-20
1.5268820245877063e-05 2.2537991911988917e-20
1.529864216041979e-05 3.544196266583117e-20
1.5328464074962516e-05 2.593657948582403e-20
1.5358285989505248e-05 1.2113239334818998e-20
1.5388107904047977e-05 1.5893093194133227e-20
1.5417929818590705e-05 2.721001940659329e-20
1.5447751733133434e-05 2.3433477517687394e-20
1.5477573647676162e-05 6.003832589047733e-21
1.550739556221889e-05 5.856956122689328e-21
1.553721747676162e-05 2.4426692889073496e-20
1.5567039391304348e-05 1.9351483077940264e-20
1.5596861305847076e-05 1.384548953883275e-22
1.5626683220389805e-05 4.766328462648774e-21
1.5656505134932533e-05 1.5179381375787634e-20
1.5686327049475262e-05 1.2920690346103188e-20
1.571614896401799e-05 -1.415738802469917e-21
1.574597087856072e-05 -9.31998554138054e-21
1.5775792793103448e-05 8.41398832401581e-21
1.580561470764618e-05 1.104781480366492e-20
1.5835436622188905e-05 -1.0298601742901426e-20
1.5865258536731633e-05 -1.1133790366771357e-20
1.5895080451274365e-05 5.950773043801485e-22
1.592490236581709e-05 2.575760394481902e-21
1.5954724280359822e-05 -9.059731486877048e-21
1.598454619490255e-05 -2.206393491705678e-20
1.6014368109445276e-05 -9.072137579105582e-21
1.6044190023988008e-05 1.5745778774659022e-21
1.6074011938530733e-05 -1.759329532533168e-20
1.6103833853073465e-05 -2.613587506467032e-20
1.6133655767616193e-05 -1.5173629956338192e-20
1.6163477682158918e-05 -9.991883163596032e-21
1.619329959670165e-05 -1.908940593606248e-20
1.622312151124438e-05 -3.358867604088982e-20
1.6252943425787107e-05 -2.748579928638159e-20
1.6282765340329836e-05 -1.066115169076617e-20
1.6312587254872564e-05 -2.1734859467849402e-20
1.6342409169415293e-05 -4.064161659056793e-20
1.637223108395802e-05 -2.910300063499855e-20
1.640205299850075e-05 -1.8635538486183347e-20
1.643187491304348e-05 -2.870720476059517e-20
1.6461696827586207e-05 -4.242924602019529e-20
1.6491518742128935e-05 -4.181486180882999e-20
1.6521340656671664e-05 -2.371364090729721e-20
1.6551162571214392e-05 -3.1878014516842986e-20
1.658098448575712e-05 -5.2321376927920764e-20
1.661080640029985e-05 -4.399017470103755e-20
1.6640628314842578e-05 -3.253984148530196e-20
1.6670450229385306e-05 -3.594528474199245e-20
1.6700272143928035e-05 -5.109385642557813e-20
1.6730094058470767e-05 -5.356270532768338e-20
1.6759915973013492e-05 -3.633462196315888e-20
1.678973788755622e-05 -3.940845418914557e-20
1.6819559802098952e-05 -5.859831074051598e-20
1.6849381716641678e-05 -5.785885910585675e-20
1.687920363118441e-05 -4.499069763458176e-20
1.6909025545727138e-05 -4.493766252677173e-20
1.6938847460269863e-05 -5.860341666782967e-20
1.6968669374812595e-05 -6.733958001410175e-20
1.699849128935532e-05 -5.3010672110026026e-20
1.7028313203898052e-05 -4.4044562558524e-20
1.705813511844078e-05 -6.392652825003393e-20
1.7087957032983506e-05 -7.110872680907456e-20
1.7117778947526238e-05 -5.55251923246338e-20
1.7147600862068966e-05 -5.183772968962797e-20
1.7177422776611695e-05 -6.511294548388557e-20
1.7207244691154423e-05 -7.475813093182389e-20
1.7237066605697152e-05 -6.698682654449976e-20
1.726688852023988e-05 -5.430749908449883e-20
1.729671043478261e-05 -6.593694796947085e-20
1.7326532349325337e-05 -8.256996506913621e-20
1.7356354263868066e-05 -6.8860398869486e-20
1.7386176178410794e-05 -5.910747844972454e-20
1.7415998092953523e-05 -7.021072050334713e-20
1.744582000749625e-05 -8.132398501979762e-20
1.747564192203898e-05 -7.969786862856047e-20
1.750546383658171e-05 -6.214180683441329e-20
1.7535285751124437e-05 -6.818226917453969e-20
1.7565107665667165e-05 -9.095118920178908e-20
1.7594929580209894e-05 -8.147848603407299e-20
1.7624751494752622e-05 -6.748186831542906e-20
1.7654573409295354e-05 -7.679456879572011e-20
1.768439532383808e-05 -8.909416168224336e-20
1.7714217238380808e-05 -8.900707349313472e-20
1.774403915292354e-05 -7.474656534020202e-20
1.7773861067466265e-05 -7.349192873152521e-20
1.7803682982008997e-05 -9.396756109315582e-20
1.7833504896551725e-05 -9.407387698712707e-20
1.786332681109445e-05 -7.626495629329475e-20
1.7893148725637183e-05 -8.10962966801505e-20
1.792297064017991e-05 -9.672436456052316e-20
1.795279255472264e-05 -9.721778609908666e-20
1.7982614469265368e-05 -8.530136164586024e-20
1.8012436383808093e-05 -8.198662416756089e-20
1.8042258298350825e-05 -9.896703959097483e-20
1.8072080212893554e-05 -1.0335937486601447e-19
1.8101902127436282e-05 -8.673536612016248e-20
1.813172404197901e-05 -8.672200279773722e-20
1.816154595652174e-05 -1.0031156971695232e-19
1.8191367871064468e-05 -1.0436686168529042e-19
1.8221189785607196e-05 -9.627731198184682e-20
1.8251011700149925e-05 -8.591715843017647e-20
1.8280833614692653e-05 -9.913695063731267e-20
1.8310655529235382e-05 -1.1450927406393626e-19
1.8340477443778114e-05 -9.856287469274712e-20
1.837029935832084e-05 -9.139128574841068e-20
1.8400121272863567e-05 -1.0536982346325997e-19
1.84299431874063e-05 -1.1289459035106455e-19
1.8459765101949024e-05 -1.0602135670085747e-19
1.8489587016491756e-05 -9.292355674825668e-20
1.851940893103448e-05 -1.0233128052743105e-19
1.854923084557721e-05 -1.1819731910512794e-19
1.8579052760119942e-05 -1.085500827080049e-19
1.8608874674662667e-05 -9.646720012111134e-20
1.86386965892054e-05 -1.0558054059759439e-19
1.8668518503748127e-05 -1.1868126848243556e-19
1.8698340418290853e-05 -1.1349396792464696e-19
1.8728162332833584e-05 -1.0096807851806832e-19
1.8757984247376313e-05 -1.0552745956231055e-19
1.878780616191904e-05 -1.2242874645088657e-19
1.881762807646177e-05 -1.1793258414064651e-19
1.88474499910045e-05 -1.0114713688905792e-19
1.8877271905547227e-05 -1.0866846653561884e-19
1.8907093820089956e-05 -1.2247080852372234e-19
1.8936915734632684e-05 -1.183742132401437e-19
1.8966737649175413e-05 -1.069967622785192e-19
1.899655956371814e-05 -1.0622191584228091e-19
1.902638147826087e-05 -1.2190585898349206e-19
1.9056203392803598e-05 -1.2469803105821625e-19
1.9086025307346327e-05 -1.0625345472397097e-19
1.9115847221889055e-05 -1.081199187369484e-19
1.9145669136431784e-05 -1.2404992714881994e-19
1.9175491050974512e-05 -1.2335569275968357e-19
1.920531296551724e-05 -1.131716464295961e-19
1.923513488005997e-05 -1.0686333209882654e-19
1.92649567946027e-05 -1.1805913478964654e-19
1.9294778709145426e-05 -1.2733526629843632e-19
1.9324600623688155e-05 -1.1270841957395222e-19
1.9354422538230887e-05 -1.0605928034897965e-19
1.9384244452773612e-05 -1.2044818216748168e-19
1.9414066367316344e-05 -1.2649781392367088e-19
1.9443888281859072e-05 -1.1517070068244346e-19
1.9473710196401797e-05 -1.0770073569836598e-19
1.950353211094453e-05 -1.170032861039153e-19
1.9533354025487254e-05 -1.259524395343748e-19
1.9563175940029986e-05 -1.1705557292447224e-19
1.9592997854572715e-05 -1.0688092735600109e-19
1.962281976911544e-05 -1.163945970425717e-19
1.9652641683658172e-05 -1.2565518040861412e-19
1.96824635982009e-05 -1.1605592402915433e-19
1.971228551274363e-05 -1.0660615948923903e-19
1.9742107427286357e-05 -1.1109198715037087e-19
1.9771929341829086e-05 -1.2405822480294423e-19
1.9801751256371815e-05 -1.2086454600700207e-19
1.9831573170914543e-05 -1.0430552891908655e-19
