0.0 -1.383621883907572e-19
2.981674420600858e-08 -1.3183243774225613e-19
5.963348841201717e-08 -1.1469818410213664e-19
8.945023261802575e-08 -1.3149685700998073e-19
1.1926697682403433e-07 -1.487272203182374e-19
1.4908372103004292e-07 -1.4413358074545468e-19
1.789004652360515e-07 -1.364958365997332e-19
2.0871720944206008e-07 -1.350114751744033e-19
2.3853395364806867e-07 -1.5837834198764135e-19
2.683506978540772e-07 -1.655876295511614e-19
2.9816744206008583e-07 -1.3985683667498559e-19
3.2798418626609444e-07 -1.4965938482403733e-19
3.57800930472103e-07 -1.7387946058555406e-19
3.876176746781116e-07 -1.7088024663167338e-19
4.1743441888412016e-07 -1.628578909063356e-19
4.472511630901288e-07 -1.5850861339144678e-19
4.770679072961373e-07 -1.7881818631450713e-19
5.068846515021459e-07 -1.9394349689254562e-19
5.367013957081544e-07 -1.6930022438430767e-19
5.665181399141631e-07 -1.6905183910404524e-19
5.963348841201717e-07 -1.9536695809967663e-19
6.261516283261803e-07 -1.9827807981531726e-19
6.559683725321889e-07 -1.889045156877588e-19
6.857851167381974e-07 -1.8216834180769564e-19
7.15601860944206e-07 -1.9607912300566388e-19
7.454186051502147e-07 -2.182304786796518e-19
7.752353493562232e-07 -2.0134711920703966e-19
8.050520935622318e-07 -1.8885408682206499e-19
8.348688377682403e-07 -2.1569906402530367e-19
8.64685581974249e-07 -2.233430661017109e-19
8.945023261802575e-07 -2.130736446860888e-19
9.243190703862661e-07 -2.0981800626825214e-19
9.541358145922747e-07 -2.15759778010439e-19
9.839525587982833e-07 -2.3839830575544854e-19
1.0137693030042918e-06 -2.3191772079274016e-19
1.0435860472103004e-06 -2.0939336784743925e-19
1.0734027914163089e-06 -2.3132097461390933e-19
1.1032195356223176e-06 -2.495170175676141e-19
1.1330362798283262e-06 -2.3901925963187155e-19
1.1628530240343349e-06 -2.3361334213148563e-19
1.1926697682403433e-06 -2.356647592545013e-19
1.222486512446352e-06 -2.5680840928776284e-19
1.2523032566523607e-06 -2.6220051095773344e-19
1.282120000858369e-06 -2.357209885668113e-19
1.3119367450643778e-06 -2.469088947154354e-19
1.3417534892703862e-06 -2.725982850292231e-19
1.3715702334763949e-06 -2.637503478018661e-19
1.4013869776824033e-06 -2.5445599745988857e-19
1.431203721888412e-06 -2.5591484860071726e-19
1.4610204660944207e-06 -2.729794228143166e-19
1.4908372103004293e-06 -2.870179081718704e-19
1.5206539545064378e-06 -2.635987991066875e-19
1.5504706987124464e-06 -2.602664797854421e-19
1.580287442918455e-06 -2.9096261879017216e-19
1.6101041871244635e-06 -2.9026687349968233e-19
1.6399209313304722e-06 -2.7670593582538714e-19
1.6697376755364807e-06 -2.7647761775132256e-19
1.6995544197424893e-06 -2.8805455635466143e-19
1.729371163948498e-06 -3.0520499077729546e-19
1.7591879081545064e-06 -2.894680629588776e-19
1.789004652360515e-06 -2.770686558279005e-19
1.8188213965665235e-06 -3.045513273042493e-19
1.8486381407725322e-06 -3.1150236475169737e-19
1.8784548849785407e-06 -2.971879139908265e-19
1.9082716291845493e-06 -2.9648887536327055e-19
1.938088373390558e-06 -3.0295987259123243e-19
1.9679051175965666e-06 -3.2157217588988545e-19
1.997721861802575e-06 -3.172118999776262e-19
2.0275386060085835e-06 -2.947135112392118e-19
2.0573553502145924e-06 -3.1352106568772614e-19
2.087172094420601e-06 -3.329526787028925e-19
2.1169888386266097e-06 -3.186603735795201e-19
2.1468055828326178e-06 -3.092506467598918e-19
2.1766223270386266e-06 -3.1705820279909336e-19
2.206439071244635e-06 -3.352466800904509e-19
2.236255815450644e-06 -3.3634884747013045e-19
2.2660725596566524e-06 -3.144600712240794e-19
2.295889303862661e-06 -3.2268007329134263e-19
2.3257060480686698e-06 -3.4669610188696603e-19
2.355522792274678e-06 -3.385414847653683e-19
2.3853395364806867e-06 -3.2702359728271217e-19
2.415156280686695e-06 -3.3061337013912896e-19
2.444973024892704e-06 -3.441286413021643e-19
2.4747897690987124e-06 -3.5378750999657306e-19
2.5046065133047213e-06 -3.3264303785019225e-19
2.5344232575107293e-06 -3.2906019199415664e-19
2.564240001716738e-06 -3.595972524187768e-19
2.594056745922747e-06 -3.5598478538550867e-19
2.6238734901287555e-06 -3.389328163117791e-19
2.653690234334764e-06 -3.4359548068255238e-19
2.6835069785407724e-06 -3.537351323587367e-19
2.7133237227467813e-06 -3.665950430232062e-19
2.7431404669527898e-06 -3.527645017086983e-19
2.7729572111587986e-06 -3.3767031413916624e-19
2.8027739553648067e-06 -3.644153893657927e-19
2.8325906995708155e-06 -3.725239171162617e-19
2.862407443776824e-06 -3.516831873353269e-19
2.892224187982833e-06 -3.5165921277482965e-19
2.9220409321888413e-06 -3.6276147743420107e-19
2.9518576763948498e-06 -3.748070300721341e-19
2.9816744206008586e-06 -3.6843163295010907e-19
3.011491164806867e-06 -3.4707593228644723e-19
3.0413079090128755e-06 -3.670582048436026e-19
3.071124653218884e-06 -3.865246601838928e-19
3.100941397424893e-06 -3.6571768694194807e-19
3.1307581416309013e-06 -3.5868563609642536e-19
3.16057488583691e-06 -3.690883988247324e-19
3.1903916300429186e-06 -3.8041360123985905e-19
3.220208374248927e-06 -3.796871124379085e-19
3.250025118454936e-06 -3.581272543084735e-19
3.2798418626609444e-06 -3.662027794524679e-19
3.309658606866953e-06 -3.9138713819312863e-19
3.3394753510729613e-06 -3.7665148052603494e-19
3.36929209527897e-06 -3.645170630408112e-19
3.3991088394849786e-06 -3.7416327151047483e-19
3.428925583690987e-06 -3.821401526789246e-19
3.458742327896996e-06 -3.8808032327611456e-19
3.4885590721030044e-06 -3.6973807481273e-19
3.518375816309013e-06 -3.656237663010472e-19
3.5481925605150217e-06 -3.921828512434611e-19
3.57800930472103e-06 -3.8621832868295023e-19
3.6078260489270386e-06 -3.6921493257581843e-19
3.637642793133047e-06 -3.733248204387468e-19
3.667459537339056e-06 -3.8222591392039006e-19
3.6972762815450644e-06 -3.9081935762359786e-19
3.727093025751073e-06 -3.783730530734366e-19
3.7569097699570813e-06 -3.6546897244450465e-19
3.7867265141630906e-06 -3.8766881935934647e-19
3.816543258369099e-06 -3.937084195213419e-19
3.846360002575107e-06 -3.7234742040723855e-19
3.876176746781116e-06 -3.716991043408093e-19
3.905993490987125e-06 -3.817861488025648e-19
3.935810235193133e-06 -3.892130825244626e-19
3.965626979399142e-06 -3.8152164449909163e-19
3.99544372360515e-06 -3.6407433217476387e-19
4.025260467811159e-06 -3.8004326221718174e-19
4.055077212017167e-06 -3.9528064033075307e-19
4.0848939562231755e-06 -3.7546707978230043e-19
4.114710700429185e-06 -3.6779951547721844e-19
4.144527444635193e-06 -3.78655820334523e-19
4.174344188841202e-06 -3.860633593716674e-19
4.204160933047211e-06 -3.823169256079889e-19
4.2339776772532195e-06 -3.6540576343849944e-19
4.263794421459227e-06 -3.696712653769506e-19
4.2936111656652356e-06 -3.8945020112409225e-19
4.323427909871245e-06 -3.773798543828895e-19
4.353244654077253e-06 -3.6105683008995416e-19
4.383061398283262e-06 -3.708836153322846e-19
4.41287814248927e-06 -3.802237930014192e-19
4.4426948866952795e-06 -3.7870894895805816e-19
4.472511630901288e-06 -3.6384225025232674e-19
4.502328375107296e-06 -3.588350470284353e-19
4.532145119313305e-06 -3.8117155891746467e-19
4.561961863519313e-06 -3.77638549733446e-19
4.591778607725322e-06 -3.5464133002233523e-19
4.62159535193133e-06 -3.6182322581638883e-19
4.6514120961373395e-06 -3.719772917400038e-19
4.681228840343348e-06 -3.702275823638076e-19
4.711045584549356e-06 -3.589798502388027e-19
4.740862328755365e-06 -3.4849915284858103e-19
4.770679072961373e-06 -3.672889327784142e-19
4.800495817167382e-06 -3.7299856147052447e-19
4.83031256137339e-06 -3.5028255308028523e-19
4.8601293055793995e-06 -3.4994957577071257e-19
4.889946049785408e-06 -3.6111353111177816e-19
4.919762793991416e-06 -3.620527111679336e-19
4.949579538197425e-06 -3.5506930034523695e-19
4.979396282403434e-06 -3.396431390089127e-19
5.009213026609443e-06 -3.4870610671845423e-19
5.039029770815451e-06 -3.6395374785670628e-19
5.068846515021459e-06 -3.4245928093723504e-19
5.098663259227468e-06 -3.340221189612663e-19
5.128480003433476e-06 -3.472379815439439e-19
5.158296747639485e-06 -3.4872623926327463e-19
5.188113491845494e-06 -3.4491824865588135e-19
5.217930236051503e-06 -3.2742075669805503e-19
5.247746980257511e-06 -3.308100818230976e-19
5.2775637244635195e-06 -3.5205975979676314e-19
5.307380468669528e-06 -3.3493648265283867e-19
5.337197212875536e-06 -3.193080396257184e-19
5.367013957081545e-06 -3.2889659182055823e-19
5.396830701287553e-06 -3.3452172925444463e-19
5.426647445493563e-06 -3.30368788932895e-19
5.456464189699571e-06 -3.147029002932049e-19
5.4862809339055795e-06 -3.1190566454021233e-19
5.516097678111589e-06 -3.301844524827135e-19
5.545914422317597e-06 -3.24697280340494e-19
5.575731166523605e-06 -3.018476550957538e-19
5.605547910729613e-06 -3.0856678459559033e-19
5.635364654935623e-06 -3.184745403011595e-19
5.665181399141631e-06 -3.128395006495473e-19
5.6949981433476395e-06 -3.0369509516178885e-19
5.724814887553648e-06 -2.9046650811539813e-19
5.754631631759657e-06 -3.0460257782657313e-19
5.784448375965666e-06 -3.118801219140913e-19
5.814265120171674e-06 -2.8371405155481335e-19
5.844081864377683e-06 -2.8371970607163865e-19
5.873898608583691e-06 -2.9585316117219613e-19
5.9037153527896995e-06 -2.9086088698700147e-19
5.933532096995708e-06 -2.8418620490528753e-19
5.963348841201717e-06 -2.697791793140098e-19
5.993165585407726e-06 -2.7788891023221742e-19
6.022982329613734e-06 -2.914040877336405e-19
6.052799073819743e-06 -2.6743418544320556e-19
6.082615818025751e-06 -2.5735667748645036e-19
6.1124325622317595e-06 -2.7059684342560284e-19
6.142249306437768e-06 -2.68643456342018e-19
6.172066050643777e-06 -2.611754064143289e-19
6.201882794849786e-06 -2.4854064986002435e-19
6.231699539055794e-06 -2.473179556553079e-19
6.261516283261803e-06 -2.631257429426274e-19
6.291333027467812e-06 -2.496751349492013e-19
6.32114977167382e-06 -2.306909353511585e-19
6.350966515879828e-06 -2.395562019046233e-19
6.380783260085837e-06 -2.427672677233658e-19
6.410600004291846e-06 -2.3651812357808526e-19
6.440416748497854e-06 -2.250103477882841e-19
6.470233492703863e-06 -2.1774514753899056e-19
6.500050236909872e-06 -2.310164853842565e-19
6.52986698111588e-06 -2.2463987257674186e-19
6.559683725321889e-06 -2.0261489204472308e-19
6.589500469527897e-06 -2.0784770937699228e-19
6.619317213733906e-06 -2.1516904565223595e-19
6.649133957939914e-06 -2.0781332489440788e-19
6.678950702145923e-06 -1.9610782997612542e-19
6.708767446351932e-06 -1.870866587468433e-19
6.73858419055794e-06 -1.9692901681688257e-19
6.768400934763949e-06 -2.007235267067079e-19
6.798217678969957e-06 -1.7598254479330399e-19
6.828034423175966e-06 -1.7130263364350146e-19
6.857851167381974e-06 -1.845414199287531e-19
6.8876679115879835e-06 -1.7689437653583907e-19
6.917484655793992e-06 -1.6666833484631298e-19
6.9473014e-06 -1.5608104028728803e-19
6.977118144206009e-06 -1.596839813171831e-19
7.006934888412017e-06 -1.7181887262357198e-19
7.036751632618026e-06 -1.485803775905309e-19
7.066568376824034e-06 -1.3531798850137156e-19
7.0963851210300435e-06 -1.5096098858993152e-19
7.126201865236052e-06 -1.4719455422056146e-19
7.15601860944206e-06 -1.3499916614570462e-19
7.185835353648069e-06 -1.2560089274174008e-19
7.215652097854077e-06 -1.2361216244172162e-19
7.245468842060086e-06 -1.3425625884469006e-19
7.275285586266094e-06 -1.204901669215886e-19
7.305102330472103e-06 -1.0135036445320525e-19
7.334919074678112e-06 -1.1247405442082013e-19
7.36473581888412e-06 -1.133307307534465e-19
7.394552563090129e-06 -1.0275248445211718e-19
7.424369307296137e-06 -9.444853674290973e-20
7.454186051502146e-06 -8.445087676763892e-20
7.484002795708154e-06 -9.752497394456609e-20
7.513819539914163e-06 -9.48397705693078e-20
7.543636284120173e-06 -6.654666956855209e-20
7.573453028326181e-06 -7.086065084718804e-20
7.60326977253219e-06 -7.984154244344093e-20
7.633086516738197e-06 -6.833230283951562e-20
7.662903260944206e-06 -5.813691362859037e-20
7.692720005150214e-06 -4.850609448802073e-20
7.722536749356223e-06 -5.537045481774256e-20
7.752353493562233e-06 -6.06892321322056e-20
7.782170237768241e-06 -3.4925538457781325e-20
7.81198698197425e-06 -2.9560497200909285e-20
7.841803726180258e-06 -4.5003569089772877e-20
7.871620470386267e-06 -3.387702842251607e-20
7.901437214592275e-06 -2.0841646423680955e-20
7.931253958798283e-06 -1.5169823070191558e-20
7.961070703004294e-06 -1.4788735521334998e-20
7.9908874472103e-06 -2.1933797131480848e-20
8.020704191416309e-06 -4.990768031952273e-21
8.050520935622317e-06 1.1477386091228864e-20
8.080337679828326e-06 -1.3388823220554691e-21
8.110154424034334e-06 -8.745298403305504e-22
8.139971168240343e-06 1.493061086184826e-20
8.169787912446351e-06 2.2541804605233184e-20
8.199604656652361e-06 2.3946567503079827e-20
8.22942140085837e-06 1.5627873872556867e-20
8.259238145064378e-06 2.7543075875876005e-20
8.289054889270387e-06 5.058757313965618e-20
8.318871633476395e-06 3.998541616828198e-20
8.348688377682403e-06 3.5613020258504115e-20
8.378505121888412e-06 5.28619725458727e-20
8.408321866094422e-06 5.966501714285941e-20
8.43813861030043e-06 6.370992922301971e-20
8.467955354506439e-06 5.982705703863034e-20
8.497772098712447e-06 6.219609943874481e-20
8.527588842918454e-06 8.48458212448193e-20
8.557405587124463e-06 8.363974472147943e-20
8.587222331330471e-06 7.244780085382138e-20
8.617039075536481e-06 8.655683909007558e-20
8.64685581974249e-06 9.879541124980639e-20
8.676672563948498e-06 1.0140640874450541e-19
8.706489308154507e-06 9.887543863944089e-20
8.736306052360515e-06 9.846771304852156e-20
8.766122796566524e-06 1.187415654052476e-19
8.795939540772532e-06 1.2660362119520245e-19
8.82575628497854e-06 1.1165293375498888e-19
8.85557302918455e-06 1.1981333940984791e-19
8.885389773390559e-06 1.3611820982667476e-19
8.915206517596567e-06 1.390385672755149e-19
8.945023261802576e-06 1.385233160205382e-19
8.974840006008584e-06 1.3434185284299745e-19
9.004656750214593e-06 1.5041443344529907e-19
9.034473494420601e-06 1.6544754097334432e-19
9.06429023862661e-06 1.5186868542247786e-19
9.094106982832618e-06 1.537175727167464e-19
9.123923727038627e-06 1.71420350755571e-19
9.153740471244635e-06 1.7796860411582302e-19
9.183557215450644e-06 1.7726734796024044e-19
9.213373959656652e-06 1.7193170560460288e-19
9.24319070386266e-06 1.8148959528399257e-19
9.27300744806867e-06 2.0137937794819028e-19
9.302824192274679e-06 1.9405194692428084e-19
9.332640936480687e-06 1.853440624721574e-19
9.362457680686696e-06 2.0374266726074812e-19
9.392274424892704e-06 2.1463419150739663e-19
9.422091169098713e-06 2.1253847020276914e-19
9.451907913304721e-06 2.11583923189821e-19
9.48172465751073e-06 2.1624965637084838e-19
9.51154140171674e-06 2.3384481696716575e-19
9.541358145922747e-06 2.3424033418324684e-19
9.571174890128755e-06 2.223851537292371e-19
9.600991634334764e-06 2.3515865366868767e-19
9.630808378540772e-06 2.471091926767945e-19
9.66062512274678e-06 2.484991347406006e-19
9.690441866952789e-06 2.4665977595763686e-19
9.720258611158799e-06 2.4751230468596815e-19
9.750075355364807e-06 2.6620752430507154e-19
9.779892099570816e-06 2.7056234661421217e-19
9.809708843776824e-06 2.5895909067903905e-19
9.839525587982833e-06 2.6788796151022002e-19
9.869342332188841e-06 2.827051312665555e-19
9.89915907639485e-06 2.847559204913149e-19
9.92897582060086e-06 2.810492107267299e-19
9.958792564806868e-06 2.807625899844244e-19
9.988609309012877e-06 2.954667084392506e-19
1.0018426053218885e-05 3.060220126770464e-19
1.0048242797424894e-05 2.943303827388411e-19
1.0078059541630902e-05 2.958436835482164e-19
1.0107876285836909e-05 3.135835765872543e-19
1.0137693030042917e-05 3.17464928894226e-19
1.0167509774248927e-05 3.1468209774127196e-19
1.0197326518454936e-05 3.1352412706223925e-19
1.0227143262660944e-05 3.2286921996756654e-19
1.0256960006866953e-05 3.3729805879284087e-19
1.0286776751072961e-05 3.3029739550927504e-19
1.031659349527897e-05 3.256900098187628e-19
1.0346410239484978e-05 3.405804205005022e-19
1.0376226983690988e-05 3.4751895410474863e-19
1.0406043727896997e-05 3.4604692364422912e-19
1.0435860472103005e-05 3.435360044231179e-19
1.0465677216309014e-05 3.4887329659915617e-19
1.0495493960515022e-05 3.6570713841652257e-19
1.052531070472103e-05 3.6322607666579734e-19
1.0555127448927039e-05 3.539996439276402e-19
1.0584944193133047e-05 3.672974077857101e-19
1.0614760937339056e-05 3.7711264169700248e-19
1.0644577681545064e-05 3.7531588272888286e-19
1.0674394425751073e-05 3.725573658019196e-19
1.0704211169957081e-05 3.7434039119679315e-19
1.073402791416309e-05 3.892348365833523e-19
1.0763844658369098e-05 3.904334195204363e-19
1.0793661402575107e-05 3.7905453462192837e-19
1.0823478146781117e-05 3.8977748453791343e-19
1.0853294890987125e-05 4.0041261231168647e-19
1.0883111635193134e-05 3.996158995763165e-19
1.0912928379399142e-05 3.9913100071554787e-19
1.094274512360515e-05 3.9664249353740367e-19
1.0972561867811159e-05 4.0883801053128695e-19
1.1002378612017167e-05 4.180869366196762e-19
1.1032195356223178e-05 4.0558748367624585e-19
1.1062012100429186e-05 4.0608853726622724e-19
1.1091828844635195e-05 4.2045898227576575e-19
1.1121645588841201e-05 4.21939548184433e-19
1.115146233304721e-05 4.1852859277132944e-19
1.1181279077253218e-05 4.168490125987327e-19
1.1211095821459227e-05 4.244379812612654e-19
1.1240912565665237e-05 4.374330027396274e-19
1.1270729309871245e-05 4.274471133205451e-19
1.1300546054077254e-05 4.2301927118665927e-19
1.1330362798283262e-05 4.37790745641499e-19
1.136017954248927e-05 4.397677258851156e-19
1.1389996286695279e-05 4.380657976591052e-19
1.1419813030901287e-05 4.351427814400482e-19
1.1449629775107296e-05 4.368675552519606e-19
1.1479446519313306e-05 4.5033204214556e-19
1.1509263263519315e-05 4.4545034084759515e-19
1.1539080007725323e-05 4.36091030913421e-19
1.1568896751931331e-05 4.474276834509829e-19
1.159871349613734e-05 4.542726197249788e-19
1.1628530240343348e-05 4.507912866353059e-19
1.1658346984549355e-05 4.49698926098232e-19
1.1688163728755365e-05 4.497334301753757e-19
1.1717980472961374e-05 4.577304728051254e-19
1.1747797217167382e-05 4.621500253886878e-19
1.177761396137339e-05 4.496341200964298e-19
1.1807430705579399e-05 4.534376063181525e-19
1.1837247449785407e-05 4.657392882814376e-19
1.1867064193991416e-05 4.606487130772154e-19
1.1896880938197426e-05 4.59594761627934e-19
1.1926697682403435e-05 4.581458108665479e-19
1.1956514426609443e-05 4.642940310933232e-19
1.1986331170815451e-05 4.733046880560633e-19
1.201614791502146e-05 4.582218982700946e-19
1.2045964659227468e-05 4.588083233197486e-19
1.2075781403433477e-05 4.7355285462019925e-19
1.2105598147639485e-05 4.697771887457403e-19
1.2135414891845494e-05 4.658173196377586e-19
1.2165231636051502e-05 4.630443767421691e-19
1.219504838025751e-05 4.665906086471864e-19
1.2224865124463519e-05 4.7508688100873525e-19
1.2254681868669527e-05 4.661367785222385e-19
1.2284498612875536e-05 4.600605047753909e-19
1.2314315357081544e-05 4.727816782826516e-19
1.2344132101287555e-05 4.754679144460464e-19
1.2373948845493563e-05 4.673019997038173e-19
1.2403765589699571e-05 4.668610328179697e-19
1.243358233390558e-05 4.68416858979915e-19
1.2463399078111588e-05 4.752910917205893e-19
1.2493215822317597e-05 4.728176574897089e-19
1.2523032566523605e-05 4.603533572204949e-19
1.2552849310729615e-05 4.703130683857394e-19
1.2582666054935624e-05 4.756506898706429e-19
1.2612482799141632e-05 4.659830129337875e-19
1.264229954334764e-05 4.666764742654568e-19
1.2672116287553647e-05 4.650307826494553e-19
1.2701933031759656e-05 4.698242203361879e-19
1.2731749775965664e-05 4.738601355779657e-19
1.2761566520171675e-05 4.601120826148095e-19
1.2791383264377683e-05 4.630538623490305e-19
1.2821200008583691e-05 4.720190675995135e-19
1.28510167527897e-05 4.646124401954033e-19
1.2880833496995708e-05 4.623911543633891e-19
1.2910650241201717e-05 4.599069770521716e-19
1.2940466985407725e-05 4.618141899363372e-19
1.2970283729613734e-05 4.685622138774487e-19
1.3000100473819744e-05 4.544464534804439e-19
1.3029917218025752e-05 4.503009259498273e-19
1.305973396223176e-05 4.65418951761303e-19
1.308955070643777e-05 4.598950996538035e-19
1.3119367450643778e-05 4.523065708777227e-19
1.3149184194849786e-05 4.535517642977698e-19
1.3179000939055795e-05 4.513767599591987e-19
1.3208817683261803e-05 4.583203709836732e-19
1.3238634427467811e-05 4.503692023858625e-19
1.326845117167382e-05 4.3887710290875e-19
1.3298267915879828e-05 4.524839409450298e-19
1.3328084660085837e-05 4.501202164101159e-19
1.3357901404291845e-05 4.394974964039032e-19
1.3387718148497854e-05 4.408502164132684e-19
1.3417534892703864e-05 4.380125325176921e-19
1.344735163690987e-05 4.445252255487773e-19
1.347716838111588e-05 4.412190604034904e-19
1.3506985125321888e-05 4.2565375995621726e-19
1.3536801869527898e-05 4.33942840413172e-19
1.3566618613733908e-05 4.393955826096073e-19
1.3596435357939915e-05 4.2718411336534225e-19
1.3626252102145925e-05 4.2371081041047355e-19
1.3656068846351931e-05 4.246941443213246e-19
1.368588559055794e-05 4.2619696809966525e-19
1.3715702334763948e-05 4.259363522541756e-19
1.3745519078969957e-05 4.124366909633676e-19
1.3775335823175967e-05 4.1060541077366317e-19
1.3805152567381974e-05 4.2274783342277365e-19
1.3834969311587984e-05 4.1302216059700555e-19
1.386478605579399e-05 4.0295867162934144e-19
1.38946028e-05 4.076499662032825e-19
1.3924419544206008e-05 4.0723644589772027e-19
1.3954236288412018e-05 4.0653125170802664e-19
1.3984053032618028e-05 3.9615841195749136e-19
1.4013869776824035e-05 3.8974237409834696e-19
1.4043686521030045e-05 4.0126135236348703e-19
1.4073503265236051e-05 3.951825694807043e-19
1.4103320009442062e-05 3.830399591486242e-19
1.4133136753648068e-05 3.851910842967086e-19
1.4162953497854079e-05 3.83841038902015e-19
1.4192770242060087e-05 3.846228272132126e-19
1.4222586986266094e-05 3.7867838762573547e-19
1.4252403730472104e-05 3.6584827074626787e-19
1.428222047467811e-05 3.7449388774183625e-19
1.431203721888412e-05 3.760830209767707e-19
1.4341853963090128e-05 3.606705263589375e-19
1.4371670707296138e-05 3.60307703266153e-19
1.4401487451502148e-05 3.595829774328505e-19
1.4431304195708155e-05 3.574899456261105e-19
1.4461120939914165e-05 3.5541284801869896e-19
1.4490937684120171e-05 3.40940166790958e-19
1.4520754428326182e-05 3.4487757965988155e-19
1.4550571172532188e-05 3.5160340090183877e-19
1.4580387916738199e-05 3.363302067408866e-19
1.4610204660944205e-05 3.3197682179303236e-19
1.4640021405150215e-05 3.3194555066594034e-19
1.4669838149356224e-05 3.301129167003416e-19
1.4699654893562232e-05 3.3026153172553703e-19
1.472947163776824e-05 3.158311333577962e-19
1.4759288381974248e-05 3.1181055506510633e-19
1.4789105126180258e-05 3.210550284359345e-19
1.4818921870386264e-05 3.1150501835349733e-19
1.4848738614592275e-05 2.995310430239254e-19
1.4878555358798285e-05 3.0131711500482294e-19
1.4908372103004291e-05 2.9991339009266187e-19
1.4938188847210302e-05 2.9728098515186555e-19
1.4968005591416308e-05 2.8713061905743677e-19
1.4997822335622319e-05 2.767867334158112e-19
1.5027639079828325e-05 2.8808084312623057e-19
1.5057455824034335e-05 2.8340288646761904e-19
1.5087272568240346e-05 2.6522923129455917e-19
1.5117089312446352e-05 2.6631446006150067e-19
1.5146906056652362e-05 2.6638313538205955e-19
1.517672280085837e-05 2.6274893197333934e-19
1.520653954506438e-05 2.5458989484897736e-19
1.5236356289270386e-05 2.421574880889796e-19
1.5266173033476395e-05 2.4889428422523593e-19
1.5295989777682406e-05 2.511587254132314e-19
1.532580652188841e-05 2.320706223092188e-19
1.5355623266094423e-05 2.290016767815322e-19
1.538544001030043e-05 2.3273555204110623e-19
1.541525675450644e-05 2.257246569158174e-19
1.5445073498712445e-05 2.198242802079083e-19
1.5474890242918457e-05 2.096276211756498e-19
1.5504706987124466e-05 2.0927189991627596e-19
1.553452373133047e-05 2.1286156399304548e-19
1.5564340475536482e-05 1.975684456590485e-19
1.5594157219742488e-05 1.89234496278497e-19
1.56239739639485e-05 1.9375391916201523e-19
1.5653790708154504e-05 1.896048270580348e-19
1.5683607452360516e-05 1.8239568049427455e-19
1.5713424196566525e-05 1.7365863075446657e-19
1.5743240940772533e-05 1.6961443010438424e-19
1.577305768497854e-05 1.7529608189553358e-19
1.580287442918455e-05 1.6471478510291555e-19
1.583269117339056e-05 1.5044588067652868e-19
1.5862507917596567e-05 1.5392436895290384e-19
1.5892324661802575e-05 1.5081498897930815e-19
1.5922141406008587e-05 1.4503249620548898e-19
1.5951958150214592e-05 1.3717086754166914e-19
1.59817748944206e-05 1.2735114410025292e-19
1.601159163862661e-05 1.355464305339524e-19
1.6041408382832618e-05 1.2912495178354596e-19
1.6071225127038626e-05 1.1163752751976e-19
1.6101041871244635e-05 1.1519640484293987e-19
1.6130858615450643e-05 1.1410593945804023e-19
1.616067535965665e-05 1.0782008846484285e-19
1.6190492103862663e-05 1.0043047215790026e-19
1.622030884806867e-05 8.822737141569679e-20
1.625012559227468e-05 9.30733827181845e-20
1.6279942336480685e-05 9.245833835874493e-20
1.6309759080686697e-05 7.437977482539431e-20
1.6339575824892702e-05 7.235076626687479e-20
1.6369392569098714e-05 7.523622637874323e-20
1.6399209313304722e-05 6.787684895982413e-20
1.642902605751073e-05 6.117946405927847e-20
1.645884280171674e-05 5.162066237085831e-20
1.6488659545922748e-05 5.163409962445183e-20
1.6518476290128756e-05 5.712528461806877e-20
1.6548293034334765e-05 3.9954097976931407e-20
1.6578109778540773e-05 2.90149520810855e-20
1.660792652274678e-05 3.740945405671244e-20
1.663774326695279e-05 3.088553679612483e-20
1.66675600111588e-05 2.1463060141167577e-20
1.6697376755364807e-05 1.438542571035551e-20
1.6727193499570815e-05 9.735464120189561e-21
1.6757010243776824e-05 1.7163679355670233e-20
1.6786826987982832e-05 4.059371361463785e-21
1.6816643732188844e-05 -1.0097384308859152e-20
1.684646047639485e-05 -1.4868287442927842e-21
1.687627722060086e-05 -5.6479421866664714e-21
1.6906093964806866e-05 -1.608131604152351e-20
1.6935910709012878e-05 -2.227902617228504e-20
1.6965727453218883e-05 -2.8488943711590624e-20
1.6995544197424895e-05 -2.4286499072264846e-20
1.7025360941630903e-05 -3.10601617560579e-20
1.705517768583691e-05 -4.835891963501681e-20
1.708499443004292e-05 -4.518918217437753e-20
1.7114811174248925e-05 -4.2721571881643995e-20
1.7144627918454937e-05 -5.3838987625445836e-20
1.7174444662660942e-05 -6.025474282408658e-20
1.7204261406866954e-05 -6.671043328808894e-20
1.7234078151072962e-05 -6.423999507956203e-20
1.726389489527897e-05 -6.481393699217293e-20
1.729371163948498e-05 -8.370145378554089e-20
1.7323528383690988e-05 -8.48324462026174e-20
1.7353345127896996e-05 -8.000124873939392e-20
1.7383161872103005e-05 -9.130847186990521e-20
1.7412978616309013e-05 -9.829140184597019e-20
1.744279536051502e-05 -1.0437872685575507e-19
1.747261210472103e-05 -1.0477378414908103e-19
1.7502428848927042e-05 -1.016259737558242e-19
1.7532245593133047e-05 -1.1660898688835195e-19
1.7562062337339055e-05 -1.2454401307986333e-19
1.7591879081545064e-05 -1.172956958776193e-19
1.7621695825751072e-05 -1.2454482015809777e-19
1.765151256995708e-05 -1.3519315038879858e-19
1.768132931416309e-05 -1.394093729634984e-19
1.77111460583691e-05 -1.419715605631916e-19
1.7740962802575106e-05 -1.389786679114876e-19
1.7770779546781118e-05 -1.500730649093275e-19
1.7800596290987123e-05 -1.636324423250727e-19
1.7830413035193135e-05 -1.5587152273356625e-19
1.786022977939914e-05 -1.5733360834532017e-19
1.7890046523605152e-05 -1.7117211220327256e-19
1.791986326781116e-05 -1.750061923397262e-19
1.794968001201717e-05 -1.763039716827276e-19
1.7979496756223177e-05 -1.7534755473172404e-19
1.8009313500429186e-05 -1.819211135401554e-19
1.8039130244635194e-05 -1.9817251537345289e-19
1.8068946988841203e-05 -1.9366622444085536e-19
1.809876373304721e-05 -1.898348896082804e-19
1.812858047725322e-05 -2.0441127064984994e-19
1.8158397221459228e-05 -2.093215712731942e-19
1.8188213965665236e-05 -2.1202967864491976e-19
1.8218030709871245e-05 -2.1149780193281668e-19
1.8247847454077253e-05 -2.1114517127617968e-19
1.827766419828326e-05 -2.290669261537229e-19
1.830748094248927e-05 -2.293246516034617e-19
1.8337297686695282e-05 -2.2103103779737303e-19
1.8367114430901287e-05 -2.3610156884650746e-19
1.83969311751073e-05 -2.4315054152239693e-19
1.8426747919313304e-05 -2.427934314438618e-19
1.8456564663519316e-05 -2.452718364158226e-19
1.848638140772532e-05 -2.452648606341444e-19
1.8516198151931333e-05 -2.5749283332041413e-19
1.854601489613734e-05 -2.637290649233223e-19
1.857583164034335e-05 -2.549118937529458e-19
1.8605648384549358e-05 -2.6239132315542447e-19
1.8635465128755363e-05 -2.7467262397741334e-19
1.8665281872961375e-05 -2.7302704526651095e-19
1.869509861716738e-05 -2.7397132984329005e-19
1.8724915361373392e-05 -2.758372930766179e-19
1.8754732105579397e-05 -2.8322474776812435e-19
1.878454884978541e-05 -2.9451302408665567e-19
1.8814365593991417e-05 -2.865914895888618e-19
1.8844182338197426e-05 -2.8856780517734724e-19
1.8873999082403434e-05 -3.039221466389977e-19
1.8903815826609443e-05 -3.0150264278225043e-19
1.893363257081545e-05 -3.0230058840541568e-19
1.896344931502146e-05 -3.0588050393921745e-19
1.8993266059227468e-05 -3.0845551668073164e-19
1.902308280343348e-05 -3.1997929213676735e-19
1.9052899547639485e-05 -3.1678945788814074e-19
1.9082716291845493e-05 -3.116379995010601e-19
1.91125330360515e-05 -3.262613581997941e-19
1.914234978025751e-05 -3.3312495359131243e-19
1.917216652446352e-05 -3.271590191592963e-19
1.9201983268669527e-05 -3.2799562805310093e-19
1.923180001287554e-05 -3.352909314979823e-19
1.9261616757081544e-05 -3.4483376588082006e-19
1.9291433501287556e-05 -3.4376059601785726e-19
1.932125024549356e-05 -3.3558812891436786e-19
1.9351066989699573e-05 -3.4739015316918575e-19
1.9380883733905578e-05 -3.5672433655504693e-19
1.941070047811159e-05 -3.484736396773553e-19
1.9440517222317598e-05 -3.5083474065233057e-19
1.9470333966523606e-05 -3.5753195401094357e-19
1.9500150710729615e-05 -3.6269369513958184e-19
1.9529967454935623e-05 -3.667373234565843e-19
1.9559784199141632e-05 -3.599439008285393e-19
1.958960094334764e-05 -3.654614889204658e-19
1.961941768755365e-05 -3.7810378006381293e-19
1.9649234431759657e-05 -3.7158618594920997e-19
1.9679051175965666e-05 -3.6945318961840856e-19
1.9708867920171674e-05 -3.7672519856464406e-19
1.9738684664377683e-05 -3.8008373345794253e-19
1.976850140858369e-05 -3.8467645189267873e-19
1.97983181527897e-05 -3.7927685778088456e-19
1.9828134896995708e-05 -3.7902219352711005e-19
1.985795164120172e-05 -3.9382127651278534e-19
1.9887768385407725e-05 -3.9058011388782304e-19
1.9917585129613737e-05 -3.8530238273249344e-19
1.994740187381974e-05 -3.9248185077894026e-19
1.9977218618025754e-05 -3.9430317249739383e-19
2.000703536223176e-05 -3.9915772801999944e-19
2.003685210643777e-05 -3.9710930493538467e-19
2.006666885064378e-05 -3.9200344521859457e-19
2.0096485594849787e-05 -4.0347304125444342e-19
2.0126302339055796e-05 -4.057211335012736e-19
2.0156119083261804e-05 -3.9715527126793164e-19
2.0185935827467813e-05 -4.0195812999504933e-19
2.0215752571673818e-05 -4.076138342193918e-19
2.024556931587983e-05 -4.0793341844647024e-19
2.0275386060085835e-05 -4.089504025948166e-19
2.0305202804291846e-05 -4.0506922469775033e-19
2.0335019548497855e-05 -4.1037341035226904e-19
2.0364836292703863e-05 -4.1765914935931974e-19
2.0394653036909872e-05 -4.088542095403803e-19
2.042446978111588e-05 -4.08194551212902e-19
2.045428652532189e-05 -4.161130601652285e-19
2.0484103269527897e-05 -4.1666465539247e-19
2.0513920013733906e-05 -4.144021884423842e-19
2.0543736757939917e-05 -4.1132549563552425e-19
2.0573553502145923e-05 -4.1469238270240144e-19
2.0603370246351934e-05 -4.225090545955916e-19
2.063318699055794e-05 -4.181105396903212e-19
2.0663003734763948e-05 -4.1140891160192085e-19
2.0692820478969956e-05 -4.183876888466354e-19
2.0722637223175965e-05 -4.237319575982017e-19
2.0752453967381977e-05 -4.2098291990501874e-19
2.078227071158798e-05 -4.160117923090501e-19
2.0812087455793994e-05 -4.172486393513267e-19
2.08419042e-05 -4.2552547377158717e-19
2.087172094420601e-05 -4.2104253384264775e-19
2.0901537688412015e-05 -4.1424697422136125e-19
2.0931354432618027e-05 -4.199346093616414e-19
2.0961171176824036e-05 -4.2437462061652826e-19
2.0990987921030044e-05 -4.217664171715554e-19
2.1020804665236053e-05 -4.166197520856638e-19
2.105062140944206e-05 -4.1847784719937935e-19
2.108043815364807e-05 -4.2466316429324305e-19
2.1110254897854078e-05 -4.224924845522801e-19
2.1140071642060086e-05 -4.1683579283156034e-19
2.1169888386266095e-05 -4.180971228726584e-19
2.1199705130472103e-05 -4.230171865342282e-19
2.1229521874678112e-05 -4.2176786012066096e-19
2.125933861888412e-05 -4.1677494671145303e-19
2.128915536309013e-05 -4.1505042932788726e-19
2.1318972107296137e-05 -4.196754169286634e-19
2.1348788851502146e-05 -4.2231206094668106e-19
2.1378605595708157e-05 -4.149701447788286e-19
2.1408422339914163e-05 -4.13717600759624e-19
2.1438239084120174e-05 -4.1896440296369063e-19
2.146805582832618e-05 -4.187517261436952e-19
2.149787257253219e-05 -4.151036443797913e-19
2.1527689316738196e-05 -4.1162833102292975e-19
2.1557506060944208e-05 -4.1373301129111543e-19
2.1587322805150213e-05 -4.174469511568363e-19
2.1617139549356225e-05 -4.1099322857246685e-19
2.1646956293562234e-05 -4.053948641223327e-19
2.1676773037768242e-05 -4.1220192014451994e-19
2.170658978197425e-05 -4.120743021056826e-19
2.1736406526180256e-05 -4.062290088069759e-19
2.1766223270386267e-05 -4.066019278887053e-19
2.1796040014592272e-05 -4.0650338581301783e-19
2.1825856758798284e-05 -4.077723389648755e-19
2.1855673503004293e-05 -4.0459001159289592e-19
2.18854902472103e-05 -3.996038760093171e-19
2.191530699141631e-05 -4.020675338503031e-19
2.1945123735622318e-05 -4.0200850962819694e-19
2.1974940479828327e-05 -3.9843324382052226e-19
2.2004757224034335e-05 -3.951984260562335e-19
2.2034573968240343e-05 -3.9468104626678024e-19
2.2064390712446355e-05 -3.9666544251523487e-19
2.209420745665236e-05 -3.946164484059951e-19
2.2124024200858372e-05 -3.887800915736537e-19
2.2153840945064377e-05 -3.8761771315440596e-19
2.218365768927039e-05 -3.917188334648788e-19
2.2213474433476394e-05 -3.8869747388711637e-19
2.2243291177682403e-05 -3.821098135665365e-19
2.2273107921888414e-05 -3.814437705011554e-19
2.230292466609442e-05 -3.8262228246129274e-19
2.233274141030043e-05 -3.8094768605225483e-19
2.2362558154506436e-05 -3.7385267512392394e-19
2.2392374898712448e-05 -3.7253192175609605e-19
2.2422191642918453e-05 -3.766076694082647e-19
2.2452008387124465e-05 -3.723503941971711e-19
2.2481825131330474e-05 -3.6683871911726436e-19
2.2511641875536482e-05 -3.655073684958684e-19
2.254145861974249e-05 -3.6617127222578555e-19
2.25712753639485e-05 -3.632659771749089e-19
2.2601092108154507e-05 -3.576792583486601e-19
2.2630908852360516e-05 -3.5668724609459754e-19
2.2660725596566524e-05 -3.5595519266737495e-19
2.2690542340772533e-05 -3.5305305015267585e-19
2.272035908497854e-05 -3.4834278271371934e-19
2.275017582918455e-05 -3.4477622264213084e-19
2.2779992573390558e-05 -3.446583495436724e-19
2.2809809317596567e-05 -3.432261509660914e-19
2.2839626061802575e-05 -3.3770639873041135e-19
2.2869442806008583e-05 -3.348425859853046e-19
2.2899259550214592e-05 -3.3482210016728514e-19
2.29290762944206e-05 -3.3120782677694406e-19
2.2958893038626612e-05 -3.2910442617331455e-19
2.2988709782832617e-05 -3.2440237536593543e-19
2.301852652703863e-05 -3.195941088318391e-19
2.3048343271244634e-05 -3.204636061368858e-19
2.3078160015450646e-05 -3.1551503060883284e-19
2.310797675965665e-05 -3.098221233933786e-19
2.3137793503862663e-05 -3.0905844289194337e-19
2.316761024806867e-05 -3.075901080064187e-19
2.319742699227468e-05 -3.0442865169492937e-19
2.3227243736480688e-05 -2.9920682539157826e-19
2.3257060480686697e-05 -2.9632871877988134e-19
2.3286877224892705e-05 -2.967140849638876e-19
2.331669396909871e-05 -2.9198523295843893e-19
2.3346510713304722e-05 -2.8460371428087323e-19
2.337632745751073e-05 -2.8239789036294953e-19
2.340614420171674e-05 -2.8112161342620597e-19
2.3435960945922747e-05 -2.782905458323144e-19
2.3465777690128756e-05 -2.7238223471157255e-19
2.3495594434334764e-05 -2.6725947860932574e-19
2.3525411178540773e-05 -2.6596689366323666e-19
2.355522792274678e-05 -2.6331239648747506e-19
2.3585044666952793e-05 -2.587614049570698e-19
2.3614861411158798e-05 -2.5532865666254794e-19
2.364467815536481e-05 -2.5408230317360333e-19
2.3674494899570815e-05 -2.4860369240636094e-19
2.3704311643776827e-05 -2.441995965716933e-19
2.3734128387982832e-05 -2.400318938732494e-19
2.376394513218884e-05 -2.3624846266996895e-19
2.3793761876394852e-05 -2.358104323900736e-19
2.3823578620600857e-05 -2.262270551656785e-19
2.385339536480687e-05 -2.2311447265489437e-19
2.3883212109012874e-05 -2.2388611865365336e-19
2.3913028853218886e-05 -2.1635185597286973e-19
2.394284559742489e-05 -2.144543459079539e-19
2.3972662341630903e-05 -2.0988328656116882e-19
2.400247908583691e-05 -2.0438583517523266e-19
2.403229583004292e-05 -2.041430063528082e-19
2.4062112574248928e-05 -1.9822224267599015e-19
2.4091929318454937e-05 -1.9187189998365358e-19
2.4121746062660945e-05 -1.900012563390845e-19
2.4151562806866954e-05 -1.859057583937858e-19
2.4181379551072962e-05 -1.80551329127875e-19
2.421119629527897e-05 -1.7773478786085509e-19
2.424101303948498e-05 -1.726069676878888e-19
2.4270829783690987e-05 -1.6768668350813738e-19
2.4300646527896996e-05 -1.669522716155883e-19
2.4330463272103004e-05 -1.6133827268535815e-19
2.4360280016309013e-05 -1.5657293730783821e-19
2.439009676051502e-05 -1.5463040646710677e-19
2.441991350472103e-05 -1.479809749618816e-19
2.4449730248927038e-05 -1.448941656942349e-19
2.447954699313305e-05 -1.392145359219679e-19
2.4509363737339055e-05 -1.3494584345245972e-19
2.4539180481545067e-05 -1.3512623008771979e-19
2.4568997225751072e-05 -1.2582823813898856e-19
2.4598813969957084e-05 -1.2219330172410939e-19
2.462863071416309e-05 -1.2205185083995754e-19
2.46584474583691e-05 -1.1402995572255554e-19
2.468826420257511e-05 -1.1066088648260792e-19
2.4718080946781118e-05 -1.078659694655133e-19
2.4747897690987126e-05 -1.0160447259941603e-19
2.4777714435193134e-05 -9.987824704578879e-20
2.4807531179399143e-05 -9.570017325314786e-20
2.483734792360515e-05 -8.855844513842612e-20
2.486716466781116e-05 -8.669055669256435e-20
2.4896981412017168e-05 -8.073124644388906e-20
2.4926798156223177e-05 -7.653440627551465e-20
2.4956614900429185e-05 -7.530108698851407e-20
2.4986431644635194e-05 -6.520985507177221e-20
2.5016248388841202e-05 -6.540222992999443e-20
2.504606513304721e-05 -6.493949543232131e-20
2.507588187725322e-05 -5.334623676595319e-20
2.510569862145923e-05 -5.333180752434418e-20
2.5135515365665236e-05 -5.050283920602315e-20
2.5165332109871248e-05 -4.3441624798172364e-20
2.5195148854077253e-05 -4.2666612834832064e-20
2.5224965598283265e-05 -3.528716440241823e-20
2.525478234248927e-05 -3.1520075613142247e-20
2.528459908669528e-05 -3.042177717971585e-20
2.531441583090129e-05 -2.1826277828576462e-20
2.5344232575107295e-05 -1.9618927534165436e-20
2.5374049319313307e-05 -1.7373570490375202e-20
2.5403866063519312e-05 -1.0746290355937908e-20
2.5433682807725324e-05 -9.895631904694717e-21
2.546349955193133e-05 -4.596321025112057e-21
2.549331629613734e-05 2.0726469320409122e-21
2.552313304034335e-05 1.3785865958904518e-21
2.5552949784549358e-05 7.64515243115787e-21
2.5582766528755366e-05 1.3498366856658597e-20
2.5612583272961374e-05 1.439261920164634e-20
2.5642400017167383e-05 2.1300122334323676e-20
2.567221676137339e-05 2.2342894599645184e-20
2.57020335055794e-05 2.629007065723952e-20
2.5731850249785408e-05 3.6306593374748676e-20
2.5761666993991417e-05 3.4067197325009216e-20
2.5791483738197425e-05 3.645368682237493e-20
2.5821300482403434e-05 4.566372783463999e-20
2.5851117226609442e-05 4.6818730740263384e-20
2.588093397081545e-05 5.0312224051411485e-20
2.591075071502146e-05 5.624659806008262e-20
2.5940567459227467e-05 5.715950350114875e-20
2.5970384203433476e-05 6.360104864544712e-20
2.6000200947639488e-05 6.884330554750961e-20
2.6030017691845493e-05 6.816727374033069e-20
2.6059834436051505e-05 7.622082572850792e-20
2.608965118025751e-05 7.94287790715982e-20
2.611946792446352e-05 8.185864908866858e-20
2.6149284668669527e-05 8.789320666362709e-20
2.617910141287554e-05 8.77516345816355e-20
2.6208918157081547e-05 9.515758393142812e-20
2.6238734901287555e-05 9.899206371309388e-20
2.6268551645493564e-05 9.868400249537953e-20
2.6298368389699572e-05 1.0585046563401547e-19
2.632818513390558e-05 1.103798083323952e-19
2.635800187811159e-05 1.1236433594259177e-19
2.6387818622317598e-05 1.165057284561961e-19
2.6417635366523606e-05 1.2035168351358407e-19
2.6447452110729614e-05 1.243611792541198e-19
2.6477268854935623e-05 1.318869878588942e-19
2.650708559914163e-05 1.2998358638755713e-19
2.653690234334764e-05 1.3134522625051462e-19
2.6566719087553648e-05 1.437961227616496e-19
2.6596535831759657e-05 1.4264411465083833e-19
2.662635257596567e-05 1.4345530355247336e-19
2.6656169320171674e-05 1.4918060100833628e-19
2.6685986064377685e-05 1.5279551155985959e-19
2.671580280858369e-05 1.6062763324608116e-19
2.6745619552789702e-05 1.5952123781531727e-19
2.6775436296995707e-05 1.6176188095045832e-19
2.680525304120172e-05 1.7160601276705361e-19
2.6835069785407728e-05 1.7252918594872593e-19
2.6864886529613733e-05 1.7337771269031563e-19
2.689470327381974e-05 1.7764882562725976e-19
2.6924520018025753e-05 1.8104330490605925e-19
2.695433676223176e-05 1.86757088403914e-19
2.6984153506437767e-05 1.8830417961383468e-19
2.7013970250643775e-05 1.8753110276739084e-19
2.7043786994849787e-05 1.9662959627357128e-19
2.7073603739055795e-05 2.0191462100710623e-19
2.71034204832618e-05 1.9877568476167176e-19
2.7133237227467816e-05 2.0435018772919662e-19
2.716305397167382e-05 2.0896387347627912e-19
2.719287071587983e-05 2.1077536905640905e-19
2.7222687460085834e-05 2.1586391561936705e-19
2.725250420429185e-05 2.137954274449511e-19
2.7282320948497854e-05 2.1815629118405704e-19
2.7312137692703863e-05 2.261022667527014e-19
2.7341954436909875e-05 2.236847622775433e-19
2.737177118111588e-05 2.2735345017310017e-19
2.7401587925321888e-05 2.3122784097915323e-19
2.7431404669527897e-05 2.3326915216388023e-19
2.746122141373391e-05 2.3986668839620435e-19
2.7491038157939914e-05 2.378011621628178e-19
2.7520854902145922e-05 2.4031577498694774e-19
2.7550671646351934e-05 2.498530761472128e-19
2.7580488390557942e-05 2.483153546639487e-19
2.7610305134763947e-05 2.474923459616023e-19
2.7640121878969956e-05 2.529944111384201e-19
2.7669938623175968e-05 2.5526601153342068e-19
2.7699755367381976e-05 2.5866977397689383e-19
2.772957211158798e-05 2.590958648037653e-19
2.7759388855793996e-05 2.577019633038682e-19
2.77892056e-05 2.6667276649331584e-19
2.781902234420601e-05 2.6942758986986914e-19
2.7848839088412015e-05 2.665945467933001e-19
2.7878655832618027e-05 2.7194837518366833e-19
2.7908472576824035e-05 2.729563739393073e-19
2.7938289321030044e-05 2.764310935881378e-19
2.7968106065236056e-05 2.7935001557152087e-19
2.799792280944206e-05 2.7524594332877368e-19
2.802773955364807e-05 2.826058331379507e-19
2.8057556297854074e-05 2.8685010116826127e-19
2.808737304206009e-05 2.820506180070511e-19
2.8117189786266094e-05 2.8521806320906267e-19
2.8147006530472103e-05 2.885257222246627e-19
2.8176823274678115e-05 2.9155057324711984e-19
2.8206640018884123e-05 2.947211808194382e-19
2.8236456763090128e-05 2.9206545517361135e-19
2.8266273507296137e-05 2.951457041468239e-19
2.829609025150215e-05 3.012794191778801e-19
2.8325906995708157e-05 2.972181851964528e-19
2.8355723739914162e-05 2.969005600721305e-19
2.8385540484120174e-05 3.0302152752097537e-19
2.8415357228326182e-05 3.039386024895156e-19
2.8445173972532187e-05 3.054606907962574e-19
2.8474990716738196e-05 3.0270539374144525e-19
2.8504807460944208e-05 3.025934135919784e-19
2.8534624205150216e-05 3.1260992697193236e-19
2.856444094935622e-05 3.1032469515595973e-19
2.8594257693562236e-05 3.0668053340925727e-19
2.862407443776824e-05 3.121208264952432e-19
2.865389118197425e-05 3.127192355613295e-19
2.8683707926180255e-05 3.157312641589482e-19
2.871352467038627e-05 3.148886607563182e-19
2.8743341414592275e-05 3.1082991254278524e-19
2.8773158158798284e-05 3.1773727551428644e-19
2.8802974903004296e-05 3.1943311805823167e-19
2.8832791647210304e-05 3.1404497134095806e-19
2.886260839141631e-05 3.1726298382062933e-19
2.8892425135622318e-05 3.2007865603240295e-19
2.892224187982833e-05 3.212757755249271e-19
2.8952058624034334e-05 3.220248561828779e-19
2.8981875368240343e-05 3.1739919330307205e-19
2.9011692112446355e-05 3.230893054093256e-19
2.9041508856652363e-05 3.2721725695283454e-19
2.9071325600858368e-05 3.186171965225039e-19
2.9101142345064377e-05 3.2026827162479997e-19
2.913095908927039e-05 3.2403364304897263e-19
2.9160775833476397e-05 3.233976804529871e-19
2.9190592577682402e-05 3.254420965318177e-19
2.922040932188841e-05 3.205263569642358e-19
2.9250226066094422e-05 3.2201031231441765e-19
2.928004281030043e-05 3.292237130574612e-19
2.9309859554506436e-05 3.2251882445234847e-19
2.9339676298712448e-05 3.2112002900872177e-19
2.9369493042918456e-05 3.2738083382437033e-19
2.9399309787124465e-05 3.249608847760012e-19
2.942912653133047e-05 3.2506384385733524e-19
2.945894327553648e-05 3.238665891160045e-19
2.948876001974249e-05 3.202989250613095e-19
2.9518576763948495e-05 3.269498959057721e-19
2.954839350815451e-05 3.2678032168958648e-19
2.9578210252360515e-05 3.18505514029269e-19
2.9608026996566524e-05 3.2285111192827605e-19
2.963784374077253e-05 3.2548083377963953e-19
2.9667660484978544e-05 3.2289969949706775e-19
2.969747722918455e-05 3.2400626419068473e-19
2.9727293973390558e-05 3.179626211838982e-19
2.975711071759657e-05 3.225356113940731e-19
2.9786927461802578e-05 3.271207266033511e-19
2.9816744206008583e-05 3.152215628569474e-19
2.984656095021459e-05 3.199330593131172e-19
2.9876377694420603e-05 3.2392042457416976e-19
2.990619443862661e-05 3.1670188361863074e-19
2.9936011182832617e-05 3.199817184764453e-19
2.996582792703863e-05 3.157057591485113e-19
2.9995644671244637e-05 3.1473822267843633e-19
3.0025461415450642e-05 3.226347460943774e-19
3.005527815965665e-05 3.1551727866255276e-19
3.0085094903862662e-05 3.1187303703234386e-19
3.011491164806867e-05 3.175058410007311e-19
3.0144728392274676e-05 3.1495788157915038e-19
3.017454513648069e-05 3.135922772921538e-19
3.0204361880686696e-05 3.114140460596907e-19
3.0234178624892705e-05 3.0706253753507086e-19
3.026399536909871e-05 3.143478499989768e-19
3.0293812113304725e-05 3.112618844930497e-19
3.032362885751073e-05 3.0111730033231936e-19
3.035344560171674e-05 3.095998742719493e-19
3.038326234592275e-05 3.0980150633535923e-19
3.041307909012876e-05 3.0395765917312476e-19
3.0442895834334764e-05 3.058060088446989e-19
3.0472712578540772e-05 3.0038134311093645e-19
3.0502529322746784e-05 3.038965580268794e-19
3.053234606695279e-05 3.0480446900677537e-19
3.05621628111588e-05 2.9366058128673557e-19
3.059197955536481e-05 2.9730266087004888e-19
3.0621796299570815e-05 3.011691225191987e-19
3.065161304377682e-05 2.949250400473126e-19
3.068142978798283e-05 2.9351483394549846e-19
3.071124653218885e-05 2.909300869234208e-19
3.074106327639485e-05 2.912984738526482e-19
3.077088002060086e-05 2.9636580352032997e-19
3.080069676480687e-05 2.86225827012034e-19
3.083051350901288e-05 2.82396576631257e-19
3.086033025321888e-05 2.9057686878619777e-19
3.089014699742489e-05 2.8510357958013853e-19
3.0919963741630906e-05 2.8110804389255413e-19
3.0949780485836914e-05 2.7971575199272944e-19
3.0979597230042916e-05 2.7755994859098083e-19
3.100941397424893e-05 2.8214197967731874e-19
3.103923071845494e-05 2.7601235217388156e-19
3.106904746266094e-05 2.679015483676326e-19
3.109886420686695e-05 2.745939405083954e-19
3.1128680951072965e-05 2.741792429257817e-19
3.1158497695278973e-05 2.663599078999617e-19
3.1188314439484975e-05 2.652105879344932e-19
3.121813118369099e-05 2.63350458937073e-19
3.1247947927897e-05 2.6544515136699535e-19
3.127776467210301e-05 2.6335654302573196e-19
3.130758141630901e-05 2.521872274540377e-19
3.1337398160515024e-05 2.5427531117871815e-19
3.136721490472103e-05 2.584132402094333e-19
3.139703164892704e-05 2.504607260669015e-19
3.142684839313305e-05 2.4795654742431543e-19
3.145666513733906e-05 2.4672858814907944e-19
3.1486481881545066e-05 2.4430948548486787e-19
3.1516298625751075e-05 2.4788872980909555e-19
3.154611536995708e-05 2.3734891471434013e-19
3.157593211416309e-05 2.3262800578624454e-19
3.16057488583691e-05 2.4285650673139895e-19
3.163556560257511e-05 2.3406266767067757e-19
3.166538234678112e-05 2.2707294832286795e-19
3.1695199090987126e-05 2.275427290909554e-19
3.1725015835193134e-05 2.248548504040935e-19
3.175483257939914e-05 2.278750947581386e-19
3.178464932360515e-05 2.1926116661558054e-19
3.181446606781116e-05 2.1170311065698424e-19
3.1844282812017175e-05 2.187514241108275e-19
3.1874099556223176e-05 2.1646636257233632e-19
3.1903916300429185e-05 2.084317016070375e-19
3.193373304463519e-05 2.0685289610413828e-19
3.19635497888412e-05 2.0438533936785396e-19
3.199336653304721e-05 2.0480596669002938e-19
3.202318327725322e-05 2.0267166192247987e-19
3.205300002145923e-05 1.90811500900443e-19
3.2082816765665235e-05 1.9391462096704564e-19
3.2112633509871244e-05 1.977335137211623e-19
3.214245025407725e-05 1.8456093557700324e-19
3.217226699828327e-05 1.83738067658878e-19
3.220208374248927e-05 1.8517424531241203e-19
3.223190048669528e-05 1.8162079679567566e-19
3.2261717230901286e-05 1.8128947845700363e-19
3.22915339751073e-05 1.7137952478527866e-19
3.23213507193133e-05 1.695105422582242e-19
3.235116746351931e-05 1.741434371053529e-19
3.238098420772533e-05 1.6759252794496857e-19
3.2410800951931335e-05 1.6269579076289645e-19
3.244061769613734e-05 1.6099722885455182e-19
3.2470434440343345e-05 1.5925240498106171e-19
3.250025118454936e-05 1.5740758841983777e-19
3.253006792875537e-05 1.506580270317927e-19
3.255988467296137e-05 1.4560327489197142e-19
3.2589701417167386e-05 1.507484777221939e-19
3.2619518161373394e-05 1.482036189498865e-19
3.2649334905579396e-05 1.3755108351618924e-19
3.2679151649785404e-05 1.377771341282505e-19
3.270896839399142e-05 1.388524017714434e-19
3.273878513819743e-05 1.371286661810055e-19
3.276860188240343e-05 1.2987181676756642e-19
3.2798418626609445e-05 1.2164840061141583e-19
3.2828235370815453e-05 1.282426055069332e-19
3.285805211502146e-05 1.2748520921088099e-19
3.2887868859227464e-05 1.1442512631129435e-19
3.291768560343348e-05 1.135765527427116e-19
3.294750234763949e-05 1.1737243859698153e-19
3.2977319091845496e-05 1.136696400775693e-19
3.3007135836051504e-05 1.079746088198848e-19
3.303695258025751e-05 1.0107544824164341e-19
3.306676932446352e-05 1.0203261196352548e-19
3.309658606866953e-05 1.0861690525809311e-19
3.312640281287554e-05 9.695825945427299e-20
3.3156219557081546e-05 8.754875221349416e-20
3.3186036301287555e-05 9.466530236903225e-20
3.321585304549356e-05 9.279235266454646e-20
3.324566978969957e-05 8.534580125797854e-20
3.327548653390558e-05 7.985413318809561e-20
3.330530327811159e-05 7.798438806967713e-20
3.33351200223176e-05 8.23380964950849e-20
3.3364936766523606e-05 7.784893312801517e-20
3.3394753510729614e-05 6.809588093541308e-20
3.342457025493563e-05 6.90054027134458e-20
3.345438699914163e-05 7.115130415545296e-20
3.348420374334764e-05 6.668168821135964e-20
3.351402048755365e-05 5.787215398519773e-20
3.3543837231759656e-05 5.475343087393706e-20
3.3573653975965665e-05 5.981784987324651e-20
3.360347072017167e-05 5.569007516726381e-20
3.363328746437769e-05 4.576860427900465e-20
3.366310420858369e-05 4.419319817467003e-20
3.36929209527897e-05 4.834846328038966e-20
3.372273769699571e-05 4.6241797845555896e-20
3.375255444120172e-05 3.7413617103888007e-20
3.3782371185407724e-05 3.2665445693761655e-20
3.381218792961373e-05 3.610108263561478e-20
3.384200467381975e-05 3.7899221904496794e-20
3.3871821418025756e-05 2.585502370791046e-20
3.390163816223176e-05 1.960247952728169e-20
3.3931454906437766e-05 2.66676507736788e-20
3.396127165064378e-05 2.4883858724149854e-20
3.399108839484979e-05 1.6731587963680653e-20
3.402090513905579e-05 1.1426884573465724e-20
3.405072188326181e-05 1.2423105663119567e-20
3.4080538627467815e-05 1.6876193540708603e-20
3.411035537167382e-05 7.89052919176335e-21
3.4140172115879825e-05 -1.0608306871242494e-21
3.416998886008584e-05 5.024726191288907e-21
3.419980560429185e-05 5.228592561529012e-21
3.422962234849785e-05 -3.084368297816177e-21
3.4259439092703866e-05 -9.733537039424314e-21
3.4289255836909874e-05 -9.689473929186919e-21
3.431907258111588e-05 -5.658317322530762e-21
3.4348889325321884e-05 -1.1008875336520057e-20
3.43787060695279e-05 -1.981176635781273e-20
3.440852281373391e-05 -2.0145124267083066e-20
3.4438339557939917e-05 -1.5252696692221686e-20
3.4468156302145925e-05 -1.934298269637779e-20
3.4497973046351933e-05 -3.09452422354006e-20
3.452778979055794e-05 -3.0261377666506114e-20
3.455760653476395e-05 -2.509791923297458e-20
3.458742327896996e-05 -3.003301351179461e-20
3.461724002317597e-05 -3.8872335001552343e-20
3.4647056767381976e-05 -4.250278708410347e-20
3.4676873511587984e-05 -3.7528480589276024e-20
