0.0 1.7919265468016986e-19
2.981347377622378e-08 2.0145456708349061e-19
5.962694755244756e-08 2.0338212211105161e-19
8.944042132867133e-08 1.92562644732925e-19
1.192538951048951e-07 2.0016716220891149e-19
1.4906736888111888e-07 2.0468023596631185e-19
1.7888084265734265e-07 2.1526502175367632e-19
2.0869431643356645e-07 2.147039719635817e-19
2.385077902097902e-07 2.0164179706522445e-19
2.68321263986014e-07 2.2094177909886566e-19
2.9813473776223776e-07 2.3173720255794874e-19
3.279482115384616e-07 2.1798592328477425e-19
3.577616853146853e-07 2.2295005705380504e-19
3.875751590909091e-07 2.282009242493248e-19
4.173886328671329e-07 2.378403937452145e-19
4.472021066433566e-07 2.427365348295702e-19
4.770155804195804e-07 2.2459015335919127e-19
5.068290541958043e-07 2.374736636536146e-19
5.36642527972028e-07 2.5731589854394504e-19
5.664560017482518e-07 2.431768731917912e-19
5.962694755244755e-07 2.412730100007842e-19
6.260829493006994e-07 2.5153701238449583e-19
6.558964230769232e-07 2.584823843259689e-19
6.857098968531469e-07 2.6622818186636346e-19
7.155233706293706e-07 2.518985574673781e-19
7.453368444055944e-07 2.529597635646492e-19
7.751503181818182e-07 2.8006176234423084e-19
8.04963791958042e-07 2.698065331347054e-19
8.347772657342658e-07 2.593170547865559e-19
8.645907395104896e-07 2.7459020312558645e-19
8.944042132867132e-07 2.781292463086828e-19
9.242176870629371e-07 2.8499544723957216e-19
9.540311608391609e-07 2.783175010925011e-19
9.838446346153846e-07 2.7082925208927207e-19
1.0136581083916085e-06 2.971460746787395e-19
1.043471582167832e-06 2.96843748034347e-19
1.073285055944056e-06 2.7952535797794164e-19
1.1030985297202797e-06 2.9252653758265307e-19
1.1329120034965036e-06 2.996005725460354e-19
1.1627254772727273e-06 3.0344345979021377e-19
1.192538951048951e-06 3.0194520263345334e-19
1.2223524248251748e-06 2.88860076977346e-19
1.2521658986013987e-06 3.0936429102360405e-19
1.2819793723776224e-06 3.203371436060254e-19
1.3117928461538464e-06 3.000871294833469e-19
1.34160631993007e-06 3.076332388986825e-19
1.3714197937062938e-06 3.180131792587623e-19
1.4012332674825175e-06 3.201285769573529e-19
1.4310467412587412e-06 3.2351038928881264e-19
1.4608602150349652e-06 3.0967030738040446e-19
1.4906736888111889e-06 3.2088943933347377e-19
1.5204871625874126e-06 3.3935844221953926e-19
1.5503006363636363e-06 3.2129559750442537e-19
1.5801141101398602e-06 3.188810376663944e-19
1.609927583916084e-06 3.3306531527946287e-19
1.6397410576923079e-06 3.355026623123572e-19
1.6695545314685316e-06 3.3790904606877524e-19
1.6993680052447553e-06 3.2789808425324958e-19
1.7291814790209793e-06 3.2951744380121274e-19
1.7589949527972028e-06 3.5319186281589184e-19
1.7888084265734265e-06 3.4401696916340852e-19
1.8186219003496504e-06 3.290946804957399e-19
1.8484353741258741e-06 3.460730515179734e-19
1.8782488479020978e-06 3.509261084913864e-19
1.9080623216783218e-06 3.4901705709096536e-19
1.9378757954545455e-06 3.4583214979133766e-19
1.967689269230769e-06 3.385037312477133e-19
1.9975027430069934e-06 3.603210121978893e-19
2.027316216783217e-06 3.6117500446413794e-19
2.057129690559441e-06 3.4036953501081144e-19
2.086943164335664e-06 3.543471570046186e-19
2.1167566381118882e-06 3.6175448973712333e-19
2.146570111888112e-06 3.603192421413851e-19
2.1763835856643357e-06 3.6015827562517e-19
2.2061970594405594e-06 3.47579771248481e-19
2.2360105332167835e-06 3.6497760799634805e-19
2.2658240069930072e-06 3.757057618569788e-19
2.295637480769231e-06 3.511053651694477e-19
2.3254509545454547e-06 3.5689243976330317e-19
2.3552644283216784e-06 3.7131908316294505e-19
2.385077902097902e-06 3.6812445930676743e-19
2.414891375874126e-06 3.6671701590918294e-19
2.4447048496503495e-06 3.5769938976087314e-19
2.4745183234265733e-06 3.6786646809790066e-19
2.5043317972027974e-06 3.8357625852210593e-19
2.534145270979021e-06 3.6444805133987966e-19
2.563958744755245e-06 3.597356712715824e-19
2.5937722185314686e-06 3.769768022075339e-19
2.6235856923076927e-06 3.7667720575281963e-19
2.6533991660839164e-06 3.7261287206332114e-19
2.68321263986014e-06 3.660123556565819e-19
2.7130261136363634e-06 3.6760262710429898e-19
2.7428395874125876e-06 3.855907591200339e-19
2.7726530611888113e-06 3.7463132878449596e-19
2.802466534965035e-06 3.6053043212188516e-19
2.8322800087412587e-06 3.7889613310734113e-19
2.8620934825174825e-06 3.827557385278317e-19
2.8919069562937066e-06 3.7591058620189545e-19
2.9217204300699303e-06 3.7245355153289837e-19
2.951533903846154e-06 3.673314803502759e-19
2.9813473776223777e-06 3.8398527885005917e-19
3.011160851398602e-06 3.835483561902719e-19
3.040974325174825e-06 3.615332921790773e-19
3.070787798951049e-06 3.737602316516881e-19
3.1006012727272726e-06 3.8315605834772165e-19
3.1304147465034968e-06 3.7687990289992255e-19
3.1602282202797205e-06 3.7494379531355764e-19
3.190041694055944e-06 3.6638967722657094e-19
3.219855167832168e-06 3.8076371799035807e-19
3.2496686416083916e-06 3.882087901768104e-19
3.2794821153846158e-06 3.6355410898729973e-19
3.3092955891608395e-06 3.6872373995074515e-19
3.339109062937063e-06 3.8451537351371456e-19
3.3689225367132865e-06 3.744903330591395e-19
3.3987360104895106e-06 3.7132338150256113e-19
3.428549484265735e-06 3.6760298414420015e-19
3.4583629580419585e-06 3.702965953848102e-19
3.4881764318181822e-06 3.8479703492429875e-19
3.5179899055944055e-06 3.65415355383204e-19
3.5478033793706292e-06 3.58014147734212e-19
3.577616853146853e-06 3.804932277367112e-19
3.6074303269230767e-06 3.7228374232885677e-19
3.637243800699301e-06 3.6521994290231345e-19
3.6670572744755245e-06 3.646215449496417e-19
3.6968707482517483e-06 3.61418154023129e-19
3.726684222027972e-06 3.775078462035668e-19
3.7564976958041957e-06 3.6529714391935085e-19
3.78631116958042e-06 3.4807306476955456e-19
3.8161246433566435e-06 3.665993444467074e-19
3.845938117132867e-06 3.67440077379596e-19
3.875751590909091e-06 3.552575949915238e-19
3.905565064685315e-06 3.5431727296029577e-19
3.935378538461538e-06 3.5213842153182373e-19
3.965192012237763e-06 3.6241006302424284e-19
3.995005486013987e-06 3.609139723093497e-19
4.02481895979021e-06 3.400382258996034e-19
4.054632433566434e-06 3.5100838357730706e-19
4.084445907342658e-06 3.60029405815521e-19
4.114259381118882e-06 3.4425881525185773e-19
4.1440728548951044e-06 3.439679618360994e-19
4.173886328671328e-06 3.398917120548435e-19
4.203699802447553e-06 3.4366196569245653e-19
4.2335132762237765e-06 3.523384846407197e-19
4.26332675e-06 3.291497129461178e-19
4.293140223776224e-06 3.3187214701650796e-19
4.322953697552448e-06 3.4942249730775456e-19
4.352767171328671e-06 3.3203533218074977e-19
4.382580645104895e-06 3.2763648349275905e-19
4.412394118881119e-06 3.28752529742522e-19
4.4422075926573425e-06 3.262258084146193e-19
4.472021066433567e-06 3.3629981715135765e-19
4.501834540209791e-06 3.2013837711630097e-19
4.5316480139860145e-06 3.092709329369973e-19
4.561461487762238e-06 3.2787308441330194e-19
4.591274961538462e-06 3.2064277891299477e-19
4.621088435314686e-06 3.0913090269913517e-19
4.650901909090909e-06 3.1262889480199187e-19
4.680715382867133e-06 3.077292737163662e-19
4.710528856643357e-06 3.142878787321092e-19
4.740342330419581e-06 3.0815463629794463e-19
4.770155804195804e-06 2.913453610499486e-19
4.799969277972028e-06 3.0604420721631015e-19
4.829782751748252e-06 3.0526274508829996e-19
4.859596225524475e-06 2.88443229796815e-19
4.889409699300699e-06 2.911058821977974e-19
4.919223173076923e-06 2.8750067908084425e-19
4.9490366468531465e-06 2.91243457550722e-19
4.978850120629371e-06 2.9014790157219987e-19
5.008663594405595e-06 2.6917479389103895e-19
5.0384770681818185e-06 2.7909708037269904e-19
5.068290541958042e-06 2.8771270377292227e-19
5.098104015734266e-06 2.6831667535612143e-19
5.12791748951049e-06 2.678584370410217e-19
5.157730963286713e-06 2.6738517254905556e-19
5.187544437062937e-06 2.636610224066991e-19
5.217357910839161e-06 2.6843469318472843e-19
5.247171384615385e-06 2.506480790725256e-19
5.276984858391609e-06 2.4843651671281654e-19
5.306798332167833e-06 2.6312390853219376e-19
5.3366118059440566e-06 2.4740499301460004e-19
5.36642527972028e-06 2.4016208110047397e-19
5.396238753496504e-06 2.4328004190886804e-19
5.426052227272727e-06 2.3788727472004184e-19
5.455865701048951e-06 2.4217167525400103e-19
5.485679174825175e-06 2.2959163091615005e-19
5.515492648601399e-06 2.1786522803786316e-19
5.545306122377623e-06 2.331889628372808e-19
5.575119596153846e-06 2.249839054068988e-19
5.60493306993007e-06 2.091962567236825e-19
5.634746543706294e-06 2.1475216263466289e-19
5.6645600174825175e-06 2.1001577612118966e-19
5.694373491258741e-06 2.1035658905499734e-19
5.724186965034965e-06 2.0537333626517963e-19
5.7540004388111895e-06 1.884732991534089e-19
5.783813912587413e-06 1.994603895191421e-19
5.813627386363637e-06 1.9928206385288838e-19
5.843440860139861e-06 1.8195096562535102e-19
5.873254333916084e-06 1.8314864831199293e-19
5.903067807692308e-06 1.7946259129821956e-19
5.932881281468532e-06 1.7819186949963473e-19
5.9626947552447555e-06 1.7729908811849598e-19
5.992508229020979e-06 1.5987183887634745e-19
6.022321702797204e-06 1.6136203563605386e-19
6.052135176573427e-06 1.6930441939065742e-19
6.08194865034965e-06 1.5433290475691907e-19
6.111762124125874e-06 1.485991455581203e-19
6.141575597902098e-06 1.487891585570802e-19
6.1713890716783215e-06 1.4548723943098127e-19
6.201202545454545e-06 1.4758843972746052e-19
6.231016019230769e-06 1.3120108683958766e-19
6.2608294930069935e-06 1.2506829365240205e-19
6.290642966783217e-06 1.382762278419116e-19
6.320456440559441e-06 1.239937823626385e-19
6.350269914335665e-06 1.1367878619714959e-19
6.380083388111888e-06 1.1688996056501606e-19
6.409896861888112e-06 1.1015266617848522e-19
6.439710335664336e-06 1.1171333722484396e-19
6.4695238094405595e-06 1.0213467723763e-19
6.499337283216783e-06 8.986478851631578e-20
6.529150756993008e-06 1.008781332615084e-19
6.5589642307692316e-06 9.625444701849867e-20
6.588777704545455e-06 8.13269904207917e-20
6.618591178321679e-06 8.28293400342401e-20
6.648404652097903e-06 7.716032374936152e-20
6.678218125874126e-06 7.454468000073094e-20
6.708031599650349e-06 7.294167565401648e-20
6.737845073426573e-06 5.665871667665803e-20
6.767658547202798e-06 6.177990150650413e-20
6.797472020979021e-06 6.487649255551941e-20
6.827285494755245e-06 4.651148979700605e-20
6.85709896853147e-06 4.6615643676960434e-20
6.8869124423076925e-06 4.592290592269987e-20
6.916725916083917e-06 4.019878412538423e-20
6.94653938986014e-06 4.04058887431978e-20
6.9763528636363645e-06 2.5405627859495727e-20
7.006166337412587e-06 2.4320184189505525e-20
7.035979811188811e-06 3.143601376510486e-20
7.065793284965036e-06 1.548174553607558e-20
7.0956067587412585e-06 1.1644797726585212e-20
7.125420232517483e-06 1.0529662367857978e-20
7.155233706293706e-06 3.747338989112852e-21
7.1850471800699305e-06 8.945893531492418e-21
7.214860653846153e-06 -6.1979743876255266e-21
7.244674127622378e-06 -1.3820672955902644e-20
7.274487601398602e-06 -1.3487721653122853e-21
7.304301075174826e-06 -1.44694857129891e-20
7.334114548951049e-06 -2.3890642464641184e-20
7.363928022727274e-06 -2.155467000701243e-20
7.3937414965034965e-06 -2.8023867427427956e-20
7.423554970279721e-06 -2.6638558796812118e-20
7.453368444055944e-06 -3.587074306937463e-20
7.4831819178321685e-06 -4.952911456997475e-20
7.512995391608391e-06 -3.898094810281741e-20
7.542808865384616e-06 -4.303532111853083e-20
7.57262233916084e-06 -5.856858975872888e-20
7.602435812937064e-06 -5.657048371452739e-20
7.632249286713287e-06 -6.139570513254917e-20
7.66206276048951e-06 -6.227865505498997e-20
7.691876234265735e-06 -6.377859832659826e-20
7.721689708041958e-06 -8.022527012032443e-20
7.751503181818182e-06 -7.683819370712354e-20
7.781316655594406e-06 -7.417737335337134e-20
7.81113012937063e-06 -9.052259619780152e-20
7.840943603146853e-06 -9.123279430313017e-20
7.870757076923077e-06 -9.166422115485575e-20
7.9005705506993e-06 -9.915901091282022e-20
7.930384024475526e-06 -9.754144200648119e-20
7.960197498251748e-06 -1.101847535670945e-19
7.990010972027973e-06 -1.1446469534506373e-19
8.019824445804195e-06 -1.0378122707927633e-19
8.04963791958042e-06 -1.181785281366259e-19
8.079451393356643e-06 -1.2535801914432638e-19
8.109264867132868e-06 -1.2315607462232432e-19
8.13907834090909e-06 -1.3015100757734149e-19
8.168891814685316e-06 -1.2793464068114772e-19
8.19870528846154e-06 -1.4021745989248487e-19
8.228518762237763e-06 -1.4882800599270256e-19
8.258332236013987e-06 -1.3726196684209213e-19
8.288145709790209e-06 -1.4632238792094122e-19
8.317959183566434e-06 -1.5768134066639163e-19
8.347772657342656e-06 -1.560380417050252e-19
8.377586131118882e-06 -1.5950186692256762e-19
8.407399604895105e-06 -1.6006924216958486e-19
8.43721307867133e-06 -1.653559995055409e-19
8.467026552447553e-06 -1.7847753508817719e-19
8.496840026223777e-06 -1.7249467434098985e-19
8.5266535e-06 -1.7003712556752202e-19
8.556466973776224e-06 -1.8762969857999673e-19
8.586280447552448e-06 -1.8748863920501558e-19
8.616093921328671e-06 -1.8706394247553559e-19
8.645907395104895e-06 -1.920306798329321e-19
8.675720868881119e-06 -1.9050587857341287e-19
8.705534342657343e-06 -2.0687166954895257e-19
8.735347816433568e-06 -2.0433335981187533e-19
8.76516129020979e-06 -1.9410480186295682e-19
8.794974763986015e-06 -2.1461715134529425e-19
8.824788237762238e-06 -2.153853662310594e-19
8.854601711538463e-06 -2.1254964931905025e-19
8.884415185314685e-06 -2.2005418205626437e-19
8.914228659090909e-06 -2.1486117195891777e-19
8.944042132867134e-06 -2.314707919050982e-19
8.973855606643356e-06 -2.359284428865095e-19
9.003669080419582e-06 -2.201759605222299e-19
9.033482554195804e-06 -2.357800900363019e-19
9.063296027972029e-06 -2.4462054699589764e-19
9.093109501748251e-06 -2.3865646195048343e-19
9.122922975524476e-06 -2.4222449935400177e-19
9.152736449300698e-06 -2.4222943014270873e-19
9.182549923076924e-06 -2.515909113271707e-19
9.212363396853148e-06 -2.5842538269895377e-19
9.242176870629371e-06 -2.483699860169471e-19
9.271990344405595e-06 -2.549863965626784e-19
9.301803818181819e-06 -2.672858711956592e-19
9.331617291958042e-06 -2.6214362522187673e-19
9.361430765734266e-06 -2.637765929442021e-19
9.39124423951049e-06 -2.671651568970283e-19
9.421057713286714e-06 -2.6945491919720055e-19
9.450871187062937e-06 -2.8116254168148214e-19
9.480684660839163e-06 -2.723687275268031e-19
9.510498134615385e-06 -2.698277327633071e-19
9.540311608391608e-06 -2.8816469588769915e-19
9.570125082167832e-06 -2.8350980629303936e-19
9.599938555944056e-06 -2.8452183913832534e-19
9.62975202972028e-06 -2.8822030651612645e-19
9.659565503496503e-06 -2.8475920209615337e-19
9.689378977272727e-06 -3.018779518723447e-19
9.71919245104895e-06 -2.9712342990998117e-19
9.749005924825176e-06 -2.8720696198861253e-19
9.778819398601398e-06 -3.0500826733192056e-19
9.808632872377624e-06 -3.0572276400361603e-19
9.838446346153846e-06 -3.0133401296150934e-19
9.868259819930071e-06 -3.06208446610945e-19
9.898073293706293e-06 -3.0442219969091506e-19
9.927886767482518e-06 -3.1390287198290605e-19
9.957700241258742e-06 -3.174990071851217e-19
9.987513715034966e-06 -3.034695093639953e-19
1.001732718881119e-05 -3.1547210955559107e-19
1.0047140662587413e-05 -3.262291071629517e-19
1.0076954136363637e-05 -3.1642787327284926e-19
1.010676761013986e-05 -3.2104046596703605e-19
1.0136581083916085e-05 -3.187995106531327e-19
1.0166394557692308e-05 -3.2592512688734134e-19
1.0196208031468532e-05 -3.3546814397688673e-19
1.0226021505244756e-05 -3.18146458757535e-19
1.025583497902098e-05 -3.2624270787390223e-19
1.0285648452797203e-05 -3.3965907407859734e-19
1.0315461926573427e-05 -3.296072843152019e-19
1.034527540034965e-05 -3.314380785785462e-19
1.0375088874125874e-05 -3.344438537088581e-19
1.0404902347902098e-05 -3.3610948606418573e-19
1.0434715821678322e-05 -3.4559522152301945e-19
1.0464529295454545e-05 -3.3696270665689066e-19
1.049434276923077e-05 -3.3149118576171774e-19
1.0524156243006993e-05 -3.4888571197245754e-19
1.0553969716783218e-05 -3.4414045800224495e-19
1.058378319055944e-05 -3.360875014930456e-19
1.0613596664335666e-05 -3.4502787961343423e-19
1.0643410138111888e-05 -3.4416657631287815e-19
1.0673223611888113e-05 -3.5143024002482465e-19
1.0703037085664335e-05 -3.4892018565033697e-19
1.073285055944056e-05 -3.3728678965728334e-19
1.0762664033216784e-05 -3.535329846659248e-19
1.0792477506993008e-05 -3.5451003753434112e-19
1.0822290980769232e-05 -3.4391086050739676e-19
1.0852104454545454e-05 -3.5129973733141024e-19
1.088191792832168e-05 -3.5032055970943045e-19
1.0911731402097901e-05 -3.549450929530626e-19
1.0941544875874127e-05 -3.5635544586931715e-19
1.097135834965035e-05 -3.432960704993123e-19
1.1001171823426574e-05 -3.532958251596351e-19
1.1030985297202798e-05 -3.5991214491181203e-19
1.1060798770979021e-05 -3.477357977478636e-19
1.1090612244755245e-05 -3.5284978030224484e-19
1.1120425718531469e-05 -3.5542689726998644e-19
1.1150239192307693e-05 -3.538765522045999e-19
1.1180052666083916e-05 -3.6004461953726793e-19
1.120986613986014e-05 -3.497895680810088e-19
1.1239679613636364e-05 -3.5057045251442266e-19
1.1269493087412587e-05 -3.6216470739643423e-19
1.1299306561188813e-05 -3.516601660972827e-19
1.1329120034965035e-05 -3.515002620686988e-19
1.135893350874126e-05 -3.5578218702703484e-19
1.1388746982517482e-05 -3.5018886883638353e-19
1.1418560456293708e-05 -3.5730853712144453e-19
1.144837393006993e-05 -3.5188743880648843e-19
1.1478187403846154e-05 -3.4610821291959055e-19
1.1508000877622379e-05 -3.5967455741264493e-19
1.1537814351398601e-05 -3.540406237437294e-19
1.1567627825174826e-05 -3.4676174562151816e-19
1.1597441298951048e-05 -3.5342964749946647e-19
1.1627254772727274e-05 -3.501907501672683e-19
1.1657068246503496e-05 -3.5265201559305437e-19
1.1686881720279721e-05 -3.509968044565407e-19
1.1716695194055943e-05 -3.406304175383496e-19
1.1746508667832169e-05 -3.522734977959579e-19
1.1776322141608392e-05 -3.533848979220714e-19
1.1806135615384616e-05 -3.3992490258278146e-19
1.183594908916084e-05 -3.476211096860419e-19
1.1865762562937064e-05 -3.4749961080319507e-19
1.1895576036713287e-05 -3.4414543757744716e-19
1.1925389510489511e-05 -3.4788968680807074e-19
1.1955202984265735e-05 -3.366965283098785e-19
1.1985016458041958e-05 -3.41793420690405e-19
1.2014829931818182e-05 -3.488454598879385e-19
1.2044643405594408e-05 -3.3489552087416693e-19
1.207445687937063e-05 -3.378581777370353e-19
1.2104270353146853e-05 -3.4046984668721927e-19
1.2134083826923077e-05 -3.352785671757131e-19
1.21638973006993e-05 -3.400011686502273e-19
1.2193710774475524e-05 -3.3105806699652274e-19
1.2223524248251748e-05 -3.2964929799517593e-19
1.2253337722027972e-05 -3.409314301113087e-19
1.2283151195804196e-05 -3.2823465100641277e-19
1.2312964669580421e-05 -3.2581007188239944e-19
1.2342778143356643e-05 -3.3383180667147393e-19
1.2372591617132868e-05 -3.23816101005568e-19
1.240240509090909e-05 -3.2686155693149616e-19
1.2432218564685316e-05 -3.253480385816915e-19
1.2462032038461538e-05 -3.163100028770828e-19
1.2491845512237763e-05 -3.268810650018077e-19
1.2521658986013987e-05 -3.2073685580860857e-19
1.255147245979021e-05 -3.107339730065283e-19
1.2581285933566434e-05 -3.211241478395862e-19
1.2611099407342658e-05 -3.145579094944489e-19
1.2640912881118882e-05 -3.1155940988847366e-19
1.2670726354895106e-05 -3.154896930080103e-19
1.270053982867133e-05 -3.0159408086384193e-19
1.2730353302447551e-05 -3.0969252418511115e-19
1.2760166776223777e-05 -3.1088364655036897e-19
1.278998025e-05 -2.955149739511656e-19
1.2819793723776224e-05 -3.047497312714272e-19
1.2849607197552448e-05 -2.99856114112195e-19
1.2879420671328672e-05 -2.943317363278147e-19
1.2909234145104895e-05 -3.0116916560854e-19
1.2939047618881119e-05 -2.8866054962708396e-19
1.2968861092657343e-05 -2.901267913163646e-19
1.2998674566433567e-05 -2.9591811083047913e-19
1.302848804020979e-05 -2.8063810817235327e-19
1.3058301513986016e-05 -2.8416526325705785e-19
1.3088114987762238e-05 -2.8884330144140424e-19
1.3117928461538463e-05 -2.7563451748164946e-19
1.3147741935314685e-05 -2.7909467993909483e-19
1.317755540909091e-05 -2.755305912976274e-19
1.3207368882867133e-05 -2.6758502489861542e-19
1.3237182356643358e-05 -2.7617739143036825e-19
1.326699583041958e-05 -2.6519783825302706e-19
1.3296809304195805e-05 -2.621791984578886e-19
1.3326622777972029e-05 -2.702649975221933e-19
1.3356436251748253e-05 -2.562724093597965e-19
1.3386249725524477e-05 -2.5777770891083894e-19
1.3416063199300699e-05 -2.602272468612617e-19
1.3445876673076924e-05 -2.478665324788464e-19
1.3475690146853146e-05 -2.5231085118992867e-19
1.3505503620629371e-05 -2.489223566527485e-19
1.3535317094405595e-05 -2.393748221397107e-19
1.3565130568181819e-05 -2.4623117513369187e-19
1.3594944041958043e-05 -2.381724328508275e-19
1.3624757515734266e-05 -2.3133544934744478e-19
1.365457098951049e-05 -2.391529918273844e-19
1.3684384463286712e-05 -2.276863976852169e-19
1.371419793706294e-05 -2.2692721884198133e-19
1.3744011410839161e-05 -2.310626857312167e-19
1.3773824884615385e-05 -2.1611672810813462e-19
1.3803638358391609e-05 -2.223815870063929e-19
1.3833451832167834e-05 -2.2068769745097515e-19
1.3863265305944058e-05 -2.0552875844979594e-19
1.389307877972028e-05 -2.1480804290328545e-19
1.3922892253496503e-05 -2.090525661245401e-19
1.3952705727272729e-05 -1.9950225810900452e-19
1.3982519201048953e-05 -2.062224563200349e-19
1.4012332674825175e-05 -1.9619920560838e-19
1.4042146148601398e-05 -1.9538523597033528e-19
1.4071959622377622e-05 -1.975763687116727e-19
1.4101773096153847e-05 -1.8253313351457511e-19
1.4131586569930071e-05 -1.8796873913208944e-19
1.4161400043706293e-05 -1.8925442607153113e-19
1.4191213517482517e-05 -1.7459386320354033e-19
1.4221026991258742e-05 -1.7791564445747107e-19
1.4250840465034966e-05 -1.743452543763962e-19
1.428065393881119e-05 -1.6777813829016368e-19
1.4310467412587412e-05 -1.717241769241448e-19
1.4340280886363639e-05 -1.5980497477603738e-19
1.4370094360139861e-05 -1.582566788804633e-19
1.4399907833916085e-05 -1.6439949342309445e-19
1.4429721307692307e-05 -1.511824812327625e-19
1.4459534781468534e-05 -1.5040895740596206e-19
1.4489348255244756e-05 -1.5070627350130507e-19
1.451916172902098e-05 -1.424056902529753e-19
1.4548975202797203e-05 -1.454115934662191e-19
1.4578788676573429e-05 -1.3676534644859328e-19
1.4608602150349652e-05 -1.2873862938547596e-19
1.4638415624125874e-05 -1.368346376209687e-19
1.4668229097902098e-05 -1.2735354630013352e-19
1.469804257167832e-05 -1.1895247399951435e-19
1.4727856045454547e-05 -1.2406414619173734e-19
1.475766951923077e-05 -1.1523686939384878e-19
1.4787482993006993e-05 -1.158803073833158e-19
1.4817296466783217e-05 -1.1370820867934023e-19
1.4847109940559442e-05 -9.870221351150573e-20
1.4876923414335666e-05 -1.0875271162633084e-19
1.4906736888111888e-05 -1.0518031682324556e-19
1.4936550361888112e-05 -8.800964189262024e-20
1.4966363835664337e-05 -9.52314301830882e-20
1.499617730944056e-05 -8.996564725303176e-20
1.5025990783216783e-05 -8.520145238125877e-20
1.5055804256993006e-05 -8.709506646566619e-20
1.5085617730769232e-05 -7.06787121874874e-20
1.5115431204545456e-05 -7.672296704459503e-20
1.514524467832168e-05 -8.092007309301007e-20
1.5175058152097901e-05 -5.985537214705642e-20
1.5204871625874128e-05 -6.445658178879695e-20
1.523468509965035e-05 -6.638651039870979e-20
1.5264498573426574e-05 -5.500705760833249e-20
1.5294312047202798e-05 -5.741602071038661e-20
1.532412552097902e-05 -4.554642476132212e-20
1.5353938994755245e-05 -4.306846293283899e-20
1.538375246853147e-05 -5.1908093241921317e-20
1.5413565942307693e-05 -3.5219447549070623e-20
1.5443379416083917e-05 -3.12889524361864e-20
1.547319288986014e-05 -3.6457723804030463e-20
1.5503006363636364e-05 -2.7919469432040126e-20
1.5532819837412588e-05 -2.793025752319136e-20
1.556263331118881e-05 -2.0268867708339742e-20
1.5592446784965035e-05 -1.4463554885240296e-20
1.562226025874126e-05 -2.2655066035111374e-20
1.5652073732517483e-05 -9.841474720138984e-21
1.5681887206293706e-05 -7.244498879650858e-22
1.5711700680069933e-05 -8.037533602087654e-21
1.5741514153846154e-05 -8.38862112871476e-22
1.5771327627622377e-05 3.0898681944209115e-21
1.58011411013986e-05 6.992839615569164e-21
1.5830954575174828e-05 1.603840990694919e-20
1.5860768048951052e-05 8.129430396194616e-21
1.5890581522727272e-05 1.1962586687426531e-20
1.5920394996503496e-05 2.787547454541887e-20
1.595020847027972e-05 2.153736242759291e-20
1.5980021944055947e-05 2.1714583369944756e-20
1.6009835417832167e-05 3.139415210369057e-20
1.603964889160839e-05 3.2505416615139255e-20
1.6069462365384615e-05 4.298857484440659e-20
1.609927583916084e-05 3.95896773094615e-20
1.6129089312937065e-05 3.49288964298071e-20
1.6158902786713286e-05 5.454458812589248e-20
1.618871626048951e-05 5.36719015584625e-20
1.6218529734265737e-05 4.853911613319148e-20
1.624834320804196e-05 5.733043872751021e-20
1.627815668181818e-05 5.866788737547792e-20
1.6307970155594404e-05 6.836588492277723e-20
1.633778362937063e-05 6.792446977203661e-20
1.6367597103146855e-05 6.128231082550006e-20
1.639741057692308e-05 7.751505058121916e-20
1.64272240506993e-05 8.337984989248234e-20
1.6457037524475526e-05 7.537729391733259e-20
1.648685099825175e-05 8.077005803193984e-20
1.6516664472027974e-05 8.725494403323411e-20
1.6546477945804194e-05 9.278097610265647e-20
1.6576291419580418e-05 9.588380711136228e-20
1.6606104893356645e-05 8.812538822154303e-20
1.663591836713287e-05 9.886310732196525e-20
1.6665731840909092e-05 1.1189543968962146e-19
1.6695545314685313e-05 1.0039908071162941e-19
1.672535878846154e-05 1.0315434214088545e-19
1.6755172262237763e-05 1.145371286659239e-19
1.6784985736013987e-05 1.160290127492149e-19
1.681479920979021e-05 1.2058657894504452e-19
1.6844612683566435e-05 1.1574751550866615e-19
1.687442615734266e-05 1.1976940203316504e-19
1.6904239631118882e-05 1.3678504920525113e-19
1.6934053104895106e-05 1.3012476347133091e-19
1.696386657867133e-05 1.2601627829177622e-19
1.6993680052447553e-05 1.3702221412842125e-19
1.7023493526223777e-05 1.4052606886921786e-19
1.7053307e-05 1.4564198891143779e-19
1.7083120473776224e-05 1.413820674622106e-19
1.7112933947552448e-05 1.4097597020893634e-19
1.7142747421328672e-05 1.5874610158319117e-19
1.7172560895104896e-05 1.566896441764366e-19
1.720237436888112e-05 1.4989017216257683e-19
1.7232187842657343e-05 1.5818828250261727e-19
1.7262001316433567e-05 1.625754057979335e-19
1.729181479020979e-05 1.6968172257627568e-19
1.7321628263986014e-05 1.6737430783574494e-19
1.7351441737762238e-05 1.607424121717952e-19
1.738125521153846e-05 1.7692874165450003e-19
1.7411068685314685e-05 1.8192966445718602e-19
1.744088215909091e-05 1.7103725870635165e-19
1.7470695632867136e-05 1.7777967784734476e-19
1.7500509106643356e-05 1.8535740704996214e-19
1.753032258041958e-05 1.8805284994052326e-19
1.7560136054195804e-05 1.9047172045959267e-19
1.758994952797203e-05 1.8307618713571693e-19
1.761976300174825e-05 1.9355245884058326e-19
1.7649576475524475e-05 2.0609815274418626e-19
1.76793899493007e-05 1.9229675311712315e-19
1.7709203423076926e-05 1.9517612607740345e-19
1.773901689685315e-05 2.0525516444436294e-19
1.776883037062937e-05 2.0569671915972379e-19
1.7798643844405594e-05 2.105348196493707e-19
1.7828457318181817e-05 2.0154477518364774e-19
1.7858270791958044e-05 2.0586472377898359e-19
1.7888084265734268e-05 2.229162764295512e-19
1.791789773951049e-05 2.1398113755625343e-19
1.7947711213286712e-05 2.114096270793003e-19
1.797752468706294e-05 2.2059137459489443e-19
1.8007338160839163e-05 2.2219889391728344e-19
1.8037151634615383e-05 2.267089433757042e-19
1.8066965108391607e-05 2.2045610236839876e-19
1.8096778582167834e-05 2.1879617888222807e-19
1.8126592055944058e-05 2.3614726786322897e-19
1.815640552972028e-05 2.3258181848163867e-19
1.8186219003496502e-05 2.2219643201672113e-19
1.821603247727273e-05 2.331473352958182e-19
1.8245845951048953e-05 2.377859164997889e-19
1.8275659424825177e-05 2.394660896520319e-19
1.8305472898601397e-05 2.3795862088215896e-19
1.8335286372377624e-05 2.299263693103761e-19
1.8365099846153848e-05 2.468640496091202e-19
1.839491331993007e-05 2.5129584013881787e-19
1.8424726793706295e-05 2.337058994486916e-19
1.8454540267482515e-05 2.414032863922461e-19
1.8484353741258743e-05 2.499929237619414e-19
1.8514167215034966e-05 2.50338307510225e-19
1.854398068881119e-05 2.484205571278444e-19
1.857379416258741e-05 2.405724336689407e-19
1.8603607636363637e-05 2.5138614926750775e-19
1.863342111013986e-05 2.6155499945824537e-19
1.8663234583916085e-05 2.490837352889195e-19
1.869304805769231e-05 2.480327547275987e-19
1.8722861531468532e-05 2.5900366516354773e-19
1.8752675005244756e-05 2.579340333153383e-19
1.878248847902098e-05 2.5783845817974933e-19
1.8812301952797203e-05 2.5266834224894634e-19
1.8842115426573427e-05 2.5349377917059736e-19
1.887192890034965e-05 2.6869755244748554e-19
1.8901742374125875e-05 2.585349400370244e-19
1.89315558479021e-05 2.503953250067889e-19
1.8961369321678325e-05 2.628418841964562e-19
1.8991182795454546e-05 2.6503494431469576e-19
1.902099626923077e-05 2.652498724036507e-19
1.9050809743006993e-05 2.591673588070531e-19
1.9080623216783217e-05 2.551177243380446e-19
1.911043669055944e-05 2.7179319704317236e-19
1.9140250164335664e-05 2.697627808071513e-19
1.9170063638111888e-05 2.538590105202701e-19
1.9199877111888112e-05 2.633533146954688e-19
1.922969058566434e-05 2.69134755207672e-19
1.925950405944056e-05 2.667969779166544e-19
1.9289317533216783e-05 2.647843791276586e-19
1.9319131006993007e-05 2.559536607051803e-19
1.9348944480769234e-05 2.691201107903046e-19
1.9378757954545454e-05 2.752145574698691e-19
1.9408571428321678e-05 2.570525249630993e-19
1.94383849020979e-05 2.619099519934983e-19
1.946819837587413e-05 2.719286537026692e-19
1.9498011849650352e-05 2.6953933748254334e-19
1.9527825323426573e-05 2.6669798502845444e-19
1.9557638797202796e-05 2.5734726838416445e-19
1.9587452270979023e-05 2.6548791549886076e-19
1.9617265744755247e-05 2.7679887392764983e-19
1.9647079218531468e-05 2.5859738869448953e-19
1.967689269230769e-05 2.5723138202516103e-19
1.970670616608392e-05 2.688170047017918e-19
1.9736519639860142e-05 2.660180474782992e-19
1.9766333113636366e-05 2.6758323599547885e-19
1.9796146587412586e-05 2.5624654905007225e-19
1.982596006118881e-05 2.581296975710672e-19
1.9855773534965037e-05 2.757504935046797e-19
1.988558700874126e-05 2.6087836409983746e-19
1.9915400482517484e-05 2.5120747579900666e-19
1.9945213956293705e-05 2.623337227967668e-19
1.9975027430069932e-05 2.6423046904331404e-19
2.0004840903846156e-05 2.6097463796068982e-19
2.003465437762238e-05 2.532556528751997e-19
2.00644678513986e-05 2.5021934122519017e-19
2.0094281325174827e-05 2.642741220878876e-19
2.012409479895105e-05 2.615159231571692e-19
2.0153908272727274e-05 2.44088402077637e-19
2.0183721746503498e-05 2.5163571992703003e-19
2.021353522027972e-05 2.585222144917576e-19
2.0243348694055945e-05 2.548265194479204e-19
2.027316216783217e-05 2.4845578089596336e-19
2.0302975641608393e-05 2.396050156952524e-19
2.0332789115384616e-05 2.5349614159865665e-19
2.036260258916084e-05 2.5762998347920434e-19
2.0392416062937064e-05 2.369289583936977e-19
2.0422229536713288e-05 2.386057480718964e-19
2.045204301048951e-05 2.485289263763864e-19
2.0481856484265735e-05 2.446479022521259e-19
2.051166995804196e-05 2.404751366680692e-19
2.0541483431818182e-05 2.3223608971465364e-19
2.0571296905594406e-05 2.3828640441780445e-19
2.060111037937063e-05 2.485715283161546e-19
2.0630923853146854e-05 2.302540876258904e-19
2.0660737326923077e-05 2.2442909467433153e-19
2.06905508006993e-05 2.364586863725641e-19
2.0720364274475528e-05 2.3387355940917447e-19
2.075017774825175e-05 2.293913083552004e-19
2.0779991222027972e-05 2.2086001820644953e-19
2.0809804695804196e-05 2.20579868725972e-19
2.0839618169580423e-05 2.346073130995798e-19
2.0869431643356643e-05 2.2328673556928495e-19
2.0899245117132867e-05 2.0861024016781609e-19
2.092905859090909e-05 2.213852763269982e-19
2.0958872064685318e-05 2.2498949453889413e-19
2.098868553846154e-05 2.168617179480919e-19
2.1018499012237762e-05 2.0889259924610328e-19
2.1048312486013986e-05 2.0410580063289035e-19
2.107812595979021e-05 2.1981583427087277e-19
2.1107939433566437e-05 2.155301334526464e-19
2.1137752907342657e-05 1.914285477404645e-19
2.116756638111888e-05 2.0235374582428786e-19
2.1197379854895104e-05 2.116602147371128e-19
2.122719332867133e-05 2.0095597653491104e-19
2.1257006802447555e-05 1.9588833119974397e-19
2.1286820276223775e-05 1.8908746872061271e-19
2.131663375e-05 1.9894912835642857e-19
2.1346447223776226e-05 2.044084290504457e-19
2.137626069755245e-05 1.805556524629427e-19
2.140607417132867e-05 1.8172992832767203e-19
2.1435887645104894e-05 1.9407088476132667e-19
2.146570111888112e-05 1.86749968693781e-19
2.1495514592657345e-05 1.7998517704029485e-19
2.152532806643357e-05 1.6927515856540915e-19
2.155514154020979e-05 1.7790922836186774e-19
2.1584955013986016e-05 1.9032498048388327e-19
2.161476848776224e-05 1.6692451210464348e-19
2.1644581961538463e-05 1.5917211326738562e-19
2.1674395435314687e-05 1.7644393957400912e-19
2.1704208909090907e-05 1.7167379478463108e-19
2.1734022382867135e-05 1.613933865283339e-19
2.176383585664336e-05 1.5438544727940742e-19
2.1793649330419582e-05 1.5401917787612928e-19
2.1823462804195802e-05 1.6979539494968466e-19
2.185327627797203e-05 1.5436164927791697e-19
2.1883089751748253e-05 1.3480815317243782e-19
2.1912903225524477e-05 1.531315237783171e-19
2.19427166993007e-05 1.5506513393210703e-19
2.1972530173076924e-05 1.4247483226927041e-19
2.2002343646853148e-05 1.3581919441718114e-19
2.2032157120629372e-05 1.3198385925690665e-19
2.2061970594405595e-05 1.4633244960591646e-19
2.209178406818182e-05 1.4081482782999887e-19
2.2121597541958043e-05 1.1453645177616027e-19
2.2151411015734267e-05 1.253450951834009e-19
2.218122448951049e-05 1.3799550327601414e-19
2.2211037963286714e-05 1.221733521914758e-19
2.2240851437062938e-05 1.1361162204413123e-19
2.227066491083916e-05 1.093504267705826e-19
2.2300478384615385e-05 1.2023099211350478e-19
2.233029185839161e-05 1.256011764416488e-19
2.2360105332167833e-05 9.663275466379876e-20
2.2389918805944056e-05 9.791141724828369e-20
2.241973227972028e-05 1.1705571621740067e-19
2.2449545753496504e-05 1.051314708873828e-19
2.2479359227272728e-05 9.346184593799322e-20
2.250917270104895e-05 8.654231543224319e-20
2.2538986174825175e-05 9.429461164036627e-20
2.25687996486014e-05 1.0604475716124235e-19
2.2598613122377626e-05 7.950717252644719e-20
2.2628426596153846e-05 6.991545172007562e-20
2.265824006993007e-05 9.239681792410668e-20
2.2688053543706294e-05 8.65784767373688e-20
2.271786701748252e-05 7.249268308005921e-20
2.2747680491258744e-05 6.727118999731827e-20
2.2777493965034965e-05 6.867900865388933e-20
2.280730743881119e-05 8.271684015235515e-20
2.2837120912587416e-05 6.659509048359496e-20
2.286693438636364e-05 4.418518771652571e-20
2.289674786013986e-05 6.643261303396684e-20
2.2926561333916083e-05 7.079089300432472e-20
2.2956374807692307e-05 4.899234837342401e-20
2.2986188281468534e-05 4.578863157241417e-20
2.3016001755244758e-05 4.5537207090950933e-20
2.3045815229020978e-05 5.673027873414562e-20
2.3075628702797202e-05 5.244494887332528e-20
2.310544217657343e-05 2.3874674048710075e-20
2.3135255650349653e-05 3.654581086764368e-20
2.3165069124125873e-05 5.283867270650597e-20
2.3194882597902097e-05 3.385380065256661e-20
2.3224696071678324e-05 2.322673167000286e-20
2.3254509545454548e-05 2.3519656099635446e-20
2.328432301923077e-05 3.2428501188411743e-20
2.331413649300699e-05 3.448058197980934e-20
2.334394996678322e-05 7.545889840428381e-21
2.3373763440559442e-05 7.088504620419584e-21
2.3403576914335666e-05 3.1154633995163926e-20
2.3433390388111887e-05 1.8465565751323714e-20
2.3463203861888114e-05 9.069716374336083e-22
2.3493017335664337e-05 3.1633031521670593e-21
2.352283080944056e-05 1.0760810032269063e-20
2.3552644283216785e-05 1.6512288139698074e-20
2.3582457756993005e-05 -7.095557302038855e-21
2.3612271230769232e-05 -1.7764692496931772e-20
2.3642084704545456e-05 8.681129478176253e-21
2.367189817832168e-05 3.8102241187183585e-21
2.3701711652097903e-05 -1.880629392617432e-20
2.3731525125874127e-05 -1.8316893683561836e-20
2.376133859965035e-05 -1.1318567516836e-20
2.3791152073426575e-05 -4.285465051900448e-21
2.3820965547202798e-05 -1.8307385888022268e-20
2.3850779020979022e-05 -3.627799348278833e-20
2.3880592494755246e-05 -1.6261948230632445e-20
2.391040596853147e-05 -9.583799107430626e-21
2.3940219442307693e-05 -3.644944402025781e-20
2.3970032916083917e-05 -4.239407717249644e-20
2.399984638986014e-05 -3.632015567586531e-20
2.4029659863636364e-05 -2.6558305461709175e-20
2.4059473337412588e-05 -2.998246491606595e-20
2.4089286811188815e-05 -5.508970939539692e-20
2.4119100284965035e-05 -4.4705759535044505e-20
2.414891375874126e-05 -2.782771236481003e-20
2.4178727232517483e-05 -4.995845823399205e-20
2.4208540706293707e-05 -6.149510767398901e-20
2.423835418006993e-05 -5.159673600586269e-20
2.4268167653846154e-05 -4.55997095948377e-20
2.4297981127622378e-05 -4.7155105132624825e-20
2.43277946013986e-05 -7.06819434747088e-20
2.435760807517483e-05 -7.042505278016699e-20
2.438742154895105e-05 -4.354573216002134e-20
2.4417235022727273e-05 -6.12623619057306e-20
2.4447048496503496e-05 -8.023175730301327e-20
2.4476861970279723e-05 -7.082072253895287e-20
2.4506675444055944e-05 -6.385082526084905e-20
2.4536488917832167e-05 -6.024774243165978e-20
2.456630239160839e-05 -8.030282261387355e-20
2.459611586538462e-05 -8.897617137875202e-20
2.4625929339160842e-05 -6.51667678397533e-20
2.4655742812937062e-05 -6.98787928394682e-20
2.4685556286713286e-05 -9.181253371980862e-20
2.4715369760489513e-05 -8.928229084293689e-20
2.4745183234265737e-05 -7.96349719814991e-20
2.477499670804196e-05 -7.680645642606645e-20
2.480481018181818e-05 -9.208063339548301e-20
2.4834623655594405e-05 -1.059018899766606e-19
2.4864437129370632e-05 -8.43092151214662e-20
2.4894250603146855e-05 -7.697305587406853e-20
2.4924064076923076e-05 -1.0330538298820734e-19
2.49538775506993e-05 -1.0694747013753491e-19
2.4983691024475527e-05 -9.39539071876334e-20
2.501350449825175e-05 -8.940463806522591e-20
2.5043317972027974e-05 -9.840076946595641e-20
2.5073131445804194e-05 -1.1742514804753747e-19
2.510294491958042e-05 -1.0452243578081303e-19
2.5132758393356645e-05 -8.825711184765531e-20
2.516257186713287e-05 -1.1171052335855898e-19
2.519238534090909e-05 -1.2045982802785972e-19
2.5222198814685316e-05 -1.0651528638042896e-19
2.525201228846154e-05 -1.0099596252951556e-19
2.5281825762237764e-05 -1.0660379873468429e-19
2.5311639236013988e-05 -1.2508577059638942e-19
2.534145270979021e-05 -1.2062263235160693e-19
2.5371266183566435e-05 -9.696188658813417e-20
2.540107965734266e-05 -1.115002659727987e-19
2.5430893131118882e-05 -1.3149638485227345e-19
2.5460706604895103e-05 -1.195878865797865e-19
2.549052007867133e-05 -1.1121541172662381e-19
2.5520333552447554e-05 -1.1225588377254517e-19
2.5550147026223777e-05 -1.2818595156185877e-19
2.55799605e-05 -1.346298572693864e-19
2.5609773973776225e-05 -1.0754241126235951e-19
2.563958744755245e-05 -1.1321899886313453e-19
2.5669400921328672e-05 -1.372344673853579e-19
2.5699214395104896e-05 -1.274482069639918e-19
2.572902786888112e-05 -1.179398946177009e-19
2.5758841342657343e-05 -1.1861306587727596e-19
2.5788654816433567e-05 -1.2863616446934997e-19
2.581846829020979e-05 -1.394615118949789e-19
2.5848281763986018e-05 -1.2042242115972044e-19
2.5878095237762238e-05 -1.1398272813586187e-19
2.5907908711538462e-05 -1.3935985361262664e-19
2.5937722185314686e-05 -1.3987172121018078e-19
2.5967535659090913e-05 -1.225984668285252e-19
2.5997349132867133e-05 -1.206607766130038e-19
2.6027162606643357e-05 -1.3035882276923712e-19
2.605697608041958e-05 -1.4287866535876244e-19
2.6086789554195804e-05 -1.3031986495391472e-19
2.611660302797203e-05 -1.1369584686640887e-19
2.614641650174825e-05 -1.3657711022281115e-19
2.6176229975524475e-05 -1.4540277247056373e-19
2.62060434493007e-05 -1.2671629655434247e-19
2.6235856923076926e-05 -1.2433772734510452e-19
2.6265670396853147e-05 -1.3094591531383694e-19
2.629548387062937e-05 -1.4369831682399433e-19
2.6325297344405594e-05 -1.3846290146511317e-19
2.635511081818182e-05 -1.1620290829099767e-19
2.6384924291958045e-05 -1.3115368348191288e-19
2.6414737765734265e-05 -1.4840801429348144e-19
2.644455123951049e-05 -1.3048333454261588e-19
2.6474364713286716e-05 -1.2251442095475493e-19
2.650417818706294e-05 -1.2981391725996111e-19
2.653399166083916e-05 -1.406184590923104e-19
2.6563805134615384e-05 -1.4238965572951074e-19
2.659361860839161e-05 -1.1999177801424429e-19
2.6623432082167835e-05 -1.2367051647084642e-19
2.6653245555944058e-05 -1.4903100692376497e-19
2.668305902972028e-05 -1.3578406029114513e-19
2.6712872503496506e-05 -1.209348155957881e-19
2.674268597727273e-05 -1.283529067003123e-19
2.6772499451048953e-05 -1.3542387388171341e-19
2.6802312924825177e-05 -1.4136215394112196e-19
2.6832126398601397e-05 -1.2379739932195114e-19
2.6861939872377624e-05 -1.165131165860192e-19
2.6891753346153848e-05 -1.4089748401588158e-19
2.6921566819930072e-05 -1.375525056837801e-19
2.6951380293706292e-05 -1.219590393770042e-19
2.698119376748252e-05 -1.2333337121977164e-19
2.7011007241258743e-05 -1.2914252348268177e-19
2.7040820715034967e-05 -1.401332662673904e-19
2.707063418881119e-05 -1.2639783293821024e-19
2.7100447662587414e-05 -1.0951834937609177e-19
2.7130261136363638e-05 -1.3166994619519998e-19
2.716007461013986e-05 -1.3629945641242115e-19
2.7189888083916085e-05 -1.1851075421936657e-19
2.721970155769231e-05 -1.1790036336168448e-19
2.7249515031468533e-05 -1.2287200720849957e-19
2.7279328505244756e-05 -1.3211671455149227e-19
2.730914197902098e-05 -1.2587626677332114e-19
2.7338955452797204e-05 -1.076243914757122e-19
2.7368768926573424e-05 -1.1954144198650493e-19
2.739858240034965e-05 -1.34260473726278e-19
2.742839587412588e-05 -1.18427520461588e-19
2.74582093479021e-05 -1.0759055408963584e-19
2.7488022821678322e-05 -1.1459681083050155e-19
2.7517836295454543e-05 -1.225515738340798e-19
2.754764976923077e-05 -1.2266798359546703e-19
2.7577463243006997e-05 -1.0416289800818322e-19
2.7607276716783217e-05 -1.0425209271739716e-19
2.763709019055944e-05 -1.268327354819966e-19
2.7666903664335668e-05 -1.1676960262237733e-19
2.769671713811189e-05 -1.0075609948652003e-19
2.7726530611888115e-05 -1.068343932766089e-19
2.7756344085664336e-05 -1.1377954097098392e-19
2.778615755944056e-05 -1.169042553932256e-19
2.7815971033216787e-05 -1.0087895816609575e-19
2.7845784506993007e-05 -9.327435798941929e-20
2.7875597980769234e-05 -1.1480841008581686e-19
2.7905411454545458e-05 -1.1238904677589328e-19
2.7935224928321678e-05 -9.405468857007367e-20
2.7965038402097905e-05 -9.585116712271182e-20
2.7994851875874126e-05 -1.0365196363064694e-19
2.802466534965035e-05 -1.0962752477925344e-19
2.8054478823426576e-05 -9.782690733551043e-20
2.8084292297202797e-05 -8.390400301177399e-20
2.8114105770979024e-05 -1.0183073353648023e-19
2.8143919244755244e-05 -1.094344244833391e-19
2.8173732718531468e-05 -8.974701464189007e-20
2.8203546192307695e-05 -8.550142992642307e-20
2.8233359666083915e-05 -9.366446086282687e-20
2.8263173139860142e-05 -9.885343804456965e-20
2.8292986613636366e-05 -9.277754392889581e-20
2.8322800087412586e-05 -7.704261483706731e-20
2.8352613561188814e-05 -8.670469425156227e-20
2.8382427034965034e-05 -1.0109066109514e-19
2.841224050874126e-05 -8.587142800275476e-20
2.8442053982517485e-05 -7.580627676513121e-20
2.8471867456293705e-05 -8.2009339583943e-20
2.8501680930069932e-05 -8.969392540960325e-20
2.853149440384616e-05 -8.782763554919051e-20
2.856130787762238e-05 -7.029417810318255e-20
2.8591121351398603e-05 -7.272096174770174e-20
2.8620934825174824e-05 -9.06312497334596e-20
2.865074829895105e-05 -8.067759433582509e-20
2.8680561772727278e-05 -6.578538163456651e-20
2.8710375246503495e-05 -6.999172540806932e-20
2.8740188720279722e-05 -7.99426280109952e-20
2.8770002194055942e-05 -8.25970383061983e-20
2.879981566783217e-05 -6.530641077473271e-20
2.8829629141608393e-05 -5.931731252504219e-20
2.8859442615384613e-05 -7.934841069305255e-20
2.888925608916084e-05 -7.720675256497578e-20
2.8919069562937068e-05 -5.871781390281157e-20
2.8948883036713288e-05 -5.910859686525024e-20
2.897869651048951e-05 -6.834365196293441e-20
2.9008509984265732e-05 -7.17639869067911e-20
2.903832345804196e-05 -5.99520090365514e-20
2.9068136931818186e-05 -5.0034001753729863e-20
2.9097950405594407e-05 -6.512450557826588e-20
2.912776387937063e-05 -6.96010517488892e-20
2.9157577353146857e-05 -5.20197317302593e-20
2.9187390826923078e-05 -4.8697555466368236e-20
2.9217204300699305e-05 -5.665845929275963e-20
2.9247017774475522e-05 -6.382894332831683e-20
2.927683124825175e-05 -5.650863863763743e-20
2.9306644722027976e-05 -3.776874314152751e-20
2.9336458195804196e-05 -4.841917922333705e-20
2.936627166958042e-05 -6.314495970149436e-20
2.939608514335664e-05 -4.688436623872889e-20
2.9425898617132867e-05 -3.679277819693785e-20
2.9455712090909095e-05 -4.511973389894216e-20
2.9485525564685315e-05 -5.31575444270325e-20
2.951533903846154e-05 -4.9496028608251975e-20
2.9545152512237766e-05 -3.3301666374813336e-20
2.9574965986013986e-05 -3.572406996566493e-20
2.9604779459790213e-05 -5.3582253648421835e-20
2.9634592933566433e-05 -4.3070320525497856e-20
2.9664406407342657e-05 -2.894004286966757e-20
2.9694219881118884e-05 -3.4984415053086926e-20
2.9724033354895105e-05 -4.000819061333988e-20
2.9753846828671332e-05 -4.1722020309161824e-20
2.9783660302447555e-05 -2.836264664492648e-20
2.9813473776223776e-05 -2.2405289178742806e-20
2.9843287250000003e-05 -4.219131649315644e-20
2.9873100723776223e-05 -4.0149747208947974e-20
2.990291419755245e-05 -2.290655586248856e-20
2.9932727671328674e-05 -2.323208477865514e-20
2.9962541145104894e-05 -3.0803771843489744e-20
2.999235461888112e-05 -3.822717131301951e-20
3.0022168092657342e-05 -2.5700923025566182e-20
3.0051981566433566e-05 -1.233320043373891e-20
3.0081795040209793e-05 -3.13827662516475e-20
3.0111608513986013e-05 -3.559619375790628e-20
3.014142198776224e-05 -1.7338563040184743e-20
3.0171235461538464e-05 -1.5613138934203437e-20
3.0201048935314684e-05 -2.2413712048539078e-20
3.023086240909091e-05 -3.0686793628945795e-20
3.026067588286713e-05 -2.5126079901149985e-20
3.029048935664336e-05 -6.347554283070815e-21
3.0320302830419582e-05 -1.852703142276762e-20
3.0350116304195803e-05 -3.444408542551361e-20
3.037992977797203e-05 -1.5535948575275602e-20
3.0409743251748257e-05 -8.202614783642315e-21
3.0439556725524477e-05 -1.676600239882783e-20
3.04693701993007e-05 -2.136625768586334e-20
3.049918367307692e-05 -2.2110654944734633e-20
3.052899714685315e-05 -4.083013704666365e-21
3.055881062062937e-05 -7.323308326364117e-21
3.0588624094405596e-05 -3.0213903850291245e-20
3.061843756818182e-05 -1.6716463414733337e-20
3.064825104195804e-05 -3.39438880722919e-21
3.067806451573427e-05 -1.1639193378569404e-20
3.070787798951049e-05 -1.8086443798009806e-20
3.0737691463286714e-05 -2.1604740363199278e-20
3.076750493706294e-05 -6.07945683998036e-21
3.079731841083916e-05 6.640547395898734e-22
3.0827131884615386e-05 -2.3526343664350764e-20
3.085694535839161e-05 -2.0460872035091314e-20
3.088675883216783e-05 1.0239187230225942e-21
3.091657230594406e-05 -6.868282717802505e-21
3.094638577972028e-05 -1.5644069935509546e-20
3.0976199253496504e-05 -1.6969750949781338e-20
3.100601272727273e-05 -1.0238482763937973e-20
3.103582620104896e-05 3.193880732283676e-21
3.1065639674825175e-05 -1.581359423680415e-20
3.10954531486014e-05 -2.468027815858455e-20
3.112526662237762e-05 5.763650915719696e-22
3.1155080096153846e-05 -3.1431824918279957e-21
3.118489356993007e-05 -1.5707253362994083e-20
3.1214707043706294e-05 -1.474181419817768e-20
3.124452051748252e-05 -1.2032391947051525e-20
3.127433399125874e-05 4.302767848670019e-21
3.1304147465034965e-05 -8.239930540441771e-21
3.133396093881119e-05 -2.7439665646678116e-20
3.136377441258741e-05 -4.9355027140112345e-21
3.1393587886363636e-05 -9.28450145799357e-22
3.142340136013987e-05 -1.381016337227084e-20
3.1453214833916084e-05 -1.412636361513947e-20
3.148302830769231e-05 -1.6343399719428315e-20
3.151284178146853e-05 -1.644686446094613e-21
3.1542655255244755e-05 -1.3222062559748272e-21
3.1572468729020985e-05 -2.706093221186538e-20
3.16022822027972e-05 -1.320639045621063e-20
3.1632095676573426e-05 4.503651233109068e-21
3.1661909150349656e-05 -1.24722663188342e-20
3.1691722624125873e-05 -1.7814881953851055e-20
3.1721536097902104e-05 -1.75378608614489e-20
3.175134957167832e-05 -8.209100212866668e-21
3.1781163045454545e-05 -3.4797187660615395e-23
3.1810976519230775e-05 -2.485429082843492e-20
3.184078999300699e-05 -2.3351300684782756e-20
3.1870603466783216e-05 5.613758272229285e-22
3.190041694055944e-05 -1.0329970034023876e-20
3.193023041433566e-05 -2.1186401442943243e-20
3.1960043888111894e-05 -1.8236450871405765e-20
3.198985736188811e-05 -1.2975220246481736e-20
3.2019670835664334e-05 -4.272112883448583e-21
3.2049484309440565e-05 -2.073388264409121e-20
3.207929778321678e-05 -3.112299114412894e-20
3.210911125699301e-05 -6.478537164315319e-21
3.213892473076923e-05 -8.82430539481265e-21
3.216873820454545e-05 -2.720559564330769e-20
3.219855167832168e-05 -2.3634291795495425e-20
3.22283651520979e-05 -1.9491879119520647e-20
3.225817862587413e-05 -9.087319757756126e-21
3.2287992099650355e-05 -1.791521213416123e-20
3.231780557342657e-05 -3.788408904519373e-20
3.23476190472028e-05 -1.6472145237001648e-20
3.237743252097902e-05 -7.327979364298755e-21
3.240724599475524e-05 -2.991782453100209e-20
3.243705946853147e-05 -3.035867390015845e-20
3.246687294230769e-05 -2.4365092704217976e-20
3.249668641608392e-05 -1.995183529053187e-20
3.252649988986014e-05 -1.928567098618752e-20
3.255631336363636e-05 -3.9354371104069743e-20
3.258612683741259e-05 -3.040585347068008e-20
3.261594031118881e-05 -1.0248361471485185e-20
3.264575378496504e-05 -3.1007423411135674e-20
3.267556725874126e-05 -3.890644866349422e-20
3.270538073251748e-05 -2.9007271953830665e-20
3.273519420629371e-05 -2.6167158782098008e-20
3.276500768006993e-05 -2.225595958512799e-20
3.279482115384616e-05 -4.131132491172231e-20
3.282463462762238e-05 -4.378387234275548e-20
3.28544481013986e-05 -1.7719175800189578e-20
3.288426157517483e-05 -3.0631079157501996e-20
3.291407504895105e-05 -4.681283054131781e-20
3.2943888522727276e-05 -3.60965386927263e-20
3.29737019965035e-05 -3.4122449598071834e-20
3.300351547027972e-05 -2.996434171336862e-20
3.303332894405595e-05 -4.0809512681165393e-20
3.306314241783217e-05 -5.31494034244369e-20
3.309295589160839e-05 -2.8701798466494975e-20
3.312276936538462e-05 -3.105448971176639e-20
3.3152582839160836e-05 -5.263082248123029e-20
3.3182396312937066e-05 -4.423930383010377e-20
3.321220978671329e-05 -4.042749805296753e-20
3.324202326048951e-05 -3.713487835932739e-20
3.327183673426574e-05 -4.318952117874092e-20
3.330165020804196e-05 -6.062470975373241e-20
3.3331463681818185e-05 -4.1860562277663443e-20
3.336127715559441e-05 -3.318047688581497e-20
3.3391090629370625e-05 -5.629879006398406e-20
3.3420904103146856e-05 -5.3771814593899546e-20
3.345071757692308e-05 -4.6778351497142455e-20
3.34805310506993e-05 -4.5252364757630905e-20
3.351034452447553e-05 -4.377456807734439e-20
3.354015799825175e-05 -6.366802370439856e-20
3.3569971472027974e-05 -5.641798552234749e-20
3.35997849458042e-05 -3.688717416800477e-20
3.362959841958042e-05 -5.793139405178448e-20
3.3659411893356646e-05 -6.502605796024384e-20
3.368922536713287e-05 -5.1986001382443314e-20
3.371903884090909e-05 -5.263258994917745e-20
3.374885231468532e-05 -5.166966204969207e-20
3.3778665788461534e-05 -6.369942913497413e-20
3.3808479262237764e-05 -6.873249295575834e-20
3.383829273601399e-05 -4.482014770852888e-20
3.386810620979021e-05 -5.47533424171306e-20
3.3897919683566435e-05 -7.434506490854917e-20
3.392773315734266e-05 -6.068040749387929e-20
3.395754663111888e-05 -5.820895980352515e-20
3.3987360104895106e-05 -5.9768383429553e-20
3.401717357867133e-05 -6.719914462787473e-20
3.4046987052447554e-05 -7.668528781121276e-20
