0.0 -3.2474533124435467e-19
2.981347377622378e-08 -3.117737904360837e-19
5.962694755244756e-08 -3.2256529255104686e-19
8.944042132867133e-08 -3.2287664788761793e-19
1.192538951048951e-07 -3.075664450055059e-19
1.4906736888111888e-07 -3.181764000490932e-19
1.7888084265734265e-07 -3.1679743231648664e-19
2.0869431643356645e-07 -3.096666434810134e-19
2.385077902097902e-07 -3.1699803448828685e-19
2.68321263986014e-07 -3.0595682207931135e-19
2.9813473776223776e-07 -3.0808355577057785e-19
3.279482115384616e-07 -3.1879511583642967e-19
3.577616853146853e-07 -3.006341204692436e-19
3.875751590909091e-07 -3.03614841438619e-19
4.173886328671329e-07 -3.1141006378499725e-19
4.472021066433566e-07 -3.000992688304166e-19
4.770155804195804e-07 -3.0647813069604283e-19
5.068290541958043e-07 -3.002413378765382e-19
5.36642527972028e-07 -2.939611130950966e-19
5.664560017482518e-07 -3.0734785332948906e-19
5.962694755244755e-07 -2.9453627555541203e-19
6.260829493006994e-07 -2.879497168144665e-19
6.558964230769232e-07 -3.0065588393822184e-19
6.857098968531469e-07 -2.9143507737971753e-19
7.155233706293706e-07 -2.901866938450181e-19
7.453368444055944e-07 -2.911592773616792e-19
7.751503181818182e-07 -2.8127068492120393e-19
8.04963791958042e-07 -2.9310241852683233e-19
8.347772657342658e-07 -2.876643883538381e-19
8.645907395104896e-07 -2.720951893044432e-19
8.944042132867132e-07 -2.8606587057792167e-19
9.242176870629371e-07 -2.823728574294714e-19
9.540311608391609e-07 -2.7279828439615797e-19
9.838446346153846e-07 -2.7655604283017863e-19
1.0136581083916085e-06 -2.6680854767176535e-19
1.043471582167832e-06 -2.73923610735512e-19
1.073285055944056e-06 -2.769992410965164e-19
1.1030985297202797e-06 -2.5704107495366145e-19
1.1329120034965036e-06 -2.6458326600815763e-19
1.1627254772727273e-06 -2.6888559498696324e-19
1.192538951048951e-06 -2.561339780779783e-19
1.2223524248251748e-06 -2.6106306435284666e-19
1.2521658986013987e-06 -2.545021130044486e-19
1.2819793723776224e-06 -2.5114258191383604e-19
1.3117928461538464e-06 -2.6026949933030306e-19
1.34160631993007e-06 -2.43259075239594e-19
1.3714197937062938e-06 -2.4195424943789653e-19
1.4012332674825175e-06 -2.5212133531120055e-19
1.4310467412587412e-06 -2.379175390629912e-19
1.4608602150349652e-06 -2.3919103007796416e-19
1.4906736888111889e-06 -2.389100781604173e-19
1.5204871625874126e-06 -2.2955181905301154e-19
1.5503006363636363e-06 -2.392353622774764e-19
1.5801141101398602e-06 -2.2910095606946424e-19
1.609927583916084e-06 -2.1700142550077496e-19
1.6397410576923079e-06 -2.328356981995372e-19
1.6695545314685316e-06 -2.2336249992908925e-19
1.6993680052447553e-06 -2.1354976139768104e-19
1.7291814790209793e-06 -2.191378638474231e-19
1.7589949527972028e-06 -2.0742652122228745e-19
1.7888084265734265e-06 -2.1452808597911932e-19
1.8186219003496504e-06 -2.1303732566305902e-19
1.8484353741258741e-06 -1.9595885405209223e-19
1.8782488479020978e-06 -2.064964567790511e-19
1.9080623216783218e-06 -2.0352286848196796e-19
1.9378757954545455e-06 -1.919302255905887e-19
1.967689269230769e-06 -1.9569292368410463e-19
1.9975027430069934e-06 -1.8845631248845783e-19
2.027316216783217e-06 -1.8973438749447033e-19
2.057129690559441e-06 -1.9333757045533104e-19
2.086943164335664e-06 -1.7407164376049833e-19
2.1167566381118882e-06 -1.7796508548207036e-19
2.146570111888112e-06 -1.85165300271801e-19
2.1763835856643357e-06 -1.6745403254709372e-19
2.2061970594405594e-06 -1.7058500458785087e-19
2.2360105332167835e-06 -1.6712958827072465e-19
2.2658240069930072e-06 -1.6070801261456152e-19
2.295637480769231e-06 -1.7097500042080295e-19
2.3254509545454547e-06 -1.5330239729549033e-19
2.3552644283216784e-06 -1.491356926698027e-19
2.385077902097902e-06 -1.6144457461738628e-19
2.414891375874126e-06 -1.4506260364330127e-19
2.4447048496503495e-06 -1.427309096744636e-19
2.4745183234265733e-06 -1.4460001736928247e-19
2.5043317972027974e-06 -1.336001378759536e-19
2.534145270979021e-06 -1.4217859395615959e-19
2.563958744755245e-06 -1.3390336230874512e-19
2.5937722185314686e-06 -1.19675547804637e-19
2.6235856923076927e-06 -1.3468046865197344e-19
2.6533991660839164e-06 -1.2573348756997233e-19
2.68321263986014e-06 -1.145095855743332e-19
2.7130261136363634e-06 -1.2181412869904514e-19
2.7428395874125876e-06 -1.0910814217137974e-19
2.7726530611888113e-06 -1.117609496893147e-19
2.802466534965035e-06 -1.1221714690348018e-19
2.8322800087412587e-06 -9.370487185123205e-20
2.8620934825174825e-06 -1.0469674859911558e-19
2.8919069562937066e-06 -1.030848251322457e-19
2.9217204300699303e-06 -8.546311729731012e-20
2.951533903846154e-06 -9.311954598291051e-20
2.9813473776223777e-06 -8.72427709928728e-20
3.011160851398602e-06 -8.348602356731619e-20
3.040974325174825e-06 -8.923188387782888e-20
3.070787798951049e-06 -6.878442130806513e-20
3.1006012727272726e-06 -7.043231170866121e-20
3.1304147465034968e-06 -8.199909922617044e-20
3.1602282202797205e-06 -6.168363491266355e-20
3.190041694055944e-06 -6.093218883882182e-20
3.219855167832168e-06 -6.337509618473258e-20
3.2496686416083916e-06 -5.255518228571126e-20
3.2794821153846158e-06 -6.096793828628639e-20
3.3092955891608395e-06 -4.6716495866033433e-20
3.339109062937063e-06 -3.777739629252395e-20
3.3689225367132865e-06 -5.525870162421777e-20
3.3987360104895106e-06 -3.858445653610779e-20
3.428549484265735e-06 -3.1226779743274075e-20
3.4583629580419585e-06 -3.7653038831203976e-20
3.4881764318181822e-06 -2.4708749957384403e-20
3.5179899055944055e-06 -3.083590158336157e-20
3.5478033793706292e-06 -2.4572595338293016e-20
3.577616853146853e-06 -7.043659913200711e-21
3.6074303269230767e-06 -2.0951480191113882e-20
3.637243800699301e-06 -1.5652112939491856e-20
3.6670572744755245e-06 5.2328395932834e-22
3.6968707482517483e-06 -1.0067914607939391e-20
3.726684222027972e-06 -1.577403413841207e-21
3.7564976958041957e-06 4.063695488024674e-21
3.78631116958042e-06 -1.3180504725584374e-21
3.8161246433566435e-06 1.920481818211075e-20
3.845938117132867e-06 1.0928331104383282e-20
3.875751590909091e-06 5.152079467316414e-21
3.905565064685315e-06 3.032733165435789e-20
3.935378538461538e-06 2.1847657585310242e-20
3.965192012237763e-06 2.2717661995938545e-20
3.995005486013987e-06 3.5663137964342706e-20
4.02481895979021e-06 2.8141806559149336e-20
4.054632433566434e-06 4.125904618825105e-20
4.084445907342658e-06 4.4701547089741556e-20
4.114259381118882e-06 3.41381771563471e-20
4.1440728548951044e-06 5.086508869106549e-20
4.173886328671328e-06 5.388306028090198e-20
4.203699802447553e-06 4.936922532182874e-20
4.2335132762237765e-06 6.089181734771217e-20
4.26332675e-06 5.663882032203116e-20
4.293140223776224e-06 6.514099627080541e-20
4.322953697552448e-06 7.672743413208457e-20
4.352767171328671e-06 6.329286831527356e-20
4.382580645104895e-06 7.476642137370462e-20
4.412394118881119e-06 8.502979096657157e-20
4.4422075926573425e-06 7.650544992956497e-20
4.472021066433567e-06 8.778696274088767e-20
4.501834540209791e-06 8.663260125795124e-20
4.5316480139860145e-06 8.800464441233182e-20
4.561461487762238e-06 1.0543640303927684e-19
4.591274961538462e-06 9.361101660455111e-20
4.621088435314686e-06 9.550554889054109e-20
4.650901909090909e-06 1.1484797709158399e-19
4.680715382867133e-06 1.0594242441212849e-19
4.710528856643357e-06 1.1084801940652315e-19
4.740342330419581e-06 1.1932464526982102e-19
4.770155804195804e-06 1.1330455113301304e-19
4.799969277972028e-06 1.2846830913776188e-19
4.829782751748252e-06 1.2698818972185456e-19
4.859596225524475e-06 1.184525640123989e-19
4.889409699300699e-06 1.3931274964224459e-19
4.919223173076923e-06 1.3729885508574458e-19
4.9490366468531465e-06 1.3314641503627776e-19
4.978850120629371e-06 1.4686111601326541e-19
5.008663594405595e-06 1.4240815729289301e-19
5.0384770681818185e-06 1.516872597230273e-19
5.068290541958042e-06 1.5745580431556214e-19
5.098104015734266e-06 1.4599478917216326e-19
5.12791748951049e-06 1.613267700894904e-19
5.157730963286713e-06 1.6616241909825387e-19
5.187544437062937e-06 1.5872540727030895e-19
5.217357910839161e-06 1.719941012832706e-19
5.247171384615385e-06 1.694069934495313e-19
5.276984858391609e-06 1.705348961489733e-19
5.306798332167833e-06 1.8483327830993262e-19
5.3366118059440566e-06 1.7418434277927899e-19
5.36642527972028e-06 1.8100998420554337e-19
5.396238753496504e-06 1.963050966343484e-19
5.426052227272727e-06 1.8525496581571168e-19
5.455865701048951e-06 1.9352717542781754e-19
5.485679174825175e-06 1.9810788658751352e-19
5.515492648601399e-06 1.9313987748862179e-19
5.545306122377623e-06 2.0906163567473877e-19
5.575119596153846e-06 2.0218952192227926e-19
5.60493306993007e-06 1.9962864261351014e-19
5.634746543706294e-06 2.1871549529303057e-19
5.6645600174825175e-06 2.1096213411440629e-19
5.694373491258741e-06 2.1282105039802068e-19
5.724186965034965e-06 2.223187772890129e-19
5.7540004388111895e-06 2.1491644921883381e-19
5.783813912587413e-06 2.2907267301983624e-19
5.813627386363637e-06 2.315439473886867e-19
5.843440860139861e-06 2.194343629243925e-19
5.873254333916084e-06 2.3662458650630793e-19
5.903067807692308e-06 2.3734123778169086e-19
5.932881281468532e-06 2.301367571725562e-19
5.9626947552447555e-06 2.429565402223735e-19
5.992508229020979e-06 2.3783504088171936e-19
6.022321702797204e-06 2.4400055278891106e-19
6.052135176573427e-06 2.5343835129406187e-19
6.08194865034965e-06 2.3774324470098385e-19
6.111762124125874e-06 2.506361100475376e-19
6.141575597902098e-06 2.6118474214343937e-19
6.1713890716783215e-06 2.4955021618285334e-19
6.201202545454545e-06 2.5845285501584866e-19
6.231016019230769e-06 2.5812498416625587e-19
6.2608294930069935e-06 2.5846303849942704e-19
6.290642966783217e-06 2.7026970670989114e-19
6.320456440559441e-06 2.597796659808182e-19
6.350269914335665e-06 2.618679553999068e-19
6.380083388111888e-06 2.7707359973490404e-19
6.409896861888112e-06 2.681576284330868e-19
6.439710335664336e-06 2.7006093352082065e-19
6.4695238094405595e-06 2.772458289221607e-19
6.499337283216783e-06 2.7127631236129964e-19
6.529150756993008e-06 2.830606793533491e-19
6.5589642307692316e-06 2.800922546722889e-19
6.588777704545455e-06 2.7208236777212895e-19
6.618591178321679e-06 2.883738366283603e-19
6.648404652097903e-06 2.855062833025431e-19
6.678218125874126e-06 2.8204232647148523e-19
6.708031599650349e-06 2.8795663219314773e-19
6.737845073426573e-06 2.838764042114878e-19
6.767658547202798e-06 2.9436162444566045e-19
6.797472020979021e-06 2.9490541557832e-19
6.827285494755245e-06 2.8177514823019435e-19
6.85709896853147e-06 2.971917630870428e-19
6.8869124423076925e-06 3.010413637503001e-19
6.916725916083917e-06 2.908622027507832e-19
6.94653938986014e-06 2.995175785477441e-19
6.9763528636363645e-06 2.9575605220589624e-19
7.006166337412587e-06 3.0006553468791107e-19
7.035979811188811e-06 3.079328173851296e-19
7.065793284965036e-06 2.9241763897584084e-19
7.0956067587412585e-06 2.9999797757852384e-19
7.125420232517483e-06 3.1041859208433626e-19
7.155233706293706e-06 3.004901881490691e-19
7.1850471800699305e-06 3.0536295529164195e-19
7.214860653846153e-06 3.052687077143961e-19
7.244674127622378e-06 3.0489743679035516e-19
7.274487601398602e-06 3.1667114238504235e-19
7.304301075174826e-06 3.0473493693950637e-19
7.334114548951049e-06 3.0268154768377003e-19
7.363928022727274e-06 3.1916849879049503e-19
7.3937414965034965e-06 3.0967113761923497e-19
7.423554970279721e-06 3.077949064106581e-19
7.453368444055944e-06 3.137884420082363e-19
7.4831819178321685e-06 3.081187755720209e-19
7.512995391608391e-06 3.178393567644458e-19
7.542808865384616e-06 3.135694822112206e-19
7.57262233916084e-06 3.0385575842178437e-19
7.602435812937064e-06 3.2222925920346716e-19
7.632249286713287e-06 3.191158854911035e-19
7.66206276048951e-06 3.0994739364675007e-19
7.691876234265735e-06 3.1807375366798055e-19
7.721689708041958e-06 3.117996550428214e-19
7.751503181818182e-06 3.195742506008035e-19
7.781316655594406e-06 3.2082736431568363e-19
7.81113012937063e-06 3.0409660942527176e-19
7.840943603146853e-06 3.195780154085761e-19
7.870757076923077e-06 3.2281916811228094e-19
7.9005705506993e-06 3.096202229215764e-19
7.930384024475526e-06 3.1762986034943195e-19
7.960197498251748e-06 3.145399296646807e-19
7.990010972027973e-06 3.176984889048048e-19
8.019824445804195e-06 3.2412794138395075e-19
8.04963791958042e-06 3.0672635577116747e-19
8.079451393356643e-06 3.1377144286519574e-19
8.109264867132868e-06 3.2650294861043116e-19
8.13907834090909e-06 3.1014716322472114e-19
8.168891814685316e-06 3.114114948493709e-19
8.19870528846154e-06 3.155484820568236e-19
8.228518762237763e-06 3.110113731975927e-19
8.258332236013987e-06 3.2041691361112416e-19
8.288145709790209e-06 3.09421834370593e-19
8.317959183566434e-06 3.052769039857306e-19
8.347772657342656e-06 3.2318002166032827e-19
8.377586131118882e-06 3.112849299227658e-19
8.407399604895105e-06 3.0540387497191933e-19
8.43721307867133e-06 3.1189390107458365e-19
8.467026552447553e-06 3.071362292724099e-19
8.496840026223777e-06 3.1656048165137695e-19
8.5266535e-06 3.0723910252676327e-19
8.556466973776224e-06 2.9469187123949586e-19
8.586280447552448e-06 3.1540231992633387e-19
8.616093921328671e-06 3.1015187020826616e-19
8.645907395104895e-06 2.955237528672385e-19
8.675720868881119e-06 3.0624199565974446e-19
8.705534342657343e-06 3.042793564569517e-19
8.735347816433568e-06 3.0524306809731e-19
8.76516129020979e-06 3.0496073838927134e-19
8.794974763986015e-06 2.8928234061055655e-19
8.824788237762238e-06 3.015103523002016e-19
8.854601711538463e-06 3.083969988411702e-19
8.884415185314685e-06 2.869487816764898e-19
8.914228659090909e-06 2.9303023100634833e-19
8.944042132867134e-06 2.971795598961267e-19
8.973855606643356e-06 2.9168227767827797e-19
9.003669080419582e-06 2.993655930690147e-19
9.033482554195804e-06 2.8121972989563604e-19
9.063296027972029e-06 2.8389576595116246e-19
9.093109501748251e-06 3.031716046599328e-19
9.122922975524476e-06 2.801717318368284e-19
9.152736449300698e-06 2.7773440630615663e-19
9.182549923076924e-06 2.896232050260001e-19
9.212363396853148e-06 2.807067002962934e-19
9.242176870629371e-06 2.851776217389934e-19
9.271990344405595e-06 2.7488102624113942e-19
9.301803818181819e-06 2.6849203464272806e-19
9.331617291958042e-06 2.8875290589159646e-19
9.361430765734266e-06 2.737902885338242e-19
9.39124423951049e-06 2.6148247291060794e-19
9.421057713286714e-06 2.754661688224475e-19
9.450871187062937e-06 2.6920100975105074e-19
9.480684660839163e-06 2.704586797955356e-19
9.510498134615385e-06 2.6628316660327454e-19
9.540311608391608e-06 2.519374592434418e-19
9.570125082167832e-06 2.6997238428562125e-19
9.599938555944056e-06 2.682975373054676e-19
9.62975202972028e-06 2.4516198821285554e-19
9.659565503496503e-06 2.5613255101425077e-19
9.689378977272727e-06 2.575401241543883e-19
9.71919245104895e-06 2.507715962149636e-19
9.749005924825176e-06 2.532188063010821e-19
9.778819398601398e-06 2.366973184072763e-19
9.808632872377624e-06 2.473103478363297e-19
9.838446346153846e-06 2.5710629468407317e-19
9.868259819930071e-06 2.2979959699682286e-19
9.898073293706293e-06 2.362588427086298e-19
9.927886767482518e-06 2.442413230085778e-19
9.957700241258742e-06 2.3256378115109616e-19
9.987513715034966e-06 2.359130344120653e-19
1.001732718881119e-05 2.216078703657042e-19
1.0047140662587413e-05 2.239166897781621e-19
1.0076954136363637e-05 2.4069180437180574e-19
1.010676761013986e-05 2.159932810068529e-19
1.0136581083916085e-05 2.1069594760721636e-19
1.0166394557692308e-05 2.2660658780978987e-19
1.0196208031468532e-05 2.1647177127031337e-19
1.0226021505244756e-05 2.1419182443075268e-19
1.025583497902098e-05 2.07974579089637e-19
1.0285648452797203e-05 2.018982128601325e-19
1.0315461926573427e-05 2.182069532783292e-19
1.034527540034965e-05 2.0303129338097785e-19
1.0375088874125874e-05 1.8708782688753057e-19
1.0404902347902098e-05 2.0420483725523961e-19
1.0434715821678322e-05 1.9820784231895305e-19
1.0464529295454545e-05 1.9018454409718446e-19
1.049434276923077e-05 1.9075497144738495e-19
1.0524156243006993e-05 1.8033020228985732e-19
1.0553969716783218e-05 1.926843992145991e-19
1.058378319055944e-05 1.9017667191088805e-19
1.0613596664335666e-05 1.6488561193248193e-19
1.0643410138111888e-05 1.7759434642820084e-19
1.0673223611888113e-05 1.8211114262599415e-19
1.0703037085664335e-05 1.6769186382684415e-19
1.073285055944056e-05 1.697594522504913e-19
1.0762664033216784e-05 1.597855130912179e-19
1.0792477506993008e-05 1.649264040268747e-19
1.0822290980769232e-05 1.715274355955487e-19
1.0852104454545454e-05 1.4667540872657433e-19
1.088191792832168e-05 1.5215715158392801e-19
1.0911731402097901e-05 1.6249756825368327e-19
1.0941544875874127e-05 1.4737593983035446e-19
1.097135834965035e-05 1.4699068211411386e-19
1.1001171823426574e-05 1.4050851951622253e-19
1.1030985297202798e-05 1.3944469061278644e-19
1.1060798770979021e-05 1.505903953334788e-19
1.1090612244755245e-05 1.305275973331462e-19
1.1120425718531469e-05 1.2397846369300434e-19
1.1150239192307693e-05 1.403416932915476e-19
1.1180052666083916e-05 1.2927586395019478e-19
1.120986613986014e-05 1.2182646595589934e-19
1.1239679613636364e-05 1.2211639889571285e-19
1.1269493087412587e-05 1.1684051118309439e-19
1.1299306561188813e-05 1.257797821160365e-19
1.1329120034965035e-05 1.14651788786682e-19
1.135893350874126e-05 1.0015209373526426e-19
1.1388746982517482e-05 1.1654725856023e-19
1.1418560456293708e-05 1.110845099709202e-19
1.144837393006993e-05 9.818924940282952e-20
1.1478187403846154e-05 1.0107261130019402e-19
1.1508000877622379e-05 9.36513373605351e-20
1.1537814351398601e-05 1.0093059259337223e-19
1.1567627825174826e-05 9.791774368585329e-20
1.1597441298951048e-05 7.616723685203205e-20
1.1627254772727274e-05 9.006596440766211e-20
1.1657068246503496e-05 9.51972662054875e-20
1.1686881720279721e-05 7.721962231522819e-20
1.1716695194055943e-05 7.807993946244222e-20
1.1746508667832169e-05 7.496952227972531e-20
1.1776322141608392e-05 7.677499619157447e-20
1.1806135615384616e-05 7.901845871588155e-20
1.183594908916084e-05 5.769247118909909e-20
1.1865762562937064e-05 6.143157588894405e-20
1.1895576036713287e-05 7.507562623198382e-20
1.1925389510489511e-05 5.754847987231761e-20
1.1955202984265735e-05 5.293965328934394e-20
1.1985016458041958e-05 5.603043197056651e-20
1.2014829931818182e-05 5.267467231894616e-20
1.2044643405594408e-05 5.750310348591811e-20
1.207445687937063e-05 4.127436560932158e-20
1.2104270353146853e-05 3.530119163852056e-20
1.2134083826923077e-05 5.2719728688864486e-20
1.21638973006993e-05 3.922876155347261e-20
1.2193710774475524e-05 2.873989908193274e-20
1.2223524248251748e-05 3.479758649114687e-20
1.2253337722027972e-05 2.889842904055139e-20
1.2283151195804196e-05 3.350907605828586e-20
1.2312964669580421e-05 2.5061178833868345e-20
1.2342778143356643e-05 1.0737009700695146e-20
1.2372591617132868e-05 2.804829103231346e-20
1.240240509090909e-05 2.2900127979631246e-20
1.2432218564685316e-05 6.846841302422226e-21
1.2462032038461538e-05 1.4181747710187206e-20
1.2491845512237763e-05 7.18981469160605e-21
1.2521658986013987e-05 1.010802419569095e-20
1.255147245979021e-05 1.0525604960496073e-20
1.2581285933566434e-05 -1.077364543887846e-20
1.2611099407342658e-05 1.5088077954082028e-21
1.2640912881118882e-05 5.796969948276643e-21
1.2670726354895106e-05 -1.5582620821042922e-20
1.270053982867133e-05 -8.690204589650321e-21
1.2730353302447551e-05 -9.456341996745346e-21
1.2760166776223777e-05 -1.569837569272553e-20
1.278998025e-05 -9.109613310105857e-21
1.2819793723776224e-05 -2.5919150307568368e-20
1.2849607197552448e-05 -2.560727382178035e-20
1.2879420671328672e-05 -1.124648121255258e-20
1.2909234145104895e-05 -3.0042672876753967e-20
1.2939047618881119e-05 -3.490942391263249e-20
1.2968861092657343e-05 -2.9075379376468935e-20
1.2998674566433567e-05 -3.5775650508359066e-20
1.302848804020979e-05 -3.0181621749092516e-20
1.3058301513986016e-05 -4.308662331896407e-20
1.3088114987762238e-05 -5.071271965300921e-20
1.3117928461538463e-05 -2.996265661146666e-20
1.3147741935314685e-05 -4.4698404760776493e-20
1.317755540909091e-05 -5.72854430519158e-20
1.3207368882867133e-05 -4.571499261390073e-20
1.3237182356643358e-05 -5.3630075811291084e-20
1.326699583041958e-05 -5.177919523541398e-20
1.3296809304195805e-05 -5.619336210180092e-20
1.3326622777972029e-05 -7.046870389351847e-20
1.3356436251748253e-05 -5.4135412440199693e-20
1.3386249725524477e-05 -5.799253106473489e-20
1.3416063199300699e-05 -7.647752823118158e-20
1.3445876673076924e-05 -6.556117726707122e-20
1.3475690146853146e-05 -6.80234797387034e-20
1.3505503620629371e-05 -7.289473431652658e-20
1.3535317094405595e-05 -6.960609268976998e-20
1.3565130568181819e-05 -8.444824447137248e-20
1.3594944041958043e-05 -7.68805134099556e-20
1.3624757515734266e-05 -6.972184723330262e-20
1.365457098951049e-05 -9.239740714098928e-20
1.3684384463286712e-05 -8.639978382615827e-20
1.371419793706294e-05 -8.113551531286394e-20
1.3744011410839161e-05 -9.157707527458252e-20
1.3773824884615385e-05 -8.432918304304698e-20
1.3803638358391609e-05 -9.790263076121065e-20
1.3833451832167834e-05 -9.87109951786121e-20
1.3863265305944058e-05 -8.21446013186068e-20
1.389307877972028e-05 -1.020843140331514e-19
1.3922892253496503e-05 -1.0443171994217059e-19
1.3952705727272729e-05 -9.393635579821845e-20
1.3982519201048953e-05 -1.0527415107498004e-19
1.4012332674825175e-05 -1.0144183249205132e-19
1.4042146148601398e-05 -1.0612832943689133e-19
1.4071959622377622e-05 -1.1597906854708324e-19
1.4101773096153847e-05 -1.006702657463346e-19
1.4131586569930071e-05 -1.0937998041801098e-19
1.4161400043706293e-05 -1.2306827534032783e-19
1.4191213517482517e-05 -1.0913991166336915e-19
1.4221026991258742e-05 -1.1497833377496478e-19
1.4250840465034966e-05 -1.1839915079292496e-19
1.428065393881119e-05 -1.1478939994871441e-19
1.4310467412587412e-05 -1.290700913281874e-19
1.4340280886363639e-05 -1.176038483243638e-19
1.4370094360139861e-05 -1.151681686256372e-19
1.4399907833916085e-05 -1.3531071657864809e-19
1.4429721307692307e-05 -1.2398169702576387e-19
1.4459534781468534e-05 -1.23455817562389e-19
1.4489348255244756e-05 -1.3300979234845398e-19
1.451916172902098e-05 -1.255579413489603e-19
1.4548975202797203e-05 -1.36785469496475e-19
1.4578788676573429e-05 -1.3395599743890424e-19
1.4608602150349652e-05 -1.2185332967201395e-19
1.4638415624125874e-05 -1.420836793683289e-19
1.4668229097902098e-05 -1.3976698590134472e-19
1.469804257167832e-05 -1.2895892100178707e-19
1.4727856045454547e-05 -1.4319642123348783e-19
1.475766951923077e-05 -1.3716014076612072e-19
1.4787482993006993e-05 -1.406951280523301e-19
1.4817296466783217e-05 -1.4991493795304129e-19
1.4847109940559442e-05 -1.3204071799133301e-19
1.4876923414335666e-05 -1.4358990922952896e-19
1.4906736888111888e-05 -1.529626867179131e-19
1.4936550361888112e-05 -1.3835033962121837e-19
1.4966363835664337e-05 -1.4786726742907955e-19
1.499617730944056e-05 -1.4569050179078206e-19
1.5025990783216783e-05 -1.4478281290582332e-19
1.5055804256993006e-05 -1.563177034936769e-19
1.5085617730769232e-05 -1.429771206815812e-19
1.5115431204545456e-05 -1.4666371038782107e-19
1.514524467832168e-05 -1.5929421561229602e-19
1.5175058152097901e-05 -1.4811937956235098e-19
1.5204871625874128e-05 -1.5102317998587149e-19
1.523468509965035e-05 -1.5589536952323152e-19
1.5264498573426574e-05 -1.4932801631210386e-19
1.5294312047202798e-05 -1.592346294264798e-19
1.532412552097902e-05 -1.5483748794597089e-19
1.5353938994755245e-05 -1.4422514843307641e-19
1.538375246853147e-05 -1.6109408166047542e-19
1.5413565942307693e-05 -1.5838706453786017e-19
1.5443379416083917e-05 -1.5054406607391616e-19
1.547319288986014e-05 -1.595217187016587e-19
1.5503006363636364e-05 -1.5488577230642859e-19
1.5532819837412588e-05 -1.6154042497493642e-19
1.556263331118881e-05 -1.631220896614064e-19
1.5592446784965035e-05 -1.4719629724328675e-19
1.562226025874126e-05 -1.6063546710885094e-19
1.5652073732517483e-05 -1.6525026095014493e-19
1.5681887206293706e-05 -1.5109726661044473e-19
1.5711700680069933e-05 -1.6017284185897974e-19
1.5741514153846154e-05 -1.575402018241381e-19
1.5771327627622377e-05 -1.570891537987147e-19
1.58011411013986e-05 -1.6517192638514542e-19
1.5830954575174828e-05 -1.5108636886017197e-19
1.5860768048951052e-05 -1.582404325853563e-19
1.5890581522727272e-05 -1.6680865472442352e-19
1.5920394996503496e-05 -1.5504083350651913e-19
1.595020847027972e-05 -1.5973648580125894e-19
1.5980021944055947e-05 -1.582088421643068e-19
1.6009835417832167e-05 -1.5640517991137179e-19
1.603964889160839e-05 -1.6575385167139639e-19
1.6069462365384615e-05 -1.54386019659217e-19
1.609927583916084e-05 -1.5237679852609867e-19
1.6129089312937065e-05 -1.6663230730060418e-19
1.6158902786713286e-05 -1.570014876721288e-19
1.618871626048951e-05 -1.5403100430667236e-19
1.6218529734265737e-05 -1.6138365001101658e-19
1.624834320804196e-05 -1.550155941438902e-19
1.627815668181818e-05 -1.6109148176451698e-19
1.6307970155594404e-05 -1.593485102401861e-19
1.633778362937063e-05 -1.492812702174904e-19
1.6367597103146855e-05 -1.6200746400006374e-19
1.639741057692308e-05 -1.6018453731677128e-19
1.64272240506993e-05 -1.504619962689358e-19
1.6457037524475526e-05 -1.571508260055717e-19
1.648685099825175e-05 -1.5261644651792505e-19
1.6516664472027974e-05 -1.5559840569523258e-19
1.6546477945804194e-05 -1.5955758824410508e-19
1.6576291419580418e-05 -1.4420726063599884e-19
1.6606104893356645e-05 -1.5380459716398845e-19
1.663591836713287e-05 -1.6234310755460253e-19
1.6665731840909092e-05 -1.4774443936737788e-19
1.6695545314685313e-05 -1.507593527751486e-19
1.672535878846154e-05 -1.509085541795845e-19
1.6755172262237763e-05 -1.5140345729138827e-19
1.6784985736013987e-05 -1.5693068806097667e-19
1.681479920979021e-05 -1.4102780459089988e-19
1.6844612683566435e-05 -1.4451193602560713e-19
1.687442615734266e-05 -1.5734567438124193e-19
1.6904239631118882e-05 -1.4445304451190335e-19
1.6934053104895106e-05 -1.4372494919610393e-19
1.696386657867133e-05 -1.4708147532066218e-19
1.6993680052447553e-05 -1.4501165538347673e-19
1.7023493526223777e-05 -1.5055187729691977e-19
1.7053307e-05 -1.3947545698556808e-19
1.7083120473776224e-05 -1.3613029624352196e-19
1.7112933947552448e-05 -1.512309244358259e-19
1.7142747421328672e-05 -1.4284681356143403e-19
1.7172560895104896e-05 -1.3393585986614142e-19
1.720237436888112e-05 -1.3946610897894145e-19
1.7232187842657343e-05 -1.3795875568617503e-19
1.7262001316433567e-05 -1.4241170023720833e-19
1.729181479020979e-05 -1.353795399875323e-19
1.7321628263986014e-05 -1.25097049770378e-19
1.7351441737762238e-05 -1.4153800730217088e-19
1.738125521153846e-05 -1.4098811921123849e-19
1.7411068685314685e-05 -1.270633201478948e-19
1.744088215909091e-05 -1.3054212990999584e-19
1.7470695632867136e-05 -1.308796454425373e-19
1.7500509106643356e-05 -1.3299737582481312e-19
1.753032258041958e-05 -1.3050290000949746e-19
1.7560136054195804e-05 -1.1665925433747283e-19
1.758994952797203e-05 -1.2673116027209698e-19
1.761976300174825e-05 -1.3420939183577343e-19
1.7649576475524475e-05 -1.1771522195103245e-19
1.76793899493007e-05 -1.1853123504335894e-19
1.7709203423076926e-05 -1.2249544030595767e-19
1.773901689685315e-05 -1.2288199760235274e-19
1.776883037062937e-05 -1.2428988513501893e-19
1.7798643844405594e-05 -1.086253998734285e-19
1.7828457318181817e-05 -1.1375302419417168e-19
1.7858270791958044e-05 -1.26246264727326e-19
1.7888084265734268e-05 -1.1021222008580027e-19
1.791789773951049e-05 -1.0668169971926964e-19
1.7947711213286712e-05 -1.1098355537793154e-19
1.797752468706294e-05 -1.0990496694541055e-19
1.8007338160839163e-05 -1.142681641321983e-19
1.8037151634615383e-05 -1.012439194595301e-19
1.8066965108391607e-05 -9.821364815771521e-20
1.8096778582167834e-05 -1.1506339960940277e-19
1.8126592055944058e-05 -1.0424882534645196e-19
1.815640552972028e-05 -9.392841744280937e-20
1.8186219003496502e-05 -1.0099717847863114e-19
1.821603247727273e-05 -9.92840114149875e-20
1.8245845951048953e-05 -1.0204670300497998e-19
1.8275659424825177e-05 -9.376295904985964e-20
1.8305472898601397e-05 -8.243021075278194e-20
1.8335286372377624e-05 -1.00583729622844e-19
1.8365099846153848e-05 -9.865428139295559e-20
1.839491331993007e-05 -8.054601548806769e-20
1.8424726793706295e-05 -8.785959746609112e-20
1.8454540267482515e-05 -8.938234425099641e-20
1.8484353741258743e-05 -8.944884063262653e-20
1.8514167215034966e-05 -8.650584595702305e-20
1.854398068881119e-05 -7.115274036940608e-20
1.857379416258741e-05 -8.419604821999966e-20
1.8603607636363637e-05 -9.160501479571518e-20
1.863342111013986e-05 -7.003278304559028e-20
1.8663234583916085e-05 -7.186402369704191e-20
1.869304805769231e-05 -7.904304975656407e-20
1.8722861531468532e-05 -7.569808772185667e-20
1.8752675005244756e-05 -7.635030801786203e-20
1.878248847902098e-05 -6.253848862071752e-20
1.8812301952797203e-05 -6.615255384266926e-20
1.8842115426573427e-05 -8.29817800455813e-20
1.887192890034965e-05 -6.30447839439241e-20
1.8901742374125875e-05 -5.514200305068456e-20
1.89315558479021e-05 -6.872374873753032e-20
1.8961369321678325e-05 -6.467181136865861e-20
1.8991182795454546e-05 -6.307418934255939e-20
1.902099626923077e-05 -5.33714514377393e-20
1.9050809743006993e-05 -5.090883015955215e-20
1.9080623216783217e-05 -6.87022141605981e-20
1.911043669055944e-05 -5.403532346402285e-20
1.9140250164335664e-05 -4.047114227656894e-20
1.9170063638111888e-05 -5.490016926457144e-20
1.9199877111888112e-05 -5.418583173878678e-20
1.922969058566434e-05 -5.117496764572862e-20
1.925950405944056e-05 -4.4440307396285593e-20
1.9289317533216783e-05 -3.6468718346403184e-20
1.9319131006993007e-05 -5.272633992054841e-20
1.9348944480769234e-05 -4.8375297098701474e-20
1.9378757954545454e-05 -2.780589117601636e-20
1.9408571428321678e-05 -3.7197269097244797e-20
1.94383849020979e-05 -4.324099261535617e-20
1.946819837587413e-05 -3.7794719835728495e-20
1.9498011849650352e-05 -3.375525414335826e-20
1.9527825323426573e-05 -2.3288559125479126e-20
1.9557638797202796e-05 -3.553366869069081e-20
1.9587452270979023e-05 -4.303019016392853e-20
1.9617265744755247e-05 -1.82440531698693e-20
1.9647079218531468e-05 -2.082025747304381e-20
1.967689269230769e-05 -3.384703031423971e-20
1.970670616608392e-05 -2.5789375045865517e-20
1.9736519639860142e-05 -2.2759578133888646e-20
1.9766333113636366e-05 -1.3150079104233335e-20
1.9796146587412586e-05 -1.806202904407245e-20
1.982596006118881e-05 -3.244334214171883e-20
1.9855773534965037e-05 -9.991715230237738e-21
1.988558700874126e-05 -4.911400706596267e-21
1.9915400482517484e-05 -2.1908561823660807e-20
1.9945213956293705e-05 -1.5069068742995763e-20
1.9975027430069932e-05 -1.1934227257440305e-20
2.0004840903846156e-05 -5.023002295357141e-21
2.003465437762238e-05 -2.5762127664632336e-21
2.00644678513986e-05 -1.994837314540181e-20
2.0094281325174827e-05 -6.503077687913971e-21
2.012409479895105e-05 1.0492450720988117e-20
2.0153908272727274e-05 -7.265591146257483e-21
2.0183721746503498e-05 -8.469619249234898e-21
2.021353522027972e-05 1.6758167545968234e-21
2.0243348694055945e-05 2.9154224061476005e-21
2.027316216783217e-05 9.086599048762123e-21
2.0302975641608393e-05 -5.450741516569111e-21
2.0332789115384616e-05 -5.29519642390219e-21
2.036260258916084e-05 2.0775605951384346e-20
2.0392416062937064e-05 6.946008499754175e-21
2.0422229536713288e-05 -3.381238050256781e-21
2.045204301048951e-05 1.1861287459804359e-20
2.0481856484265735e-05 1.2170828454662368e-20
2.051166995804196e-05 1.7212256174347708e-20
2.0541483431818182e-05 9.397012455677876e-21
2.0571296905594406e-05 2.212909594380337e-21
2.060111037937063e-05 2.5514644718207996e-20
2.0630923853146854e-05 2.0101506889819404e-20
2.0660737326923077e-05 4.648036248369002e-21
2.06905508006993e-05 1.7178874871479104e-20
2.0720364274475528e-05 2.0653906535444852e-20
2.075017774825175e-05 2.3404139428290584e-20
2.0779991222027972e-05 2.0089093183347358e-20
2.0809804695804196e-05 8.332539300777653e-21
2.0839618169580423e-05 2.7582603282486e-20
2.0869431643356643e-05 3.592033460812949e-20
2.0899245117132867e-05 1.4333903350465085e-20
2.092905859090909e-05 2.040465863894998e-20
2.0958872064685318e-05 3.071891200238068e-20
2.098868553846154e-05 2.848699898031719e-20
2.1018499012237762e-05 3.090497137684622e-20
2.1048312486013986e-05 1.6225328653601818e-20
2.107812595979021e-05 2.5453852890706247e-20
2.1107939433566437e-05 4.6912208744317606e-20
2.1137752907342657e-05 2.3694471858973022e-20
2.116756638111888e-05 2.1643248320037433e-20
2.1197379854895104e-05 3.8740498499992125e-20
2.122719332867133e-05 3.322323948233757e-20
2.1257006802447555e-05 3.783212317399632e-20
2.1286820276223775e-05 2.71639376036492e-20
2.131663375e-05 2.6854848220970043e-20
2.1346447223776226e-05 5.3169620245254875e-20
2.137626069755245e-05 3.51778184972355e-20
2.140607417132867e-05 2.258762920464814e-20
2.1435887645104894e-05 4.1736895863553364e-20
2.146570111888112e-05 4.0939365761711976e-20
2.1495514592657345e-05 4.1642260299824234e-20
2.152532806643357e-05 3.491226855180862e-20
2.155514154020979e-05 2.87935021729233e-20
2.1584955013986016e-05 5.294469831438085e-20
2.161476848776224e-05 4.6781666682920165e-20
2.1644581961538463e-05 2.6859776801282882e-20
2.1674395435314687e-05 4.251101821406967e-20
2.1704208909090907e-05 4.7730334132360803e-20
2.1734022382867135e-05 4.352839141747929e-20
2.176383585664336e-05 4.119440941608975e-20
2.1793649330419582e-05 3.241546573013904e-20
2.1823462804195802e-05 4.84521630246763e-20
2.185327627797203e-05 5.563170218640164e-20
2.1883089751748253e-05 3.1011259434299154e-20
2.1912903225524477e-05 3.8197665889954144e-20
2.19427166993007e-05 5.462712403132072e-20
2.1972530173076924e-05 4.50497099952171e-20
2.2002343646853148e-05 4.501014540382059e-20
2.2032157120629372e-05 3.744969851259773e-20
2.2061970594405595e-05 4.299418134569536e-20
2.209178406818182e-05 6.217358949821713e-20
2.2121597541958043e-05 3.7690686085411674e-20
2.2151411015734267e-05 3.3694877577045954e-20
2.218122448951049e-05 5.513552428255517e-20
2.2211037963286714e-05 4.724035954432089e-20
2.2240851437062938e-05 4.651688587638313e-20
2.227066491083916e-05 4.095316259509748e-20
2.2300478384615385e-05 3.962452351161164e-20
2.233029185839161e-05 5.954265171483184e-20
2.2360105332167833e-05 4.568652987314335e-20
2.2389918805944056e-05 3.13991553121443e-20
2.241973227972028e-05 5.083259309258256e-20
2.2449545753496504e-05 5.1226666742555376e-20
2.2479359227272728e-05 4.325913629028924e-20
2.250917270104895e-05 4.23909056693918e-20
2.2538986174825175e-05 3.679394396065254e-20
2.25687996486014e-05 5.261185268654928e-20
2.2598613122377626e-05 5.2135832533207883e-20
2.2628426596153846e-05 2.879179123695615e-20
2.265824006993007e-05 4.414494442088477e-20
2.2688053543706294e-05 5.3516785687505134e-20
2.271786701748252e-05 4.220209034805305e-20
2.2747680491258744e-05 4.206160030425827e-20
2.2777493965034965e-05 3.5775525255457863e-20
2.280730743881119e-05 4.732591620093486e-20
2.2837120912587416e-05 5.3381824566527375e-20
2.286693438636364e-05 2.868701326283058e-20
2.289674786013986e-05 3.4985048435511634e-20
2.2926561333916083e-05 5.1698536044580426e-20
2.2956374807692307e-05 3.9961741103545725e-20
2.2986188281468534e-05 3.652742620064729e-20
2.3016001755244758e-05 3.579582182228425e-20
2.3045815229020978e-05 3.793501489227374e-20
2.3075628702797202e-05 5.110483705659906e-20
2.310544217657343e-05 3.288550091050255e-20
2.3135255650349653e-05 2.602090284895963e-20
2.3165069124125873e-05 4.778896567386841e-20
2.3194882597902097e-05 3.7878205496100834e-20
2.3224696071678324e-05 3.0934519138327703e-20
2.3254509545454548e-05 3.2078618119583266e-20
2.328432301923077e-05 3.0446745974991736e-20
2.331413649300699e-05 4.62001940461077e-20
2.334394996678322e-05 3.4582102490537605e-20
2.3373763440559442e-05 1.9415573603009928e-20
2.3403576914335666e-05 3.8701243396529243e-20
2.3433390388111887e-05 3.940715137132167e-20
2.3463203861888114e-05 2.7570457812149175e-20
2.3493017335664337e-05 2.8684361895810114e-20
2.352283080944056e-05 2.641108345796977e-20
2.3552644283216785e-05 3.6234693844875494e-20
2.3582457756993005e-05 3.5832194301991605e-20
2.3612271230769232e-05 1.432490985476733e-20
2.3642084704545456e-05 2.573754084341721e-20
2.367189817832168e-05 3.9053447288310627e-20
2.3701711652097903e-05 2.3166603275582842e-20
2.3731525125874127e-05 2.2493739461576958e-20
2.376133859965035e-05 2.317007389917134e-20
2.3791152073426575e-05 2.8142194110658966e-20
2.3820965547202798e-05 3.6628980023996895e-20
2.3850779020979022e-05 1.4368785023274446e-20
2.3880592494755246e-05 1.613889836569671e-20
2.391040596853147e-05 3.62022620028767e-20
2.3940219442307693e-05 2.1042542192098696e-20
2.3970032916083917e-05 1.2253995369380586e-20
2.399984638986014e-05 1.2232203554505547e-20
2.4029659863636364e-05 1.8321697367699142e-20
2.4059473337412588e-05 3.1295305817331975e-20
2.4089286811188815e-05 1.4440853974389593e-20
2.4119100284965035e-05 6.4935082243678484e-21
2.414891375874126e-05 2.489841230464564e-20
2.4178727232517483e-05 2.037796758312089e-20
2.4208540706293707e-05 9.78788738351786e-21
2.423835418006993e-05 1.242711314284667e-20
2.4268167653846154e-05 1.1580202525408121e-20
2.4297981127622378e-05 2.008867712882165e-20
2.43277946013986e-05 1.36608910437464e-20
2.435760807517483e-05 -3.7801265864804184e-21
2.438742154895105e-05 1.423807884757867e-20
2.4417235022727273e-05 1.989377601190029e-20
2.4447048496503496e-05 1.7633034010403747e-21
2.4476861970279723e-05 4.798262738177942e-21
2.4506675444055944e-05 7.484477913128094e-21
2.4536488917832167e-05 1.3326965529797233e-20
2.456630239160839e-05 1.355857008664887e-20
2.459611586538462e-05 -7.789503459873166e-21
2.4625929339160842e-05 8.190579146290537e-22
2.4655742812937062e-05 1.5982272639452365e-20
2.4685556286713286e-05 2.462768218783813e-22
2.4715369760489513e-05 -1.3472927883047902e-21
2.4745183234265737e-05 2.608920708416223e-21
2.477499670804196e-05 2.1009215035770943e-21
2.480481018181818e-05 7.704931122699875e-21
2.4834623655594405e-05 -7.908080550292792e-21
2.4864437129370632e-05 -8.49963542717741e-21
2.4894250603146855e-05 1.2404489156641835e-20
2.4924064076923076e-05 4.326069847691593e-22
2.49538775506993e-05 -9.516097589754998e-21
2.4983691024475527e-05 -4.6546014677047766e-21
2.501350449825175e-05 -4.721771897324156e-21
2.5043317972027974e-05 4.6250188649810774e-21
2.5073131445804194e-05 -8.254312513386681e-21
2.510294491958042e-05 -1.9454450762566322e-20
2.5132758393356645e-05 3.5035672526357786e-21
2.516257186713287e-05 -5.51719143651919e-22
2.519238534090909e-05 -1.4992374344794427e-20
2.5222198814685316e-05 -9.083569900159921e-21
2.525201228846154e-05 -8.35115158307622e-21
2.5281825762237764e-05 -2.2596816865041204e-21
2.5311639236013988e-05 -8.856645605045112e-21
2.534145270979021e-05 -2.1631245942003242e-20
2.5371266183566435e-05 -5.2423846871078675e-21
2.540107965734266e-05 -1.148625221879588e-21
2.5430893131118882e-05 -1.7481480968242048e-20
2.5460706604895103e-05 -1.5672321483739513e-20
2.549052007867133e-05 -1.0725528054671428e-20
2.5520333552447554e-05 -8.401951752812376e-21
2.5550147026223777e-05 -6.550631687915635e-21
2.55799605e-05 -2.3376971926311546e-20
2.5609773973776225e-05 -1.795966878727942e-20
2.563958744755245e-05 1.8876472631872753e-21
2.5669400921328672e-05 -1.4768194177588923e-20
2.5699214395104896e-05 -2.0669046372251958e-20
2.572902786888112e-05 -1.1903950179231409e-20
2.5758841342657343e-05 -1.2105209491220721e-20
2.5788654816433567e-05 -5.960241523687851e-21
2.581846829020979e-05 -2.0691437999896403e-20
2.5848281763986018e-05 -2.3980555610316168e-20
2.5878095237762238e-05 -2.850064841107286e-22
2.5907908711538462e-05 -1.3399648103436146e-20
2.5937722185314686e-05 -2.5054550162512325e-20
2.5967535659090913e-05 -1.224719616449407e-20
2.5997349132867133e-05 -1.2488305958972444e-20
2.6027162606643357e-05 -6.450998960193158e-21
2.605697608041958e-05 -1.5710824868570954e-20
2.6086789554195804e-05 -2.732355274266075e-20
2.611660302797203e-05 -3.867240571078318e-21
2.614641650174825e-05 -5.327614158280201e-21
2.6176229975524475e-05 -2.3789601590395156e-20
2.62060434493007e-05 -1.6610738990491054e-20
2.6235856923076926e-05 -1.178617539936747e-20
2.6265670396853147e-05 -8.62027408474298e-21
2.629548387062937e-05 -1.1251770562184395e-20
2.6325297344405594e-05 -2.4984891558818863e-20
2.635511081818182e-05 -1.1442599592475983e-20
2.6384924291958045e-05 -7.1746763368290085e-22
2.6414737765734265e-05 -1.9403109208651736e-20
2.644455123951049e-05 -1.9158966979152424e-20
2.6474364713286716e-05 -9.699025644060806e-21
2.650417818706294e-05 -7.435057598939513e-21
2.653399166083916e-05 -8.769629954549438e-21
2.6563805134615384e-05 -2.4067334345491816e-20
2.659361860839161e-05 -1.6746408876412283e-20
2.6623432082167835e-05 2.694901542863608e-21
2.6653245555944058e-05 -1.277232295142239e-20
2.668305902972028e-05 -2.0853660055040194e-20
2.6712872503496506e-05 -7.363549414427785e-21
2.674268597727273e-05 -5.421921608631735e-21
2.6772499451048953e-05 -5.270339430963473e-21
2.6802312924825177e-05 -1.6697541425908526e-20
2.6832126398601397e-05 -1.899254401070059e-20
2.6861939872377624e-05 5.145139123667383e-21
2.6891753346153848e-05 -4.1607662290442676e-21
2.6921566819930072e-05 -2.141939529015194e-20
2.6951380293706292e-05 -7.855757731045354e-21
2.698119376748252e-05 -1.9516882455013456e-21
2.7011007241258743e-05 -2.8320051954762784e-21
2.7040820715034967e-05 -1.0712614135967265e-20
2.707063418881119e-05 -1.5986760514744472e-20
2.7100447662587414e-05 3.932956790896331e-21
2.7130261136363638e-05 4.962012608198012e-21
2.716007461013986e-05 -1.4981865018026865e-20
2.7189888083916085e-05 -8.348290055568725e-21
2.721970155769231e-05 3.70833285870699e-21
2.7249515031468533e-05 2.3917120547861056e-21
2.7279328505244756e-05 -3.5984379657781026e-21
2.730914197902098e-05 -1.1792008981828005e-20
2.7338955452797204e-05 2.564827023299649e-21
2.7368768926573424e-05 1.2977757580628019e-20
2.739858240034965e-05 -7.617859578149143e-21
2.742839587412588e-05 -6.562095044205601e-21
2.74582093479021e-05 9.939001352726958e-21
2.7488022821678322e-05 9.292437321621801e-21
2.7517836295454543e-05 5.636713918611557e-21
2.754764976923077e-05 -4.6906305175399745e-21
2.7577463243006997e-05 3.069542281943658e-21
2.7607276716783217e-05 2.212162408441361e-20
2.763709019055944e-05 5.381977580313476e-21
2.7666903664335668e-05 -3.91680577437449e-21
2.769671713811189e-05 1.3756836170000988e-20
2.7726530611888115e-05 1.7544285031174602e-20
2.7756344085664336e-05 1.2036824238682949e-20
2.778615755944056e-05 5.1085018139837875e-21
2.7815971033216787e-05 8.407791031714346e-21
2.7845784506993007e-05 2.6542258665811762e-20
2.7875597980769234e-05 2.0365611395766957e-20
2.7905411454545458e-05 5.3175073510974e-21
2.7935224928321678e-05 1.7132472449464285e-20
2.7965038402097905e-05 2.641484411028279e-20
2.7994851875874126e-05 2.2717248954471064e-20
2.802466534965035e-05 1.384160338005446e-20
2.8054478823426576e-05 1.2614339584075071e-20
2.8084292297202797e-05 3.319592557280723e-20
2.8114105770979024e-05 3.2228707493657805e-20
2.8143919244755244e-05 1.214836987570991e-20
2.8173732718531468e-05 2.1580670473198122e-20
2.8203546192307695e-05 3.5839054277342937e-20
2.8233359666083915e-05 3.2245242464201815e-20
2.8263173139860142e-05 2.423629226857571e-20
2.8292986613636366e-05 2.280498750228023e-20
2.8322800087412586e-05 3.8592923554409473e-20
2.8352613561188814e-05 4.326896583743294e-20
2.8382427034965034e-05 2.397913479206786e-20
2.841224050874126e-05 2.6512606434292063e-20
2.8442053982517485e-05 4.3665268529567445e-20
2.8471867456293705e-05 4.320710102391254e-20
2.8501680930069932e-05 3.612829441437279e-20
2.853149440384616e-05 3.007332672579003e-20
2.856130787762238e-05 4.193129742390127e-20
2.8591121351398603e-05 5.590200682474285e-20
2.8620934825174824e-05 3.9156726757586335e-20
2.865074829895105e-05 3.388346672288318e-20
2.8680561772727278e-05 5.103513379339954e-20
2.8710375246503495e-05 5.327387945701212e-20
2.8740188720279722e-05 4.65714648554362e-20
2.8770002194055942e-05 3.9808603416405177e-20
2.879981566783217e-05 4.697228417185567e-20
2.8829629141608393e-05 6.227457718367717e-20
2.8859442615384613e-05 5.22103948516909e-20
2.888925608916084e-05 4.197279560765362e-20
2.8919069562937068e-05 5.567782107892136e-20
2.8948883036713288e-05 6.450115476913997e-20
2.897869651048951e-05 5.742447052666437e-20
2.9008509984265732e-05 5.097741555907598e-20
2.903832345804196e-05 5.548612331861991e-20
2.9068136931818186e-05 6.925644652961038e-20
2.9097950405594407e-05 6.749972072057446e-20
2.912776387937063e-05 4.980342430526536e-20
2.9157577353146857e-05 5.923012772170499e-20
2.9187390826923078e-05 7.463603392040595e-20
2.9217204300699305e-05 6.708939728059327e-20
2.9247017774475522e-05 6.13161402718479e-20
2.927683124825175e-05 6.169200322055283e-20
2.9306644722027976e-05 7.429948317186463e-20
2.9336458195804196e-05 8.000119350039946e-20
2.936627166958042e-05 6.220924068063557e-20
2.939608514335664e-05 6.487091847792445e-20
2.9425898617132867e-05 8.199786130975038e-20
2.9455712090909095e-05 7.965994201359231e-20
2.9485525564685315e-05 7.13172588002635e-20
2.951533903846154e-05 6.903122307110207e-20
2.9545152512237766e-05 8.047038635332588e-20
2.9574965986013986e-05 9.056822138306478e-20
2.9604779459790213e-05 7.491560511653798e-20
2.9634592933566433e-05 7.018626733040654e-20
2.9664406407342657e-05 8.972291436617991e-20
2.9694219881118884e-05 9.100114997938459e-20
2.9724033354895105e-05 8.097012534181319e-20
2.9753846828671332e-05 7.775870508459994e-20
2.9783660302447555e-05 8.610902636728404e-20
2.9813473776223776e-05 1.0018418682529658e-19
2.9843287250000003e-05 8.744504737738212e-20
2.9873100723776223e-05 7.610402775059677e-20
2.990291419755245e-05 9.407167203162445e-20
2.9932727671328674e-05 9.93810444293505e-20
2.9962541145104894e-05 8.978488658210537e-20
2.999235461888112e-05 8.769832480688525e-20
3.0022168092657342e-05 9.177510505581124e-20
3.0051981566433566e-05 1.0446234621965066e-19
3.0081795040209793e-05 1.0129977748487414e-19
3.0111608513986013e-05 8.510400073001502e-20
3.014142198776224e-05 9.758730284385109e-20
3.0171235461538464e-05 1.0913473702716435e-19
3.0201048935314684e-05 9.87291366998923e-20
3.023086240909091e-05 9.544376579179768e-20
3.026067588286713e-05 9.628027440906297e-20
3.029048935664336e-05 1.0770392561020102e-19
3.0320302830419582e-05 1.1132335287508923e-19
3.0350116304195803e-05 9.180015699887702e-20
3.037992977797203e-05 1.003522102769718e-19
3.0409743251748257e-05 1.1613966707605746e-19
3.0439556725524477e-05 1.0672239725399472e-19
3.04693701993007e-05 1.035180541921732e-19
3.049918367307692e-05 1.0301127683848315e-19
3.052899714685315e-05 1.1081107888625444e-19
3.055881062062937e-05 1.1939626599655273e-19
3.0588624094405596e-05 1.0180859377739123e-19
3.061843756818182e-05 9.973727857941904e-20
3.064825104195804e-05 1.1915893296377116e-19
3.067806451573427e-05 1.1455313234142733e-19
3.070787798951049e-05 1.0582514165010107e-19
3.0737691463286714e-05 1.0824292343615044e-19
3.076750493706294e-05 1.1131280366154653e-19
3.079731841083916e-05 1.219922712337835e-19
3.0827131884615386e-05 1.141418694210504e-19
3.085694535839161e-05 1.0204043519950352e-19
3.088675883216783e-05 1.1980177078966593e-19
3.091657230594406e-05 1.2150338465402985e-19
3.094638577972028e-05 1.0892187214346587e-19
3.0976199253496504e-05 1.128097696446266e-19
3.100601272727273e-05 1.1306015037002815e-19
3.103582620104896e-05 1.218121180714758e-19
3.1065639674825175e-05 1.218519631606315e-19
3.10954531486014e-05 1.0313827789572839e-19
3.112526662237762e-05 1.1745058101335508e-19
3.1155080096153846e-05 1.2904106101028874e-19
3.118489356993007e-05 1.1383052055084546e-19
3.1214707043706294e-05 1.145197674076353e-19
3.124452051748252e-05 1.1600242412181857e-19
3.127433399125874e-05 1.2226270531288831e-19
3.1304147465034965e-05 1.2688652321617268e-19
3.133396093881119e-05 1.0772256284798639e-19
3.136377441258741e-05 1.1382116768234097e-19
3.1393587886363636e-05 1.308958852115584e-19
3.142340136013987e-05 1.1676485421564266e-19
3.1453214833916084e-05 1.141582565638396e-19
3.148302830769231e-05 1.2068150130467523e-19
3.151284178146853e-05 1.1936187616686743e-19
3.1542655255244755e-05 1.2799787311347705e-19
3.1572468729020985e-05 1.1732470321629343e-19
3.16022822027972e-05 1.0945311519223068e-19
3.1632095676573426e-05 1.2943864463831599e-19
3.1661909150349656e-05 1.2420987632976738e-19
3.1691722624125873e-05 1.1274667045189014e-19
3.1721536097902104e-05 1.1844800626830688e-19
3.175134957167832e-05 1.1869544644445657e-19
3.1781163045454545e-05 1.2553986968287695e-19
3.1810976519230775e-05 1.2007387647157725e-19
3.184078999300699e-05 1.0729505481816155e-19
3.1870603466783216e-05 1.2477693146570884e-19
3.190041694055944e-05 1.2942694513738996e-19
3.193023041433566e-05 1.1315660700299745e-19
3.1960043888111894e-05 1.1661493378530438e-19
3.198985736188811e-05 1.1881739056477307e-19
3.2019670835664334e-05 1.211489451873241e-19
3.2049484309440565e-05 1.2352534540664185e-19
3.207929778321678e-05 1.0864367078571035e-19
3.210911125699301e-05 1.155028966434918e-19
3.213892473076923e-05 1.2884224412351473e-19
3.216873820454545e-05 1.136093358586025e-19
3.219855167832168e-05 1.1167379701105738e-19
3.22283651520979e-05 1.1785585551296941e-19
3.225817862587413e-05 1.169864570257705e-19
3.2287992099650355e-05 1.2431334858997045e-19
3.231780557342657e-05 1.1086647594240774e-19
3.23476190472028e-05 1.06608061314748e-19
3.237743252097902e-05 1.2651603760545765e-19
3.240724599475524e-05 1.1517884741721475e-19
3.243705946853147e-05 1.0577669548694059e-19
3.246687294230769e-05 1.1472782524379972e-19
3.249668641608392e-05 1.1208908723849104e-19
3.252649988986014e-05 1.1759837874707113e-19
3.255631336363636e-05 1.1181502017436974e-19
3.258612683741259e-05 9.99988477596119e-20
3.261594031118881e-05 1.1843343649589134e-19
3.264575378496504e-05 1.172009553317848e-19
3.267556725874126e-05 1.004021744580863e-19
3.270538073251748e-05 1.1008365056999166e-19
3.273519420629371e-05 1.0951943745849033e-19
3.276500768006993e-05 1.082850792253047e-19
3.279482115384616e-05 1.1013966382783165e-19
3.282463462762238e-05 9.59463229020094e-20
3.28544481013986e-05 1.0669811748124246e-19
3.288426157517483e-05 1.144725602955588e-19
3.291407504895105e-05 9.796845204985772e-20
3.2943888522727276e-05 1.0123314486886223e-19
3.29737019965035e-05 1.0421485790227597e-19
3.300351547027972e-05 1.0225874807797277e-19
3.303332894405595e-05 1.0670022155876718e-19
3.306314241783217e-05 9.422312790492368e-20
3.309295589160839e-05 9.507691609862768e-20
3.312276936538462e-05 1.087860383983517e-19
3.3152582839160836e-05 9.593599441400285e-20
3.3182396312937066e-05 9.193669975597282e-20
3.321220978671329e-05 9.79143445620884e-20
3.324202326048951e-05 9.479618130439465e-20
3.327183673426574e-05 9.984667764686826e-20
3.330165020804196e-05 9.095184132238934e-20
3.3331463681818185e-05 8.571262005886712e-20
3.336127715559441e-05 1.010451813112337e-19
3.3391090629370625e-05 9.389004279068071e-20
3.3420904103146856e-05 8.40431196510186e-20
3.345071757692308e-05 8.94445981759205e-20
3.34805310506993e-05 8.887370330410129e-20
3.351034452447553e-05 9.317751106768301e-20
3.354015799825175e-05 8.693060296139591e-20
3.3569971472027974e-05 7.458036186954378e-20
3.35997849458042e-05 8.94559272121782e-20
3.362959841958042e-05 9.141813859455496e-20
3.3659411893356646e-05 7.549854939412309e-20
3.368922536713287e-05 8.066338477018177e-20
3.371903884090909e-05 8.309916919353847e-20
3.374885231468532e-05 8.234302890061745e-20
3.3778665788461534e-05 8.336402119480999e-20
3.3808479262237764e-05 7.149708933769777e-20
3.383829273601399e-05 7.651647240476559e-20
3.386810620979021e-05 8.547753823772039e-20
3.3897919683566435e-05 7.297559830222347e-20
3.392773315734266e-05 6.962035933955685e-20
3.395754663111888e-05 7.348411499160795e-20
3.3987360104895106e-05 7.607153361533398e-20
3.401717357867133e-05 7.60942424920584e-20
3.4046987052447554e-05 6.297841882637223e-20
