0.0 -1.817913326743226e-19
2.9800536475869804e-08 -1.777457414038634e-19
5.960107295173961e-08 -1.747709631055702e-19
8.940160942760941e-08 -1.892539483129967e-19
1.1920214590347922e-07 -1.87597613234195e-19
1.49002682379349e-07 -1.77192233605303e-19
1.7880321885521882e-07 -1.8544926953196745e-19
2.0860375533108863e-07 -1.8735785057620794e-19
2.3840429180695843e-07 -1.9029199396377727e-19
2.6820482828282824e-07 -1.896358889330347e-19
2.98005364758698e-07 -1.7921254779378235e-19
3.2780590123456786e-07 -1.9523729465346918e-19
3.5760643771043764e-07 -2.0042326280880202e-19
3.8740697418630747e-07 -1.8400755956189842e-19
4.1720751066217725e-07 -1.9130545075095503e-19
4.470080471380471e-07 -1.9743519493440126e-19
4.7680858361391687e-07 -1.9779893415624632e-19
5.066091200897866e-07 -1.989005690720873e-19
5.364096565656565e-07 -1.869737085645648e-19
5.662101930415263e-07 -1.9744622299336988e-19
5.96010729517396e-07 -2.0951820366900248e-19
6.25811265993266e-07 -1.9313925313799208e-19
6.556118024691357e-07 -1.9623906787333798e-19
6.854123389450055e-07 -2.0494778057278582e-19
7.152128754208753e-07 -2.022204241040865e-19
7.450134118967451e-07 -2.0576748496662207e-19
7.748139483726149e-07 -1.971701299914646e-19
8.046144848484848e-07 -2.0043889041685983e-19
8.344150213243545e-07 -2.1550953270064982e-19
8.642155578002243e-07 -2.0318734081976526e-19
8.940160942760942e-07 -1.9757884556298603e-19
9.23816630751964e-07 -2.0744141324305481e-19
9.536171672278337e-07 -2.0729217721036132e-19
9.834177037037035e-07 -2.084862198324223e-19
1.0132182401795733e-06 -2.028001514520147e-19
1.0430187766554431e-06 -2.0055453055786468e-19
1.072819313131313e-06 -2.1721104408067384e-19
1.1026198496071828e-06 -2.1187458006565668e-19
1.1324203860830526e-06 -1.9760363561670114e-19
1.1622209225589223e-06 -2.0949830950570806e-19
1.192021459034792e-06 -2.1244009289870668e-19
1.221821995510662e-06 -2.090895253955845e-19
1.251622531986532e-06 -2.084362256877548e-19
1.2814230684624016e-06 -1.9996194005325299e-19
1.3112236049382714e-06 -2.1174701374357751e-19
1.3410241414141413e-06 -2.1592997489072394e-19
1.370824677890011e-06 -1.992298898569806e-19
1.4006252143658807e-06 -2.0570599203327328e-19
1.4304257508417506e-06 -2.1313823030582426e-19
1.4602262873176204e-06 -2.0902246674696958e-19
1.4900268237934902e-06 -2.082941895694741e-19
1.5198273602693603e-06 -2.0023208801856668e-19
1.5496278967452299e-06 -2.077969488400359e-19
1.5794284332210997e-06 -2.176778404358869e-19
1.6092289696969696e-06 -1.9959522777737626e-19
1.6390295061728392e-06 -1.99622476434694e-19
1.668830042648709e-06 -2.1077649408213967e-19
1.6986305791245788e-06 -2.047406087939906e-19
1.7284311156004487e-06 -2.0468259720011243e-19
1.7582316520763183e-06 -2.000023273126216e-19
1.7880321885521883e-06 -2.0055177082217749e-19
1.8178327250280582e-06 -2.128429273313365e-19
1.847633261503928e-06 -2.0165887274381718e-19
1.8774337979797976e-06 -1.9186868694875173e-19
1.9072343344556675e-06 -2.0461970615938827e-19
1.937034870931537e-06 -2.0489454150652106e-19
1.966835407407407e-06 -1.98890702948121e-19
1.9966359438832768e-06 -1.9550257942826132e-19
2.0264364803591466e-06 -1.9086958316006225e-19
2.056237016835017e-06 -2.0322653589988033e-19
2.0860375533108863e-06 -2.005177728952257e-19
2.115838089786756e-06 -1.833970663332155e-19
2.145638626262626e-06 -1.9497367325208413e-19
2.1754391627384958e-06 -1.9996554107267318e-19
2.2052396992143656e-06 -1.9046501158920978e-19
2.2350402356902354e-06 -1.9103046719442563e-19
2.2648407721661053e-06 -1.8586901636974908e-19
2.294641308641975e-06 -1.9196003836689834e-19
2.3244418451178445e-06 -1.9817149524018127e-19
2.3542423815937148e-06 -1.7789319332740113e-19
2.384042918069584e-06 -1.8024767685963696e-19
2.4138434545454544e-06 -1.9425341955228225e-19
2.443643991021324e-06 -1.8361012746562648e-19
2.4734445274971937e-06 -1.8134449348219105e-19
2.503245063973064e-06 -1.7915074762263186e-19
2.5330456004489334e-06 -1.7887636831907432e-19
2.562846136924803e-06 -1.88637666213856e-19
2.592646673400673e-06 -1.7356598570175124e-19
2.622447209876543e-06 -1.6865119682548333e-19
2.6522477463524123e-06 -1.84167863879273e-19
2.6820482828282825e-06 -1.7617469578553443e-19
2.711848819304152e-06 -1.702158545938045e-19
2.741649355780022e-06 -1.6930637131620463e-19
2.771449892255892e-06 -1.669425044304404e-19
2.8012504287317614e-06 -1.772094584105126e-19
2.8310509652076317e-06 -1.6805872376326905e-19
2.860851501683501e-06 -1.5576052375483316e-19
2.8906520381593714e-06 -1.6911674157132236e-19
2.9204525746352408e-06 -1.6882724403670128e-19
2.9502531111111106e-06 -1.5935103179586964e-19
2.9800536475869804e-06 -1.60220678818539e-19
3.0098541840628503e-06 -1.563211781701732e-19
3.0396547205387205e-06 -1.6386630266960336e-19
3.06945525701459e-06 -1.613561541464315e-19
3.0992557934904598e-06 -1.422463983220523e-19
3.1290563299663296e-06 -1.5429588688079336e-19
3.1588568664421994e-06 -1.6104618136079972e-19
3.188657402918069e-06 -1.463565888653627e-19
3.218457939393939e-06 -1.4488089650513715e-19
3.2482584758698085e-06 -1.4425423503227644e-19
3.2780590123456784e-06 -1.4892302005638638e-19
3.3078595488215486e-06 -1.5111964180561526e-19
3.337660085297418e-06 -1.3492991165549716e-19
3.3674606217732883e-06 -1.3689264385911555e-19
3.3972611582491577e-06 -1.4839865351847238e-19
3.4270616947250275e-06 -1.3581177944752872e-19
3.4568622312008974e-06 -1.3096175063722963e-19
3.486662767676767e-06 -1.327761820669913e-19
3.5164633041526366e-06 -1.3174198357314825e-19
3.546263840628507e-06 -1.3853919327556662e-19
3.5760643771043767e-06 -1.2265783074582905e-19
3.6058649135802465e-06 -1.165631037343894e-19
3.6356654500561164e-06 -1.359363042733145e-19
3.6654659865319858e-06 -1.2633007690734375e-19
3.695266523007856e-06 -1.1532671309072087e-19
3.7250670594837254e-06 -1.1893327800438579e-19
3.7548675959595953e-06 -1.1682541310592134e-19
3.784668132435465e-06 -1.2318081312157015e-19
3.814468668911335e-06 -1.1359441815369589e-19
3.844269205387205e-06 -1.0069772965806149e-19
3.874069741863074e-06 -1.1583614454561984e-19
3.9038702783389444e-06 -1.1542938081226442e-19
3.933670814814814e-06 -1.0069591856551976e-19
3.963471351290684e-06 -1.0111526601058222e-19
3.9932718877665535e-06 -1.0180078683979659e-19
4.023072424242424e-06 -1.0552881538786283e-19
4.052872960718293e-06 -1.0304991359158003e-19
4.0826734971941635e-06 -8.760341967942409e-20
4.112474033670034e-06 -9.507256416907835e-20
4.142274570145903e-06 -1.031518210507744e-19
4.1720751066217725e-06 -8.717534813517026e-20
4.201875643097643e-06 -8.378182989283863e-20
4.231676179573512e-06 -8.733388984300678e-20
4.261476716049382e-06 -8.801352223133369e-20
4.291277252525252e-06 -8.847364117937313e-20
4.321077789001121e-06 -7.423588149668927e-20
4.3508783254769915e-06 -7.391324694046017e-20
4.380678861952862e-06 -8.728471010106917e-20
4.410479398428731e-06 -7.567433308597261e-20
4.440279934904601e-06 -6.659049330301925e-20
4.470080471380471e-06 -7.177756655806774e-20
4.49988100785634e-06 -7.108053831455748e-20
4.5296815443322105e-06 -7.274358855500077e-20
4.55948208080808e-06 -6.047987469310297e-20
4.58928261728395e-06 -5.3502083019010034e-20
4.61908315375982e-06 -6.95557473067722e-20
4.648883690235689e-06 -6.177171875099063e-20
4.67868422671156e-06 -4.691482664478297e-20
4.7084847631874295e-06 -5.163871491738218e-20
4.738285299663299e-06 -5.505023196366118e-20
4.768085836139168e-06 -5.53842789683447e-20
4.797886372615039e-06 -4.597143117952129e-20
4.827686909090909e-06 -3.573027746464444e-20
4.857487445566778e-06 -4.7758321505765704e-20
4.887287982042648e-06 -4.9329993047304046e-20
4.917088518518518e-06 -3.1108260228306077e-20
4.946889054994387e-06 -3.175511379291625e-20
4.976689591470257e-06 -3.6391668486629135e-20
5.006490127946128e-06 -3.587933445479297e-20
5.036290664421997e-06 -3.0411838301352286e-20
5.066091200897867e-06 -1.6474210302183013e-20
5.095891737373736e-06 -2.621403988596857e-20
5.125692273849606e-06 -3.2782781486456095e-20
5.155492810325477e-06 -1.5260273438330397e-20
5.185293346801346e-06 -1.1757812814122429e-20
5.215093883277216e-06 -1.7300345930338068e-20
5.244894419753086e-06 -1.7388343411616567e-20
5.274694956228955e-06 -1.2387910877158562e-20
5.3044954927048245e-06 -2.190647996684157e-22
5.334296029180696e-06 -1.3426338428465317e-21
5.364096565656565e-06 -1.2587237155503412e-20
5.3938971021324345e-06 4.606320394406568e-22
5.423697638608304e-06 1.0957039194892732e-20
5.453498175084175e-06 1.7162889858357407e-21
5.483298711560044e-06 3.766651710841121e-21
5.513099248035914e-06 6.031812965857598e-21
5.542899784511784e-06 1.5145805347180402e-20
5.5727003209876535e-06 2.188864036313759e-20
5.602500857463523e-06 6.491491703360128e-21
5.632301393939393e-06 1.4550960313284633e-20
5.662101930415263e-06 3.101487141322299e-20
5.691902466891133e-06 2.5051922635982183e-20
5.721703003367002e-06 2.245149947680064e-20
5.7515035398428725e-06 2.446368735504025e-20
5.781304076318743e-06 3.350978654898892e-20
5.811104612794612e-06 4.2270833166241973e-20
5.8409051492704815e-06 3.140691875189855e-20
5.870705685746352e-06 2.9730410360679056e-20
5.900506222222221e-06 4.6706509576986205e-20
5.930306758698091e-06 4.7711791785915675e-20
5.960107295173961e-06 4.056619563801748e-20
5.989907831649831e-06 4.2673785239668146e-20
6.0197083681257005e-06 5.087211312446933e-20
6.04950890460157e-06 6.197332579733405e-20
6.079309441077441e-06 5.334693751116427e-20
6.1091099775533105e-06 4.5213854323221166e-20
6.13891051402918e-06 6.454853211761454e-20
6.168711050505049e-06 7.07070468470544e-20
6.1985115869809196e-06 5.920317817925046e-20
6.228312123456789e-06 6.006426269529469e-20
6.258112659932659e-06 6.842795024386297e-20
6.2879131964085295e-06 7.712053500762865e-20
6.317713732884399e-06 7.42633930970367e-20
6.347514269360268e-06 6.33220859844715e-20
6.377314805836138e-06 7.6551705715183e-20
6.407115342312009e-06 8.909767840151252e-20
6.436915878787878e-06 7.841100243911099e-20
6.466716415263748e-06 7.842305448453305e-20
6.496516951739617e-06 8.270877767723338e-20
6.526317488215487e-06 9.122516492037138e-20
6.556118024691357e-06 9.664090838188537e-20
6.585918561167227e-06 7.961007222597049e-20
6.615719097643097e-06 8.79160296291754e-20
6.645519634118967e-06 1.0697503194986444e-19
6.675320170594836e-06 9.567379039498737e-20
6.7051207070707055e-06 9.126761368363905e-20
6.7349212435465766e-06 9.871712363798347e-20
6.764721780022446e-06 1.0608950967926934e-19
6.794522316498315e-06 1.119328169827271e-19
6.824322852974186e-06 1.0117796902738409e-19
6.854123389450055e-06 1.0072410055317417e-19
6.883923925925925e-06 1.1955929201556746e-19
6.913724462401795e-06 1.1684260134967058e-19
6.943524998877665e-06 1.059135872595032e-19
6.973325535353534e-06 1.1207333608767e-19
7.003126071829404e-06 1.1979541528595758e-19
7.032926608305273e-06 1.252750560546919e-19
7.062727144781144e-06 1.1874774662647448e-19
7.092527681257014e-06 1.121333112515253e-19
7.122328217732883e-06 1.300070691166937e-19
7.152128754208753e-06 1.3448615840783233e-19
7.181929290684623e-06 1.2152241586570965e-19
7.211729827160493e-06 1.2578990035879247e-19
7.2415303636363625e-06 1.329550032476182e-19
7.271330900112233e-06 1.3974549012705995e-19
7.301131436588102e-06 1.3554086784926103e-19
7.3309319730639716e-06 1.2431401878359702e-19
7.360732509539843e-06 1.3955300655907626e-19
7.390533046015712e-06 1.4922460966287967e-19
7.4203335824915815e-06 1.379918449129296e-19
7.450134118967451e-06 1.3613466090327174e-19
7.479934655443321e-06 1.4361310363996844e-19
7.5097351919191906e-06 1.5296508039069659e-19
7.539535728395061e-06 1.512164312413882e-19
7.56933626487093e-06 1.4041455217729407e-19
7.5991368013468005e-06 1.4935330854413264e-19
7.62893733782267e-06 1.6319231212769538e-19
7.65873787429854e-06 1.535391185615921e-19
7.68853841077441e-06 1.4704361153865846e-19
7.71833894725028e-06 1.565122073777602e-19
7.748139483726148e-06 1.6403393487294518e-19
7.777940020202019e-06 1.648674582836743e-19
7.807740556677889e-06 1.5434516373372227e-19
7.83754109315376e-06 1.5607894272979662e-19
7.867341629629628e-06 1.7570228157110825e-19
7.897142166105498e-06 1.70992264044092e-19
7.926942702581368e-06 1.594773465108629e-19
7.956743239057238e-06 1.6844815402582203e-19
7.986543775533107e-06 1.759542671811567e-19
8.016344312008977e-06 1.7822601368289925e-19
8.046144848484848e-06 1.715417640200215e-19
8.075945384960718e-06 1.6716355900658802e-19
8.105745921436586e-06 1.839836859049417e-19
8.135546457912457e-06 1.8517819288743604e-19
8.165346994388327e-06 1.715803519595037e-19
8.195147530864195e-06 1.7840695436210297e-19
8.224948067340067e-06 1.8560485649440773e-19
8.254748603815936e-06 1.8857643517443444e-19
8.284549140291806e-06 1.868244402654114e-19
8.314349676767675e-06 1.7704680912027252e-19
8.344150213243545e-06 1.9104083320452317e-19
8.373950749719415e-06 2.0049147890019682e-19
8.403751286195286e-06 1.8471227201072057e-19
8.433551822671154e-06 1.867950377541413e-19
8.463352359147024e-06 1.9588101755787519e-19
8.493152895622895e-06 1.9930808289993416e-19
8.522953432098763e-06 1.9936368558474275e-19
8.552753968574635e-06 1.8759980643877456e-19
8.582554505050504e-06 1.963311376038327e-19
8.612355041526374e-06 2.1147907253502363e-19
8.642155578002243e-06 1.998177792409653e-19
8.671956114478113e-06 1.958593984738966e-19
8.701756650953983e-06 2.0530290496928035e-19
8.731557187429853e-06 2.097254849621777e-19
8.761357723905724e-06 2.1011294971790267e-19
8.791158260381592e-06 1.998313493073705e-19
8.820958796857462e-06 2.0286487701187014e-19
8.850759333333333e-06 2.206718827060887e-19
8.880559869809201e-06 2.1212588814212717e-19
8.910360406285071e-06 2.0189641233047946e-19
8.940160942760942e-06 2.1249662298092624e-19
8.96996147923681e-06 2.191747605480557e-19
8.99976201571268e-06 2.1937538926006515e-19
9.029562552188553e-06 2.1224936030953017e-19
9.059363088664421e-06 2.099785361804103e-19
9.089163625140291e-06 2.264381923111232e-19
9.11896416161616e-06 2.26970567350601e-19
9.14876469809203e-06 2.1046684527942733e-19
9.1785652345679e-06 2.1739113648474386e-19
9.208365771043769e-06 2.282489157157567e-19
9.23816630751964e-06 2.252343625372211e-19
9.26796684399551e-06 2.222559544862769e-19
9.297767380471378e-06 2.170903256555972e-19
9.32756791694725e-06 2.2860041946461547e-19
9.35736845342312e-06 2.3790590611378413e-19
9.387168989898989e-06 2.211850830857612e-19
9.416969526374859e-06 2.224883682535356e-19
9.446770062850728e-06 2.33975851519818e-19
9.476570599326598e-06 2.3462811379656327e-19
9.506371135802468e-06 2.3281681112554508e-19
9.536171672278337e-06 2.224332823854064e-19
9.565972208754207e-06 2.303680656501194e-19
9.595772745230077e-06 2.4301498767567767e-19
9.625573281705946e-06 2.2941227564361064e-19
9.655373818181818e-06 2.2677495953869535e-19
9.685174354657688e-06 2.37171826825209e-19
9.714974891133557e-06 2.389091233894225e-19
9.744775427609427e-06 2.3821860222995095e-19
9.774575964085295e-06 2.3045508496680555e-19
9.804376500561166e-06 2.331523529606004e-19
9.834177037037036e-06 2.4783571788839444e-19
9.863977573512904e-06 2.397881429878298e-19
9.893778109988775e-06 2.2906177154045045e-19
9.923578646464645e-06 2.377447106413873e-19
9.953379182940514e-06 2.4361481656757323e-19
9.983179719416386e-06 2.4230344601164446e-19
1.0012980255892256e-05 2.351146521541939e-19
1.0042780792368124e-05 2.3238747742311516e-19
1.0072581328843995e-05 2.473493886485164e-19
1.0102381865319865e-05 2.469890316768312e-19
1.0132182401795733e-05 2.321791524723824e-19
1.0161982938271604e-05 2.38585063790291e-19
1.0191783474747472e-05 2.4518645356309956e-19
1.0221584011223342e-05 2.4313512670558957e-19
1.0251384547699213e-05 2.405302062520892e-19
1.0281185084175081e-05 2.339122255161096e-19
1.0310985620650953e-05 2.417328475424414e-19
1.0340786157126824e-05 2.4850801977646543e-19
1.0370586693602692e-05 2.348727902539018e-19
1.0400387230078562e-05 2.349066003165196e-19
1.0430187766554433e-05 2.4530877358682384e-19
1.0459988303030301e-05 2.422805781257824e-19
1.0489788839506171e-05 2.395014517583642e-19
1.051958937598204e-05 2.34236624326747e-19
1.054938991245791e-05 2.3758301149942115e-19
1.057919044893378e-05 2.4947340784861823e-19
1.0608990985409649e-05 2.3655258793753543e-19
1.0638791521885521e-05 2.289596203888016e-19
1.0668592058361391e-05 2.430392456248403e-19
1.069839259483726e-05 2.4218898671004336e-19
1.072819313131313e-05 2.361346904724506e-19
1.0757993667789e-05 2.3279467083456763e-19
1.0787794204264869e-05 2.3214698486841974e-19
1.081759474074074e-05 2.4452477205410785e-19
1.0847395277216608e-05 2.3840167789492097e-19
1.0877195813692478e-05 2.255884620244274e-19
1.090699635016835e-05 2.372998775611023e-19
1.0936796886644219e-05 2.3925036908717596e-19
1.0966597423120089e-05 2.3363528807323513e-19
1.0996397959595959e-05 2.3194407214232817e-19
1.1026198496071828e-05 2.262216744073354e-19
1.1055999032547698e-05 2.364897791031112e-19
1.1085799569023568e-05 2.3713495574608596e-19
1.1115600105499437e-05 2.2096800896267764e-19
1.1145400641975307e-05 2.2817318469575005e-19
1.1175201178451177e-05 2.34435295746993e-19
1.1205001714927046e-05 2.2894277977956135e-19
1.1234802251402918e-05 2.2854854171790526e-19
1.1264602787878786e-05 2.2106861385706775e-19
1.1294403324354657e-05 2.282059097016169e-19
1.1324203860830527e-05 2.3567644176098684e-19
1.1354004397306395e-05 2.1839826928641906e-19
1.1383804933782266e-05 2.1894199657744367e-19
1.1413605470258136e-05 2.2958890655407972e-19
1.1443406006734004e-05 2.242051728594021e-19
1.1473206543209875e-05 2.2090973794998325e-19
1.1503007079685745e-05 2.181220932389647e-19
1.1532807616161613e-05 2.173981242969694e-19
1.1562608152637485e-05 2.274187962980503e-19
1.1592408689113354e-05 2.196849595492725e-19
1.1622209225589224e-05 2.0818225929727078e-19
1.1652009762065095e-05 2.215859773165719e-19
1.1681810298540963e-05 2.206620240699397e-19
1.1711610835016833e-05 2.1386225730218564e-19
1.1741411371492704e-05 2.1341202052738333e-19
1.1771211907968572e-05 2.0718980303788046e-19
1.1801012444444442e-05 2.1966579195170204e-19
1.1830812980920313e-05 2.157222990075799e-19
1.1860613517396181e-05 1.9867308906293148e-19
1.1890414053872053e-05 2.1231402538545102e-19
1.1920214590347922e-05 2.1445690819282234e-19
1.1950015126823792e-05 2.0603613463748143e-19
1.1979815663299662e-05 2.0549417039746614e-19
1.200961619977553e-05 1.993535999932915e-19
1.2039416736251401e-05 2.0855431165117159e-19
1.2069217272727271e-05 2.10251855764796e-19
1.209901780920314e-05 1.9337843157582678e-19
1.212881834567901e-05 1.9866206771561696e-19
1.2158618882154882e-05 2.0584487782317342e-19
1.218841941863075e-05 1.973684062689801e-19
1.2218219955106621e-05 1.9427059286182848e-19
1.224802049158249e-05 1.9125304220350376e-19
1.227782102805836e-05 1.951206180759556e-19
1.230762156453423e-05 2.0189560076745607e-19
1.2337422101010099e-05 1.8725894963012345e-19
1.2367222637485969e-05 1.835008404961177e-19
1.2397023173961839e-05 1.964670813168698e-19
1.2426823710437708e-05 1.8885900060165368e-19
1.2456624246913578e-05 1.826293106421714e-19
1.248642478338945e-05 1.8373600173807537e-19
1.2516225319865318e-05 1.7995107889610085e-19
1.2546025856341189e-05 1.8819409784858816e-19
1.2575826392817059e-05 1.8119368074320935e-19
1.2605626929292928e-05 1.681028254942759e-19
1.2635427465768798e-05 1.801100436413752e-19
1.2665228002244666e-05 1.7891898946099815e-19
1.2695028538720537e-05 1.711510193237557e-19
1.2724829075196407e-05 1.712916281252077e-19
1.2754629611672275e-05 1.662728359068639e-19
1.2784430148148146e-05 1.7362037967066978e-19
1.2814230684624018e-05 1.7116892468606848e-19
1.2844031221099886e-05 1.5438241627110338e-19
1.2873831757575756e-05 1.6116264128333334e-19
1.2903632294051627e-05 1.6693209382100902e-19
1.2933432830527495e-05 1.566262628427973e-19
1.2963233367003366e-05 1.5414323145021102e-19
1.2993033903479234e-05 1.5084184711603988e-19
1.3022834439955104e-05 1.5304768709503418e-19
1.3052634976430975e-05 1.581988427454178e-19
1.3082435512906843e-05 1.4248041628512716e-19
1.3112236049382713e-05 1.4081633413275682e-19
1.3142036585858585e-05 1.5177853383334685e-19
1.3171837122334454e-05 1.4154139838997537e-19
1.3201637658810324e-05 1.3727662467436775e-19
1.3231438195286194e-05 1.3448787861130366e-19
1.3261238731762063e-05 1.3209105911648266e-19
1.3291039268237933e-05 1.4129445853783921e-19
1.3320839804713802e-05 1.2717267128464618e-19
1.3350640341189672e-05 1.1870751275869919e-19
1.3380440877665542e-05 1.3201563451432897e-19
1.3410241414141411e-05 1.256322671055653e-19
1.3440041950617281e-05 1.1867903094252733e-19
1.3469842487093153e-05 1.161517379299839e-19
1.3499643023569022e-05 1.1256649327066706e-19
1.3529443560044892e-05 1.2007107923110144e-19
1.3559244096520762e-05 1.1164992531140617e-19
1.358904463299663e-05 9.865278712314564e-20
1.3618845169472501e-05 1.0780833718970577e-19
1.3648645705948371e-05 1.0832377570336882e-19
1.367844624242424e-05 9.734593740415078e-20
1.370824677890011e-05 9.539510237934745e-20
1.3738047315375979e-05 9.1666119296624e-20
1.376784785185185e-05 9.507136653150321e-20
1.3797648388327721e-05 9.586475818439935e-20
1.382744892480359e-05 7.894568408600849e-20
1.385724946127946e-05 8.377437867360863e-20
1.388704999775533e-05 8.981177333502966e-20
1.3916850534231199e-05 7.619199429878159e-20
1.3946651070707069e-05 7.631525303820651e-20
1.3976451607182939e-05 7.074493973738655e-20
1.4006252143658808e-05 6.84983903879733e-20
1.4036052680134678e-05 7.659258309889453e-20
1.4065853216610546e-05 5.941985016528515e-20
1.4095653753086418e-05 5.510290557448577e-20
1.4125454289562289e-05 6.885420785178138e-20
1.4155254826038157e-05 5.761960201060547e-20
1.4185055362514027e-05 5.0419666672785395e-20
1.4214855898989898e-05 5.126155121353924e-20
1.4244656435465766e-05 4.5928801689813313e-20
1.4274456971941637e-05 5.280818612879279e-20
1.4304257508417507e-05 4.2815289627634934e-20
1.4334058044893375e-05 2.794585475394488e-20
1.4363858581369246e-05 4.315416433909387e-20
1.4393659117845114e-05 4.026510248477441e-20
1.4423459654320986e-05 2.4236320078184922e-20
1.4453260190796856e-05 2.621544126898601e-20
1.4483060727272725e-05 2.3868285010311454e-20
1.4512861263748595e-05 2.5976218089439796e-20
1.4542661800224465e-05 2.2696565488674004e-20
1.4572462336700334e-05 6.538265316043049e-21
1.4602262873176204e-05 1.3290362582775595e-20
1.4632063409652075e-05 1.8258187066219326e-20
1.4661863946127943e-05 4.2220753246497536e-21
1.4691664482603813e-05 1.109139191784844e-21
1.4721465019079685e-05 -6.268718950346812e-22
1.4751265555555554e-05 6.572734126674914e-22
1.4781066092031424e-05 5.3432262763082675e-22
1.4810866628507293e-05 -1.6421005246422713e-20
1.4840667164983163e-05 -1.472737939151198e-20
1.4870467701459033e-05 -4.800893356939751e-21
1.4900268237934902e-05 -1.713995646506966e-20
1.4930068774410772e-05 -2.4325848288019347e-20
1.4959869310886642e-05 -2.343288159997815e-20
1.4989669847362511e-05 -2.4167420617560325e-20
1.5019470383838381e-05 -2.294796673329549e-20
1.5049270920314253e-05 -3.5307787057184264e-20
1.5079071456790122e-05 -4.2428101597962415e-20
1.5108871993265992e-05 -3.044956970594325e-20
1.513867252974186e-05 -3.5873105600787126e-20
1.516847306621773e-05 -4.8757053951769277e-20
1.5198273602693601e-05 -4.825041361758505e-20
1.522807413916947e-05 -4.8425944047398535e-20
1.525787467564534e-05 -4.582936322253551e-20
1.5287675212121212e-05 -5.298569500992939e-20
1.531747574859708e-05 -6.478422508598491e-20
1.534727628507295e-05 -5.576490614365445e-20
1.537707682154882e-05 -5.638495225040405e-20
1.540687735802469e-05 -7.023173955916192e-20
1.543667789450056e-05 -7.210363986726186e-20
1.5466478430976427e-05 -7.229213993098958e-20
1.5496278967452297e-05 -6.96133599566704e-20
1.552607950392817e-05 -7.348933418010225e-20
1.5555880040404037e-05 -8.857762842151752e-20
1.5585680576879908e-05 -8.299788670304686e-20
1.5615481113355778e-05 -7.44118390823634e-20
1.5645281649831648e-05 -8.944389518783045e-20
1.567508218630752e-05 -9.539835365378929e-20
1.570488272278339e-05 -9.246745919910043e-20
1.5734683259259255e-05 -9.230593876165417e-20
1.5764483795735126e-05 -9.28749444569886e-20
1.5794284332210996e-05 -1.087185234711859e-19
1.5824084868686866e-05 -1.0958978938206546e-19
1.5853885405162736e-05 -9.629977516631934e-20
1.5883685941638607e-05 -1.0804031627321408e-19
1.5913486478114477e-05 -1.1831790603838253e-19
1.5943287014590347e-05 -1.1588299583389581e-19
1.5973087551066214e-05 -1.1498654292054225e-19
1.6002888087542084e-05 -1.1397329720408449e-19
1.6032688624017955e-05 -1.2534986869527724e-19
1.6062489160493825e-05 -1.3148263611976441e-19
1.6092289696969695e-05 -1.1890099974152958e-19
1.6122090233445565e-05 -1.24496710917886e-19
1.6151890769921436e-05 -1.3912641713208395e-19
1.6181691306397306e-05 -1.363034519197237e-19
1.6211491842873173e-05 -1.347371170179083e-19
1.6241292379349043e-05 -1.3591611017645008e-19
1.6271092915824913e-05 -1.4395837758396885e-19
1.6300893452300784e-05 -1.5328487201965004e-19
1.6330693988776654e-05 -1.4252872375052385e-19
1.6360494525252524e-05 -1.41732940691991e-19
1.639029506172839e-05 -1.5726163020441594e-19
1.642009559820426e-05 -1.5948218442730252e-19
1.6449896134680135e-05 -1.551471221507061e-19
1.6479696671156002e-05 -1.5485047867533722e-19
1.6509497207631872e-05 -1.6207807717903447e-19
1.6539297744107742e-05 -1.7307403816382432e-19
1.6569098280583612e-05 -1.6823190224155888e-19
1.6598898817059483e-05 -1.619375576825285e-19
1.662869935353535e-05 -1.7527602528727784e-19
1.665849989001122e-05 -1.815405497919313e-19
1.668830042648709e-05 -1.7694655464099455e-19
1.671810096296296e-05 -1.7700902954501977e-19
1.674790149943883e-05 -1.780606198608704e-19
1.67777020359147e-05 -1.894380516640937e-19
1.680750257239057e-05 -1.935946907305338e-19
1.683730310886644e-05 -1.8045978204556453e-19
1.6867103645342308e-05 -1.8733702750367253e-19
1.689690418181818e-05 -2.0343856216390562e-19
1.692670471829405e-05 -1.9926746274501773e-19
1.695650525476992e-05 -1.9474709291916479e-19
1.698630579124579e-05 -1.985368318855381e-19
1.701610632772166e-05 -2.0716674046226565e-19
1.7045906864197526e-05 -2.123569075600282e-19
1.7075707400673397e-05 -2.0094338053212354e-19
1.710550793714927e-05 -2.046070826265129e-19
1.7135308473625137e-05 -2.2131815775499727e-19
1.7165109010101007e-05 -2.1777332962449107e-19
1.7194909546576878e-05 -2.1232104912348115e-19
1.7224710083052748e-05 -2.143396507813758e-19
1.7254510619528618e-05 -2.228639641747398e-19
1.7284311156004485e-05 -2.3220522156424174e-19
1.7314111692480355e-05 -2.2327502381597345e-19
1.7343912228956226e-05 -2.194054999814919e-19
1.7373712765432096e-05 -2.3472156811095703e-19
1.7403513301907966e-05 -2.3797519697394304e-19
1.7433313838383836e-05 -2.299256740368853e-19
1.7463114374859707e-05 -2.3014085945772494e-19
1.7492914911335577e-05 -2.3771245068896426e-19
1.7522715447811447e-05 -2.4579754137802375e-19
1.7552515984287317e-05 -2.4022061893094304e-19
1.7582316520763184e-05 -2.3254988288259017e-19
1.7612117057239055e-05 -2.4661439921234215e-19
1.7641917593714925e-05 -2.547470708582116e-19
1.7671718130190795e-05 -2.459345589788776e-19
1.7701518666666665e-05 -2.452532146270048e-19
1.7731319203142536e-05 -2.4957234815697826e-19
1.7761119739618402e-05 -2.589588716683647e-19
1.7790920276094273e-05 -2.5822309505770643e-19
1.7820720812570143e-05 -2.4614792235813837e-19
1.7850521349046013e-05 -2.554291310057994e-19
1.7880321885521883e-05 -2.650945430330984e-19
1.791012242199775e-05 -2.58781426868673e-19
1.793992295847362e-05 -2.5695523956700363e-19
1.796972349494949e-05 -2.588785621218092e-19
1.799952403142536e-05 -2.6704548976383973e-19
1.8029324567901235e-05 -2.7144465632105845e-19
1.8059125104377105e-05 -2.5852023560640405e-19
1.8088925640852972e-05 -2.6199165823259707e-19
1.8118726177328842e-05 -2.7639494185182513e-19
1.8148526713804712e-05 -2.704188961770234e-19
1.8178327250280583e-05 -2.6656024173044893e-19
1.8208127786756453e-05 -2.6711382533176537e-19
1.823792832323232e-05 -2.7115309422847936e-19
1.826772885970819e-05 -2.8001659447419515e-19
1.829752939618406e-05 -2.701546696339334e-19
1.832732993265993e-05 -2.659469527756609e-19
1.83571304691358e-05 -2.8004453819597673e-19
1.838693100561167e-05 -2.8020971121755084e-19
1.8416731542087538e-05 -2.7255088771662697e-19
1.8446532078563408e-05 -2.7333050051283543e-19
1.847633261503928e-05 -2.774761233282751e-19
1.850613315151515e-05 -2.8430257961579715e-19
1.853593368799102e-05 -2.792088914484113e-19
1.8565734224466886e-05 -2.689234751334251e-19
1.8595534760942756e-05 -2.816419341255526e-19
1.8625335297418626e-05 -2.8656723601740284e-19
1.86551358338945e-05 -2.756220477752379e-19
1.868493637037037e-05 -2.767539887358393e-19
1.871473690684624e-05 -2.795288115081839e-19
1.8744537443322107e-05 -2.861749210486594e-19
1.8774337979797978e-05 -2.8617140453218144e-19
1.8804138516273848e-05 -2.721075674229117e-19
1.8833939052749718e-05 -2.7991699698047824e-19
1.886373958922559e-05 -2.9110553086200146e-19
1.8893540125701455e-05 -2.795962169157792e-19
1.8923340662177326e-05 -2.7618076615408435e-19
1.8953141198653196e-05 -2.799054690347959e-19
1.8982941735129066e-05 -2.8359252743977743e-19
1.9012742271604936e-05 -2.873404482384714e-19
1.9042542808080807e-05 -2.7434171430948584e-19
1.9072343344556673e-05 -2.744632613776513e-19
1.9102143881032544e-05 -2.8947907182997275e-19
1.9131944417508414e-05 -2.8163180567610403e-19
1.9161744953984284e-05 -2.7531344992171363e-19
1.9191545490460154e-05 -2.7807677591316464e-19
1.922134602693602e-05 -2.793251740298367e-19
1.925114656341189e-05 -2.856063939696547e-19
1.9280947099887762e-05 -2.7601964793896243e-19
1.9310747636363636e-05 -2.6888269254900754e-19
1.9340548172839506e-05 -2.827957235046358e-19
1.9370348709315376e-05 -2.816509683883395e-19
1.9400149245791243e-05 -2.711671573509376e-19
1.9429949782267113e-05 -2.726376614160053e-19
1.9459750318742983e-05 -2.7363789197528845e-19
1.9489550855218854e-05 -2.780630146169759e-19
1.9519351391694724e-05 -2.7664958728480094e-19
1.954915192817059e-05 -2.6470267055172964e-19
1.957895246464646e-05 -2.7228403924077153e-19
1.960875300112233e-05 -2.7914236591059143e-19
1.96385535375982e-05 -2.6768128945393335e-19
1.9668354074074072e-05 -2.6471951175691685e-19
1.9698154610549942e-05 -2.673402587524767e-19
1.972795514702581e-05 -2.719374221767226e-19
1.975775568350168e-05 -2.704438469819469e-19
1.978755621997755e-05 -2.570622720491069e-19
1.981735675645342e-05 -2.6215916879608336e-19
1.984715729292929e-05 -2.73230316668968e-19
1.9876957829405157e-05 -2.6217418152224373e-19
1.9906758365881027e-05 -2.5555343000063046e-19
1.9936558902356897e-05 -2.6044126490489285e-19
1.996635943883277e-05 -2.627090221964186e-19
1.999615997530864e-05 -2.6162121950877924e-19
2.002596051178451e-05 -2.515696709099108e-19
2.005576104826038e-05 -2.5061732483247247e-19
2.008556158473625e-05 -2.6067700708700826e-19
2.011536212121212e-05 -2.5502505968302305e-19
2.014516265768799e-05 -2.462863607922527e-19
2.017496319416386e-05 -2.4788508419240255e-19
2.020476373063973e-05 -2.513274214832314e-19
2.0234564267115597e-05 -2.534226675763672e-19
2.0264364803591467e-05 -2.446466546153672e-19
2.0294165340067337e-05 -2.3778577205336795e-19
2.0323965876543207e-05 -2.4869814790464844e-19
2.0353766413019078e-05 -2.486496577516501e-19
2.0383566949494944e-05 -2.3606177526740583e-19
2.0413367485970815e-05 -2.352390742251771e-19
2.0443168022446685e-05 -2.3872538535332735e-19
2.0472968558922555e-05 -2.407149812327916e-19
2.0502769095398425e-05 -2.344832163573089e-19
2.05325696318743e-05 -2.2512489587684896e-19
2.0562370168350163e-05 -2.332200248358432e-19
2.0592170704826036e-05 -2.3775361078625597e-19
2.0621971241301907e-05 -2.27045338890091e-19
2.0651771777777777e-05 -2.2373439544604263e-19
2.0681572314253647e-05 -2.23699453818253e-19
2.0711372850729514e-05 -2.2707953794157865e-19
2.0741173387205384e-05 -2.2654481344859175e-19
2.0770973923681254e-05 -2.11974058438753e-19
2.0800774460157125e-05 -2.1574507271675908e-19
2.0830574996632995e-05 -2.2471254165806125e-19
2.0860375533108865e-05 -2.1354360915458416e-19
2.0890176069584732e-05 -2.0903185860625845e-19
2.0919976606060602e-05 -2.1024806294477877e-19
2.0949777142536473e-05 -2.1049366071864425e-19
2.0979577679012343e-05 -2.1197171407226423e-19
2.1009378215488213e-05 -2.0135210581908963e-19
2.103917875196408e-05 -1.9726620363975922e-19
2.106897928843995e-05 -2.0777636439905476e-19
2.109877982491582e-05 -2.0342096008536724e-19
2.112858036139169e-05 -1.9154144974030038e-19
2.115838089786756e-05 -1.9099492159771107e-19
2.1188181434343435e-05 -1.9488934300809143e-19
2.1217981970819298e-05 -1.9592712820195914e-19
2.1247782507295172e-05 -1.8664957123250153e-19
2.1277583043771042e-05 -1.7873759713357698e-19
2.1307383580246912e-05 -1.8817103279563789e-19
2.1337184116722783e-05 -1.8880055784973668e-19
2.136698465319865e-05 -1.7533296878059013e-19
2.139678518967452e-05 -1.7343228087900707e-19
2.142658572615039e-05 -1.7680492442397907e-19
2.145638626262626e-05 -1.7794034527116587e-19
2.148618679910213e-05 -1.70285771767354e-19
2.1515987335578e-05 -1.5904372225721142e-19
2.1545787872053868e-05 -1.664986696261497e-19
2.1575588408529738e-05 -1.7039371081128539e-19
2.1605388945005608e-05 -1.5711553358962958e-19
2.163518948148148e-05 -1.519112413997673e-19
2.166499001795735e-05 -1.5424249880593515e-19
2.1694790554433215e-05 -1.5726424338112745e-19
2.1724591090909086e-05 -1.5290303339793847e-19
2.1754391627384956e-05 -1.393865491529682e-19
2.1784192163860826e-05 -1.430087953624452e-19
2.18139927003367e-05 -1.4959249203530437e-19
2.184379323681257e-05 -1.3830807476075733e-19
2.1873593773288437e-05 -1.3166723014554705e-19
2.1903394309764307e-05 -1.3140049076446187e-19
2.1933194846240178e-05 -1.3288562657820367e-19
2.1962995382716048e-05 -1.3290425359703808e-19
2.1992795919191918e-05 -1.2147237433692278e-19
2.2022596455667785e-05 -1.1690496017513448e-19
2.2052396992143655e-05 -1.257910081331078e-19
2.2082197528619525e-05 -1.2076122003263364e-19
2.2111998065095396e-05 -1.087394426206245e-19
2.2141798601571266e-05 -1.100411235607895e-19
2.2171599138047136e-05 -1.105957825272096e-19
2.2201399674523003e-05 -1.0897351490551401e-19
2.2231200210998873e-05 -1.0221779798343068e-19
2.2261000747474744e-05 -9.113232945606347e-20
2.2290801283950614e-05 -9.905242395033005e-20
2.2320601820426484e-05 -1.0150877338734791e-19
2.2350402356902354e-05 -8.48935718123183e-20
2.238020289337822e-05 -8.440862247794514e-20
2.241000342985409e-05 -8.772747945474513e-20
2.2439803966329962e-05 -8.537749123564258e-20
2.2469604502805835e-05 -8.14347172222733e-20
2.2499405039281706e-05 -6.850134345792229e-20
2.2529205575757573e-05 -7.411286005907672e-20
2.2559006112233443e-05 -8.011986377316734e-20
2.2588806648709313e-05 -6.465269269681623e-20
2.2618607185185183e-05 -6.036183095227433e-20
2.2648407721661054e-05 -6.297538137225608e-20
2.2678208258136924e-05 -6.273159668776583e-20
2.270800879461279e-05 -5.954867631676229e-20
2.273780933108866e-05 -4.6938659967764224e-20
2.276760986756453e-05 -4.821197377693998e-20
2.27974104040404e-05 -5.694714631107648e-20
2.2827210940516272e-05 -4.5760096510328726e-20
2.285701147699214e-05 -3.771706803335502e-20
2.288681201346801e-05 -4.062254452199559e-20
2.291661254994388e-05 -4.110209237337673e-20
2.294641308641975e-05 -3.8999810891369574e-20
2.297621362289562e-05 -2.8635026170248075e-20
2.300601415937149e-05 -2.3026390702315845e-20
2.3035814695847357e-05 -3.200641049049156e-20
2.3065615232323227e-05 -2.818187897577552e-20
2.30954157687991e-05 -1.3984168617770916e-20
2.312521630527497e-05 -1.6487783524118055e-20
2.315501684175084e-05 -1.8356566336132603e-20
2.3184817378226708e-05 -1.7260412434235832e-20
2.3214617914702578e-05 -1.2669563028305404e-20
2.324441845117845e-05 4.330821041437125e-22
2.327421898765432e-05 -8.896352074228843e-21
2.330401952413019e-05 -1.1806170883993667e-20
2.333382006060606e-05 7.842136801000336e-21
2.3363620597081926e-05 5.404612879685348e-21
2.3393421133557796e-05 1.3703744879076592e-21
2.3423221670033667e-05 5.791166089980983e-21
2.3453022206509537e-05 7.066261732015231e-21
2.3482822742985407e-05 1.9883125966426284e-20
2.3512623279461274e-05 1.5291296994796633e-20
2.3542423815937144e-05 7.001388528238902e-21
2.3572224352413015e-05 2.30312206929418e-20
2.3602024888888885e-05 2.7557879582465693e-20
2.3631825425364755e-05 2.3283327123434766e-20
2.3661625961840625e-05 2.3690533918737756e-20
2.3691426498316492e-05 2.6268768526125274e-20
2.3721227034792362e-05 3.69237727878827e-20
2.3751027571268236e-05 3.82126297565896e-20
2.3780828107744106e-05 2.942431266367277e-20
2.3810628644219977e-05 3.7653686110225465e-20
2.3840429180695844e-05 4.902661617280023e-20
2.3870229717171714e-05 4.313449433875708e-20
2.3900030253647584e-05 4.202201377769266e-20
2.3929830790123454e-05 4.574079962118073e-20
2.3959631326599325e-05 5.2510797711298725e-20
2.3989431863075195e-05 5.908417833952919e-20
2.401923239955106e-05 4.627154820404684e-20
2.4049032936026932e-05 5.100636774473659e-20
2.4078833472502802e-05 6.957597245690816e-20
2.4108634008978672e-05 6.306821491591129e-20
2.4138434545454543e-05 5.90667599276847e-20
2.416823508193041e-05 6.440733873256922e-20
2.419803561840628e-05 6.926823345776153e-20
2.422783615488215e-05 7.65355496734656e-20
2.425763669135802e-05 7.008567925959969e-20
2.428743722783389e-05 6.558221663560148e-20
2.4317237764309764e-05 8.194552514374846e-20
2.4347038300785628e-05 8.455683939750426e-20
2.43768388372615e-05 7.432205243494602e-20
2.440663937373737e-05 8.064213480316361e-20
2.4436439910213242e-05 8.560336728984537e-20
2.4466240446689112e-05 9.081514456831217e-20
2.449604098316498e-05 9.236085391626914e-20
2.452584151964085e-05 8.150289415997828e-20
2.455564205611672e-05 9.359808903821042e-20
2.458544259259259e-05 1.0416528265365333e-19
2.461524312906846e-05 9.349356494797444e-20
2.464504366554433e-05 9.516914909576722e-20
2.4674844202020197e-05 9.967308635161284e-20
2.4704644738496067e-05 1.0502174121644295e-19
2.4734445274971938e-05 1.0909967677153916e-19
2.4764245811447808e-05 9.867059920582595e-20
2.4794046347923678e-05 1.0524408094723001e-19
2.482384688439955e-05 1.1965506051285414e-19
2.4853647420875415e-05 1.115409754463797e-19
2.4883447957351286e-05 1.0869611321307311e-19
2.4913248493827156e-05 1.1605780763891728e-19
2.4943049030303026e-05 1.2010855018328764e-19
2.49728495667789e-05 1.2440614137233877e-19
2.5002650103254763e-05 1.1649317321797175e-19
2.5032450639730637e-05 1.1527004727522717e-19
2.5062251176206507e-05 1.3288522677960123e-19
2.5092051712682377e-05 1.3074492612093417e-19
2.5121852249158248e-05 1.2161547862419472e-19
2.5151652785634118e-05 1.2963454472524876e-19
2.5181453322109985e-05 1.346019450025834e-19
2.5211253858585855e-05 1.3856624438768902e-19
2.5241054395061725e-05 1.3641578570555597e-19
2.5270854931537596e-05 1.2958780940361507e-19
2.5300655468013466e-05 1.4310694995447132e-19
2.5330456004489333e-05 1.4755578699117837e-19
2.5360256540965203e-05 1.3600532296304665e-19
2.5390057077441073e-05 1.405797450017357e-19
2.5419857613916943e-05 1.472555704779712e-19
2.5449658150392814e-05 1.5162164230659795e-19
2.5479458686868684e-05 1.5102470462164797e-19
2.550925922334455e-05 1.4246335150627342e-19
2.553905975982042e-05 1.5394346893680964e-19
2.556886029629629e-05 1.648168854396668e-19
2.559866083277216e-05 1.5237281196717098e-19
2.5628461369248035e-05 1.5166293955000942e-19
2.56582619057239e-05 1.608621371918485e-19
2.5688062442199772e-05 1.6482561684547517e-19
2.5717862978675643e-05 1.6679109188377233e-19
2.5747663515151513e-05 1.5593985943142165e-19
2.5777464051627383e-05 1.6015816033857506e-19
2.5807264588103253e-05 1.7767165378935282e-19
2.583706512457912e-05 1.683084363517982e-19
2.586686566105499e-05 1.6194015236046914e-19
2.589666619753086e-05 1.719672416785105e-19
2.592646673400673e-05 1.7540028762500887e-19
2.59562672704826e-05 1.7687010930219154e-19
2.5986067806958468e-05 1.7303404037332778e-19
2.601586834343434e-05 1.7194008568287068e-19
2.604566887991021e-05 1.843059437193516e-19
2.607546941638608e-05 1.8494521603802289e-19
2.610526995286195e-05 1.7427405410023092e-19
2.613507048933782e-05 1.784966905382252e-19
2.6164871025813686e-05 1.8686476266545006e-19
2.6194671562289557e-05 1.8823587473728768e-19
2.6224472098765427e-05 1.8569743872915916e-19
2.62542726352413e-05 1.8068767877201583e-19
2.628407317171717e-05 1.9030980995542155e-19
2.6313873708193038e-05 1.9737933192055904e-19
2.6343674244668908e-05 1.859550167288018e-19
2.6373474781144778e-05 1.8838686742434455e-19
2.640327531762065e-05 1.9651217159734068e-19
2.643307585409652e-05 1.9654660556743917e-19
2.646287639057239e-05 1.9624606048908432e-19
2.6492676927048256e-05 1.8957283231576502e-19
2.6522477463524126e-05 1.9554920664965601e-19
2.6552277999999996e-05 2.0661595083849221e-19
2.6582078536475867e-05 1.9600684794859894e-19
2.6611879072951737e-05 1.9186255049125703e-19
2.6641679609427604e-05 2.0325700413767233e-19
2.6671480145903474e-05 2.0563718223794867e-19
2.6701280682379344e-05 2.0317144375682982e-19
2.6731081218855214e-05 1.9879380189428714e-19
2.6760881755331085e-05 2.0009552485133818e-19
2.6790682291806955e-05 2.1143170902719883e-19
2.6820482828282822e-05 2.057979838536184e-19
2.6850283364758692e-05 1.9706247235704848e-19
2.6880083901234562e-05 2.0525947659777183e-19
2.6909884437710436e-05 2.0981634004390236e-19
2.6939684974186306e-05 2.0846299827897978e-19
2.6969485510662173e-05 2.044294797892469e-19
2.6999286047138043e-05 2.032296836670617e-19
2.7029086583613914e-05 2.136122495517546e-19
2.7058887120089784e-05 2.1432015276090514e-19
2.7088687656565654e-05 2.0344255433356617e-19
2.7118488193041524e-05 2.0679180830318466e-19
2.714828872951739e-05 2.139468660039605e-19
2.717808926599326e-05 2.1255478610720223e-19
2.7207889802469132e-05 2.093508715516568e-19
2.7237690338945002e-05 2.0558529084480387e-19
2.7267490875420872e-05 2.1242343227752608e-19
2.7297291411896743e-05 2.179729245634952e-19
2.732709194837261e-05 2.0683937637853004e-19
2.735689248484848e-05 2.0697654434653986e-19
2.738669302132435e-05 2.174271330632666e-19
2.741649355780022e-05 2.1615596809071783e-19
2.744629409427609e-05 2.1203996898455075e-19
2.7476094630751957e-05 2.0804621166049866e-19
2.7505895167227828e-05 2.1224733740566002e-19
2.75356957037037e-05 2.219028470970743e-19
2.756549624017957e-05 2.1239110295971294e-19
2.7595296776655442e-05 2.0534268288589032e-19
2.7625097313131312e-05 2.1540388494832132e-19
2.765489784960718e-05 2.1715347825806473e-19
2.768469838608305e-05 2.141580675060839e-19
2.771449892255892e-05 2.1000783384324482e-19
2.774429945903479e-05 2.1050901748449731e-19
2.777409999551066e-05 2.2247796772108983e-19
2.7803900531986527e-05 2.1735626839631043e-19
2.7833701068462397e-05 2.0667974530470663e-19
2.7863501604938267e-05 2.139304927787067e-19
2.7893302141414138e-05 2.1958536022401344e-19
2.7923102677890008e-05 2.1646453550181207e-19
2.7952903214365878e-05 2.0978189172175135e-19
2.7982703750841745e-05 2.101981341041474e-19
2.8012504287317615e-05 2.193461618103581e-19
2.8042304823793485e-05 2.186089941192069e-19
2.8072105360269356e-05 2.089469355286187e-19
2.8101905896745226e-05 2.1088212449512583e-19
2.8131706433221093e-05 2.1946361507811444e-19
2.8161506969696963e-05 2.180291020479727e-19
2.8191307506172837e-05 2.1191226017203567e-19
2.8221108042648707e-05 2.0876518555436078e-19
2.8250908579124577e-05 2.1659672998080522e-19
2.8280709115600448e-05 2.2316891928648614e-19
2.8310509652076314e-05 2.0954127662510945e-19
2.8340310188552185e-05 2.0673388232615655e-19
2.8370110725028055e-05 2.189412517314195e-19
2.8399911261503925e-05 2.176199244896009e-19
2.8429711797979795e-05 2.1242009516208453e-19
2.8459512334455662e-05 2.0925033866693257e-19
2.8489312870931533e-05 2.142620406968543e-19
2.8519113407407403e-05 2.2162702230049266e-19
2.8548913943883273e-05 2.1147600318986982e-19
2.8578714480359143e-05 2.0595326822696118e-19
2.8608515016835014e-05 2.155034297820588e-19
2.863831555331088e-05 2.168093153923371e-19
2.866811608978675e-05 2.124600840230319e-19
2.869791662626262e-05 2.076452960834631e-19
2.872771716273849e-05 2.0841349431656272e-19
2.8757517699214365e-05 2.186472686195236e-19
2.878731823569023e-05 2.1183819050055072e-19
2.8817118772166102e-05 2.0387760317860973e-19
2.8846919308641972e-05 2.1159131780790826e-19
2.8876719845117843e-05 2.1435496402600808e-19
2.8906520381593713e-05 2.1237974539848172e-19
2.8936320918069583e-05 2.0627754497303331e-19
2.896612145454545e-05 2.0496223952160078e-19
2.899592199102132e-05 2.1238161101504384e-19
2.902572252749719e-05 2.114351435785725e-19
2.905552306397306e-05 2.0168549976374343e-19
2.908532360044893e-05 2.0286512816898652e-19
2.9115124136924798e-05 2.121032554524601e-19
2.9144924673400668e-05 2.0879784426710137e-19
2.917472520987654e-05 2.0158838922536511e-19
2.920452574635241e-05 2.013574253319217e-19
2.923432628282828e-05 2.06576157311537e-19
2.926412681930415e-05 2.099610370826429e-19
2.9293927355780016e-05 1.9999506322142442e-19
2.9323727892255886e-05 1.9546677673220561e-19
2.9353528428731756e-05 2.054504929824945e-19
2.9383328965207627e-05 2.0614887725924838e-19
2.94131295016835e-05 1.972642123797095e-19
2.944293003815937e-05 1.9453755619643205e-19
2.9472730574635237e-05 1.9935373272720576e-19
2.9502531111111108e-05 2.0307364409795632e-19
2.9532331647586978e-05 1.9682823740811016e-19
2.9562132184062848e-05 1.8861634093616742e-19
2.959193272053872e-05 1.960495532476579e-19
2.9621733257014585e-05 2.0172386656465795e-19
2.9651533793490456e-05 1.9217941399659398e-19
2.9681334329966326e-05 1.878261524701713e-19
2.9711134866442196e-05 1.907174331218445e-19
2.9740935402918066e-05 1.955389704778036e-19
2.9770735939393937e-05 1.9220579468842297e-19
2.9800536475869804e-05 1.8139682408538908e-19
2.9830337012345674e-05 1.8574355125615898e-19
2.9860137548821544e-05 1.916259719463735e-19
2.9889938085297414e-05 1.8495544631765331e-19
2.9919738621773285e-05 1.796285350130317e-19
2.994953915824915e-05 1.8091469802458723e-19
2.9979339694725022e-05 1.864996810571816e-19
3.0009140231200892e-05 1.8393900856874971e-19
3.0038940767676762e-05 1.73184859807682e-19
3.0068741304152636e-05 1.7474027987776928e-19
3.0098541840628506e-05 1.8295250756635392e-19
3.0128342377104373e-05 1.773793724569205e-19
3.0158142913580243e-05 1.6853086074534147e-19
3.0187943450056114e-05 1.6859670112394767e-19
3.0217743986531984e-05 1.7247425123693272e-19
3.0247544523007854e-05 1.731798351561268e-19
3.027734505948372e-05 1.6523061714185848e-19
3.030714559595959e-05 1.6089565172756787e-19
3.033694613243546e-05 1.6762279076659371e-19
3.036674666891133e-05 1.6818843732438178e-19
3.0396547205387202e-05 1.5968273740354853e-19
3.0426347741863072e-05 1.5584102038596587e-19
3.045614827833894e-05 1.5886564506798715e-19
3.048594881481481e-05 1.617277041985649e-19
3.051574935129068e-05 1.536290121777031e-19
3.054554988776655e-05 1.454715594085653e-19
3.0575350424242423e-05 1.5309584675223157e-19
3.060515096071829e-05 1.549575310811085e-19
3.063495149719416e-05 1.4577302994701587e-19
3.066475203367003e-05 1.4178183842615876e-19
3.06945525701459e-05 1.4262376123194298e-19
3.072435310662177e-05 1.4638649825250945e-19
3.075415364309764e-05 1.4236279232966175e-19
3.078395417957351e-05 1.3086244275373024e-19
3.081375471604938e-05 1.3371446784711959e-19
3.084355525252525e-05 1.4098157245873908e-19
3.087335578900112e-05 1.317182707234217e-19
3.090315632547699e-05 1.2487248563642545e-19
3.093295686195285e-05 1.263007592785148e-19
3.096275739842872e-05 1.2659397598093722e-19
3.0992557934904594e-05 1.2600667924877782e-19
3.102235847138047e-05 1.1690598376933181e-19
3.105215900785634e-05 1.1490596438232444e-19
3.108195954433221e-05 1.2264007560054455e-19
3.1111760080808075e-05 1.1696874308172325e-19
3.1141560617283945e-05 1.0801268896966437e-19
3.1171361153759815e-05 1.0800206438705447e-19
3.1201161690235685e-05 1.1094195564811963e-19
3.1230962226711556e-05 1.084662833950518e-19
3.1260762763187426e-05 9.842421639560422e-20
3.1290563299663296e-05 9.614544988427231e-20
3.1320363836139166e-05 1.0179353008618477e-19
3.135016437261504e-05 9.888113536223485e-20
3.137996490909091e-05 9.101563435861889e-20
3.140976544556678e-05 8.829036929544933e-20
3.143956598204264e-05 8.999820327648701e-20
3.146936651851851e-05 9.118904171321448e-20
3.149916705499438e-05 8.339520098179874e-20
3.152896759147025e-05 7.57252511488071e-20
3.155876812794612e-05 8.086151327363727e-20
3.158856866442199e-05 8.132817490055016e-20
3.161836920089786e-05 7.229677180350392e-20
3.164816973737373e-05 6.808204032734653e-20
3.16779702738496e-05 6.90834512085828e-20
3.170777081032547e-05 7.090619932384463e-20
3.173757134680134e-05 6.560735096179077e-20
3.1767371883277213e-05 5.704429539010195e-20
3.1797172419753084e-05 5.921774684605382e-20
3.1826972956228954e-05 6.279733438560547e-20
3.1856773492704824e-05 5.439963721065306e-20
3.1886574029180694e-05 4.7519924508912246e-20
3.1916374565656565e-05 5.050026040232095e-20
3.194617510213243e-05 5.0358758110574536e-20
3.19759756386083e-05 4.50483797035482e-20
3.200577617508417e-05 3.8345583753643274e-20
3.203557671156004e-05 3.5199402001864806e-20
3.206537724803591e-05 4.017282846251774e-20
3.209517778451178e-05 3.6487937919854406e-20
3.212497832098765e-05 2.6533129996338978e-20
3.215477885746352e-05 2.736934781534341e-20
3.218457939393939e-05 3.009110290174916e-20
3.221437993041526e-05 2.748846126251354e-20
3.224418046689113e-05 1.963351651209203e-20
3.2273981003366994e-05 1.533812616575071e-20
3.230378153984287e-05 1.9987590001752396e-20
3.233358207631874e-05 1.7572701149417085e-20
3.236338261279461e-05 7.41661646787045e-21
3.239318314927048e-05 4.025162940893012e-21
3.2422983685746346e-05 7.356566744894957e-21
3.2452784222222216e-05 7.131652882615757e-21
3.2482584758698086e-05 -1.7072697511545056e-21
3.2512385295173956e-05 -6.7254479779974196e-21
3.2542185831649827e-05 -2.48709926448984e-21
3.25719863681257e-05 -3.71781837591786e-21
3.260178690460157e-05 -1.2013133783731987e-20
3.263158744107744e-05 -1.6851523389558472e-20
3.266138797755331e-05 -1.572843860583113e-20
3.269118851402918e-05 -1.4434195741043163e-20
3.272098905050505e-05 -2.2537588401586117e-20
3.275078958698091e-05 -3.0413790513029173e-20
3.278059012345678e-05 -2.689800943767036e-20
3.281039065993265e-05 -2.6098303489935915e-20
3.284019119640852e-05 -3.3573908893295394e-20
3.286999173288439e-05 -3.931169973484284e-20
3.289979226936027e-05 -3.898534477775158e-20
3.292959280583613e-05 -3.8238773364450293e-20
3.2959393342312003e-05 -4.342645535857777e-20
3.2989193878787874e-05 -5.071977383414865e-20
3.3018994415263744e-05 -5.192244507390607e-20
3.3048794951739614e-05 -4.9793258615678446e-20
3.3078595488215484e-05 -5.527682469388562e-20
3.3108396024691355e-05 -6.325908212386822e-20
3.3138196561167225e-05 -6.457327883525314e-20
3.3167997097643095e-05 -6.314250968963214e-20
3.3197797634118965e-05 -6.566574392075153e-20
3.3227598170594836e-05 -7.309947241926256e-20
3.32573987070707e-05 -7.685086148860291e-20
3.328719924354657e-05 -7.54077233551766e-20
3.331699978002244e-05 -7.72371286109616e-20
3.334680031649831e-05 -8.490845332899592e-20
3.337660085297418e-05 -9.00264850829844e-20
3.340640138945005e-05 -8.805262498897019e-20
3.343620192592592e-05 -8.97749877289637e-20
3.346600246240179e-05 -9.769745347386686e-20
3.349580299887766e-05 -1.0222487023922686e-19
3.352560353535353e-05 -1.0100815035130978e-19
3.35554040718294e-05 -1.0291316980699106e-19
3.358520460830527e-05 -1.0905161987649198e-19
3.361500514478114e-05 -1.1282776438635495e-19
3.364480568125701e-05 -1.1307322716573632e-19
3.367460621773288e-05 -1.140590228853594e-19
3.370440675420875e-05 -1.2012372406311835e-19
3.3734207290684617e-05 -1.2508671513644064e-19
3.376400782716049e-05 -1.263884706950138e-19
3.379380836363636e-05 -1.263961262643747e-19
3.382360890011223e-05 -1.308999239726595e-19
3.38534094365881e-05 -1.3859242262826574e-19
3.388320997306397e-05 -1.3931094666342843e-19
3.391301050953984e-05 -1.3843848462122341e-19
3.394281104601571e-05 -1.433114866742688e-19
3.397261158249158e-05 -1.4903583996162318e-19
3.400241211896745e-05 -1.501457810283878e-19
3.403221265544332e-05 -1.5091064735127988e-19
3.406201319191919e-05 -1.546652718680266e-19
3.409181372839505e-05 -1.582130790978037e-19
3.412161426487092e-05 -1.628589333928022e-19
3.4151414801346793e-05 -1.6389634690391018e-19
3.418121533782267e-05 -1.6405581590854166e-19
3.421101587429854e-05 -1.7203800823054127e-19
3.4240816410774404e-05 -1.7638881918631081e-19
3.4270616947250274e-05 -1.7482449951816274e-19
3.4300417483726145e-05 -1.7680322601519628e-19
3.4330218020202015e-05 -1.8264315502383592e-19
3.4360018556677885e-05 -1.8618669765213795e-19
3.4389819093153755e-05 -1.849789070686939e-19
3.4419619629629626e-05 -1.8599386159094196e-19
3.4449420166105496e-05 -1.9244283989956962e-19
3.4479220702581366e-05 -1.9735478666561394e-19
3.4509021239057236e-05 -1.9631657082289785e-19
3.453882177553311e-05 -1.9732764012083985e-19
3.456862231200897e-05 -2.0271996923486426e-19
3.459842284848484e-05 -2.069883567018343e-19
3.462822338496071e-05 -2.0935265090032323e-19
3.465802392143658e-05 -2.07529413200825e-19
3.468782445791245e-05 -2.1125936260541351e-19
3.471762499438832e-05 -2.1837700548029532e-19
3.474742553086419e-05 -2.1822468735218204e-19
3.477722606734006e-05 -2.1853809982482213e-19
3.480702660381593e-05 -2.218246296553267e-19
3.48368271402918e-05 -2.273504872338539e-19
3.486662767676767e-05 -2.2852255218324804e-19
3.489642821324354e-05 -2.2767373969234186e-19
3.492622874971941e-05 -2.3080391854106614e-19
3.4956029286195284e-05 -2.365223496554504e-19
3.4985829822671154e-05 -2.401301640956792e-19
3.5015630359147024e-05 -2.354794735764779e-19
3.5045430895622894e-05 -2.393909713130139e-19
3.507523143209876e-05 -2.468015902861787e-19
3.5105031968574635e-05 -2.4477913202285373e-19
3.51348325050505e-05 -2.467656722298831e-19
3.516463304152637e-05 -2.4666918801399076e-19
3.519443357800224e-05 -2.507501467336242e-19
3.522423411447811e-05 -2.5777847922147197e-19
3.525403465095398e-05 -2.5236251656154553e-19
3.528383518742985e-05 -2.5564570896521044e-19
3.531363572390571e-05 -2.622329441171942e-19
3.534343626038159e-05 -2.605691971086022e-19
3.5373236796857454e-05 -2.6354186059079685e-19
3.540303733333333e-05 -2.6287774556106682e-19
3.5432837869809194e-05 -2.641509303986305e-19
3.546263840628507e-05 -2.7044796539674763e-19
3.549243894276094e-05 -2.6905773234153155e-19
3.5522239479236805e-05 -2.676396538444392e-19
3.555204001571268e-05 -2.7096103842261335e-19
3.5581840552188545e-05 -2.7479152364541074e-19
3.561164108866442e-05 -2.760908317369351e-19
3.5641441625140286e-05 -2.7543281861446686e-19
3.5671242161616156e-05 -2.7590241189734856e-19
3.5701042698092026e-05 -2.815140615329519e-19
3.57308432345679e-05 -2.844092598574611e-19
3.576064377104377e-05 -2.7926471927644743e-19
3.579044430751964e-05 -2.8180873841415153e-19
3.58202448439955e-05 -2.856402019487441e-19
3.585004538047138e-05 -2.852533074212115e-19
3.587984591694724e-05 -2.8643409652856974e-19
3.590964645342312e-05 -2.8305243466476416e-19
3.593944698989898e-05 -2.8800524003875465e-19
3.596924752637485e-05 -2.9257501700334557e-19
3.599904806285072e-05 -2.8672362686297795e-19
3.602884859932659e-05 -2.893128892831772e-19
3.605864913580247e-05 -2.931115243165271e-19
3.608844967227833e-05 -2.9382355068801635e-19
3.611825020875421e-05 -2.9388804606816036e-19
3.6148050745230074e-05 -2.9190786570540303e-19
3.6177851281705944e-05 -2.9386439225998915e-19
3.6207651818181814e-05 -2.9814676968643154e-19
3.6237452354657684e-05 -2.9636657072325433e-19
3.6267252891133555e-05 -2.914554695578269e-19
3.6297053427609425e-05 -2.9705034809798846e-19
3.632685396408529e-05 -3.0065047202746513e-19
3.6356654500561165e-05 -2.967361364758846e-19
3.638645503703703e-05 -2.9694174174731726e-19
3.6416255573512906e-05 -2.975422526576028e-19
3.644605610998877e-05 -3.0142805987033137e-19
3.647585664646464e-05 -3.0224478249113687e-19
3.650565718294051e-05 -2.9692291500210617e-19
3.653545771941638e-05 -2.9853403994975763e-19
3.656525825589225e-05 -3.0194850932848095e-19
3.659505879236812e-05 -3.009809680190643e-19
3.6624859328843984e-05 -2.9904475242250255e-19
3.665465986531986e-05 -2.9812316994012566e-19
3.6684460401795725e-05 -3.01419113832011e-19
3.67142609382716e-05 -3.038343618420831e-19
3.674406147474747e-05 -2.9952771198045873e-19
3.677386201122334e-05 -2.9864336582956146e-19
3.680366254769921e-05 -3.0289804892742055e-19
3.6833463084175076e-05 -3.030504482431447e-19
3.686326362065095e-05 -3.010040806999476e-19
3.6893064157126816e-05 -3.0020197543923753e-19
3.6922864693602693e-05 -3.0071946509133274e-19
3.695266523007856e-05 -3.0384340826158984e-19
3.698246576655443e-05 -3.0119030560099995e-19
3.70122663030303e-05 -2.946882172035885e-19
3.704206683950617e-05 -3.007616055669706e-19
3.707186737598204e-05 -3.0424792791852345e-19
3.710166791245791e-05 -2.9897831658266536e-19
3.713146844893377e-05 -2.9812841842701984e-19
3.716126898540965e-05 -2.971146123696009e-19
3.719106952188551e-05 -3.01613650998486e-19
3.722087005836139e-05 -3.010658664136577e-19
3.725067059483725e-05 -2.920708577403187e-19
3.728047113131312e-05 -2.9665960675567724e-19
3.7310271667789e-05 -3.0080919322275953e-19
3.7340072204264864e-05 -2.9537483360736005e-19
3.736987274074074e-05 -2.919919704445599e-19
3.7399673277216604e-05 -2.9256177004958296e-19
3.742947381369248e-05 -2.9712486175036704e-19
3.7459274350168345e-05 -2.9592128830347663e-19
3.7489074886644215e-05 -2.8894233621472975e-19
3.7518875423120085e-05 -2.893364739598153e-19
3.7548675959595955e-05 -2.9544149142358454e-19
3.7578476496071826e-05 -2.9281261779790615e-19
3.7608277032547696e-05 -2.861347014407905e-19
3.763807756902356e-05 -2.862022849248581e-19
3.7667878105499436e-05 -2.8805660389514465e-19
3.76976786419753e-05 -2.898919359619145e-19
3.772747917845118e-05 -2.8286864115290806e-19
3.775727971492704e-05 -2.7812671104765745e-19
3.778708025140291e-05 -2.865099569476525e-19
3.781688078787878e-05 -2.835266730979646e-19
3.784668132435465e-05 -2.7587230407685554e-19
3.787648186083052e-05 -2.7744271022614853e-19
3.790628239730639e-05 -2.772410096268066e-19
3.793608293378227e-05 -2.7910219168708645e-19
3.796588347025813e-05 -2.7669946652807437e-19
3.7995684006733996e-05 -2.671865421212172e-19
3.802548454320987e-05 -2.704219404915711e-19
3.805528507968574e-05 -2.7474940820627733e-19
3.808508561616161e-05 -2.6606934372576325e-19
3.8114886152637483e-05 -2.614062321995316e-19
3.814468668911335e-05 -2.6361412014945817e-19
3.8174487225589224e-05 -2.656579659256573e-19
3.820428776206509e-05 -2.623512368813975e-19
3.8234088298540964e-05 -2.5392893643469254e-19
3.826388883501683e-05 -2.55829902807921e-19
3.82936893714927e-05 -2.5999802808171106e-19
3.832348990796857e-05 -2.5217516499649922e-19
3.835329044444444e-05 -2.4779256586252896e-19
3.838309098092031e-05 -2.470415039327265e-19
3.841289151739618e-05 -2.4766736033663306e-19
3.844269205387204e-05 -2.473582115171216e-19
3.847249259034792e-05 -2.373650405280282e-19
3.850229312682378e-05 -2.350279279357157e-19
3.853209366329966e-05 -2.409199033980819e-19
3.8561894199775524e-05 -2.3693050734009877e-19
3.85916947362514e-05 -2.276137902677812e-19
3.862149527272727e-05 -2.2778133429274504e-19
3.8651295809203135e-05 -2.3047777774579604e-19
3.868109634567901e-05 -2.2775380683904624e-19
3.8710896882154875e-05 -2.2143365109471023e-19
3.874069741863075e-05 -2.1414474460355496e-19
3.8770497955106616e-05 -2.193357623200152e-19
3.8800298491582486e-05 -2.194837438594814e-19
3.8830099028058356e-05 -2.0705793937714517e-19
3.8859899564534226e-05 -2.051536709691493e-19
3.8889700101010097e-05 -2.0848148214803972e-19
3.891950063748597e-05 -2.0854744096614842e-19
3.894930117396183e-05 -2.0037956019797857e-19
3.897910171043771e-05 -1.9235199055631908e-19
3.900890224691357e-05 -1.9623410283102682e-19
3.903870278338945e-05 -1.9789833371720277e-19
3.906850331986531e-05 -1.898575019192177e-19
3.909830385634118e-05 -1.8259661226805224e-19
3.912810439281705e-05 -1.8331102162200812e-19
3.915790492929292e-05 -1.8362331410882304e-19
3.91877054657688e-05 -1.7885840752789802e-19
3.921750600224466e-05 -1.7037407365776328e-19
3.924730653872054e-05 -1.68836659080424e-19
3.92771070751964e-05 -1.751398136818686e-19
3.9306907611672273e-05 -1.66738235676806e-19
3.9336708148148144e-05 -1.5696226432869145e-19
3.9366508684624014e-05 -1.5967612912832495e-19
3.9396309221099884e-05 -1.6025875034747174e-19
3.9426109757575754e-05 -1.5730395778409048e-19
3.945591029405162e-05 -1.4888793619881094e-19
3.9485710830527495e-05 -1.446613025470826e-19
3.951551136700336e-05 -1.4911748789536553e-19
3.9545311903479235e-05 -1.4484148493872423e-19
3.95751124399551e-05 -1.3562913391329768e-19
3.960491297643097e-05 -1.3448072445346936e-19
3.963471351290684e-05 -1.3758036628814417e-19
3.966451404938271e-05 -1.3581423912887225e-19
3.969431458585858e-05 -1.275426143783689e-19
3.972411512233445e-05 -1.224611851776834e-19
3.9753915658810314e-05 -1.2665388762754255e-19
3.978371619528619e-05 -1.2595276351484835e-19
3.9813516731762054e-05 -1.1394125115545733e-19
3.984331726823793e-05 -1.1099291725510743e-19
3.9873117804713795e-05 -1.1363691605517906e-19
3.990291834118967e-05 -1.1045145643086397e-19
3.993271887766554e-05 -1.0571964961808649e-19
3.9962519414141406e-05 -9.53755397491582e-20
3.999231995061728e-05 -9.642273501365215e-20
4.0022120487093146e-05 -1.0220908063575926e-19
4.005192102356902e-05 -8.955169009452023e-20
4.0081721560044887e-05 -8.207287729032769e-20
4.011152209652076e-05 -8.632523986358056e-20
4.014132263299663e-05 -8.584626376517753e-20
4.01711231694725e-05 -7.912581841695314e-20
4.020092370594837e-05 -6.994320130553321e-20
4.023072424242424e-05 -6.973007769991003e-20
4.02605247789001e-05 -7.271360087262065e-20
4.029032531537598e-05 -6.485921276347505e-20
4.032012585185184e-05 -5.657166793619742e-20
4.034992638832772e-05 -5.72200729496619e-20
4.037972692480358e-05 -5.878855208132542e-20
4.040952746127946e-05 -5.407836936545557e-20
4.043932799775532e-05 -4.5090282589557974e-20
4.046912853423119e-05 -4.269664822443752e-20
4.049892907070707e-05 -4.8442767818198784e-20
4.0528729607182934e-05 -4.3477151525023375e-20
4.055853014365881e-05 -3.104114382714844e-20
4.0588330680134674e-05 -3.069745066505836e-20
4.0618131216610544e-05 -3.3446987693465286e-20
4.0647931753086415e-05 -2.989580437918777e-20
4.0677732289562285e-05 -2.1156091432229358e-20
4.0707532826038155e-05 -1.5532063345108648e-20
4.0737333362514025e-05 -2.2394427383727664e-20
4.076713389898989e-05 -2.0800401687415817e-20
4.0796934435465766e-05 -8.433126184416278e-21
4.082673497194163e-05 -6.393626829691568e-21
4.0856535508417506e-05 -9.822697649267813e-21
4.088633604489337e-05 -7.718484122716581e-21
4.091613658136924e-05 -3.9392398414963017e-22
4.094593711784511e-05 6.107097129797396e-21
4.097573765432098e-05 5.040324256012832e-21
4.100553819079685e-05 1.8069010564337217e-21
4.103533872727272e-05 1.307059601574042e-20
4.10651392637486e-05 2.121226704661109e-20
4.109493980022446e-05 1.5669945016567084e-20
4.1124740336700325e-05 1.7292748076509694e-20
4.11545408731762e-05 2.170341533963307e-20
4.118434140965207e-05 3.040125080017226e-20
4.121414194612794e-05 3.214652222261853e-20
4.124394248260381e-05 2.407665344318894e-20
4.1273743019079677e-05 3.279662970836718e-20
4.1303543555555554e-05 4.325987311362093e-20
4.133334409203142e-05 4.0787552053058704e-20
4.1363144628507294e-05 3.830542649622161e-20
4.139294516498316e-05 4.4159335639916694e-20
4.142274570145903e-05 5.380307209085317e-20
4.14525462379349e-05 5.575183877200844e-20
4.148234677441077e-05 4.874226129843398e-20
4.151214731088664e-05 5.197382888240305e-20
4.154194784736251e-05 6.635424119097162e-20
4.157174838383837e-05 6.474417962184057e-20
4.160154892031425e-05 6.05939200259585e-20
4.163134945679011e-05 6.57735771354541e-20
4.166114999326599e-05 7.099702954178634e-20
4.169095052974185e-05 7.851112795946409e-20
4.172075106621773e-05 7.383004404691911e-20
4.17505516026936e-05 7.247406093160932e-20
4.1780352139169464e-05 8.718433368968413e-20
4.181015267564534e-05 8.913078006180927e-20
4.1839953212121205e-05 8.434941897925994e-20
4.186975374859708e-05 8.780934686620433e-20
4.1899554285072945e-05 9.22715030763666e-20
4.1929354821548815e-05 9.998681033088216e-20
4.1959155358024686e-05 9.974876517190017e-20
4.1988955894500556e-05 9.409624887236823e-20
4.2018756430976426e-05 1.0623100351936734e-19
4.2048556967452296e-05 1.1384500025579976e-19
4.207835750392816e-05 1.0752243658031409e-19
4.210815804040404e-05 1.0904419487688605e-19
4.21379585768799e-05 1.1504971492952683e-19
4.216775911335578e-05 1.2165384199366833e-19
4.219755964983164e-05 1.2301712227003054e-19
4.222736018630751e-05 1.1714681379031512e-19
4.225716072278338e-05 1.2293402995289028e-19
4.228696125925925e-05 1.3456527231488902e-19
4.231676179573512e-05 1.3042487558906947e-19
4.234656233221099e-05 1.270998412947672e-19
4.237636286868687e-05 1.3396467126617368e-19
4.240616340516273e-05 1.40537614385143e-19
4.2435963941638596e-05 1.4551779035035196e-19
4.246576447811447e-05 1.388387745496017e-19
4.2495565014590344e-05 1.4040408697663705e-19
4.2525365551066214e-05 1.5635735449885323e-19
4.2555166087542084e-05 1.5323243776626024e-19
4.258496662401795e-05 1.4675117922069076e-19
4.2614767160493825e-05 1.544972243849876e-19
4.264456769696969e-05 1.5947721046823197e-19
4.2674368233445565e-05 1.6326560712692622e-19
4.270416876992143e-05 1.605695306191193e-19
4.27339693063973e-05 1.5562169389979356e-19
4.276376984287317e-05 1.7091629795255295e-19
4.279357037934904e-05 1.7520100644200822e-19
4.282337091582491e-05 1.6456027230269186e-19
4.285317145230078e-05 1.7080246896728126e-19
4.288297198877665e-05 1.7666936258988622e-19
4.291277252525252e-05 1.817770680968002e-19
4.2942573061728384e-05 1.819945708052187e-19
4.297237359820426e-05 1.7350587937395e-19
4.3002174134680124e-05 1.8490563493558709e-19
4.3031974671156e-05 1.931786753407018e-19
4.306177520763187e-05 1.8336923215722426e-19
4.3091575744107735e-05 1.84632358378908e-19
4.312137628058361e-05 1.9284152770816598e-19
4.3151176817059476e-05 1.9696816193067622e-19
4.318097735353535e-05 1.9683221733399393e-19
4.3210777890011216e-05 1.914393637174505e-19
4.3240578426487086e-05 1.95591506990095e-19
4.327037896296296e-05 2.0924542896093478e-19
4.330017949943883e-05 2.0363986151245942e-19
4.33299800359147e-05 1.9548745784872e-19
4.335978057239057e-05 2.052612918614796e-19
4.338958110886643e-05 2.0959249568206719e-19
4.341938164534231e-05 2.1095488187736557e-19
4.344918218181817e-05 2.06546274461189e-19
4.347898271829405e-05 2.047744964423495e-19
4.350878325476991e-05 2.202792800044075e-19
4.353858379124579e-05 2.178280923935238e-19
4.356838432772165e-05 2.0727202500490436e-19
4.359818486419752e-05 2.1674246407414662e-19
4.36279854006734e-05 2.2308346654791705e-19
4.365778593714926e-05 2.2189389075040204e-19
4.368758647362514e-05 2.202046321128096e-19
4.3717387010101004e-05 2.1585538276775769e-19
4.3747187546576874e-05 2.2658726573646964e-19
4.3776988083052744e-05 2.3332974522949725e-19
4.3806788619528615e-05 2.1924558613900917e-19
4.3836589156004485e-05 2.2145361826067895e-19
4.3866389692480355e-05 2.3290669908303417e-19
4.389619022895622e-05 2.3294228022681644e-19
4.3925990765432096e-05 2.30197683289948e-19
4.395579130190796e-05 2.248346624414302e-19
4.3985591838383836e-05 2.3280658218426277e-19
4.40153923748597e-05 2.4359817884803756e-19
4.404519291133557e-05 2.309753717651307e-19
4.407499344781144e-05 2.2834217691872685e-19
4.410479398428731e-05 2.3998657639977213e-19
4.413459452076318e-05 2.398169108975703e-19
4.416439505723905e-05 2.3817132211197287e-19
4.419419559371492e-05 2.334232961743126e-19
4.422399613019079e-05 2.366237219392657e-19
4.4253796666666655e-05 2.4994222196191243e-19
4.428359720314253e-05 2.417979315977745e-19
4.4313397739618395e-05 2.3341250221698525e-19
4.434319827609427e-05 2.442263650748454e-19
4.437299881257014e-05 2.485701689993775e-19
4.4402799349046006e-05 2.4614600774369723e-19
4.443259988552188e-05 2.4159401894978427e-19
4.446240042199775e-05 2.4120348004603818e-19
4.4492200958473624e-05 2.537033117853335e-19
4.452200149494949e-05 2.525349302470036e-19
4.455180203142536e-05 2.389386645276798e-19
4.458160256790123e-05 2.4644610137666845e-19
4.46114031043771e-05 2.5628804639489814e-19
4.464120364085297e-05 2.5189649400021483e-19
4.467100417732884e-05 2.4953985463932727e-19
4.470080471380471e-05 2.469728947457975e-19
4.473060525028058e-05 2.5463868961702896e-19
4.476040578675644e-05 2.6103286974708475e-19
4.479020632323232e-05 2.4705057983407196e-19
4.482000685970818e-05 2.479584366694044e-19
4.484980739618406e-05 2.6026785340846753e-19
4.4879607932659923e-05 2.5745015899959514e-19
4.4909408469135794e-05 2.531048356987935e-19
4.493920900561167e-05 2.5063977886125096e-19
4.4969009542087534e-05 2.5497088090423826e-19
4.499881007856341e-05 2.644215992739248e-19
4.5028610615039275e-05 2.5530695994411834e-19
4.5058411151515145e-05 2.483158772236025e-19
4.5088211687991015e-05 2.6262807958423734e-19
4.5118012224466886e-05 2.6401682826535253e-19
4.5147812760942756e-05 2.557016863597242e-19
4.5177613297418626e-05 2.551568920219751e-19
4.520741383389449e-05 2.5601363711458855e-19
4.5237214370370367e-05 2.6482634852648386e-19
4.526701490684623e-05 2.6073779053068146e-19
4.529681544332211e-05 2.4954646591029814e-19
4.532661597979797e-05 2.6091672354484817e-19
4.535641651627385e-05 2.672774150427172e-19
4.538621705274971e-05 2.6060221717457997e-19
4.541601758922558e-05 2.558060361347868e-19
4.544581812570145e-05 2.5705854665751234e-19
4.547561866217732e-05 2.680540851322408e-19
4.55054191986532e-05 2.654442737420482e-19
4.553521973512906e-05 2.521617791314911e-19
4.5565020271604926e-05 2.580965502575199e-19
4.55948208080808e-05 2.6728897394110507e-19
4.562462134455667e-05 2.624627308693298e-19
4.5654421881032543e-05 2.5666985449854293e-19
4.5684222417508414e-05 2.5723859882979767e-19
4.571402295398428e-05 2.649457415279414e-19
4.5743823490460154e-05 2.6738412979880547e-19
4.577362402693602e-05 2.554190582981823e-19
4.5803424563411895e-05 2.556254690762604e-19
4.583322509988776e-05 2.7010432149448364e-19
4.586302563636363e-05 2.6717052517612025e-19
4.58928261728395e-05 2.570183365684851e-19
4.592262670931537e-05 2.5594820943265193e-19
4.595242724579124e-05 2.636366586367766e-19
4.598222778226711e-05 2.699377857024768e-19
4.601202831874298e-05 2.5735042249758395e-19
4.604182885521885e-05 2.520220079250167e-19
4.6071629391694713e-05 2.6609786201228963e-19
4.610142992817059e-05 2.6764149163303597e-19
4.6131230464646454e-05 2.5822122548405714e-19
4.616103100112233e-05 2.546367440662933e-19
4.61908315375982e-05 2.6071080362531487e-19
4.6220632074074065e-05 2.679743502051978e-19
4.625043261054994e-05 2.5930157760618415e-19
4.6280233147025805e-05 2.5083813562423526e-19
4.631003368350168e-05 2.596728183710388e-19
4.6339834219977546e-05 2.6531766591727415e-19
4.6369634756453416e-05 2.580489249076285e-19
4.6399435292929286e-05 2.512239866035475e-19
4.6429235829405157e-05 2.5451132022043034e-19
4.645903636588103e-05 2.6507942511624914e-19
4.64888369023569e-05 2.6113623180816757e-19
4.651863743883276e-05 2.459703010628791e-19
4.654843797530864e-05 2.533065915798357e-19
4.65782385117845e-05 2.648068950114281e-19
4.660803904826038e-05 2.555206579698414e-19
4.663783958473624e-05 2.478174822567807e-19
4.666764012121212e-05 2.489472850604921e-19
4.669744065768798e-05 2.562742273210855e-19
4.672724119416385e-05 2.591175516295568e-19
4.675704173063972e-05 2.445245731246824e-19
4.678684226711559e-05 2.4319046376116267e-19
4.681664280359147e-05 2.5693616551571495e-19
4.684644334006733e-05 2.511894949171592e-19
4.68762438765432e-05 2.420094187425056e-19
4.6906044413019074e-05 2.433043517397035e-19
4.6935844949494944e-05 2.493121438759685e-19
4.6965645485970814e-05 2.53220356366593e-19
4.6995446022446685e-05 2.385153896294345e-19
4.702524655892255e-05 2.3262199064197055e-19
4.7055047095398425e-05 2.466162326619976e-19
4.708484763187429e-05 2.466418638582128e-19
4.7114648168350166e-05 2.34442076914317e-19
4.714444870482603e-05 2.310901037851022e-19
4.7174249241301906e-05 2.3784957347483988e-19
4.720404977777777e-05 2.4214587384171857e-19
4.723385031425364e-05 2.3327486127324e-19
4.726365085072951e-05 2.228392793325112e-19
4.729345138720538e-05 2.334867809208536e-19
4.732325192368125e-05 2.4126830536430777e-19
4.735305246015712e-05 2.2582979317345885e-19
4.7382852996632984e-05 2.200873329767136e-19
4.741265353310886e-05 2.2634117581901853e-19
4.7442454069584725e-05 2.2952591591560407e-19
4.74722546060606e-05 2.250250211583731e-19
4.750205514253647e-05 2.1203232130456292e-19
4.7531855679012336e-05 2.169644255418404e-19
4.756165621548821e-05 2.2809768838879316e-19
4.7591456751964076e-05 2.168802519986691e-19
4.762125728843995e-05 2.0857949587623844e-19
4.765105782491582e-05 2.1301248328604345e-19
4.768085836139169e-05 2.1600874447320384e-19
4.771065889786756e-05 2.1444434331237478e-19
4.774045943434343e-05 2.0206400013746062e-19
4.77702599708193e-05 2.0001537576756575e-19
4.780006050729517e-05 2.1323818665875283e-19
4.782986104377104e-05 2.0581953485939072e-19
4.785966158024691e-05 1.934661002943652e-19
4.788946211672277e-05 1.9666280749982858e-19
4.791926265319865e-05 2.0055479963943594e-19
4.794906318967451e-05 2.027440900492237e-19
4.797886372615039e-05 1.899834721838775e-19
4.800866426262625e-05 1.8150639066980774e-19
4.803846479910212e-05 1.9815878806638928e-19
4.8068265335578e-05 1.961080878119844e-19
4.8098065872053864e-05 1.794647920291125e-19
4.812786640852974e-05 1.8010496572905008e-19
4.8157666945005604e-05 1.8289469495395115e-19
4.8187467481481475e-05 1.8783197075119708e-19
4.8217268017957345e-05 1.7890480140675085e-19
4.8247068554433215e-05 1.6291979704015902e-19
4.8276869090909085e-05 1.7736933088846268e-19
4.8306669627384956e-05 1.8203219813983318e-19
4.833647016386082e-05 1.6588283707488615e-19
4.8366270700336696e-05 1.631352566704938e-19
4.839607123681256e-05 1.6622944797272746e-19
4.842587177328844e-05 1.703438695383884e-19
4.84556723097643e-05 1.6537715968459463e-19
4.848547284624018e-05 1.505485886350758e-19
4.851527338271604e-05 1.5477905836616218e-19
4.854507391919191e-05 1.6655197911621565e-19
4.857487445566778e-05 1.5345010629179937e-19
4.860467499214365e-05 1.4177299998538696e-19
4.863447552861953e-05 1.4942965308121904e-19
4.866427606509539e-05 1.5218786484239673e-19
4.8694076601571255e-05 1.4711241986380687e-19
4.872387713804713e-05 1.3560815319975606e-19
4.8753677674523e-05 1.359352920520067e-19
4.878347821099887e-05 1.492257225758091e-19
4.881327874747474e-05 1.3836314407648285e-19
4.884307928395061e-05 1.2399160629395282e-19
4.8872879820426484e-05 1.2922356086752488e-19
4.890268035690235e-05 1.3216471260295944e-19
4.8932480893378224e-05 1.311471034750875e-19
4.896228142985409e-05 1.1923709478411174e-19
4.899208196632996e-05 1.111063473492123e-19
4.902188250280583e-05 1.2645470661531606e-19
4.90516830392817e-05 1.230199101308878e-19
4.908148357575757e-05 1.0470939438282727e-19
4.911128411223344e-05 1.0713523446637647e-19
4.914108464870931e-05 1.1245233440299476e-19
4.917088518518518e-05 1.1114262159642445e-19
4.920068572166104e-05 1.0296594537521275e-19
4.923048625813692e-05 9.052496349312964e-20
4.9260286794612784e-05 9.816955468849524e-20
4.929008733108866e-05 1.0586006514547006e-19
4.9319887867564524e-05 8.774431584935115e-20
4.9349688404040394e-05 8.178920879844665e-20
4.937948894051627e-05 9.004495207418851e-20
4.9409289476992135e-05 8.898854504199365e-20
4.943909001346801e-05 8.29415088133715e-20
4.9468890549943875e-05 7.043004805553667e-20
4.9498691086419746e-05 7.461985794018661e-20
4.9528491622895616e-05 8.491292860170142e-20
4.9558292159371486e-05 6.705038405790352e-20
4.9588092695847356e-05 5.744669185151244e-20
4.961789323232323e-05 6.738885661917957e-20
4.96476937687991e-05 6.700401263504167e-20
4.967749430527497e-05 6.009006387466388e-20
4.970729484175083e-05 4.769189367640214e-20
4.973709537822671e-05 4.5438420708831904e-20
4.976689591470257e-05 6.035134004795906e-20
4.979669645117845e-05 5.033077105107713e-20
4.982649698765431e-05 3.13455565438138e-20
4.985629752413018e-05 3.936701489759308e-20
4.988609806060605e-05 4.382943187529326e-20
4.991589859708192e-05 3.644920601730671e-20
4.99456991335578e-05 2.6321461906372713e-20
4.997549967003366e-05 1.871260240738963e-20
5.0005300206509526e-05 3.0925304370586156e-20
5.0035100742985404e-05 2.8332466112869076e-20
5.0064901279461274e-05 5.644467494278511e-21
5.0094701815937144e-05 1.0312464419894404e-20
5.0124502352413014e-05 1.739798456486279e-20
5.015430288888888e-05 9.313664150885711e-21
5.0184103425364755e-05 2.4196304353682437e-21
5.021390396184062e-05 -7.293670951414203e-21
5.0243704498316495e-05 3.4678562824233096e-22
5.027350503479236e-05 5.596513168781308e-21
5.0303305571268236e-05 -1.6291305689876473e-20
5.03331061077441e-05 -2.1659181120496173e-20
5.036290664421997e-05 -1.1321647796354147e-20
5.039270718069584e-05 -1.5025163968000953e-20
5.042250771717171e-05 -2.4893097608924847e-20
5.045230825364758e-05 -3.4417435675699136e-20
5.048210879012345e-05 -3.1969067321760646e-20
5.0511909326599314e-05 -2.234610013954447e-20
5.054170986307519e-05 -3.857415332588773e-20
5.0571510399551055e-05 -5.2492150179795915e-20
5.060131093602693e-05 -3.90208375596639e-20
5.06311114725028e-05 -4.1292042478781104e-20
5.0660912008978665e-05 -5.229111601439469e-20
5.069071254545454e-05 -5.805568316883577e-20
5.0720513081930406e-05 -6.328832703009605e-20
5.075031361840628e-05 -5.3274294265320737e-20
5.0780114154882146e-05 -6.272382272845145e-20
5.080991469135802e-05 -8.212893889081813e-20
5.083971522783389e-05 -7.302464268295011e-20
5.086951576430976e-05 -6.885187722962746e-20
5.089931630078563e-05 -7.795987832747254e-20
5.09291168372615e-05 -8.867226302170242e-20
5.095891737373737e-05 -9.390307889780326e-20
5.098871791021324e-05 -8.394348159542127e-20
5.10185184466891e-05 -8.691917155702159e-20
5.104831898316498e-05 -1.0823061677004835e-19
5.107811951964084e-05 -1.0768406150987127e-19
5.110792005611672e-05 -9.750404482982265e-20
5.113772059259258e-05 -1.0834256521546778e-19
5.116752112906845e-05 -1.18420291247261e-19
5.119732166554432e-05 -1.2163455720260753e-19
5.1227122202020193e-05 -1.1893996322211882e-19
5.125692273849607e-05 -1.1458281607274484e-19
5.1286723274971934e-05 -1.337697296720486e-19
5.13165238114478e-05 -1.4248806833932815e-19
5.1346324347923675e-05 -1.2751397056762264e-19
5.1376124884399545e-05 -1.3321046434400792e-19
5.1405925420875415e-05 -1.460466757956107e-19
5.1435725957351285e-05 -1.5186272863077294e-19
5.146552649382715e-05 -1.5117314400332945e-19
5.1495327030303026e-05 -1.433427144102678e-19
5.152512756677889e-05 -1.598261163994911e-19
5.1554928103254766e-05 -1.732651649478975e-19
5.158472863973063e-05 -1.5920298493496266e-19
5.161452917620651e-05 -1.612661948248406e-19
5.164432971268237e-05 -1.7400632169359966e-19
5.167413024915824e-05 -1.8077870385999226e-19
5.170393078563411e-05 -1.8143975160036846e-19
5.173373132210998e-05 -1.720465702507834e-19
5.176353185858585e-05 -1.8339671292769154e-19
5.179333239506172e-05 -2.0155891549909888e-19
5.1823132931537585e-05 -1.9259073183931188e-19
5.185293346801346e-05 -1.8773618649469623e-19
5.1882734004489326e-05 -1.9957600645134851e-19
5.19125345409652e-05 -2.0894274782718987e-19
5.194233507744107e-05 -2.1155856828448437e-19
5.1972135613916936e-05 -2.0464540736755362e-19
5.2001936150392813e-05 -2.067419851307066e-19
5.203173668686868e-05 -2.249630845129776e-19
5.2061537223344554e-05 -2.244461639976483e-19
5.209133775982042e-05 -2.1434554638011484e-19
5.2121138296296294e-05 -2.2365523546156724e-19
5.215093883277216e-05 -2.33841246049461e-19
5.218073936924803e-05 -2.372727539054281e-19
5.22105399057239e-05 -2.3343994571913893e-19
5.224034044219977e-05 -2.29597963355825e-19
5.227014097867564e-05 -2.4734286310339027e-19
5.229994151515151e-05 -2.547406572470067e-19
5.232974205162737e-05 -2.4058103562057803e-19
5.235954258810325e-05 -2.455964649901766e-19
5.238934312457911e-05 -2.5926803458259576e-19
5.241914366105499e-05 -2.616996755442506e-19
5.2448944197530854e-05 -2.5819875094764337e-19
5.2478744734006724e-05 -2.526481499025498e-19
5.25085452704826e-05 -2.6763425276455453e-19
5.2538345806958464e-05 -2.8097282228821907e-19
5.256814634343434e-05 -2.651178033190473e-19
5.2597946879910205e-05 -2.65813256002546e-19
5.2627747416386075e-05 -2.8147059163483772e-19
5.2657547952861946e-05 -2.8469637398965104e-19
5.2687348489337816e-05 -2.822393215642024e-19
5.2717149025813686e-05 -2.759120060731963e-19
5.2746949562289556e-05 -2.8615223561813867e-19
5.2776750098765427e-05 -3.003723481504591e-19
5.28065506352413e-05 -2.902616373819907e-19
5.283635117171716e-05 -2.85123172201449e-19
5.286615170819304e-05 -2.9808778715126565e-19
5.28959522446689e-05 -3.0597223385560496e-19
5.292575278114478e-05 -3.037662194534219e-19
5.295555331762064e-05 -2.980682960845297e-19
5.298535385409651e-05 -3.03698797355971e-19
5.301515439057238e-05 -3.1926788065390775e-19
5.304495492704825e-05 -3.1581756308982195e-19
