0.0 2.970687573395818e-19
2.982672332942556e-08 2.869450974940477e-19
5.965344665885112e-08 2.9816536212854987e-19
8.948016998827668e-08 2.9295182271095723e-19
1.1930689331770224e-07 2.8382767202456264e-19
1.491336166471278e-07 3.008293264220752e-19
1.7896033997655336e-07 2.928431518040277e-19
2.087870633059789e-07 2.878497957224375e-19
2.386137866354045e-07 2.9741364964853604e-19
2.6844050996483006e-07 2.887256651365562e-19
2.982672332942556e-07 2.938073372466889e-19
3.2809395662368113e-07 2.9380958489757627e-19
3.579206799531067e-07 2.8136986926499477e-19
3.877474032825323e-07 2.937058714965973e-19
4.175741266119578e-07 2.941019220309865e-19
4.4740084994138337e-07 2.82796833634633e-19
4.77227573270809e-07 2.9175512706579725e-19
5.070542966002345e-07 2.8662521374547883e-19
5.368810199296601e-07 2.852364209384293e-19
5.667077432590856e-07 2.9449410190861114e-19
5.965344665885112e-07 2.7950961849087203e-19
6.263611899179368e-07 2.8404507122062224e-19
6.561879132473623e-07 2.9264041062564774e-19
6.860146365767878e-07 2.77080727701534e-19
7.158413599062134e-07 2.8302026320943844e-19
7.456680832356389e-07 2.847458697158572e-19
7.754948065650646e-07 2.769845857253298e-19
8.053215298944901e-07 2.8596125895864326e-19
8.351482532239156e-07 2.763209031393161e-19
8.649749765533413e-07 2.716159051464992e-19
8.948016998827667e-07 2.8592610140519123e-19
9.246284232121923e-07 2.7522475702426184e-19
9.54455146541618e-07 2.710311481055192e-19
9.842818698710434e-07 2.7869876717216964e-19
1.014108593200469e-06 2.6932620103066445e-19
1.0439353165298946e-06 2.7404490558078377e-19
1.0737620398593203e-06 2.7167290624843605e-19
1.1035887631887457e-06 2.5814293420789897e-19
1.1334154865181712e-06 2.737961919813251e-19
1.1632422098475967e-06 2.6918211507467924e-19
1.1930689331770224e-06 2.547033511714868e-19
1.2228956565064479e-06 2.6764352219227126e-19
1.2527223798358736e-06 2.6119504529101246e-19
1.282549103165299e-06 2.5942290608180775e-19
1.3123758264947245e-06 2.6406343209478756e-19
1.34220254982415e-06 2.4795378366106595e-19
1.3720292731535757e-06 2.565981493561339e-19
1.4018559964830014e-06 2.6046184459866134e-19
1.4316827198124269e-06 2.4345338034290077e-19
1.4615094431418523e-06 2.510553016444117e-19
1.4913361664712778e-06 2.493544705517692e-19
1.5211628898007033e-06 2.416576480360345e-19
1.5509896131301292e-06 2.5032307841199842e-19
1.5808163364595547e-06 2.377224147972652e-19
1.6106430597889802e-06 2.3701621837846524e-19
1.6404697831184057e-06 2.4907536962212227e-19
1.6702965064478311e-06 2.316999184455849e-19
1.700123229777257e-06 2.3201375192724336e-19
1.7299499531066825e-06 2.3776470630988066e-19
1.759776676436108e-06 2.254712151610088e-19
1.7896033997655335e-06 2.3321402118357587e-19
1.819430123094959e-06 2.2610769371091645e-19
1.8492568464243847e-06 2.162164203375995e-19
1.8790835697538103e-06 2.312217084585522e-19
1.908910293083236e-06 2.185896682451995e-19
1.938737016412661e-06 2.0993227141995324e-19
1.9685637397420868e-06 2.2131445038842407e-19
1.9983904630715125e-06 2.1085027605207207e-19
2.028217186400938e-06 2.1137218764664232e-19
2.0580439097303634e-06 2.1301770769007568e-19
2.087870633059789e-06 1.979245531606829e-19
2.1176973563892144e-06 2.0858449759184775e-19
2.1475240797186405e-06 2.0772812902783659e-19
2.1773508030480658e-06 1.8986561120805766e-19
2.2071775263774915e-06 1.9925798834914707e-19
2.2370042497069167e-06 1.958962387533396e-19
2.2668309730363424e-06 1.8781566660276738e-19
2.2966576963657677e-06 1.946395955547309e-19
2.3264844196951934e-06 1.8207690499939882e-19
2.3563111430246195e-06 1.8301164125580805e-19
2.3861378663540448e-06 1.9138148563854622e-19
2.4159645896834705e-06 1.716670297294123e-19
2.4457913130128957e-06 1.756636595299094e-19
2.4756180363423214e-06 1.8108801838151908e-19
2.505444759671747e-06 1.6559147641753655e-19
2.5352714830011724e-06 1.7348007795274582e-19
2.565098206330598e-06 1.6551039170866504e-19
2.5949249296600234e-06 1.5722243908931874e-19
2.624751652989449e-06 1.712981009901627e-19
2.6545783763188747e-06 1.5559078917943837e-19
2.6844050996483e-06 1.5056382770000608e-19
2.714231822977726e-06 1.6045455435569295e-19
2.7440585463071514e-06 1.459554234630867e-19
2.773885269636577e-06 1.487835737638088e-19
2.8037119929660028e-06 1.4876826472955538e-19
2.833538716295428e-06 1.3474708961316928e-19
2.8633654396248537e-06 1.4542278891164417e-19
2.893192162954279e-06 1.3937753506679965e-19
2.9230188862837047e-06 1.2661696602930154e-19
2.9528456096131304e-06 1.3729626771677303e-19
2.9826723329425557e-06 1.2712559525051367e-19
3.0124990562719814e-06 1.2295979163439974e-19
3.0423257796014066e-06 1.2939160487224998e-19
3.0721525029308327e-06 1.1264663859284745e-19
3.1019792262602584e-06 1.1762329680997906e-19
3.1318059495896837e-06 1.2130468978095031e-19
3.1616326729191094e-06 1.0370697432575418e-19
3.1914593962485347e-06 1.1149209146173872e-19
3.2212861195779604e-06 1.0941145165601953e-19
3.251112842907386e-06 9.722249737082767e-20
3.2809395662368113e-06 1.044620964363802e-19
3.310766289566237e-06 9.341441064059787e-20
3.3405930128956623e-06 8.980819758108569e-20
3.370419736225088e-06 9.876388248726365e-20
3.400246459554514e-06 8.211246737994125e-20
3.4300731828839393e-06 8.236703969747807e-20
3.459899906213365e-06 8.743396078309627e-20
3.4897266295427903e-06 7.454892005922046e-20
3.519553352872216e-06 7.8860058223806e-20
3.5493800762016417e-06 7.372997132670201e-20
3.579206799531067e-06 6.507083827204163e-20
3.6090335228604927e-06 7.424520435036548e-20
3.638860246189918e-06 6.270052688033192e-20
3.6686869695193436e-06 5.573783724882004e-20
3.6985136928487693e-06 6.39894164681849e-20
3.7283404161781946e-06 5.1928471331574516e-20
3.7581671395076207e-06 5.1237885768849936e-20
3.7879938628370455e-06 5.381356639305143e-20
3.817820586166472e-06 3.911024198997179e-20
3.847647309495897e-06 4.6704314160500974e-20
3.877474032825322e-06 4.540230362344881e-20
3.907300756154748e-06 3.0142042792206585e-20
3.9371274794841736e-06 3.937233314881546e-20
3.9669542028136e-06 3.1862053414923173e-20
3.996780926143025e-06 2.2969537796101095e-20
4.02660764947245e-06 3.2125496555371105e-20
4.056434372801876e-06 1.9703601546516912e-20
4.086261096131302e-06 1.7715022829240602e-20
4.116087819460727e-06 2.3469038701516445e-20
4.145914542790153e-06 7.50236411745088e-21
4.175741266119578e-06 1.2013997187935944e-20
4.2055679894490035e-06 1.2948614723941607e-20
4.235394712778429e-06 -1.1161635829512472e-21
4.265221436107855e-06 7.706575466943093e-21
4.295048159437281e-06 -1.3044424706799199e-22
4.324874882766706e-06 -8.43731011019404e-21
4.3547016060961316e-06 1.2322547374467128e-21
4.384528329425557e-06 -1.2179251725099752e-20
4.414355052754983e-06 -1.5418042384452342e-20
4.444181776084408e-06 -9.585676943694199e-21
4.4740084994138335e-06 -2.1568585380561735e-20
4.50383522274326e-06 -1.8502970926353317e-20
4.533661946072685e-06 -1.9427462992518327e-20
4.56348866940211e-06 -3.2371206219390514e-20
4.593315392731535e-06 -2.3390373823943493e-20
4.6231421160609615e-06 -2.81932077942423e-20
4.652968839390387e-06 -4.012265417478806e-20
4.682795562719813e-06 -3.016604004634017e-20
4.712622286049239e-06 -4.0254619112354815e-20
4.7424490093786634e-06 -4.4293816188215134e-20
4.7722757327080896e-06 -3.810394378461269e-20
4.802102456037515e-06 -5.364273560023474e-20
4.831929179366941e-06 -4.84142847029889e-20
4.861755902696366e-06 -4.7637127745100354e-20
4.8915826260257915e-06 -6.372494169249334e-20
4.921409349355217e-06 -5.375158988927578e-20
4.951236072684643e-06 -5.739822955416864e-20
4.981062796014068e-06 -6.728365975988606e-20
5.010889519343494e-06 -5.883659489586411e-20
5.040716242672919e-06 -7.048734883651458e-20
5.070542966002345e-06 -7.307526847170906e-20
5.100369689331771e-06 -6.553287015398588e-20
5.130196412661196e-06 -7.898244029178054e-20
5.160023135990622e-06 -7.857796553278827e-20
5.189849859320047e-06 -7.823639498496601e-20
5.219676582649473e-06 -8.825854795171453e-20
5.249503305978898e-06 -8.181410214314242e-20
5.279330029308324e-06 -8.721345410802914e-20
5.3091567526377495e-06 -9.597350122613531e-20
5.338983475967175e-06 -8.697871569104047e-20
5.3688101992966e-06 -9.4612229184139e-20
5.398636922626026e-06 -1.0139478342171815e-19
5.428463645955452e-06 -9.556976737491e-20
5.4582903692848775e-06 -1.041911055560863e-19
5.488117092614303e-06 -1.0295175152486148e-19
5.517943815943728e-06 -1.0243529567669126e-19
5.547770539273154e-06 -1.1662646973419828e-19
5.5775972626025794e-06 -1.0963830788888326e-19
5.6074239859320056e-06 -1.096885377603263e-19
5.63725070926143e-06 -1.212902485019106e-19
5.667077432590856e-06 -1.1560200895924465e-19
5.696904155920281e-06 -1.2123431459255113e-19
5.7267308792497075e-06 -1.2305442906900997e-19
5.756557602579134e-06 -1.172701063675372e-19
5.786384325908558e-06 -1.3215976437580036e-19
5.816211049237984e-06 -1.2990285037380551e-19
5.846037772567409e-06 -1.2377744512453115e-19
5.8758644958968355e-06 -1.3781610359899046e-19
5.905691219226261e-06 -1.3418687157070607e-19
5.935517942555686e-06 -1.3583418893898976e-19
5.965344665885111e-06 -1.4351775101343038e-19
5.9951713892145374e-06 -1.3410455033008148e-19
6.024998112543963e-06 -1.4403963771596633e-19
6.054824835873389e-06 -1.4981553377615022e-19
6.084651559202813e-06 -1.3713029515210678e-19
6.114478282532239e-06 -1.480172715324633e-19
6.1443050058616655e-06 -1.5418123153828094e-19
6.174131729191091e-06 -1.4720808853107493e-19
6.203958452520517e-06 -1.5507522637292272e-19
6.233785175849941e-06 -1.5318484310970727e-19
6.263611899179367e-06 -1.5493162827745678e-19
6.293438622508793e-06 -1.656417770339209e-19
6.323265345838219e-06 -1.5434558456277084e-19
6.353092069167644e-06 -1.5843053403422725e-19
6.382918792497069e-06 -1.6940251473285026e-19
6.412745515826495e-06 -1.6057975386466778e-19
6.442572239155921e-06 -1.6634173704695213e-19
6.472398962485347e-06 -1.6672978403321432e-19
6.502225685814772e-06 -1.6293861856018656e-19
6.532052409144197e-06 -1.7639013630093308e-19
6.561879132473623e-06 -1.7013247194761814e-19
6.591705855803049e-06 -1.6530608619003699e-19
6.621532579132474e-06 -1.799555797506223e-19
6.6513593024619e-06 -1.7508805750755234e-19
6.6811860257913245e-06 -1.7430926323467072e-19
6.711012749120751e-06 -1.7992360081419569e-19
6.740839472450176e-06 -1.7352705434775958e-19
6.770666195779602e-06 -1.8419367294511775e-19
6.800492919109028e-06 -1.8418907570900246e-19
6.830319642438453e-06 -1.7244629214171723e-19
6.860146365767879e-06 -1.869298278347088e-19
6.889973089097304e-06 -1.8678786916413436e-19
6.91979981242673e-06 -1.8087989135279283e-19
6.949626535756155e-06 -1.897277257220403e-19
6.979453259085581e-06 -1.804367108892595e-19
7.009279982415006e-06 -1.8853277865789412e-19
7.039106705744432e-06 -1.9856550608876877e-19
7.068933429073857e-06 -1.8063985036597816e-19
7.098760152403283e-06 -1.899036476156913e-19
7.128586875732708e-06 -1.9816466587148672e-19
7.158413599062134e-06 -1.8860691364319824e-19
7.18824032239156e-06 -1.9494934531727557e-19
7.218067045720985e-06 -1.8991629220057313e-19
7.247893769050411e-06 -1.9305174584831925e-19
7.277720492379836e-06 -2.0586290671941288e-19
7.307547215709262e-06 -1.9027157993214325e-19
7.337373939038687e-06 -1.9138207589439348e-19
7.367200662368113e-06 -2.0586440467250795e-19
7.397027385697539e-06 -1.969087547410892e-19
7.426854109026964e-06 -1.9828400147455964e-19
7.456680832356389e-06 -1.9945561191755292e-19
7.486507555685815e-06 -1.9425623487013866e-19
7.516334279015241e-06 -2.0796686054209452e-19
7.546161002344667e-06 -2.0097963370216956e-19
7.575987725674091e-06 -1.902232026652453e-19
7.605814449003517e-06 -2.086207950648777e-19
7.635641172332943e-06 -2.0443902609897223e-19
7.665467895662369e-06 -1.9824103270450905e-19
7.695294618991794e-06 -2.0602802662712607e-19
7.725121342321219e-06 -1.9865043723320796e-19
7.754948065650644e-06 -2.0842523345241792e-19
7.784774788980071e-06 -2.0939056494729144e-19
7.814601512309497e-06 -1.9402377507183055e-19
7.844428235638922e-06 -2.085244730432264e-19
7.874254958968347e-06 -2.1092386552249272e-19
7.904081682297772e-06 -2.0044916422432968e-19
7.9339084056272e-06 -2.0566384591601716e-19
7.963735128956625e-06 -2.026505971904159e-19
7.99356185228605e-06 -2.0742438634212013e-19
8.023388575615475e-06 -2.1295436355048019e-19
8.0532152989449e-06 -1.9731284113716532e-19
8.083042022274326e-06 -2.0251178662030185e-19
8.112868745603753e-06 -2.1484821533585012e-19
8.142695468933178e-06 -2.0411434263805223e-19
8.172522192262603e-06 -2.0490974972292141e-19
8.202348915592028e-06 -2.0373610087397023e-19
8.232175638921454e-06 -2.0449998802492537e-19
8.26200236225088e-06 -2.1459344148525459e-19
8.291829085580306e-06 -1.9912305257401995e-19
8.321655808909731e-06 -1.9777315622519992e-19
8.351482532239157e-06 -2.1336753076418031e-19
8.381309255568582e-06 -2.0547050647316932e-19
8.411135978898007e-06 -2.0058287834284739e-19
8.440962702227434e-06 -2.0251605366626352e-19
8.470789425556858e-06 -2.0324547966390425e-19
8.500616148886285e-06 -2.1210446660533576e-19
8.53044287221571e-06 -2.0336287095028495e-19
8.560269595545135e-06 -1.9280140916843766e-19
8.590096318874562e-06 -2.0905834431145502e-19
8.619923042203986e-06 -2.0811650454914616e-19
8.649749765533413e-06 -1.9740139119292152e-19
8.679576488862838e-06 -2.0029712925944316e-19
8.709403212192263e-06 -1.974159238920912e-19
8.739229935521688e-06 -2.0675775634809496e-19
8.769056658851114e-06 -2.0447169215345608e-19
8.798883382180539e-06 -1.8749193536149804e-19
8.828710105509966e-06 -2.0178423315822283e-19
8.858536828839391e-06 -2.0773152422811424e-19
8.888363552168816e-06 -1.9374696393581543e-19
8.918190275498242e-06 -1.9466662689906607e-19
8.948016998827667e-06 -1.9496748163303592e-19
8.977843722157092e-06 -1.9875982292452235e-19
9.00767044548652e-06 -2.0023242565509995e-19
9.037497168815944e-06 -1.855109502014822e-19
9.06732389214537e-06 -1.9145843271042182e-19
9.097150615474795e-06 -2.021005430837556e-19
9.12697733880422e-06 -1.9062309195348228e-19
9.156804062133647e-06 -1.8756644744839992e-19
9.18663078546307e-06 -1.9039696222199926e-19
9.216457508792498e-06 -1.9163716303806994e-19
9.246284232121923e-06 -1.9624578529422568e-19
9.27611095545135e-06 -1.8466283884737958e-19
9.305937678780774e-06 -1.8117730304722453e-19
9.335764402110199e-06 -1.969220742519078e-19
9.365591125439626e-06 -1.87801587365677e-19
9.395417848769051e-06 -1.7931270150363047e-19
9.425244572098478e-06 -1.849461594016406e-19
9.455071295427902e-06 -1.8221716213891135e-19
9.484898018757327e-06 -1.8951475095520964e-19
9.514724742086754e-06 -1.813457373554336e-19
9.544551465416179e-06 -1.7024128660764734e-19
9.574378188745606e-06 -1.8833698999239058e-19
9.60420491207503e-06 -1.859545557337788e-19
9.634031635404455e-06 -1.7138196626845085e-19
9.663858358733882e-06 -1.7627233982825745e-19
9.693685082063305e-06 -1.7811152568954274e-19
9.723511805392732e-06 -1.7985892748750034e-19
9.753338528722158e-06 -1.74909107052081e-19
9.783165252051583e-06 -1.62043364689605e-19
9.81299197538101e-06 -1.759391366928614e-19
9.842818698710434e-06 -1.8067381778894313e-19
9.87264542203986e-06 -1.619828839470233e-19
9.902472145369286e-06 -1.6626233596498106e-19
9.932298868698711e-06 -1.6963996845121875e-19
9.962125592028136e-06 -1.6962260646008946e-19
9.991952315357562e-06 -1.7173456758326567e-19
1.0021779038686989e-05 -1.5514608048297192e-19
1.0051605762016414e-05 -1.6099629375922274e-19
1.0081432485345837e-05 -1.7319067116416008e-19
1.0111259208675264e-05 -1.5702101432805495e-19
1.014108593200469e-05 -1.5399633805826504e-19
1.0170912655334117e-05 -1.5975178304319828e-19
1.0200739378663542e-05 -1.5886834340395986e-19
1.0230566101992965e-05 -1.6063227572231167e-19
1.0260392825322392e-05 -1.4886449772205393e-19
1.0290219548651818e-05 -1.4640365507375665e-19
1.0320046271981245e-05 -1.6418277641774404e-19
1.0349872995310668e-05 -1.531602751008812e-19
1.0379699718640093e-05 -1.3829911495173447e-19
1.040952644196952e-05 -1.488856597255405e-19
1.0439353165298946e-05 -1.4936913958190247e-19
1.0469179888628373e-05 -1.4830185481999478e-19
1.0499006611957796e-05 -1.417682168394606e-19
1.0528833335287221e-05 -1.3244277964407468e-19
1.0558660058616648e-05 -1.4807854205119528e-19
1.0588486781946074e-05 -1.4514319481849446e-19
1.0618313505275499e-05 -1.280639858576114e-19
1.0648140228604924e-05 -1.369419266967417e-19
1.067796695193435e-05 -1.3875820721665622e-19
1.0707793675263776e-05 -1.3568236156498813e-19
1.07376203985932e-05 -1.3448568529912301e-19
1.0767447121922627e-05 -1.2105765069115137e-19
1.0797273845252052e-05 -1.3021305940769086e-19
1.0827100568581478e-05 -1.3885615959315086e-19
1.0856927291910905e-05 -1.187623344041829e-19
1.0886754015240328e-05 -1.1866813240893302e-19
1.0916580738569755e-05 -1.2517743987113788e-19
1.094640746189918e-05 -1.2318591749171497e-19
1.0976234185228606e-05 -1.2412221275650222e-19
1.100606090855803e-05 -1.086359540742169e-19
1.1035887631887456e-05 -1.1410676345450402e-19
1.1065714355216883e-05 -1.2896947909306153e-19
1.1095541078546308e-05 -1.0884282645882176e-19
1.1125367801875732e-05 -1.0523467285775441e-19
1.1155194525205159e-05 -1.1487376288011e-19
1.1185021248534584e-05 -1.0903832791547264e-19
1.1214847971864011e-05 -1.114730009188207e-19
1.1244674695193436e-05 -1.0061200501505177e-19
1.127450141852286e-05 -9.441244046931219e-20
1.1304328141852287e-05 -1.1454276438455546e-19
1.1334154865181712e-05 -1.0350834579920339e-19
1.1363981588511139e-05 -8.802982291226027e-20
1.1393808311840563e-05 -1.000335776368102e-19
1.1423635035169988e-05 -9.956157725400421e-20
1.1453461758499415e-05 -9.815916147203945e-20
1.148328848182884e-05 -9.163898693409214e-20
1.1513115205158267e-05 -8.184413198084011e-20
1.154294192848769e-05 -9.92010245499938e-20
1.1572768651817116e-05 -9.596573385436328e-20
1.1602595375146543e-05 -7.555056765132848e-20
1.1632422098475968e-05 -8.561346439024233e-20
1.1662248821805394e-05 -8.822015671984764e-20
1.1692075545134819e-05 -8.462070951487194e-20
1.1721902268464244e-05 -8.201785655706687e-20
1.1751728991793671e-05 -6.875595797461579e-20
1.1781555715123095e-05 -8.163800894682226e-20
1.1811382438452522e-05 -8.735806689094655e-20
1.1841209161781947e-05 -6.455059061365072e-20
1.1871035885111372e-05 -6.90474693341179e-20
1.1900862608440799e-05 -7.941865644273682e-20
1.1930689331770223e-05 -7.099731617339571e-20
1.196051605509965e-05 -6.832268529880786e-20
1.1990342778429075e-05 -5.949507162885878e-20
1.20201695017585e-05 -6.282890274583035e-20
1.2049996225087925e-05 -7.7597491259393e-20
1.207982294841735e-05 -5.73588087765562e-20
1.2109649671746778e-05 -4.9151885060842374e-20
1.2139476395076203e-05 -6.68514178345299e-20
1.2169303118405626e-05 -6.04166332222092e-20
1.2199129841735053e-05 -5.708971916425723e-20
1.2228956565064479e-05 -5.0716445270473535e-20
1.2258783288393906e-05 -4.5236198887722046e-20
1.2288610011723331e-05 -6.363956751472227e-20
1.2318436735052755e-05 -5.0410591287424775e-20
1.2348263458382181e-05 -3.493292869083264e-20
1.2378090181711607e-05 -5.14882213733044e-20
1.2407916905041034e-05 -4.8424001989860017e-20
1.2437743628370457e-05 -4.309326859284812e-20
1.2467570351699883e-05 -4.101525635219825e-20
1.249739707502931e-05 -3.035191828348912e-20
1.2527223798358735e-05 -4.6491627542934306e-20
1.2557050521688162e-05 -4.653709102922411e-20
1.2586877245017585e-05 -2.1709460963144373e-20
1.261670396834701e-05 -3.3418838334713e-20
1.2646530691676438e-05 -3.949406240516439e-20
1.2676357415005863e-05 -2.94261264862812e-20
1.2706184138335288e-05 -3.0016534980069156e-20
1.2736010861664713e-05 -1.8710357907866762e-20
1.2765837584994139e-05 -2.74967263802957e-20
1.2795664308323566e-05 -3.7248150800497613e-20
1.282549103165299e-05 -1.3399735982237364e-20
1.2855317754982416e-05 -1.4751416732137914e-20
1.2885144478311841e-05 -2.805081883095987e-20
1.2914971201641267e-05 -1.9723473259588166e-20
1.2944797924970694e-05 -1.733737129282831e-20
1.2974624648300117e-05 -9.715768042434712e-21
1.3004451371629544e-05 -9.894100790953873e-21
1.303427809495897e-05 -2.49582863099589e-20
1.3064104818288395e-05 -7.740804226809352e-21
1.309393154161782e-05 2.8058733096635954e-21
1.3123758264947245e-05 -1.4799099586977513e-20
1.3153584988276672e-05 -8.1812739713716e-21
1.3183411711606097e-05 -2.6556791422493316e-21
1.3213238434935521e-05 -2.5239342824924974e-21
1.3243065158264948e-05 4.239199399243954e-21
1.3272891881594373e-05 -1.0755149286311911e-20
1.33027186049238e-05 -2.822242013418904e-21
1.3332545328253226e-05 1.6696019454598078e-20
1.3362372051582649e-05 -1.589875989597972e-21
1.3392198774912076e-05 -1.7571814426359854e-21
1.3422025498241501e-05 1.1092056272759901e-20
1.3451852221570928e-05 7.597722278950497e-21
1.3481678944900352e-05 1.5234406709671754e-20
1.3511505668229777e-05 7.538653622228157e-21
1.3541332391559204e-05 3.539825543605001e-21
1.357115911488863e-05 2.6027854632944904e-20
1.3600985838218056e-05 1.7195888364689333e-20
1.363081256154748e-05 6.459637863079272e-21
1.3660639284876905e-05 1.9186229305108173e-20
1.3690466008206332e-05 1.8790300589136757e-20
1.3720292731535757e-05 2.46289652481773e-20
1.3750119454865183e-05 2.1948409111552073e-20
1.3779946178194608e-05 1.0650913913149135e-20
1.3809772901524033e-05 3.108307635897147e-20
1.383959962485346e-05 3.378608758663095e-20
1.3869426348182884e-05 1.7333510033943714e-20
1.389925307151231e-05 2.7572609884720194e-20
1.3929079794841736e-05 3.102845380864202e-20
1.3958906518171161e-05 3.2963631775622464e-20
1.3988733241500588e-05 3.516910429630418e-20
1.4018559964830012e-05 2.0473970358912833e-20
1.4048386688159439e-05 3.513218868240155e-20
1.4078213411488864e-05 4.7197646341103445e-20
1.4108040134818288e-05 2.63803336022126e-20
1.4137866858147715e-05 3.315473034173942e-20
1.416769358147714e-05 4.337375365587894e-20
1.4197520304806567e-05 3.9728123151722664e-20
1.4227347028135992e-05 4.658217859544512e-20
1.4257173751465416e-05 3.414886934952118e-20
1.4287000474794843e-05 3.801444469031908e-20
1.4316827198124268e-05 6.018827674329746e-20
1.4346653921453695e-05 4.100921191025163e-20
1.437648064478312e-05 3.598876686411433e-20
1.4406307368112544e-05 5.316368545501987e-20
1.443613409144197e-05 4.8258181663574496e-20
1.4465960814771396e-05 5.2062222123672536e-20
1.4495787538100823e-05 4.8540489126485537e-20
1.4525614261430246e-05 4.1790472600764845e-20
1.4555440984759672e-05 6.341383466331344e-20
1.4585267708089099e-05 5.947147017297739e-20
1.4615094431418524e-05 4.369268535678958e-20
1.4644921154747951e-05 5.762082367136159e-20
1.4674747878077374e-05 5.939693424832675e-20
1.47045746014068e-05 5.880495577983662e-20
1.4734401324736227e-05 6.089251939518542e-20
1.476422804806565e-05 5.035594236006159e-20
1.4794054771395077e-05 6.465461560055474e-20
1.4823881494724502e-05 7.103926912166359e-20
1.4853708218053928e-05 4.8412589283742937e-20
1.4883534941383355e-05 5.593203729057425e-20
1.4913361664712778e-05 6.713592587272331e-20
1.4943188388042205e-05 6.452216068566356e-20
1.497301511137163e-05 6.962808403902375e-20
1.5002841834701056e-05 5.922185702422375e-20
1.5032668558030483e-05 6.433532131931864e-20
1.5062495281359906e-05 8.088479796717084e-20
1.5092322004689333e-05 6.204116938255501e-20
1.5122148728018759e-05 5.979843676059963e-20
1.5151975451348182e-05 7.504855142389508e-20
1.5181802174677609e-05 7.034920675968285e-20
1.5211628898007034e-05 7.266313170608452e-20
1.5241455621336461e-05 6.746233896195259e-20
1.5271282344665887e-05 6.57415821778246e-20
1.5301109067995312e-05 8.554575891747436e-20
1.5330935791324737e-05 7.470447820499691e-20
1.5360762514654162e-05 6.125469292152237e-20
1.5390589237983588e-05 7.92626514313814e-20
1.5420415961313013e-05 7.989325721971475e-20
1.5450242684642438e-05 7.541468070740256e-20
1.5480069407971867e-05 7.299500345536914e-20
1.550989613130129e-05 6.712827990323625e-20
1.5539722854630717e-05 8.588903400607981e-20
1.5569549577960143e-05 8.482188512413496e-20
1.5599376301289568e-05 6.561707857238418e-20
1.5629203024618993e-05 7.84987511555861e-20
1.565902974794842e-05 8.454008704966026e-20
1.5688856471277844e-05 7.93482049673672e-20
1.571868319460727e-05 8.066030562837202e-20
1.5748509917936694e-05 7.141679308265349e-20
1.577833664126612e-05 8.314793073067077e-20
1.5808163364595545e-05 9.251472790953172e-20
1.5837990087924973e-05 6.924325684672006e-20
1.58678168112544e-05 7.697387490237439e-20
1.589764353458382e-05 9.03664685128844e-20
1.592747025791325e-05 8.08760537377963e-20
1.5957296981242675e-05 8.307111463512291e-20
1.59871237045721e-05 7.511821579089548e-20
1.6016950427901525e-05 7.890710515483121e-20
1.604677715123095e-05 9.683249385868565e-20
1.6076603874560376e-05 8.000004653171226e-20
1.61064305978898e-05 7.242810241528802e-20
1.613625732121923e-05 8.969109700766012e-20
1.616608404454865e-05 8.599245014340105e-20
1.6195910767878077e-05 8.200674349226327e-20
1.6225737491207505e-05 8.024205346448572e-20
1.625556421453693e-05 7.661772452605157e-20
1.6285390937866356e-05 9.344885269318244e-20
1.631521766119578e-05 8.676185796636136e-20
1.6345044384525206e-05 7.146052800895544e-20
1.6374871107854632e-05 8.803085686169096e-20
1.6404697831184057e-05 8.932932976217502e-20
1.6434524554513482e-05 8.443797363238513e-20
1.6464351277842908e-05 8.260167316976797e-20
1.6494178001172333e-05 7.56232309151139e-20
1.652400472450176e-05 9.178807948953443e-20
1.6553831447831183e-05 9.11149566133294e-20
1.6583658171160612e-05 7.070794515427129e-20
1.6613484894490037e-05 8.167092260995303e-20
1.6643311617819463e-05 9.097884994582752e-20
1.6673138341148888e-05 8.383011965399074e-20
1.6702965064478313e-05 8.272258916172413e-20
1.673279178780774e-05 7.689416146506741e-20
1.6762618511137164e-05 8.570505510682468e-20
1.679244523446659e-05 9.511287248020015e-20
1.6822271957796014e-05 7.568473984033142e-20
1.685209868112544e-05 7.679351109973961e-20
1.6881925404454868e-05 9.165917209016884e-20
1.6911752127784293e-05 8.420042406618095e-20
1.6941578851113715e-05 8.040228925025243e-20
1.6971405574443144e-05 7.591658389988531e-20
1.700123229777257e-05 7.994606124427509e-20
1.7031059021101994e-05 9.516592986551217e-20
1.706088574443142e-05 7.764866196824843e-20
1.7090712467760845e-05 7.006534468236316e-20
1.712053919109027e-05 9.004118117611061e-20
1.7150365914419695e-05 8.527966418844135e-20
1.7180192637749124e-05 7.951674278735781e-20
1.7210019361078546e-05 7.685861479167207e-20
1.723984608440797e-05 7.291185531047397e-20
1.72696728077374e-05 8.971801431845498e-20
1.7299499531066825e-05 8.239041815415524e-20
1.732932625439625e-05 6.385290663101085e-20
1.7359152977725676e-05 8.096192666921705e-20
1.73889797010551e-05 8.489978844680199e-20
1.7418806424384526e-05 7.47775704510832e-20
1.744863314771395e-05 7.458609065003357e-20
1.7478459871043377e-05 6.886643487260198e-20
1.7508286594372802e-05 8.240584836142584e-20
1.7538113317702227e-05 8.461631133853875e-20
1.7567940041031656e-05 6.076889077932477e-20
1.7597766764361078e-05 7.164635028403959e-20
1.7627593487690507e-05 8.339423998463956e-20
1.7657420211019932e-05 7.094711410762454e-20
1.7687246934349354e-05 6.790449663004912e-20
1.7717073657678782e-05 6.479233780607883e-20
1.7746900381008208e-05 7.319664078558115e-20
1.7776727104337633e-05 8.018341712428744e-20
1.7806553827667058e-05 5.989319880712581e-20
1.7836380550996483e-05 6.052677978036586e-20
1.786620727432591e-05 7.744270795668854e-20
1.7896033997655334e-05 7.092367492405594e-20
1.7925860720984763e-05 6.33058931246019e-20
1.7955687444314184e-05 6.06374188876956e-20
1.798551416764361e-05 6.38601510498502e-20
1.801534089097304e-05 7.550144372367036e-20
1.8045167614302464e-05 6.126790688891888e-20
1.807499433763189e-05 4.951985949639537e-20
1.8104821060961314e-05 6.934313720374736e-20
1.813464778429074e-05 6.649096535128306e-20
1.8164474507620165e-05 5.569087996123645e-20
1.819430123094959e-05 5.723429552048443e-20
1.822412795427902e-05 5.4076250550678494e-20
1.825395467760844e-05 6.75513354070189e-20
1.8283781400937866e-05 6.104823788073027e-20
1.8313608124267294e-05 4.119007704850856e-20
1.8343434847596716e-05 5.772398741950055e-20
1.837326157092614e-05 6.410399838206418e-20
1.840308829425557e-05 5.2013576295146945e-20
1.8432915017584996e-05 4.7922446140099166e-20
1.846274174091442e-05 4.6516587049176695e-20
1.8492568464243846e-05 5.919349573640785e-20
1.852239518757327e-05 5.774742489371641e-20
1.85522219109027e-05 3.6584264273316355e-20
1.8582048634232125e-05 4.686652692334355e-20
1.8611875357561547e-05 6.013917948092946e-20
1.8641702080890972e-05 4.723595684969678e-20
1.8671528804220398e-05 4.1610258725215597e-20
1.8701355527549826e-05 4.2024248382267853e-20
1.873118225087925e-05 4.925652172385936e-20
1.8761008974208677e-05 5.471551658054449e-20
1.8790835697538102e-05 3.492383216710857e-20
1.8820662420867527e-05 3.2964090148750864e-20
1.8850489144196956e-05 5.246398455289771e-20
1.888031586752638e-05 4.458893204273739e-20
1.8910142590855803e-05 3.392719533495762e-20
1.893996931418523e-05 3.513096867860622e-20
1.8969796037514654e-05 3.954132746405229e-20
1.8999622760844082e-05 4.9493108767415385e-20
1.9029449484173508e-05 3.359162973195856e-20
1.9059276207502933e-05 2.1819251956312788e-20
1.9089102930832358e-05 4.311645804377384e-20
1.911892965416178e-05 4.3750678753395456e-20
1.9148756377491212e-05 2.85229042770873e-20
1.9178583100820634e-05 2.642427780159549e-20
1.920840982415006e-05 2.9834537792645565e-20
1.9238236547479485e-05 4.034313370987478e-20
1.926806327080891e-05 3.266585685720734e-20
1.929788999413834e-05 1.500880378094441e-20
1.9327716717467764e-05 3.047756594412458e-20
1.935754344079719e-05 4.1251034957980956e-20
1.938737016412661e-05 2.4608043937061404e-20
1.9417196887456036e-05 1.7824414210223535e-20
1.9447023610785465e-05 2.2034246907292582e-20
1.947685033411489e-05 3.1986340506902963e-20
1.9506677057444315e-05 3.013822335068926e-20
1.953650378077374e-05 7.777271398150011e-21
1.9566330504103166e-05 1.6186412663819215e-20
1.9596157227432595e-05 3.517367071072159e-20
1.962598395076202e-05 1.8440108694318688e-20
1.9655810674091442e-05 9.069619513636596e-21
1.9685637397420867e-05 1.5781392398546062e-20
1.9715464120750292e-05 2.2182861990593774e-20
1.974529084407972e-05 2.5675080319310923e-20
1.9775117567409146e-05 6.60964370435662e-21
1.980494429073857e-05 3.1089860004440382e-21
1.9834771014067997e-05 2.5590586189662846e-20
1.9864597737397422e-05 1.7561931150049988e-20
1.989442446072685e-05 2.1375793013102594e-22
1.9924251184056273e-05 5.1603622696751205e-21
1.9954077907385698e-05 1.33828086632731e-20
1.9983904630715123e-05 1.7779932887603903e-20
2.001373135404455e-05 3.294356020170851e-21
2.0043558077373977e-05 -6.89095030443893e-21
2.0073384800703402e-05 1.3677075856468694e-20
2.0103211524032828e-05 1.5063364062615788e-20
2.0133038247362253e-05 -3.8666691856799525e-21
2.0162864970691675e-05 -3.241890626961631e-21
2.0192691694021103e-05 5.518370520608969e-21
2.022251841735053e-05 9.932527580281813e-21
2.0252345140679954e-05 -4.709900088174943e-22
2.028217186400938e-05 -1.476024514017423e-20
2.0311998587338804e-05 5.6662742538364375e-22
2.0341825310668233e-05 1.0687885089743638e-20
2.037165203399766e-05 -8.721806651395842e-21
2.0401478757327084e-05 -1.1835275169587523e-20
2.0431305480656506e-05 -2.9042651005103e-21
2.046113220398593e-05 6.678280189818886e-22
2.049095892731536e-05 -1.217319670313231e-21
2.0520785650644785e-05 -1.8165899142469293e-20
2.055061237397421e-05 -1.2350228732215357e-20
2.0580439097303635e-05 4.969410214257851e-21
2.061026582063306e-05 -1.1100983458927875e-20
2.064009254396249e-05 -2.233121762666302e-20
2.0669919267291914e-05 -1.3648152594018564e-20
2.0699745990621336e-05 -5.123699293763282e-21
2.072957271395076e-05 -6.401956571776213e-21
2.0759399437280187e-05 -2.4993065945163135e-20
2.0789226160609616e-05 -2.2995644124232793e-20
2.081905288393904e-05 -2.4046547502972782e-21
2.0848879607268466e-05 -1.1878508769279883e-20
2.087870633059789e-05 -2.769674192067323e-20
2.0908533053927317e-05 -2.332973837800681e-20
2.0938359777256745e-05 -1.4516417549243625e-20
2.0968186500586167e-05 -1.258021922957977e-20
2.0998013223915592e-05 -2.6996470246028457e-20
2.1027839947245018e-05 -3.275938378216958e-20
2.1057666670574443e-05 -1.4420715322600975e-20
2.108749339390387e-05 -1.4129885265466363e-20
2.1117320117233297e-05 -3.351130751177916e-20
2.1147146840562722e-05 -3.189687658310577e-20
2.1176973563892147e-05 -1.9622974423475967e-20
2.120680028722157e-05 -1.793909919884756e-20
2.1236627010550998e-05 -2.9031525949181874e-20
2.1266453733880423e-05 -3.925086917139366e-20
2.129628045720985e-05 -2.4645585021524116e-20
2.1326107180539274e-05 -1.6781186708326118e-20
2.13559339038687e-05 -3.524900646221941e-20
2.1385760627198128e-05 -4.1371468120280875e-20
2.1415587350527553e-05 -2.8956088561180376e-20
2.1445414073856978e-05 -2.2891286591655176e-20
2.14752407971864e-05 -3.263501809432389e-20
2.1505067520515825e-05 -4.582465432900619e-20
2.1534894243845254e-05 -3.640995261139367e-20
2.156472096717468e-05 -2.143313656206275e-20
2.1594547690504105e-05 -3.6506004641754204e-20
2.162437441383353e-05 -4.751180807239381e-20
2.1654201137162955e-05 -3.671545962978625e-20
2.1684027860492384e-05 -3.1334303363243697e-20
2.171385458382181e-05 -3.464684192355357e-20
2.174368130715123e-05 -5.004540252822626e-20
2.1773508030480656e-05 -4.901980205828175e-20
2.180333475381008e-05 -2.741991631963321e-20
2.183316147713951e-05 -3.839000302847309e-20
2.1862988200468935e-05 -5.526989094636629e-20
2.189281492379836e-05 -4.448165766498426e-20
2.1922641647127786e-05 -3.6209384801100725e-20
2.195246837045721e-05 -3.723510012671989e-20
2.198229509378664e-05 -5.054257910933976e-20
2.201212181711606e-05 -5.672432673476312e-20
2.2041948540445487e-05 -3.6317358973990295e-20
2.2071775263774912e-05 -3.886932650573413e-20
2.2101601987104337e-05 -5.912118587173097e-20
2.2131428710433766e-05 -5.3297709555571524e-20
2.216125543376319e-05 -4.492676974077677e-20
2.2191082157092617e-05 -4.1740535471654136e-20
2.2220908880422042e-05 -5.055704102428196e-20
2.2250735603751464e-05 -6.544997631751706e-20
2.2280562327080892e-05 -4.551282986256334e-20
2.2310389050410318e-05 -3.669578770353205e-20
2.2340215773739743e-05 -6.115871816577665e-20
2.2370042497069168e-05 -6.1160119735321e-20
2.2399869220398594e-05 -4.7873385921532785e-20
2.2429695943728022e-05 -4.6828608360635584e-20
2.2459522667057447e-05 -5.4122781547607566e-20
2.2489349390386873e-05 -6.530727895251817e-20
2.2519176113716295e-05 -5.507154841102681e-20
2.254900283704572e-05 -4.1316082218255735e-20
2.257882956037515e-05 -5.91088641906278e-20
2.2608656283704574e-05 -6.701214163610254e-20
2.2638483007034e-05 -5.284004458462915e-20
2.2668309730363424e-05 -4.943449851966712e-20
2.269813645369285e-05 -5.364853078604572e-20
2.2727963177022278e-05 -6.767877746042371e-20
2.2757789900351704e-05 -6.386937954128691e-20
2.2787616623681125e-05 -4.320488031772227e-20
2.281744334701055e-05 -5.777027378596281e-20
2.2847270070339976e-05 -7.159019536293858e-20
2.2877096793669405e-05 -5.822033030345616e-20
2.290692351699883e-05 -5.2042499612528465e-20
2.2936750240328255e-05 -5.529910763316498e-20
2.296657696365768e-05 -6.652497889216615e-20
2.2996403686987106e-05 -6.940239858457263e-20
2.3026230410316534e-05 -5.0151240263323975e-20
2.3056057133645956e-05 -5.269188859978969e-20
2.308588385697538e-05 -7.22457823023528e-20
2.3115710580304807e-05 -6.446223864382212e-20
2.3145537303634232e-05 -5.442056002062444e-20
2.317536402696366e-05 -5.628397629028179e-20
2.3205190750293086e-05 -6.480233622047027e-20
2.323501747362251e-05 -7.378666252070571e-20
2.3264844196951937e-05 -5.637815461115422e-20
2.329467092028136e-05 -4.9746290737974145e-20
2.3324497643610787e-05 -7.186261606224957e-20
2.3354324366940212e-05 -7.104819502819783e-20
2.3384151090269638e-05 -5.580123981717605e-20
2.3413977813599063e-05 -5.598189729223053e-20
2.3443804536928488e-05 -6.538795440398045e-20
2.3473631260257917e-05 -7.355423269102336e-20
2.3503457983587342e-05 -6.225613342886466e-20
2.3533284706916767e-05 -4.9367612145806924e-20
2.356311143024619e-05 -6.900042911675558e-20
2.3592938153575614e-05 -7.741881928314512e-20
2.3622764876905043e-05 -5.804485078764497e-20
2.365259160023447e-05 -5.81367769561673e-20
2.3682418323563894e-05 -6.588186101110595e-20
2.371224504689332e-05 -7.270128795245243e-20
2.3742071770222744e-05 -7.022322283828707e-20
2.3771898493552173e-05 -5.107173023224921e-20
2.3801725216881598e-05 -6.313798473237594e-20
2.383155194021102e-05 -8.087938293942426e-20
2.3861378663540445e-05 -6.383671283327329e-20
2.389120538686987e-05 -5.623582225132062e-20
2.39210321101993e-05 -6.606872494838787e-20
2.3950858833528724e-05 -7.265909246911021e-20
2.398068555685815e-05 -7.366854796626031e-20
2.4010512280187575e-05 -5.713908134530501e-20
2.4040339003517e-05 -5.837419962542431e-20
2.407016572684643e-05 -8.207572193076281e-20
2.409999245017585e-05 -6.884273405664095e-20
2.4129819173505276e-05 -5.560038171019948e-20
2.41596458968347e-05 -6.65755884213971e-20
2.4189472620164127e-05 -7.014223206171263e-20
2.4219299343493555e-05 -7.617237159858374e-20
2.424912606682298e-05 -6.330544751162267e-20
2.4278952790152406e-05 -5.3897773749334455e-20
2.430877951348183e-05 -7.789731520514928e-20
2.4338606236811253e-05 -7.675354154888566e-20
2.436843296014068e-05 -5.806577544166526e-20
2.4398259683470107e-05 -6.380541000054126e-20
2.4428086406799532e-05 -7.046437231146438e-20
2.4457913130128957e-05 -7.406927144010664e-20
2.4487739853458383e-05 -6.738448658240803e-20
2.451756657678781e-05 -5.305835825452799e-20
2.4547393300117237e-05 -7.182729788308614e-20
2.4577220023446662e-05 -8.041605917261609e-20
2.4607046746776084e-05 -5.811962952610535e-20
2.463687347010551e-05 -6.024214399726209e-20
2.4666700193434938e-05 -7.036811923980652e-20
2.4696526916764363e-05 -7.285909149237007e-20
2.4726353640093788e-05 -6.983276098957952e-20
2.4756180363423214e-05 -5.465574033094694e-20
2.478600708675264e-05 -6.408298253042641e-20
2.4815833810082067e-05 -7.9860072909095e-20
2.4845660533411493e-05 -6.170322237447859e-20
2.4875487256740915e-05 -5.444504286686971e-20
2.490531398007034e-05 -6.779048264515424e-20
2.4935140703399765e-05 -6.99252317219498e-20
2.4964967426729194e-05 -7.029559836358475e-20
2.499479415005862e-05 -5.738664058909783e-20
2.5024620873388044e-05 -5.498048610849021e-20
2.505444759671747e-05 -7.919436428666323e-20
2.5084274320046895e-05 -6.680169863876797e-20
2.5114101043376324e-05 -5.042838234840388e-20
2.5143927766705745e-05 -6.505145276981349e-20
2.517375449003517e-05 -6.669104072737535e-20
2.5203581213364596e-05 -6.710111301430088e-20
2.523340793669402e-05 -5.908434074792629e-20
2.526323466002345e-05 -4.964450757939118e-20
2.5293061383352875e-05 -7.103788928920664e-20
2.53228881066823e-05 -7.023919038072927e-20
2.5352714830011726e-05 -4.983702823913484e-20
2.5382541553341148e-05 -5.696219746357592e-20
