0.0 7.899109928007813e-20
2.9812431941923776e-08 5.800093344173101e-20
5.962486388384755e-08 6.242056749647128e-20
8.943729582577133e-08 7.60480431396888e-20
1.192497277676951e-07 7.016275713185823e-20
1.4906215970961888e-07 6.035682007320137e-20
1.7887459165154266e-07 5.663886618118362e-20
2.0868702359346643e-07 6.731061711491827e-20
2.384994555353902e-07 7.432944320434631e-20
2.68311887477314e-07 5.530549794876066e-20
2.9812431941923776e-07 5.1208351308949246e-20
3.2793675136116154e-07 6.725953680720946e-20
3.577491833030853e-07 6.549867358372208e-20
3.875616152450091e-07 5.438055690402942e-20
4.1737404718693287e-07 4.7378145889746426e-20
4.471864791288566e-07 5.592721334946052e-20
4.769989110707804e-07 6.67380507172204e-20
5.068113430127041e-07 5.084354813864787e-20
5.36623774954628e-07 4.2064310187282524e-20
5.664362068965517e-07 5.543692319388793e-20
5.962486388384755e-07 5.909038064506623e-20
6.260610707803992e-07 4.900883533622233e-20
6.558735027223231e-07 4.1286849043707456e-20
6.856859346642468e-07 4.780400475502642e-20
7.154983666061706e-07 5.721727277206875e-20
7.453107985480944e-07 4.882065177345733e-20
7.751232304900182e-07 3.4096216912450017e-20
8.049356624319419e-07 4.251229299692276e-20
8.347480943738657e-07 5.313205629630058e-20
8.645605263157895e-07 4.1752952510439136e-20
8.943729582577132e-07 3.4318947648982064e-20
9.241853901996371e-07 3.611727528585095e-20
9.539978221415608e-07 4.5826433537503556e-20
9.838102540834846e-07 4.675390278868047e-20
1.0136226860254083e-06 2.6887178349416132e-20
1.0434351179673322e-06 3.11907998686364e-20
1.073247549909256e-06 4.479678994310722e-20
1.1030599818511795e-06 3.525939561856182e-20
1.1328724137931034e-06 2.81847592392946e-20
1.1626848457350273e-06 2.5361028660415605e-20
1.192497277676951e-06 3.361593902378905e-20
1.2223097096188746e-06 4.000315613696424e-20
1.2521221415607985e-06 2.166595995206857e-20
1.2819345735027224e-06 1.8995903778398788e-20
1.3117470054446462e-06 3.368632821488924e-20
1.3415594373865697e-06 3.1223319202986164e-20
1.3713718693284936e-06 1.9833506963224835e-20
1.4011843012704175e-06 1.678340201240438e-20
1.4309967332123413e-06 2.448320063067965e-20
1.4608091651542648e-06 3.1156320276092823e-20
1.4906215970961887e-06 1.9695389311077957e-20
1.5204340290381126e-06 6.867356590310118e-21
1.5502464609800364e-06 2.0580052168938818e-20
1.5800588929219599e-06 2.773814793914134e-20
1.6098713248638838e-06 1.1914277770043578e-20
1.6396837568058077e-06 7.713590334333132e-21
1.6694961887477315e-06 1.2218635812536997e-20
1.699308620689655e-06 1.8867587101796483e-20
1.729121052631579e-06 1.669672165026879e-20
1.7589334845735028e-06 -4.810250385643865e-22
1.7887459165154264e-06 6.110955465017743e-21
1.81855834845735e-06 1.817664139694892e-20
1.8483707803992742e-06 6.97846974901642e-21
1.878183212341198e-06 -1.6386515408508873e-22
1.9079956442831217e-06 1.5031337501735594e-21
1.937808076225045e-06 9.38514048817211e-21
1.967620508166969e-06 8.81571511676553e-21
1.997432940108893e-06 -8.377105613895755e-21
2.0272453720508166e-06 -6.6239779059320945e-21
2.0570578039927405e-06 8.416462482071309e-21
2.0868702359346644e-06 1.2282228102080203e-21
2.116682667876588e-06 -1.00748346117464e-20
2.146495099818512e-06 -7.875916406166205e-21
2.1763075317604354e-06 -2.7020277545032013e-21
2.206119963702359e-06 1.2061490449408429e-21
2.2359323956442833e-06 -1.109868628438363e-20
2.2657448275862068e-06 -2.0220505559630646e-20
2.2955572595281307e-06 -3.9269591920186795e-21
2.3253696914700546e-06 -3.2123367966732756e-21
2.355182123411978e-06 -1.7683070418552896e-20
2.384994555353902e-06 -1.8783706502130942e-20
2.4148069872958256e-06 -1.3033644338950393e-20
2.444619419237749e-06 -8.049376681106535e-21
2.4744318511796735e-06 -1.5980759566876793e-20
2.504244283121597e-06 -2.766334023332319e-20
2.534056715063521e-06 -1.6644996433807218e-20
2.563869147005445e-06 -9.311421584867593e-21
2.5936815789473684e-06 -2.367465950687693e-20
2.6234940108892923e-06 -2.6768870432484887e-20
2.653306442831216e-06 -2.4084302758127658e-20
2.6831188747731393e-06 -1.8390550671228236e-20
2.7129313067150637e-06 -1.897145470924727e-20
2.742743738656987e-06 -3.6568600245494454e-20
2.7725561705989107e-06 -2.913672529306777e-20
2.802368602540835e-06 -1.689832714409261e-20
2.8321810344827586e-06 -2.76479550650561e-20
2.8619934664246825e-06 -3.479253468888593e-20
2.891805898366606e-06 -3.358706087968834e-20
2.9216183303085295e-06 -2.5856151270765392e-20
2.951430762250454e-06 -2.489678516384464e-20
2.9812431941923774e-06 -3.9350242376235907e-20
3.011055626134301e-06 -4.210291995225314e-20
3.0408680580762253e-06 -2.7447183030146017e-20
3.0706804900181488e-06 -2.9955487354696684e-20
3.1004929219600727e-06 -4.4379659790305783e-20
3.1303053539019962e-06 -4.199278178839513e-20
3.1601177858439197e-06 -3.520448341728772e-20
3.189930217785844e-06 -3.1388073160765395e-20
3.2197426497277676e-06 -4.1489119568727455e-20
3.249555081669691e-06 -5.244159481086952e-20
3.2793675136116155e-06 -3.629854317049017e-20
3.309179945553539e-06 -3.2401856615690635e-20
3.338992377495463e-06 -4.776444616894478e-20
3.3688048094373864e-06 -5.1815213229490834e-20
3.39861724137931e-06 -4.426284620244356e-20
3.4284296733212343e-06 -3.565706795871696e-20
3.458242105263158e-06 -4.5320161120065966e-20
3.4880545372050813e-06 -5.813094307663353e-20
3.5178669691470057e-06 -4.661200887838785e-20
3.547679401088929e-06 -3.603843255042189e-20
3.5774918330308527e-06 -4.8969992837207877e-20
3.6073042649727767e-06 -5.707525370480938e-20
3.6371166969147e-06 -4.9221296753121224e-20
3.666929128856624e-06 -4.26760991355579e-20
3.6967415607985485e-06 -4.649504291371135e-20
3.726553992740472e-06 -6.025931883578455e-20
3.756366424682396e-06 -5.7253332442334e-20
3.7861788566243194e-06 -4.1439905142152093e-20
3.815991288566243e-06 -4.986072042567805e-20
3.845803720508167e-06 -6.109655682039519e-20
3.87561615245009e-06 -5.477759579872087e-20
3.905428584392014e-06 -4.746020482711175e-20
3.935241016333938e-06 -4.6110037423979356e-20
3.965053448275863e-06 -5.97564091635028e-20
3.994865880217786e-06 -6.448465037039319e-20
4.02467831215971e-06 -4.589628625262422e-20
4.054490744101633e-06 -4.7212418594439115e-20
4.084303176043557e-06 -6.475288412136947e-20
4.114115607985481e-06 -6.122927377418637e-20
4.1439280399274045e-06 -5.1416393083523776e-20
4.173740471869329e-06 -4.947300746116919e-20
4.203552903811252e-06 -5.737280051076418e-20
4.233365335753176e-06 -6.881457710592799e-20
4.263177767695099e-06 -5.3163866762076757e-20
4.292990199637024e-06 -4.4129006971412414e-20
4.322802631578947e-06 -6.250187970874378e-20
4.352615063520871e-06 -6.423280383136949e-20
4.382427495462794e-06 -5.630888174698573e-20
4.412239927404718e-06 -4.9159123685432165e-20
4.442052359346643e-06 -5.460771506056136e-20
4.4718647912885665e-06 -7.199465694561194e-20
4.50167722323049e-06 -5.842777251056809e-20
4.5314896551724136e-06 -4.3951752953319593e-20
4.561302087114337e-06 -6.034730006502377e-20
4.5911145190562614e-06 -6.803853199684613e-20
4.620926950998185e-06 -5.846163728658362e-20
4.650739382940109e-06 -5.060899923679412e-20
4.680551814882033e-06 -5.367771466503932e-20
4.710364246823956e-06 -6.714563409471817e-20
4.74017667876588e-06 -6.339619610198076e-20
4.769989110707804e-06 -4.5272529253185837e-20
4.799801542649728e-06 -5.45184622513199e-20
4.829613974591651e-06 -7.020115344808103e-20
4.859426406533575e-06 -6.160657738070639e-20
4.889238838475498e-06 -5.008927038484415e-20
4.9190512704174234e-06 -5.2701521526554e-20
4.948863702359347e-06 -6.766509722399245e-20
4.9786761343012705e-06 -6.895988147359499e-20
5.008488566243194e-06 -4.849692461191778e-20
5.0383009981851175e-06 -4.74541451018424e-20
5.068113430127042e-06 -6.893801026300601e-20
5.097925862068965e-06 -6.647956741680406e-20
5.12773829401089e-06 -5.046492340421586e-20
5.157550725952813e-06 -5.1988894492338744e-20
5.187363157894737e-06 -6.423020968737567e-20
5.21717558983666e-06 -7.113416372100562e-20
5.246988021778585e-06 -5.478057626233797e-20
5.276800453720508e-06 -4.6714640032182206e-20
5.306612885662432e-06 -6.674907893283207e-20
5.336425317604355e-06 -7.015524517546013e-20
5.366237749546279e-06 -5.533312005304929e-20
5.396050181488204e-06 -4.991997986615113e-20
5.425862613430127e-06 -6.078703512131143e-20
5.455675045372051e-06 -7.246287917421452e-20
5.485487477313974e-06 -5.882916897640507e-20
5.515299909255898e-06 -4.598036180144303e-20
5.545112341197821e-06 -6.342331557506015e-20
5.574924773139746e-06 -7.38134618528023e-20
5.60473720508167e-06 -5.908088909545197e-20
5.634549637023594e-06 -5.0751469154935123e-20
5.664362068965517e-06 -5.99190606355006e-20
5.694174500907441e-06 -7.236142959358469e-20
5.723986932849365e-06 -6.491130986239259e-20
5.7537993647912885e-06 -4.750952582034015e-20
5.783611796733212e-06 -5.670882637465613e-20
5.8134242286751356e-06 -7.350594800511152e-20
5.843236660617059e-06 -6.417204533835367e-20
5.8730490925589834e-06 -5.014175684377951e-20
5.902861524500908e-06 -5.634508181541816e-20
5.932673956442831e-06 -7.126207321874268e-20
5.962486388384755e-06 -7.004073183460137e-20
5.992298820326678e-06 -4.945685625895596e-20
6.022111252268602e-06 -5.080306298017304e-20
6.051923684210526e-06 -7.431380971212358e-20
6.0817361161524506e-06 -6.759745920276678e-20
6.111548548094374e-06 -4.884672760926065e-20
6.1413609800362976e-06 -5.321785263159118e-20
6.171173411978221e-06 -6.715421180592585e-20
6.2009858439201454e-06 -6.975246920777947e-20
6.230798275862069e-06 -5.1977082226122373e-20
6.2606107078039925e-06 -4.638554539784407e-20
6.290423139745916e-06 -6.944823021440071e-20
6.3202355716878395e-06 -7.163432839574773e-20
6.350048003629764e-06 -4.895819560577482e-20
6.379860435571688e-06 -4.814293375802279e-20
6.409672867513612e-06 -6.496406411162062e-20
6.439485299455535e-06 -7.048022578958878e-20
6.469297731397459e-06 -5.446996563394841e-20
6.499110163339382e-06 -4.1589077749618646e-20
6.528922595281307e-06 -5.995175067035649e-20
6.558735027223231e-06 -7.183853222743503e-20
6.5885474591651545e-06 -5.120862842668999e-20
6.618359891107078e-06 -4.280287030337502e-20
6.6481723230490015e-06 -5.748185882975394e-20
6.677984754990926e-06 -6.690508911770079e-20
6.707797186932849e-06 -5.670669063387204e-20
6.737609618874773e-06 -3.9815565723116786e-20
6.767422050816696e-06 -5.1837004381908427e-20
6.79723448275862e-06 -6.856344244873629e-20
6.827046914700544e-06 -5.317542526031358e-20
6.856859346642469e-06 -3.8935372281748797e-20
6.886671778584392e-06 -4.875116371445331e-20
6.916484210526316e-06 -6.235661626321598e-20
6.946296642468239e-06 -5.552452047969483e-20
6.976109074410163e-06 -3.6829886736896345e-20
7.005921506352087e-06 -4.2457013892942325e-20
7.035733938294011e-06 -6.323762117883052e-20
7.065546370235935e-06 -5.519902882714687e-20
7.095358802177858e-06 -3.472476222883596e-20
7.125171234119782e-06 -4.124424835216018e-20
7.1549836660617054e-06 -5.832445781542353e-20
7.18479609800363e-06 -5.595952773674593e-20
7.214608529945553e-06 -3.5148422823544505e-20
7.244420961887477e-06 -3.336715010036297e-20
7.2742333938294e-06 -5.631719646661118e-20
7.304045825771324e-06 -5.506951451918677e-20
7.333858257713248e-06 -3.231815343725663e-20
7.363670689655172e-06 -3.210925337969677e-20
7.393483121597097e-06 -4.999968849998336e-20
7.4232955535390204e-06 -5.239731732373623e-20
7.453107985480944e-06 -3.5419031706875845e-20
7.4829204174228675e-06 -2.687757479291434e-20
7.512732849364792e-06 -4.54698481805764e-20
7.542545281306715e-06 -5.537129692877768e-20
7.572357713248639e-06 -3.170429119304699e-20
7.602170145190562e-06 -2.531938405809834e-20
7.631982577132487e-06 -4.174795942266965e-20
7.66179500907441e-06 -4.683648928364524e-20
7.691607441016334e-06 -3.67476876250878e-20
7.721419872958258e-06 -2.013992448791067e-20
7.75123230490018e-06 -3.4008883586389e-20
7.781044736842105e-06 -5.0920235840441626e-20
7.810857168784028e-06 -2.9976900217093606e-20
7.840669600725952e-06 -1.8782955676904286e-20
7.870482032667876e-06 -3.311158930413173e-20
7.900294464609801e-06 -4.342440423742308e-20
7.930106896551725e-06 -3.3916918250350916e-20
7.959919328493648e-06 -1.639881970622359e-20
7.989731760435572e-06 -2.409302996111249e-20
8.019544192377495e-06 -4.316486124959824e-20
8.04935662431942e-06 -3.1011878328713644e-20
8.079169056261344e-06 -1.1398705156908331e-20
8.108981488203266e-06 -2.3236379947813004e-20
8.13879392014519e-06 -3.8276226103651516e-20
8.168606352087113e-06 -3.1872415491267365e-20
8.198418784029038e-06 -1.5535275249870758e-20
8.228231215970962e-06 -1.4488102893543143e-20
8.258043647912885e-06 -3.5820074757435194e-20
8.287856079854809e-06 -3.239674070343352e-20
8.317668511796732e-06 -8.091819706485565e-21
8.347480943738658e-06 -1.4521317097517206e-20
8.377293375680582e-06 -3.080639017745347e-20
8.407105807622505e-06 -2.7190613666136287e-20
8.436918239564429e-06 -1.1436784510893259e-20
8.466730671506352e-06 -6.939839589359256e-21
8.496543103448276e-06 -2.6130500765216853e-20
8.526355535390199e-06 -3.168458960362547e-20
8.556167967332123e-06 -8.648383394721777e-21
8.585980399274048e-06 -3.273703253241404e-21
8.61579283121597e-06 -2.5026878337074384e-20
8.645605263157895e-06 -2.751631864116979e-20
8.675417695099817e-06 -9.651437619365786e-21
8.705230127041742e-06 -1.864096930821765e-21
8.735042558983666e-06 -1.4910528129557288e-20
8.764854990925589e-06 -2.783289313193631e-20
8.794667422867513e-06 -8.540993571524079e-21
8.824479854809436e-06 3.385317586586753e-21
8.854292286751362e-06 -1.6244132017014507e-20
8.884104718693286e-06 -2.2917707049333068e-20
8.913917150635209e-06 -9.525289656779362e-21
8.943729582577133e-06 1.2753763647817244e-21
8.973542014519056e-06 -7.009956664048671e-21
9.00335444646098e-06 -2.2763487269763624e-20
9.033166878402904e-06 -1.1535871484148321e-20
9.062979310344827e-06 5.595173786207844e-21
9.092791742286751e-06 -7.289631176440862e-21
9.122604174228674e-06 -1.9767956234494722e-20
9.152416606170598e-06 -8.672824879154067e-21
9.182229038112523e-06 3.0737186764887877e-21
9.212041470054446e-06 -8.413039066016794e-22
9.24185390199637e-06 -1.7388817457670796e-20
9.271666333938293e-06 -1.287305851369252e-20
9.301478765880219e-06 7.926465543925755e-21
9.331291197822141e-06 -1.116080439831375e-21
9.361103629764066e-06 -1.421878904628393e-20
9.39091606170599e-06 -7.893856827018161e-21
9.420728493647913e-06 1.864032136903265e-21
9.450540925589837e-06 5.7695913979320734e-21
9.48035335753176e-06 -8.793574176303417e-21
9.510165789473684e-06 -1.2357972378383156e-20
9.539978221415608e-06 8.357333611317755e-21
9.569790653357531e-06 8.054945177272368e-21
9.599603085299455e-06 -1.0888225784945676e-20
9.629415517241378e-06 -8.617976927307815e-21
9.659227949183302e-06 4.986298522149159e-21
9.689040381125227e-06 7.913047940180435e-21
9.71885281306715e-06 9.92589885756111e-23
9.748665245009074e-06 -1.1107796084501546e-20
9.778477676950996e-06 2.946141450677583e-21
9.808290108892923e-06 1.6457986707404935e-20
9.838102540834847e-06 -3.515523169097429e-21
9.86791497277677e-06 -8.729095338835343e-21
9.897727404718694e-06 6.66222235291825e-21
9.927539836660617e-06 1.3781435212708397e-20
9.957352268602541e-06 5.859118912872289e-21
9.987164700544465e-06 -8.142567767509928e-21
1.0016977132486388e-05 3.59488226648526e-21
1.0046789564428312e-05 1.940246350661093e-20
1.0076601996370235e-05 5.407936291359292e-21
1.010641442831216e-05 -4.539906288400323e-21
1.0136226860254084e-05 6.859244153567148e-21
1.0166039292196006e-05 1.6380243210364003e-20
1.019585172413793e-05 1.374247147794585e-20
1.0225664156079853e-05 -1.2042145599976366e-22
1.025547658802178e-05 4.0912681548152134e-21
1.0285289019963702e-05 2.3896493915678544e-20
1.0315101451905626e-05 1.464027511752027e-20
1.034491388384755e-05 1.0226279574836114e-21
1.0374726315789473e-05 9.053750703328286e-21
1.0404538747731398e-05 1.977498701628495e-20
1.043435117967332e-05 1.995918607988895e-20
1.0464163611615245e-05 8.044821208355727e-21
1.049397604355717e-05 6.894413024289856e-21
1.0523788475499092e-05 2.287031859600185e-20
1.0553600907441016e-05 2.6152777978780817e-20
1.0583413339382939e-05 9.360916572856352e-21
1.0613225771324863e-05 1.0428881767061774e-20
1.0643038203266788e-05 2.7656406575997515e-20
1.067285063520871e-05 2.5647045915771182e-20
1.0702663067150635e-05 1.6389123785801596e-20
1.0732475499092557e-05 1.299500198854803e-20
1.0762287931034483e-05 2.3633368299502986e-20
1.0792100362976408e-05 3.3751494922223136e-20
1.082191279491833e-05 1.7258742197984137e-20
1.0851725226860255e-05 1.4130567895921994e-20
1.0881537658802177e-05 2.979270639239524e-20
1.0911350090744102e-05 3.289058309774998e-20
1.0941162522686026e-05 2.7225057271564056e-20
1.0970974954627949e-05 1.7923383743958784e-20
1.1000787386569873e-05 2.6318583695734442e-20
1.1030599818511796e-05 4.0309717527428175e-20
1.106041225045372e-05 2.807479861077013e-20
1.1090224682395643e-05 2.0446440304028376e-20
1.1120037114337567e-05 3.194538783616383e-20
1.1149849546279492e-05 3.782112650686808e-20
1.1179661978221414e-05 3.5227168789598275e-20
1.120947441016334e-05 2.434092393433501e-20
1.1239286842105263e-05 2.6500850387959262e-20
1.1269099274047187e-05 4.566668092631445e-20
1.1298911705989112e-05 3.963228050921291e-20
1.1328724137931034e-05 2.6053227270830964e-20
1.1358536569872959e-05 3.358905055209154e-20
1.1388349001814881e-05 4.3097683152680636e-20
1.1418161433756806e-05 4.195425090041983e-20
1.144797386569873e-05 3.207820701220407e-20
1.1477786297640653e-05 3.0560585456690415e-20
1.1507598729582577e-05 4.425323819594224e-20
1.15374111615245e-05 4.8706046171834167e-20
1.1567223593466424e-05 3.3476453687741044e-20
1.1597036025408348e-05 3.23588425552296e-20
1.1626848457350271e-05 4.7661694179603194e-20
1.1656660889292195e-05 4.866602293781579e-20
1.1686473321234118e-05 3.9519611747723924e-20
1.1716285753176044e-05 3.40779451053319e-20
1.1746098185117967e-05 4.5180697134748037e-20
1.1775910617059891e-05 5.52611040817297e-20
1.1805723049001816e-05 4.1230946971045147e-20
1.1835535480943738e-05 3.526506670379534e-20
1.1865347912885663e-05 4.8340073918239885e-20
1.1895160344827585e-05 5.273191138616326e-20
1.192497277676951e-05 4.5946975747640935e-20
1.1954785208711434e-05 3.8152306625671e-20
1.1984597640653357e-05 4.506790043795715e-20
1.2014410072595281e-05 5.943208484462799e-20
1.2044222504537204e-05 4.933091693196736e-20
1.2074034936479128e-05 3.909437485776005e-20
1.2103847368421052e-05 4.944581655651429e-20
1.2133659800362975e-05 5.668239196812607e-20
1.2163472232304901e-05 5.355275015256825e-20
1.2193284664246824e-05 4.3836793117827866e-20
1.2223097096188748e-05 4.4910528815112605e-20
1.2252909528130672e-05 5.938938114941293e-20
1.2282721960072595e-05 5.705693268842756e-20
1.231253439201452e-05 4.323494604218701e-20
1.2342346823956442e-05 4.7831227611292077e-20
1.2372159255898367e-05 6.040891482998949e-20
1.2401971687840291e-05 5.949817931994337e-20
1.2431784119782214e-05 4.928401007752074e-20
1.2461596551724138e-05 4.652560517054367e-20
1.249140898366606e-05 6.033693749910707e-20
1.2521221415607985e-05 6.511203821327326e-20
1.255103384754991e-05 4.9323368515906794e-20
1.2580846279491832e-05 4.657159868016676e-20
1.2610658711433756e-05 6.089102581249651e-20
1.2640471143375679e-05 6.476273604386902e-20
1.2670283575317605e-05 5.437961248789429e-20
1.2700096007259528e-05 4.890663299854585e-20
1.2729908439201452e-05 5.901938842481199e-20
1.2759720871143376e-05 6.881123751700173e-20
1.2789533303085299e-05 5.755203044061657e-20
1.2819345735027223e-05 4.8767701880132617e-20
1.2849158166969146e-05 6.279815629684723e-20
1.287897059891107e-05 6.803899262361983e-20
1.2908783030852995e-05 6.033770953432399e-20
1.2938595462794917e-05 5.336978501278524e-20
1.2968407894736842e-05 5.712736351437529e-20
1.2998220326678765e-05 7.222549520843768e-20
1.3028032758620689e-05 6.471793503678176e-20
1.3057845190562613e-05 5.1346563449225274e-20
1.3087657622504536e-05 6.112383782348991e-20
1.3117470054446462e-05 7.158893246363957e-20
1.3147282486388385e-05 6.762936833383291e-20
1.3177094918330309e-05 5.673669365470614e-20
1.3206907350272233e-05 5.836573660577058e-20
1.3236719782214156e-05 7.300706968312304e-20
1.326653221415608e-05 7.328732211145691e-20
1.3296344646098003e-05 5.611454918250975e-20
1.3326157078039927e-05 5.785037350429062e-20
1.3355969509981852e-05 7.411703465442733e-20
1.3385781941923774e-05 7.21484011138987e-20
1.3415594373865699e-05 6.178682754094839e-20
1.3445406805807621e-05 5.842282071238496e-20
1.3475219237749546e-05 7.283484835015755e-20
1.350503166969147e-05 8.096892805532545e-20
1.3534844101633393e-05 6.125855803054206e-20
1.3564656533575317e-05 6.000324450010852e-20
1.359446896551724e-05 7.564449200152769e-20
1.3624281397459166e-05 7.707038529380057e-20
1.3654093829401089e-05 6.849126455659708e-20
1.3683906261343013e-05 6.04342089174222e-20
1.3713718693284937e-05 7.196320394614226e-20
1.374353112522686e-05 8.31003537743977e-20
1.3773343557168784e-05 6.99147454152415e-20
1.3803155989110707e-05 6.078796579113399e-20
1.3832968421052631e-05 7.487022341350184e-20
1.3862780852994556e-05 8.437200613401669e-20
1.3892593284936478e-05 7.387028603878994e-20
1.3922405716878403e-05 6.439701610076479e-20
1.3952218148820325e-05 7.273541600315584e-20
1.398203058076225e-05 8.775450901585803e-20
1.4011843012704174e-05 7.815425783473847e-20
1.4041655444646097e-05 6.406896042521667e-20
1.4071467876588023e-05 7.542846241188222e-20
1.4101280308529945e-05 8.562801160051303e-20
1.413109274047187e-05 7.960262891235e-20
1.4160905172413792e-05 6.831554127962788e-20
1.4190717604355717e-05 7.226789519424724e-20
1.4220530036297641e-05 8.897484138273035e-20
1.4250342468239564e-05 8.582917918784537e-20
1.4280154900181488e-05 6.919840679134624e-20
1.4309967332123411e-05 7.455036329236523e-20
1.4339779764065335e-05 9.126717125673254e-20
1.436959219600726e-05 8.65378127163824e-20
1.4399404627949182e-05 7.230449641190339e-20
1.4429217059891107e-05 7.447693620825051e-20
1.445902949183303e-05 8.80732769576803e-20
1.4488841923774954e-05 9.347823081929903e-20
1.4518654355716878e-05 7.684828511034668e-20
1.45484667876588e-05 6.999106113183302e-20
1.4578279219600725e-05 9.261238587309478e-20
1.4608091651542648e-05 9.49594287392612e-20
1.4637904083484572e-05 7.868920241537272e-20
1.4667716515426496e-05 7.617381045760498e-20
1.4697528947368419e-05 8.779179952205931e-20
1.4727341379310343e-05 9.874426985021294e-20
1.4757153811252266e-05 8.194808275981841e-20
1.4786966243194194e-05 7.263892547415751e-20
1.4816778675136116e-05 9.143622761978237e-20
1.4846591107078041e-05 9.64014525816608e-20
1.4876403539019965e-05 8.498466817004951e-20
1.4906215970961888e-05 7.780990318963423e-20
1.4936028402903812e-05 8.701871391888751e-20
1.4965840834845735e-05 1.006164198966193e-19
1.499565326678766e-05 8.969676438915523e-20
1.5025465698729584e-05 7.491508289793638e-20
1.5055278130671506e-05 8.956937264304454e-20
1.508509056261343e-05 1.017650867438863e-19
1.5114902994555353e-05 8.850264456387575e-20
1.5144715426497278e-05 7.894667888759014e-20
1.5174527858439202e-05 8.527178560463206e-20
1.5204340290381125e-05 9.815817739242776e-20
1.5234152722323049e-05 9.605350703808608e-20
1.5263965154264973e-05 7.62751688378732e-20
1.5293777586206898e-05 8.024343960030351e-20
1.532359001814882e-05 1.0148279843391827e-19
1.5353402450090743e-05 9.422829337249377e-20
1.5383214882032667e-05 7.852320280801603e-20
1.5413027313974592e-05 8.218075319824807e-20
1.5442839745916516e-05 9.585493362231491e-20
1.5472652177858437e-05 9.830641607791434e-20
1.550246460980036e-05 7.822687022243514e-20
1.5532277041742286e-05 7.652571689545045e-20
1.556208947368421e-05 9.640644858770261e-20
1.5591901905626135e-05 9.488296142242733e-20
1.5621714337568056e-05 7.969769675439645e-20
1.565152676950998e-05 7.700619386720202e-20
1.5681339201451904e-05 9.145956151392758e-20
1.571115163339383e-05 9.796576410508685e-20
1.5740964065335753e-05 8.14127459490554e-20
1.5770776497277677e-05 7.364369702449157e-20
1.5800588929219602e-05 9.083054357240263e-20
1.5830401361161526e-05 9.769070848356932e-20
1.586021379310345e-05 7.936810701888522e-20
1.589002622504537e-05 7.191126813924343e-20
1.5919838656987296e-05 8.609082466914445e-20
1.594965108892922e-05 9.489294667188816e-20
1.5979463520871144e-05 8.269745925895676e-20
1.600927595281307e-05 6.862573780153559e-20
1.603908838475499e-05 8.284509690140027e-20
1.6068900816696914e-05 9.68354961100599e-20
1.609871324863884e-05 7.991902772851132e-20
1.6128525680580763e-05 6.919735693027617e-20
1.6158338112522687e-05 8.093962089262727e-20
1.6188150544464608e-05 9.092245214105658e-20
1.6217962976406533e-05 8.478699205607154e-20
1.6247775408348457e-05 6.767363322432035e-20
1.627758784029038e-05 7.293173672036336e-20
1.6307400272232306e-05 9.108091015251432e-20
1.6337212704174227e-05 8.140875572965339e-20
1.636702513611615e-05 6.594360228992928e-20
1.6396837568058075e-05 7.21034427424067e-20
1.642665e-05 8.653891888842502e-20
1.6456462431941924e-05 8.415612935699301e-20
1.6486274863883845e-05 6.572938508464597e-20
1.651608729582577e-05 6.586438924936284e-20
1.6545899727767694e-05 8.584330147380259e-20
1.6575712159709618e-05 8.371215795052644e-20
1.6605524591651542e-05 6.335391693365026e-20
1.6635337023593463e-05 6.475070679807457e-20
1.6665149455535388e-05 8.028156255007043e-20
1.6694961887477316e-05 8.146890637805962e-20
1.672477431941924e-05 6.530311831668622e-20
1.6754586751361164e-05 5.905672951222864e-20
1.6784399183303085e-05 7.781432745532636e-20
1.681421161524501e-05 8.24500955552179e-20
1.6844024047186934e-05 6.342496529101088e-20
1.6873836479128858e-05 5.954914701676487e-20
1.6903648911070783e-05 7.417910967230022e-20
1.6933461343012704e-05 7.894639531238e-20
1.6963273774954628e-05 6.42270818623178e-20
1.6993086206896552e-05 5.537826319683824e-20
1.7022898638838477e-05 6.806655525721017e-20
1.7052711070780398e-05 7.768444083127329e-20
1.7082523502722322e-05 6.452679185973362e-20
1.7112335934664246e-05 5.166263613527859e-20
1.714214836660617e-05 6.404508313645089e-20
1.7171960798548095e-05 7.594483649470726e-20
1.7201773230490016e-05 6.432436330525484e-20
1.723158566243194e-05 5.095608731240411e-20
1.7261398094373865e-05 5.810906318722543e-20
1.729121052631579e-05 7.395531915410696e-20
1.7321022958257713e-05 6.384928765570501e-20
1.7350835390199634e-05 4.6072778482740825e-20
1.738064782214156e-05 5.519801804802755e-20
1.7410460254083483e-05 6.705501875782143e-20
1.7440272686025408e-05 6.172811888858922e-20
1.7470085117967332e-05 4.5939473246725697e-20
1.7499897549909253e-05 4.71443854927915e-20
1.7529709981851177e-05 6.61680305534537e-20
1.75595224137931e-05 6.18520949377752e-20
1.7589334845735026e-05 4.317897669738392e-20
1.761914727767695e-05 4.544543898963842e-20
1.764895970961887e-05 6.168849528966171e-20
1.76787721415608e-05 5.944815629172283e-20
1.7708584573502723e-05 4.130543376830275e-20
1.7738397005444648e-05 4.0406580009658615e-20
1.7768209437386572e-05 5.603770505839529e-20
1.7798021869328493e-05 5.717189352561663e-20
1.7827834301270417e-05 3.953055758672374e-20
1.7857646733212342e-05 3.6467540994956544e-20
1.7887459165154266e-05 4.9934835294808514e-20
1.791727159709619e-05 5.231777936999829e-20
1.794708402903811e-05 3.9994709913993087e-20
1.7976896460980036e-05 3.148565394595768e-20
1.800670889292196e-05 4.357420179188411e-20
1.8036521324863885e-05 5.211491682579975e-20
1.806633375680581e-05 3.5275659860932723e-20
1.809614618874773e-05 2.6513511246540182e-20
1.8125958620689654e-05 3.8839710411951075e-20
1.815577105263158e-05 4.4888671513232444e-20
1.8185583484573503e-05 3.564655556188068e-20
1.8215395916515427e-05 2.270682444955476e-20
1.8245208348457348e-05 3.071753103560736e-20
1.8275020780399273e-05 4.5476880925918845e-20
1.8304833212341197e-05 3.1655476593350595e-20
1.833464564428312e-05 1.8307366966268086e-20
1.8364458076225046e-05 2.674426650518178e-20
1.8394270508166967e-05 3.6264170161986043e-20
1.842408294010889e-05 2.9730611097192604e-20
1.8453895372050815e-05 1.4429971143156435e-20
1.848370780399274e-05 1.8852655626377237e-20
1.8513520235934664e-05 3.202534449842082e-20
1.8543332667876585e-05 2.531231807304464e-20
1.857314509981851e-05 1.0107223723112214e-20
1.8602957531760437e-05 1.2757001480118144e-20
1.863276996370236e-05 2.588355136309297e-20
1.8662582395644283e-05 2.1859227454242194e-20
1.8692394827586207e-05 8.38270074966426e-21
1.872220725952813e-05 5.6700112718358344e-21
1.8752019691470056e-05 1.8701211170229242e-20
1.878183212341198e-05 2.026672839150079e-20
1.88116445553539e-05 1.6200725555127876e-21
1.8841456987295825e-05 7.117386399839315e-22
1.887126941923775e-05 1.1997426005941679e-20
1.8901081851179674e-05 1.172293869529736e-20
1.89308942831216e-05 -7.109775172744331e-22
1.896070671506352e-05 -7.656455583308486e-21
1.8990519147005444e-05 5.932568281461855e-21
1.9020331578947368e-05 9.784371234021936e-21
1.9050144010889292e-05 -5.662518878121098e-21
1.9079956442831217e-05 -1.1082329333397949e-20
1.9109768874773138e-05 -1.8227664030725385e-21
1.9139581306715062e-05 2.5445965350221854e-21
1.9169393738656986e-05 -7.668547995638567e-21
1.919920617059891e-05 -1.8341312279067178e-20
1.9229018602540835e-05 -1.0913674241014991e-20
1.9258831034482756e-05 2.8003350813078027e-22
1.928864346642468e-05 -1.1806022292141566e-20
1.9318455898366605e-05 -2.5756790361802774e-20
1.934826833030853e-05 -1.5823714605555258e-20
1.9378080762250454e-05 -9.377121418030291e-21
1.9407893194192375e-05 -1.8262801321131872e-20
1.94377056261343e-05 -2.687544139849672e-20
1.9467518058076223e-05 -2.6736489470188468e-20
1.9497330490018148e-05 -1.491220226710034e-20
1.9527142921960072e-05 -2.1127797264857893e-20
1.9556955353901993e-05 -3.978615949455375e-20
1.958676778584392e-05 -3.207347961700483e-20
1.9616580217785845e-05 -2.2216192621999215e-20
1.964639264972777e-05 -2.903853304874088e-20
1.9676205081669694e-05 -3.970154944880099e-20
1.9706017513611615e-05 -4.270784012603951e-20
1.973582994555354e-05 -2.968409439801826e-20
1.9765642377495463e-05 -2.780324476589652e-20
1.9795454809437388e-05 -4.6431402261109705e-20
1.9825267241379312e-05 -4.844152347555454e-20
1.9855079673321233e-05 -3.492590489531728e-20
1.9884892105263157e-05 -3.782308048935614e-20
1.9914704537205082e-05 -5.067456472277254e-20
1.9944516969147006e-05 -5.468626864332101e-20
1.997432940108893e-05 -4.619178268850476e-20
2.000414183303085e-05 -4.050926943660797e-20
2.0033954264972776e-05 -5.627548145847069e-20
2.00637666969147e-05 -6.452741353191886e-20
2.0093579128856625e-05 -4.870209277651635e-20
2.012339156079855e-05 -4.6504640772610897e-20
2.015320399274047e-05 -5.945327684467898e-20
2.0183016424682394e-05 -6.548198058409264e-20
2.021282885662432e-05 -6.004663396604085e-20
2.0242641288566243e-05 -5.028469748173407e-20
2.0272453720508167e-05 -6.046613025557202e-20
2.030226615245009e-05 -7.437644453113446e-20
2.0332078584392013e-05 -6.417704474331091e-20
2.0361891016333937e-05 -5.718409926491596e-20
2.039170344827586e-05 -6.707948135568111e-20
2.0421515880217786e-05 -7.475998078440313e-20
2.0451328312159707e-05 -7.263117822287385e-20
2.048114074410163e-05 -6.18091129609682e-20
2.051095317604356e-05 -6.566508823961492e-20
2.0540765607985483e-05 -8.233637827596112e-20
2.0570578039927404e-05 -7.54853274039486e-20
2.060039047186933e-05 -6.520981181020742e-20
2.0630202903811253e-05 -7.329670336728595e-20
2.0660015335753177e-05 -8.22844141586067e-20
2.06898277676951e-05 -8.387470974219816e-20
2.0719640199637023e-05 -7.396972860089481e-20
2.0749452631578947e-05 -7.253230126627755e-20
2.077926506352087e-05 -8.830223703739671e-20
2.0809077495462796e-05 -8.927727679815283e-20
2.083888992740472e-05 -7.59707062221778e-20
2.086870235934664e-05 -7.630210501595673e-20
2.0898514791288565e-05 -8.802819583552958e-20
2.092832722323049e-05 -9.218954256339525e-20
2.0958139655172414e-05 -8.35918045540326e-20
2.098795208711434e-05 -7.805541880321945e-20
2.101776451905626e-05 -9.137492164372992e-20
2.1047576950998184e-05 -9.971740826330617e-20
2.1077389382940108e-05 -8.50556131832775e-20
2.1107201814882032e-05 -8.21224623482649e-20
2.1137014246823957e-05 -9.52481186935716e-20
2.1166826678765878e-05 -9.968412279886876e-20
2.1196639110707802e-05 -9.388938180348491e-20
2.1226451542649727e-05 -8.423395804981749e-20
2.125626397459165e-05 -9.294032773817397e-20
2.1286076406533575e-05 -1.0628993676320671e-19
2.1315888838475496e-05 -9.502835469529655e-20
2.134570127041742e-05 -8.836172827677972e-20
2.1375513702359345e-05 -9.902228712760702e-20
2.140532613430127e-05 -1.0668322451260682e-19
2.1435138566243194e-05 -1.0217911897678596e-19
2.1464950998185115e-05 -9.184771638624143e-20
2.1494763430127042e-05 -9.835721872935953e-20
2.1524575862068967e-05 -1.1233575096611683e-19
2.155438829401089e-05 -1.0545563189552974e-19
2.1584200725952815e-05 -9.396424938304238e-20
2.1614013157894736e-05 -1.0160433522963358e-19
2.164382558983666e-05 -1.120307087636597e-19
2.1673638021778585e-05 -1.0906828405824823e-19
2.170345045372051e-05 -1.0093680909883431e-19
2.1733262885662434e-05 -1.0111553670950924e-19
2.1763075317604355e-05 -1.1527053310538635e-19
2.179288774954628e-05 -1.1666025571327896e-19
2.1822700181488204e-05 -1.0062060498431569e-19
2.1852512613430128e-05 -1.0540656510881148e-19
2.1882325045372052e-05 -1.1732768777197073e-19
2.1912137477313973e-05 -1.148752557497113e-19
2.1941949909255898e-05 -1.082156440036384e-19
2.1971762341197822e-05 -1.0397057945928594e-19
2.2001574773139746e-05 -1.1609738792476018e-19
2.2031387205081667e-05 -1.2280420176025082e-19
2.206119963702359e-05 -1.0889710476706137e-19
2.2091012068965516e-05 -1.0525870378013357e-19
2.212082450090744e-05 -1.1808946863923316e-19
2.2150636932849365e-05 -1.2405956393328357e-19
2.2180449364791286e-05 -1.138670623241802e-19
2.221026179673321e-05 -1.083524093743348e-19
2.2240074228675134e-05 -1.1823117639854558e-19
2.226988666061706e-05 -1.2644368720841915e-19
2.2299699092558983e-05 -1.177559729001551e-19
2.2329511524500904e-05 -1.0872792511107517e-19
2.235932395644283e-05 -1.1865804403624129e-19
2.2389136388384753e-05 -1.269901143329056e-19
2.241894882032668e-05 -1.2059173961743432e-19
2.2448761252268605e-05 -1.1135562148915327e-19
2.2478573684210526e-05 -1.1687716601143926e-19
2.250838611615245e-05 -1.3101891818422073e-19
2.2538198548094375e-05 -1.2206791099879344e-19
2.25680109800363e-05 -1.106768400622252e-19
2.2597823411978223e-05 -1.1985713632930405e-19
2.2627635843920144e-05 -1.2822580487223426e-19
2.265744827586207e-05 -1.2512724265537075e-19
2.2687260707803993e-05 -1.1461851026385672e-19
2.2717073139745917e-05 -1.1524969541279503e-19
2.2746885571687842e-05 -1.2844896452008286e-19
2.2776698003629763e-05 -1.279117694508024e-19
2.2806510435571687e-05 -1.1384275706368995e-19
2.283632286751361e-05 -1.1618286385685384e-19
2.2866135299455536e-05 -1.294122465109071e-19
2.289594773139746e-05 -1.268811768163642e-19
2.292576016333938e-05 -1.1638408217483474e-19
2.2955572595281305e-05 -1.1624019185287692e-19
2.298538502722323e-05 -1.265443461162274e-19
2.3015197459165154e-05 -1.2808348655614596e-19
2.304500989110708e-05 -1.1557457887855427e-19
2.3074822323049e-05 -1.1365162085816718e-19
2.3104634754990924e-05 -1.2460706748477596e-19
2.3134447186932848e-05 -1.2488507120415524e-19
2.3164259618874773e-05 -1.1673596844632032e-19
2.3194072050816697e-05 -1.1301682806698277e-19
2.3223884482758618e-05 -1.20279400900781e-19
2.3253696914700542e-05 -1.2861890483831388e-19
2.3283509346642467e-05 -1.1684050722241023e-19
2.331332177858439e-05 -1.0960790020712998e-19
2.3343134210526315e-05 -1.2168543030949286e-19
2.3372946642468236e-05 -1.2403870819240682e-19
2.3402759074410164e-05 -1.164198437651637e-19
2.343257150635209e-05 -1.1068588972991726e-19
2.3462383938294013e-05 -1.1349484237882753e-19
2.3492196370235934e-05 -1.240219333320028e-19
2.3522008802177858e-05 -1.172810499375706e-19
2.3551821234119782e-05 -1.0505098738371715e-19
2.3581633666061707e-05 -1.1355712359556665e-19
2.361144609800363e-05 -1.2118584414879575e-19
2.3641258529945552e-05 -1.133866634922592e-19
2.3671070961887476e-05 -1.0649667379070478e-19
2.37008833938294e-05 -1.098153026270435e-19
2.3730695825771325e-05 -1.172835126626798e-19
2.376050825771325e-05 -1.1379624955427534e-19
2.379032068965517e-05 -1.0055190891486671e-19
2.3820133121597095e-05 -1.0408612396925291e-19
2.384994555353902e-05 -1.1522809567072844e-19
2.3879757985480944e-05 -1.0987126906873521e-19
2.3909570417422868e-05 -9.975997426110441e-20
2.393938284936479e-05 -1.0006795917822119e-19
2.3969195281306713e-05 -1.096611609326393e-19
2.3999007713248638e-05 -1.0855221750550412e-19
2.4028820145190562e-05 -9.596477410226472e-20
2.4058632577132486e-05 -9.645910885851677e-20
2.4088445009074407e-05 -1.0620856802371387e-19
2.4118257441016332e-05 -1.0422605917743999e-19
2.4148069872958256e-05 -9.31800607789116e-20
2.417788230490018e-05 -9.049114261186717e-20
2.4207694736842105e-05 -9.933306456176429e-20
2.4237507168784026e-05 -1.0111399588630258e-19
2.426731960072595e-05 -8.952949620213821e-20
2.4297132032667874e-05 -8.394225799393407e-20
2.4326944464609802e-05 -9.275768095638183e-20
2.4356756896551727e-05 -9.656794412268543e-20
2.4386569328493648e-05 -8.502917446687053e-20
2.4416381760435572e-05 -8.101098422329306e-20
2.4446194192377496e-05 -8.815164872867431e-20
2.447600662431942e-05 -8.960771251108227e-20
2.4505819056261345e-05 -8.13163950476962e-20
2.4535631488203266e-05 -7.300741474291051e-20
2.456544392014519e-05 -8.016135538412817e-20
2.4595256352087115e-05 -8.466323299531612e-20
2.462506878402904e-05 -7.601523316768469e-20
2.4654881215970963e-05 -7.045694207574544e-20
2.4684693647912884e-05 -7.075237561526153e-20
2.471450607985481e-05 -7.778097152782531e-20
2.4744318511796733e-05 -7.390684693863586e-20
2.4774130943738657e-05 -6.212076381447265e-20
2.4803943375680582e-05 -6.687138754599261e-20
2.4833755807622503e-05 -7.189379445429795e-20
2.4863568239564427e-05 -6.527056194515303e-20
2.489338067150635e-05 -5.797446183802141e-20
2.4923193103448276e-05 -5.85736726794017e-20
2.49530055353902e-05 -6.286627110759806e-20
2.498281796733212e-05 -6.041998308066192e-20
2.5012630399274046e-05 -5.1875664591968934e-20
2.504244283121597e-05 -5.019714933248458e-20
2.5072255263157894e-05 -5.847704818348053e-20
2.510206769509982e-05 -5.520388996347488e-20
2.513188012704174e-05 -4.3963601058942e-20
2.5161692558983664e-05 -4.515851536595424e-20
2.5191504990925588e-05 -4.973076642969603e-20
2.5221317422867513e-05 -4.917241037537761e-20
2.5251129854809437e-05 -4.051009005180198e-20
2.5280942286751358e-05 -3.3722395401502585e-20
2.5310754718693286e-05 -4.290026013579635e-20
2.534056715063521e-05 -4.2745662126849535e-20
2.5370379582577134e-05 -3.063087854258854e-20
2.5400192014519055e-05 -3.111679317832367e-20
2.543000444646098e-05 -3.428984287695851e-20
2.5459816878402904e-05 -3.4094715389696225e-20
2.548962931034483e-05 -2.941277641522922e-20
2.5519441742286753e-05 -2.226021597542834e-20
2.5549254174228674e-05 -2.7292625863158093e-20
2.5579066606170598e-05 -2.9525479068983255e-20
2.5608879038112523e-05 -2.0357640238399852e-20
2.5638691470054447e-05 -1.5902704828657412e-20
2.566850390199637e-05 -1.7872461804890783e-20
2.5698316333938292e-05 -2.066061166701667e-20
2.5728128765880217e-05 -1.6798787195900563e-20
2.575794119782214e-05 -8.36908385520703e-21
2.5787753629764065e-05 -1.0363301359015757e-20
2.581756606170599e-05 -1.528627588388389e-20
2.584737849364791e-05 -7.715569405781567e-21
2.5877190925589835e-05 -2.85341140493674e-21
2.590700335753176e-05 -5.985812457006008e-21
2.5936815789473684e-05 -5.215193428581358e-21
2.5966628221415608e-05 -2.582829868600054e-21
2.599644065335753e-05 3.503619192530558e-21
2.6026253085299453e-05 5.891463113772064e-21
2.6056065517241378e-05 -4.2407516053545635e-23
2.6085877949183302e-05 3.832996421342766e-21
2.6115690381125226e-05 1.2008249578577723e-20
2.6145502813067147e-05 1.0253050322119552e-20
2.6175315245009072e-05 1.0176011834003963e-20
2.6205127676950996e-05 1.1104332336330207e-20
2.6234940108892924e-05 1.407959766410143e-20
2.6264752540834848e-05 2.1069131114718218e-20
2.629456497277677e-05 1.677654510130137e-20
2.6324377404718694e-05 1.6466818730361192e-20
2.6354189836660618e-05 2.612942036826109e-20
2.6384002268602542e-05 2.786286816571646e-20
2.6413814700544467e-05 2.567292008870123e-20
2.6443627132486388e-05 2.6830590861717118e-20
2.6473439564428312e-05 3.124159320566366e-20
2.6503251996370236e-05 3.528762796525259e-20
2.653306442831216e-05 3.5459718416964674e-20
2.6562876860254085e-05 3.205446221483936e-20
2.6592689292196006e-05 3.778691243943918e-20
2.662250172413793e-05 4.461079869174111e-20
2.6652314156079855e-05 4.1379012370353235e-20
2.668212658802178e-05 4.3786414529695045e-20
2.6711939019963703e-05 4.6553342040522617e-20
2.6741751451905624e-05 5.0374676698563705e-20
2.677156388384755e-05 5.392110138407528e-20
2.6801376315789473e-05 5.0684716410878693e-20
2.6831188747731398e-05 5.494319482507929e-20
2.6861001179673322e-05 5.956530079483119e-20
2.6890813611615243e-05 5.97198321613017e-20
2.6920626043557167e-05 6.046228953577987e-20
2.695043847549909e-05 6.24439377975347e-20
2.6980250907441016e-05 6.746505319359762e-20
2.701006333938294e-05 6.891292763244359e-20
2.703987577132486e-05 6.823832879155321e-20
2.7069688203266786e-05 7.168975942416787e-20
2.709950063520871e-05 7.713462402041522e-20
2.7129313067150634e-05 7.810275929952302e-20
2.7159125499092555e-05 7.848779478652788e-20
2.718893793103448e-05 8.051381717433033e-20
2.7218750362976407e-05 8.380730633204552e-20
2.7248562794918332e-05 8.938812476332098e-20
2.7278375226860256e-05 8.843705396059425e-20
2.7308187658802177e-05 8.676608285087007e-20
2.73380000907441e-05 9.249344423152326e-20
2.7367812522686026e-05 9.6822279313861e-20
2.739762495462795e-05 9.690043318774076e-20
2.7427437386569875e-05 9.793270869078011e-20
2.7457249818511795e-05 1.0102075298816627e-19
2.748706225045372e-05 1.0539724850407671e-19
2.7516874682395644e-05 1.0791539154288942e-19
2.754668711433757e-05 1.070188038296777e-19
2.7576499546279493e-05 1.0948287314511702e-19
2.7606311978221414e-05 1.1493758678218785e-19
2.7636124410163338e-05 1.1508314394493466e-19
2.7665936842105263e-05 1.1386832534054355e-19
2.7695749274047187e-05 1.1641925998590719e-19
2.772556170598911e-05 1.2103727526596e-19
2.7755374137931032e-05 1.2573611036295924e-19
2.7785186569872957e-05 1.2437265213155734e-19
2.781499900181488e-05 1.248430600986963e-19
2.7844811433756805e-05 1.3195426539065923e-19
2.787462386569873e-05 1.3404648770877508e-19
2.790443629764065e-05 1.3338565536608561e-19
2.7934248729582575e-05 1.3433535045156915e-19
2.79640611615245e-05 1.3797611786759173e-19
2.7993873593466424e-05 1.4242515265079468e-19
2.8023686025408348e-05 1.414358308964135e-19
2.805349845735027e-05 1.4158244538472776e-19
2.8083310889292193e-05 1.461780279955936e-19
2.8113123321234118e-05 1.5017379766049213e-19
2.8142935753176046e-05 1.5045827500564652e-19
2.817274818511797e-05 1.504187908859167e-19
2.820256061705989e-05 1.5418405755590354e-19
2.8232373049001815e-05 1.5899404092132989e-19
2.826218548094374e-05 1.6052579424898444e-19
2.8291997912885664e-05 1.588727153475172e-19
2.8321810344827585e-05 1.6126349678990493e-19
2.835162277676951e-05 1.6633148717965089e-19
2.8381435208711434e-05 1.6740966073241727e-19
2.8411247640653355e-05 1.671338548435185e-19
2.8441060072595282e-05 1.6870675727290049e-19
2.8470872504537203e-05 1.7270080609036228e-19
2.8500684936479128e-05 1.7564525658651694e-19
2.853049736842105e-05 1.7373386761397644e-19
2.8560309800362976e-05 1.7733018091774136e-19
2.8590122232304897e-05 1.8325298426260974e-19
2.8619934664246822e-05 1.8315224976537748e-19
2.864974709618875e-05 1.8358627892863216e-19
2.867955952813067e-05 1.8289953310624226e-19
2.8709371960072598e-05 1.8749231546409801e-19
2.873918439201452e-05 1.933921726585282e-19
2.8768996823956444e-05 1.8912668258618016e-19
2.8798809255898365e-05 1.8909857060790877e-19
2.8828621687840292e-05 1.9544355409031782e-19
2.8858434119782213e-05 1.9886400021705388e-19
2.888824655172414e-05 1.980863657822053e-19
2.891805898366606e-05 1.9567806770628538e-19
2.8947871415607986e-05 2.012772353292075e-19
2.8977683847549907e-05 2.0766117235579285e-19
2.9007496279491835e-05 2.0442461080086762e-19
2.9037308711433756e-05 2.0252084971773921e-19
2.906712114337568e-05 2.073815939048064e-19
2.90969335753176e-05 2.1189535244189088e-19
2.912674600725953e-05 2.1241455610021223e-19
2.915655843920145e-05 2.0967797362005827e-19
2.9186370871143378e-05 2.110755614863591e-19
2.9216183303085295e-05 2.188117478233267e-19
2.9245995735027223e-05 2.1875154024358585e-19
2.9275808166969144e-05 2.1433345723871667e-19
2.9305620598911072e-05 2.188738252851302e-19
2.9335433030852993e-05 2.2444583714503635e-19
2.9365245462794917e-05 2.2564353384638276e-19
2.9395057894736838e-05 2.2231283809506567e-19
2.9424870326678766e-05 2.216866031643185e-19
2.9454682758620687e-05 2.306374319526806e-19
2.9484495190562615e-05 2.3111228526228527e-19
2.9514307622504532e-05 2.2494118780644802e-19
2.954412005444646e-05 2.281039357595962e-19
2.9573932486388388e-05 2.3422134121623294e-19
2.960374491833031e-05 2.3642025003203764e-19
2.9633557350272233e-05 2.329837629436453e-19
2.9663369782214154e-05 2.3148175743425635e-19
2.9693182214156082e-05 2.3828969038357236e-19
2.9722994646098003e-05 2.422034161662494e-19
2.975280707803993e-05 2.3701491856720014e-19
2.978261950998185e-05 2.363218338185476e-19
2.9812431941923776e-05 2.4277731030965005e-19
2.9842244373865697e-05 2.457694543379013e-19
2.9872056805807624e-05 2.431031725916062e-19
2.9901869237749545e-05 2.401160480966462e-19
2.993168166969147e-05 2.4536653148153903e-19
2.996149410163339e-05 2.5065743684988927e-19
2.999130653357532e-05 2.4648927307308947e-19
3.002111896551724e-05 2.4345169256610974e-19
3.0050931397459167e-05 2.500799809267468e-19
3.0080743829401088e-05 2.5599053913815133e-19
3.0110556261343013e-05 2.5199263515184817e-19
3.0140368693284934e-05 2.4785529409576564e-19
3.017018112522686e-05 2.528680026235249e-19
3.0199993557168782e-05 2.5981821834202484e-19
3.0229805989110707e-05 2.547553868372127e-19
3.0259618421052628e-05 2.50105672014268e-19
3.0289430852994555e-05 2.5584301056866626e-19
3.0319243284936476e-05 2.596129724660829e-19
3.0349055716878404e-05 2.6025832191282753e-19
3.0378868148820325e-05 2.559578998885641e-19
3.040868058076225e-05 2.5656045974917347e-19
3.043849301270417e-05 2.6647768369994753e-19
3.0468305444646098e-05 2.6482198913891103e-19
3.049811787658802e-05 2.578021908454706e-19
3.052793030852995e-05 2.6170688201967514e-19
3.0557742740471875e-05 2.6695141553539407e-19
3.0587555172413796e-05 2.6644404044563843e-19
3.0617367604355717e-05 2.616128684646417e-19
3.064718003629764e-05 2.6203260802623604e-19
3.0676992468239565e-05 2.696835767236328e-19
3.0706804900181486e-05 2.69941962449501e-19
3.0736617332123414e-05 2.641877273941066e-19
3.0766429764065335e-05 2.644869044866296e-19
3.079624219600726e-05 2.724133020960012e-19
3.0826054627949184e-05 2.736240239389044e-19
3.085586705989111e-05 2.678431022865233e-19
3.088567949183303e-05 2.6756644200486265e-19
3.091549192377495e-05 2.7124306965935035e-19
3.0945304355716874e-05 2.766096833328506e-19
3.09751167876588e-05 2.7040100382879347e-19
3.100492921960072e-05 2.6503877753544344e-19
3.103474165154265e-05 2.7509680479872803e-19
3.106455408348457e-05 2.764986613766943e-19
3.10943665154265e-05 2.717011566449158e-19
3.112417894736842e-05 2.700050430108956e-19
3.115399137931035e-05 2.7430849721313006e-19
3.118380381125227e-05 2.8105499634435405e-19
3.121361624319419e-05 2.7397447807225425e-19
3.124342867513611e-05 2.692347480862185e-19
3.127324110707804e-05 2.7644506693801973e-19
3.130305353901996e-05 2.782768938825959e-19
3.133286597096189e-05 2.740306139354772e-19
3.136267840290381e-05 2.713733920788769e-19
3.1392490834845736e-05 2.733167667153916e-19
3.142230326678766e-05 2.777850913100016e-19
3.1452115698729585e-05 2.7583002969916266e-19
3.1481928130671506e-05 2.7021771214113575e-19
3.151174056261343e-05 2.743242929068376e-19
3.1541552994555355e-05 2.7933820816558895e-19
3.1571365426497276e-05 2.755401051358666e-19
3.1601177858439203e-05 2.7116323430418757e-19
3.1630990290381124e-05 2.7102160664568327e-19
3.166080272232305e-05 2.7646929386369767e-19
3.169061515426497e-05 2.760880487551848e-19
3.17204275862069e-05 2.6683706985651935e-19
3.175024001814882e-05 2.6887880915118325e-19
3.178005245009074e-05 2.7629853113819733e-19
3.1809864882032664e-05 2.720323402069377e-19
3.183967731397459e-05 2.668139315062025e-19
3.186948974591651e-05 2.6674042133218274e-19
3.189930217785844e-05 2.708608293218658e-19
3.192911460980036e-05 2.7415267033080282e-19
3.195892704174229e-05 2.6562125420276956e-19
3.198873947368421e-05 2.625525717631052e-19
3.201855190562614e-05 2.708019201970413e-19
3.204836433756806e-05 2.6908777455673547e-19
3.207817676950998e-05 2.612573239387697e-19
3.21079892014519e-05 2.600734755508165e-19
3.213780163339383e-05 2.645485019259524e-19
3.216761406533575e-05 2.6570284753913015e-19
3.219742649727768e-05 2.5912022824956614e-19
3.22272389292196e-05 2.542026722478813e-19
3.2257051361161526e-05 2.6167871834311096e-19
3.228686379310345e-05 2.639510293240342e-19
3.2316676225045374e-05 2.525249798600627e-19
3.2346488656987295e-05 2.537740940859931e-19
3.2376301088929216e-05 2.568665423386315e-19
3.240611352087114e-05 2.5407824592592515e-19
3.2435925952813065e-05 2.536147734294631e-19
3.246573838475499e-05 2.4558539564416805e-19
3.2495550816696914e-05 2.481957433918665e-19
3.252536324863884e-05 2.5373988521672635e-19
3.255517568058076e-05 2.4475325594874914e-19
3.258498811252269e-05 2.4221374765661817e-19
3.261480054446461e-05 2.462999803334074e-19
3.264461297640653e-05 2.452462145135985e-19
3.267442540834845e-05 2.420335388733368e-19
3.270423784029038e-05 2.376685388692717e-19
3.27340502722323e-05 2.368348523427131e-19
3.276386270417423e-05 2.410867628863512e-19
3.279367513611615e-05 2.3501863363021347e-19
