0.0 -1.1229039939414022e-19
2.9799122733612278e-08 -1.228962275384417e-19
5.9598245467224556e-08 -1.3042694454346488e-19
8.939736820083682e-08 -1.2263400700515074e-19
1.1919649093444911e-07 -1.1571564333396901e-19
1.489956136680614e-07 -1.2479738524125743e-19
1.7879473640167364e-07 -1.3282725575724313e-19
2.0859385913528594e-07 -1.2476203691062827e-19
2.3839298186889822e-07 -1.182602945346427e-19
2.681921046025105e-07 -1.2593583692119622e-19
2.979912273361228e-07 -1.3554196435562762e-19
3.2779035006973506e-07 -1.3070813001921975e-19
3.575894728033473e-07 -1.2126618008975396e-19
3.8738859553695956e-07 -1.281993043375213e-19
4.171877182705719e-07 -1.3776031503212113e-19
4.4698684100418417e-07 -1.3436122859813325e-19
4.7678596373779645e-07 -1.2648618128416702e-19
5.065850864714087e-07 -1.2701376944346137e-19
5.36384209205021e-07 -1.393303179783442e-19
5.661833319386333e-07 -1.3755170368860036e-19
5.959824546722456e-07 -1.2396058302499647e-19
6.257815774058578e-07 -1.2933330878045007e-19
6.555807001394701e-07 -1.4032523403811549e-19
6.853798228730824e-07 -1.387058753782778e-19
7.151789456066946e-07 -1.2873681982853796e-19
7.449780683403068e-07 -1.2827464702302715e-19
7.747771910739191e-07 -1.4037990590618865e-19
8.045763138075315e-07 -1.4028411919081087e-19
8.343754365411438e-07 -1.2918949414799826e-19
8.641745592747561e-07 -1.2784573329884003e-19
8.939736820083683e-07 -1.3708977769487816e-19
9.237728047419806e-07 -1.4054659658344429e-19
9.535719274755929e-07 -1.3202171654787226e-19
9.83371050209205e-07 -1.2580039355796353e-19
1.0131701729428174e-06 -1.350382882167009e-19
1.0429692956764296e-06 -1.428949561158707e-19
1.072768418410042e-06 -1.3057288003265763e-19
1.1025675411436542e-06 -1.2451944974106894e-19
1.1323666638772666e-06 -1.364397376796538e-19
1.162165786610879e-06 -1.3982653158089334e-19
1.1919649093444911e-06 -1.3089533235779733e-19
1.2217640320781033e-06 -1.2471324493528747e-19
1.2515631548117157e-06 -1.306519561191793e-19
1.2813622775453278e-06 -1.387637516512709e-19
1.3111614002789402e-06 -1.3080556931756334e-19
1.3409605230125524e-06 -1.2022378063682923e-19
1.3707596457461648e-06 -1.2762929950564675e-19
1.400558768479777e-06 -1.367897908848016e-19
1.4303578912133891e-06 -1.298663169039702e-19
1.4601570139470015e-06 -1.2016026515849864e-19
1.4899561366806137e-06 -1.246558203944206e-19
1.519755259414226e-06 -1.3507339003773973e-19
1.5495543821478382e-06 -1.2930556786289352e-19
1.5793535048814506e-06 -1.1769724604720075e-19
1.609152627615063e-06 -1.2224479444255751e-19
1.6389517503486754e-06 -1.3061443886027328e-19
1.6687508730822876e-06 -1.2750115174726728e-19
1.6985499958159e-06 -1.168389494676452e-19
1.7283491185495121e-06 -1.1654135180034488e-19
1.7581482412831245e-06 -1.2703478517556087e-19
1.7879473640167367e-06 -1.2633204815264364e-19
1.8177464867503488e-06 -1.155506436659145e-19
1.8475456094839612e-06 -1.143122184950956e-19
1.8773447322175734e-06 -1.2394988387721618e-19
1.9071438549511858e-06 -1.2443568341286754e-19
1.936942977684798e-06 -1.1387674593269535e-19
1.96674210041841e-06 -1.1018028317694228e-19
1.9965412231520225e-06 -1.1846725750475023e-19
2.026340345885635e-06 -1.2212264307793588e-19
2.056139468619247e-06 -1.1058112268764098e-19
2.0859385913528592e-06 -1.0468471180911894e-19
2.1157377140864716e-06 -1.1537145363087203e-19
2.145536836820084e-06 -1.184469954947448e-19
2.175335959553696e-06 -1.0847519479221032e-19
2.2051350822873083e-06 -1.0522106976172723e-19
2.2349342050209207e-06 -1.0974806151815908e-19
2.264733327754533e-06 -1.1447608908020803e-19
2.2945324504881455e-06 -1.0861720340965632e-19
2.324331573221758e-06 -9.865866367187764e-20
2.35413069595537e-06 -1.0587755946815642e-19
2.3839298186889822e-06 -1.1347639066846317e-19
2.4137289414225946e-06 -1.0306958229063867e-19
2.4435280641562066e-06 -9.411076715845657e-20
2.473327186889819e-06 -1.0158759075944965e-19
2.5031263096234313e-06 -1.0834142428806214e-19
2.5329254323570437e-06 -1.0091873282021861e-19
2.5627245550906557e-06 -9.260562576030511e-20
2.592523677824268e-06 -9.669887696839256e-20
2.6223228005578804e-06 -1.0393810914252707e-19
2.6521219232914924e-06 -9.744644504134229e-20
2.681921046025105e-06 -8.835111226930449e-20
2.711720168758717e-06 -9.20735376077796e-20
2.7415192914923296e-06 -9.863716579246437e-20
2.771318414225942e-06 -9.590257649330617e-20
2.801117536959554e-06 -8.434937400196875e-20
2.8309166596931663e-06 -8.417042161652846e-20
2.8607157824267782e-06 -9.520556929856934e-20
2.890514905160391e-06 -9.104571007847145e-20
2.920314027894003e-06 -8.164898894248043e-20
2.9501131506276154e-06 -8.271976342720289e-20
2.9799122733612274e-06 -8.738031488687533e-20
3.00971139609484e-06 -8.716921413450419e-20
3.039510518828452e-06 -7.882107430914197e-20
3.0693096415620645e-06 -7.628444972013144e-20
3.0991087642956765e-06 -8.231239890145118e-20
3.1289078870292893e-06 -8.305625539455023e-20
3.1587070097629012e-06 -7.464030989876625e-20
3.1885061324965136e-06 -7.043298225742223e-20
3.218305255230126e-06 -7.775697754989131e-20
3.248104377963738e-06 -7.829037311762442e-20
3.2779035006973508e-06 -7.122467395578495e-20
3.3077026234309627e-06 -6.71808737157749e-20
3.337501746164575e-06 -7.087032776088269e-20
3.367300868898187e-06 -7.639435482759652e-20
3.3970999916318e-06 -6.658020938080426e-20
3.426899114365412e-06 -5.977934392725084e-20
3.4566982370990242e-06 -6.586693252251752e-20
3.486497359832636e-06 -6.83291029728823e-20
3.516296482566249e-06 -6.380121189190532e-20
3.546095605299861e-06 -5.563271660631234e-20
3.5758947280334733e-06 -5.838663194411528e-20
3.6056938507670853e-06 -6.33053881221831e-20
3.6354929735006977e-06 -5.841424235319545e-20
3.6652920962343096e-06 -5.3546907041613994e-20
3.6950912189679224e-06 -5.203741673201442e-20
3.7248903417015344e-06 -5.682613289556775e-20
3.754689464435147e-06 -5.68075479440288e-20
3.7844885871687588e-06 -4.7284154970262e-20
3.8142877099023716e-06 -4.5104853817695554e-20
3.844086832635984e-06 -5.2060572177648153e-20
3.873885955369596e-06 -5.0392705825733883e-20
3.903685078103208e-06 -4.089399655658338e-20
3.93348420083682e-06 -4.0734412685692694e-20
3.963283323570433e-06 -4.432248363007964e-20
3.993082446304045e-06 -4.368921549566552e-20
4.022881569037658e-06 -3.817913108581235e-20
4.05268069177127e-06 -3.315474172218212e-20
4.082479814504882e-06 -3.901619247364977e-20
4.112278937238494e-06 -4.059212672904988e-20
4.1420780599721065e-06 -3.118971607158189e-20
4.1718771827057185e-06 -2.7598678792742537e-20
4.201676305439331e-06 -3.1168605750241445e-20
4.231475428172943e-06 -3.170048495807655e-20
4.261274550906556e-06 -2.5091035717164046e-20
4.291073673640168e-06 -2.169633877146531e-20
4.32087279637378e-06 -2.5603997036618104e-20
4.350671919107392e-06 -2.5194206394627874e-20
4.380471041841005e-06 -2.023111064530953e-20
4.410270164574617e-06 -1.6613373704220663e-20
4.4400692873082295e-06 -1.7236897644750073e-20
4.4698684100418415e-06 -2.0032180710852163e-20
4.499667532775453e-06 -1.4908098241194685e-20
4.529466655509066e-06 -9.259624203490463e-21
4.559265778242678e-06 -1.1562800682661937e-20
4.589064900976291e-06 -1.156072138513894e-20
4.618864023709903e-06 -7.380644640510704e-21
4.648663146443516e-06 -3.500035994267867e-21
4.678462269177128e-06 -2.3845796858769015e-21
4.70826139191074e-06 -5.020967058681517e-21
4.738060514644352e-06 -2.355339711776769e-21
4.7678596373779645e-06 3.868139079280874e-21
4.797658760111576e-06 3.21039815775754e-21
4.827457882845189e-06 1.6693705370612427e-21
4.857257005578801e-06 3.96636504631257e-21
4.887056128312413e-06 9.07778446682131e-21
4.916855251046025e-06 1.3039745609561403e-20
4.946654373779638e-06 1.004672437997569e-20
4.97645349651325e-06 1.0165773414972094e-20
5.006252619246863e-06 1.6344971102578525e-20
5.036051741980475e-06 1.906107681913256e-20
5.0658508647140874e-06 1.8688159635568884e-20
5.095649987447699e-06 1.714083362521271e-20
5.125449110181311e-06 2.0281981031436362e-20
5.155248232914924e-06 2.5812383019971416e-20
5.185047355648536e-06 2.40823632133906e-20
5.214846478382149e-06 2.307670795360328e-20
5.244645601115761e-06 2.875053621304724e-20
5.274444723849373e-06 3.275666091033457e-20
5.304243846582985e-06 3.072931302670978e-20
5.334042969316598e-06 3.103017632072581e-20
5.36384209205021e-06 3.4474261503295224e-20
5.393641214783822e-06 3.865000827598239e-20
5.423440337517434e-06 4.108984846559227e-20
5.453239460251047e-06 3.6466715958868405e-20
5.483038582984659e-06 3.8645476394901244e-20
5.512837705718271e-06 4.6041966151913466e-20
5.542636828451884e-06 4.542061273829448e-20
5.572435951185496e-06 4.2687469651479057e-20
5.602235073919108e-06 4.441274650633458e-20
5.63203419665272e-06 5.1744326468398704e-20
5.6618333193863326e-06 5.279941410370505e-20
5.6916324421199445e-06 4.8557087012429325e-20
5.7214315648535565e-06 5.239161721039368e-20
5.75123068758717e-06 5.639392142588791e-20
5.781029810320782e-06 5.780797375573593e-20
5.810828933054394e-06 5.719956924729916e-20
5.840628055788006e-06 5.488113416838394e-20
5.870427178521619e-06 5.983711092035169e-20
5.900226301255231e-06 6.39305607147736e-20
5.930025423988843e-06 6.172476434840326e-20
5.959824546722455e-06 6.015153625621909e-20
5.989623669456068e-06 6.448661098676245e-20
6.01942279218968e-06 6.957386788309348e-20
6.049221914923292e-06 6.788151074171688e-20
6.079021037656904e-06 6.644598889344212e-20
6.108820160390517e-06 6.830684421521793e-20
6.138619283124129e-06 7.406258122791594e-20
6.168418405857741e-06 7.478743479337933e-20
6.198217528591353e-06 6.936005134988e-20
6.228016651324967e-06 7.402862200152209e-20
6.2578157740585786e-06 7.919887414280363e-20
6.2876148967921905e-06 7.716930016551211e-20
6.3174140195258025e-06 7.318209984259897e-20
6.347213142259415e-06 7.681197979359565e-20
6.377012264993027e-06 8.547167710783304e-20
6.406811387726639e-06 8.274708419849812e-20
6.436610510460252e-06 7.998962628425066e-20
6.466409633193864e-06 8.186542749436535e-20
6.496208755927476e-06 8.729731384994331e-20
6.526007878661088e-06 9.035833510344047e-20
6.5558070013947015e-06 8.258503467375504e-20
6.5856061241283135e-06 8.399116080040892e-20
6.6154052468619255e-06 9.109892482778751e-20
6.6452043695955374e-06 9.205651372876039e-20
6.67500349232915e-06 8.883702672816838e-20
6.704802615062762e-06 8.679760864592262e-20
6.734601737796374e-06 9.478987886091256e-20
6.764400860529986e-06 9.826599150438279e-20
6.7941999832636e-06 9.279210716658074e-20
6.823999105997212e-06 9.223826807977352e-20
6.853798228730824e-06 9.852920174640022e-20
6.883597351464436e-06 1.0318949290016017e-19
6.9133964741980485e-06 9.885296469278044e-20
6.94319559693166e-06 9.588431834484523e-20
6.972994719665272e-06 1.019452998023002e-19
7.002793842398886e-06 1.0582210499943023e-19
7.032592965132498e-06 1.0200035849317715e-19
7.06239208786611e-06 9.830299914969149e-20
7.092191210599722e-06 1.0398918359432679e-19
7.121990333333335e-06 1.111623877881617e-19
7.151789456066947e-06 1.0774562431202835e-19
7.181588578800559e-06 1.0415839474246101e-19
7.211387701534171e-06 1.0831130039900787e-19
7.241186824267783e-06 1.13880623562279e-19
7.270985947001395e-06 1.1239200904319455e-19
7.300785069735007e-06 1.0688036452592634e-19
7.330584192468619e-06 1.0993235076094832e-19
7.360383315202233e-06 1.1767151924870065e-19
7.390182437935845e-06 1.1756050869198555e-19
7.419981560669457e-06 1.1066530302957979e-19
7.449780683403069e-06 1.1315277046252223e-19
7.479579806136682e-06 1.2346372898096208e-19
7.509378928870294e-06 1.2000697096668665e-19
7.5391780516039055e-06 1.1447486278374134e-19
7.5689771743375175e-06 1.1888641224248193e-19
7.598776297071131e-06 1.2322378630967687e-19
7.628575419804743e-06 1.2702866735751616e-19
7.658374542538355e-06 1.20940199510817e-19
7.688173665271969e-06 1.1707114211808296e-19
7.71797278800558e-06 1.280764079224994e-19
7.747771910739193e-06 1.293911140198705e-19
7.777571033472805e-06 1.2206068790807987e-19
7.807370156206417e-06 1.2234377854233701e-19
7.837169278940029e-06 1.285657658566185e-19
7.86696840167364e-06 1.3303416893407162e-19
7.896767524407252e-06 1.2784514964405992e-19
7.926566647140866e-06 1.2428203996149343e-19
7.956365769874478e-06 1.3284345715400447e-19
7.98616489260809e-06 1.3570817890282033e-19
8.015964015341702e-06 1.291349050244628e-19
8.045763138075316e-06 1.2863566516837325e-19
8.075562260808928e-06 1.3419156413227417e-19
8.10536138354254e-06 1.3825040257563113e-19
8.135160506276152e-06 1.3431007138785576e-19
8.164959629009763e-06 1.2830203463828204e-19
8.194758751743375e-06 1.3658810662980783e-19
8.224557874476987e-06 1.447318835151274e-19
8.2543569972106e-06 1.354863635183506e-19
8.284156119944213e-06 1.3165699800113091e-19
8.313955242677825e-06 1.3959982612698962e-19
8.343754365411437e-06 1.425002778419891e-19
8.37355348814505e-06 1.4016660050713546e-19
8.403352610878663e-06 1.3362188996680079e-19
8.433151733612275e-06 1.3647678833015829e-19
8.462950856345886e-06 1.4676822024097475e-19
8.4927499790795e-06 1.4104776339730918e-19
8.522549101813112e-06 1.3419865501437237e-19
8.552348224546724e-06 1.3914396404544046e-19
8.582147347280336e-06 1.454537453731741e-19
8.611946470013948e-06 1.4466265035065521e-19
8.64174559274756e-06 1.3798102009175918e-19
8.671544715481172e-06 1.3963612687875751e-19
8.701343838214784e-06 1.482409766125224e-19
8.731142960948398e-06 1.463433362920058e-19
8.76094208368201e-06 1.3704157254261754e-19
8.790741206415621e-06 1.4038538466786386e-19
8.820540329149233e-06 1.479549489410103e-19
8.850339451882847e-06 1.4688544417100304e-19
8.880138574616459e-06 1.4221588856916502e-19
8.909937697350071e-06 1.3704123394863083e-19
8.939736820083683e-06 1.4543800392359661e-19
8.969535942817295e-06 1.5293529968420478e-19
8.999335065550907e-06 1.4073652164340516e-19
9.029134188284519e-06 1.3807485607253527e-19
9.058933311018132e-06 1.4749906707979702e-19
9.088732433751744e-06 1.4857672554358542e-19
9.118531556485356e-06 1.431711513741329e-19
9.148330679218968e-06 1.3823601759159984e-19
9.178129801952582e-06 1.4421926429822995e-19
9.207928924686194e-06 1.5076796865586612e-19
9.237728047419806e-06 1.4070350141662044e-19
9.267527170153418e-06 1.3589057929921477e-19
9.297326292887032e-06 1.4492148008508302e-19
9.327125415620643e-06 1.4760341723833498e-19
9.356924538354255e-06 1.4250370650081463e-19
9.386723661087867e-06 1.3735135823026677e-19
9.41652278382148e-06 1.4015370459008679e-19
9.446321906555091e-06 1.4828305490486251e-19
9.476121029288703e-06 1.426059543888385e-19
9.505920152022315e-06 1.3301754772055666e-19
9.535719274755929e-06 1.408097593975725e-19
9.565518397489541e-06 1.4536737751993222e-19
9.595317520223153e-06 1.379193453539931e-19
9.625116642956766e-06 1.3405367845780006e-19
9.654915765690378e-06 1.3589122586898264e-19
9.68471488842399e-06 1.418678506752878e-19
9.714514011157602e-06 1.397043778876602e-19
9.744313133891214e-06 1.3067432368257545e-19
9.774112256624826e-06 1.3410456846685672e-19
9.803911379358438e-06 1.4100156723677828e-19
9.83371050209205e-06 1.3634710411122543e-19
9.863509624825664e-06 1.294369273278392e-19
9.893308747559276e-06 1.3033666666200966e-19
9.923107870292888e-06 1.3443208669254993e-19
9.9529069930265e-06 1.3410426318253638e-19
9.982706115760113e-06 1.2643303809969083e-19
1.0012505238493725e-05 1.237068750033454e-19
1.0042304361227337e-05 1.3330721752186116e-19
1.007210348396095e-05 1.3305693795558193e-19
1.0101902606694563e-05 1.2319511536317705e-19
1.0131701729428175e-05 1.221294847358597e-19
1.0161500852161787e-05 1.2774934525223798e-19
1.0191299974895399e-05 1.3065762044361543e-19
1.022109909762901e-05 1.215245547570461e-19
1.0250898220362623e-05 1.1576007289438962e-19
1.0280697343096235e-05 1.250947289622215e-19
1.0310496465829848e-05 1.2452852846373772e-19
1.034029558856346e-05 1.1581462305530859e-19
1.0370094711297072e-05 1.1481548097391803e-19
1.0399893834030684e-05 1.1864656893777986e-19
1.0429692956764298e-05 1.2075954742795175e-19
1.045949207949791e-05 1.1456761886875562e-19
1.0489291202231522e-05 1.1058237535266083e-19
1.0519090324965134e-05 1.143997696979626e-19
1.0548889447698746e-05 1.1792634610568264e-19
1.0578688570432358e-05 1.121292538762261e-19
1.060848769316597e-05 1.0482536014196341e-19
1.0638286815899582e-05 1.107082182093098e-19
1.0668085938633195e-05 1.1241664847671716e-19
1.0697885061366807e-05 1.0668535965819743e-19
1.072768418410042e-05 1.0307082542650653e-19
1.0757483306834031e-05 1.0258479558431652e-19
1.0787282429567645e-05 1.0918937484423914e-19
1.0817081552301257e-05 1.0501735709611356e-19
1.0846880675034869e-05 9.644180293375974e-20
1.0876679797768482e-05 1.0108993710497954e-19
1.0906478920502094e-05 1.0442203759521466e-19
1.0936278043235706e-05 1.0201351412666741e-19
1.0966077165969318e-05 9.532395400830331e-20
1.099587628870293e-05 9.337337167244523e-20
1.1025675411436542e-05 1.0049220976971913e-19
1.1055474534170156e-05 9.697437056539048e-20
1.1085273656903768e-05 8.889208113459452e-20
1.111507277963738e-05 9.076549703171397e-20
1.1144871902370992e-05 9.482715458183636e-20
1.1174671025104604e-05 9.408607673562811e-20
1.1204470147838216e-05 8.757991855807264e-20
1.1234269270571828e-05 8.601928516767763e-20
1.126406839330544e-05 9.112806893189714e-20
1.1293867516039053e-05 8.992340585461559e-20
1.1323666638772665e-05 8.23590364967025e-20
1.1353465761506277e-05 8.037390534449012e-20
1.1383264884239889e-05 8.56876595125523e-20
1.1413064006973501e-05 8.57453351072001e-20
1.1442863129707113e-05 7.858546844896905e-20
1.1472662252440725e-05 7.58186210604287e-20
1.150246137517434e-05 8.046107990796348e-20
1.1532260497907952e-05 8.104395849521928e-20
1.1562059620641564e-05 7.47505090631565e-20
1.1591858743375176e-05 7.2208709126451e-20
1.1621657866108788e-05 7.542903845325755e-20
1.16514569888424e-05 7.569071698209413e-20
1.1681256111576012e-05 7.089308160737511e-20
1.1711055234309624e-05 6.634589658058253e-20
1.1740854357043238e-05 6.77748202624166e-20
1.177065347977685e-05 7.146593575588655e-20
1.1800452602510462e-05 6.585005603185667e-20
1.1830251725244074e-05 6.083386391326694e-20
1.1860050847977686e-05 6.392029721989344e-20
1.1889849970711297e-05 6.415115622367852e-20
1.191964909344491e-05 6.130873661617456e-20
1.1949448216178521e-05 5.554281377337001e-20
1.1979247338912137e-05 5.451795263250496e-20
1.2009046461645749e-05 6.130622753567016e-20
1.203884558437936e-05 5.622713448935243e-20
1.2068644707112973e-05 4.7137455868703715e-20
1.2098443829846585e-05 5.0953271251603954e-20
1.2128242952580197e-05 5.312216102789574e-20
1.2158042075313809e-05 4.84813760563037e-20
1.2187841198047422e-05 4.3871310153546545e-20
1.2217640320781034e-05 4.2188845921162226e-20
1.2247439443514646e-05 4.6279159398064535e-20
1.2277238566248258e-05 4.499778982798654e-20
1.230703768898187e-05 3.5540403023229674e-20
1.2336836811715482e-05 3.54979617248548e-20
1.2366635934449094e-05 4.0190375824314757e-20
1.2396435057182706e-05 3.6998835088214406e-20
1.2426234179916321e-05 3.1093194368916193e-20
1.2456033302649933e-05 2.773055375947692e-20
1.2485832425383545e-05 3.182312007983329e-20
1.2515631548117157e-05 3.141656251025043e-20
1.2545430670850769e-05 2.2136630868621842e-20
1.2575229793584381e-05 2.1119982734579257e-20
1.2605028916317993e-05 2.4433511416347722e-20
1.2634828039051605e-05 2.343797399068441e-20
1.2664627161785219e-05 1.7631391948001875e-20
1.269442628451883e-05 1.207467046176811e-20
1.2724225407252443e-05 1.7058603766796364e-20
1.2754024529986054e-05 1.8449218425096486e-20
1.2783823652719666e-05 8.772874782478915e-21
1.2813622775453278e-05 7.139606677466219e-21
1.284342189818689e-05 9.991232587588367e-21
1.2873221020920504e-05 6.659381883326175e-21
1.2903020143654116e-05 3.132817118418018e-21
1.2932819266387728e-05 -1.0382868453952478e-21
1.296261838912134e-05 -1.1587677305978477e-21
1.2992417511854952e-05 2.582067562346551e-21
1.3022216634588564e-05 -2.635980519011266e-21
1.3052015757322176e-05 -8.789443392296987e-21
1.3081814880055788e-05 -7.069635257563468e-21
1.3111614002789403e-05 -6.695913083069585e-21
1.3141413125523015e-05 -9.6456932644636e-21
1.3171212248256627e-05 -1.4549763098828733e-20
1.3201011370990239e-05 -1.754413730444281e-20
1.3230810493723851e-05 -1.43290794620287e-20
1.3260609616457463e-05 -1.663510114720587e-20
1.3290408739191075e-05 -2.3767814309168938e-20
1.3320207861924687e-05 -2.3782921708151712e-20
1.33500069846583e-05 -2.2747609428136145e-20
1.3379806107391912e-05 -2.50133571744804e-20
1.3409605230125524e-05 -2.8492403310112893e-20
1.3439404352859136e-05 -3.130794812427456e-20
1.3469203475592748e-05 -2.9491394657269896e-20
1.349900259832636e-05 -3.0606045265971117e-20
1.3528801721059972e-05 -3.6911936972901744e-20
1.3558600843793588e-05 -3.7684467785782727e-20
1.35883999665272e-05 -3.7281033431358097e-20
1.3618199089260811e-05 -4.0177452248459055e-20
1.3647998211994423e-05 -4.247879647085681e-20
1.3677797334728035e-05 -4.6857755584600786e-20
1.3707596457461647e-05 -4.728329695454778e-20
1.373739558019526e-05 -4.31122566041838e-20
1.3767194702928871e-05 -4.9990191936947227e-20
1.3796993825662485e-05 -5.454964406508962e-20
1.3826792948396097e-05 -4.912366434059946e-20
1.3856592071129709e-05 -5.2730272105269e-20
1.388639119386332e-05 -5.644286056542052e-20
1.3916190316596933e-05 -5.914299986280897e-20
1.3945989439330545e-05 -6.160367538435154e-20
1.3975788562064157e-05 -5.703489970022354e-20
1.4005587684797772e-05 -6.370164433382367e-20
1.4035386807531384e-05 -6.913328709248237e-20
1.4065185930264996e-05 -6.433771083477705e-20
1.4094985052998608e-05 -6.689441741323137e-20
1.412478417573222e-05 -6.858511992262654e-20
1.4154583298465832e-05 -7.086618802960373e-20
1.4184382421199444e-05 -7.440180850858243e-20
1.4214181543933056e-05 -6.979795594981872e-20
1.424398066666667e-05 -7.267098165049007e-20
1.4273779789400281e-05 -8.143144315990042e-20
1.4303578912133893e-05 -7.889151780841574e-20
1.4333378034867505e-05 -7.688116059767137e-20
1.4363177157601117e-05 -8.178595629138636e-20
1.439297628033473e-05 -8.448786233740064e-20
1.4422775403068341e-05 -8.626413799533271e-20
1.4452574525801953e-05 -8.475518936498183e-20
1.4482373648535567e-05 -8.26480310711877e-20
1.4512172771269179e-05 -8.995144948012232e-20
1.454197189400279e-05 -9.27482436418766e-20
1.4571771016736403e-05 -8.713311204229546e-20
1.4601570139470015e-05 -9.045199434300299e-20
1.4631369262203627e-05 -9.405853006021294e-20
1.4661168384937239e-05 -9.558525927700234e-20
1.4690967507670854e-05 -9.639323514050638e-20
1.4720766630404466e-05 -9.201526943717014e-20
1.4750565753138078e-05 -9.947759792225566e-20
1.478036487587169e-05 -1.0539984959284931e-19
1.4810163998605302e-05 -9.780637124696734e-20
1.4839963121338914e-05 -9.82888127485733e-20
1.4869762244072526e-05 -1.038356752770714e-19
1.4899561366806138e-05 -1.0550357694402396e-19
1.4929360489539751e-05 -1.0509402716588609e-19
1.4959159612273363e-05 -1.0164800762402673e-19
1.4988958735006975e-05 -1.0458770038019237e-19
1.5018757857740587e-05 -1.131012272146705e-19
1.5048556980474199e-05 -1.0786447618185799e-19
1.5078356103207811e-05 -1.0388101691189556e-19
1.5108155225941423e-05 -1.1269821914362162e-19
1.5137954348675035e-05 -1.145222606968269e-19
1.516775347140865e-05 -1.1259679819955507e-19
1.5197552594142262e-05 -1.0995596871940614e-19
1.5227351716875874e-05 -1.1130936877351215e-19
1.5257150839609486e-05 -1.1907907491241196e-19
1.5286949962343098e-05 -1.1591293657018142e-19
1.531674908507671e-05 -1.1131390757810476e-19
1.5346548207810322e-05 -1.1624105818004032e-19
1.5376347330543937e-05 -1.2090115343430557e-19
1.540614645327755e-05 -1.2022057245943452e-19
1.543594557601116e-05 -1.1617617075057176e-19
1.5465744698744773e-05 -1.17056382662877e-19
1.5495543821478385e-05 -1.2418035164106528e-19
1.5525342944211997e-05 -1.2539778544843486e-19
1.555514206694561e-05 -1.1911889839885907e-19
1.558494118967922e-05 -1.2127703345466719e-19
1.5614740312412833e-05 -1.2637799214806911e-19
1.5644539435146445e-05 -1.2538229629055814e-19
1.5674338557880057e-05 -1.248086486302755e-19
1.570413768061367e-05 -1.223784120619366e-19
1.573393680334728e-05 -1.2686609720408878e-19
1.5763735926080893e-05 -1.3268048419025321e-19
1.5793535048814505e-05 -1.2548013795168852e-19
1.5823334171548117e-05 -1.2542534060295866e-19
1.5853133294281732e-05 -1.3159109086198868e-19
1.5882932417015344e-05 -1.3183170049273313e-19
1.5912731539748956e-05 -1.3100170017589965e-19
1.5942530662482568e-05 -1.2758056112679801e-19
1.597232978521618e-05 -1.312121650374207e-19
1.6002128907949792e-05 -1.380628929800862e-19
1.6031928030683404e-05 -1.3244602462776808e-19
1.606172715341702e-05 -1.2812657491715252e-19
1.609152627615063e-05 -1.355251092429741e-19
1.6121325398884243e-05 -1.3799553058769248e-19
1.6151124521617855e-05 -1.3521771467473975e-19
1.6180923644351467e-05 -1.3349346789250763e-19
1.621072276708508e-05 -1.3403561701271037e-19
1.624052188981869e-05 -1.4132631790657883e-19
1.6270321012552303e-05 -1.3969571464904631e-19
1.6300120135285915e-05 -1.3254308647786487e-19
1.6329919258019527e-05 -1.370195891490177e-19
1.635971838075314e-05 -1.4167172121139112e-19
1.638951750348675e-05 -1.3929047716979848e-19
1.6419316626220363e-05 -1.3502917040607343e-19
1.6449115748953975e-05 -1.3666927514545594e-19
1.6478914871687587e-05 -1.4362325839117338e-19
1.65087139944212e-05 -1.4296268999712467e-19
1.6538513117154814e-05 -1.3616273613551725e-19
1.6568312239888426e-05 -1.3912835283921098e-19
1.6598111362622038e-05 -1.4453897776917972e-19
1.662791048535565e-05 -1.4249329422156996e-19
1.6657709608089262e-05 -1.3891328251673269e-19
1.6687508730822874e-05 -1.3686478891031972e-19
1.6717307853556486e-05 -1.4204543140673004e-19
1.67471069762901e-05 -1.4519827462816497e-19
1.6776906099023713e-05 -1.3769415989977652e-19
1.6806705221757325e-05 -1.3974415133190262e-19
1.6836504344490937e-05 -1.4668900949673712e-19
1.686630346722455e-05 -1.4276152721237194e-19
1.689610258995816e-05 -1.3712456860017654e-19
1.6925901712691773e-05 -1.3602785028980845e-19
1.6955700835425385e-05 -1.4357184175070688e-19
1.6985499958159e-05 -1.4837351829060842e-19
1.7015299080892612e-05 -1.3828191287004403e-19
1.7045098203626224e-05 -1.3457070422849682e-19
1.7074897326359836e-05 -1.4321564913512545e-19
1.7104696449093448e-05 -1.4331166919541065e-19
1.713449557182706e-05 -1.3766577344942067e-19
1.7164294694560672e-05 -1.3514558401237428e-19
1.7194093817294284e-05 -1.3861215959930194e-19
1.7223892940027896e-05 -1.4382316076329784e-19
1.7253692062761508e-05 -1.3697643786573667e-19
1.728349118549512e-05 -1.3129918617091821e-19
1.7313290308228732e-05 -1.3960972777499218e-19
1.7343089430962344e-05 -1.4212542932626405e-19
1.7372888553695956e-05 -1.3408166860751958e-19
1.7402687676429568e-05 -1.3016015766707216e-19
1.7432486799163183e-05 -1.3333447517360421e-19
1.7462285921896795e-05 -1.3839727726215186e-19
1.7492085044630407e-05 -1.3442391765205393e-19
1.752188416736402e-05 -1.2520675774246086e-19
1.755168329009763e-05 -1.3040375950469016e-19
1.7581482412831243e-05 -1.3690157628660417e-19
1.7611281535564855e-05 -1.2981187253698475e-19
1.7641080658298467e-05 -1.2418290736142282e-19
1.7670879781032082e-05 -1.251220194795649e-19
1.7700678903765694e-05 -1.3086263203079527e-19
1.7730478026499306e-05 -1.3039594398690188e-19
1.7760277149232918e-05 -1.180595565176772e-19
1.779007627196653e-05 -1.2119847414094582e-19
1.7819875394700142e-05 -1.2931075758464815e-19
1.7849674517433754e-05 -1.2175094437933955e-19
1.7879473640167366e-05 -1.1620153491945386e-19
1.7909272762900978e-05 -1.1597490686476136e-19
1.793907188563459e-05 -1.2113664294033386e-19
1.7968871008368202e-05 -1.2374223844616927e-19
1.7998670131101814e-05 -1.1229147214063833e-19
1.8028469253835426e-05 -1.0894028170471315e-19
1.8058268376569038e-05 -1.2011036528050628e-19
1.808806749930265e-05 -1.1802911003051306e-19
1.8117866622036265e-05 -1.077199949444128e-19
1.8147665744769877e-05 -1.070102475452796e-19
1.817746486750349e-05 -1.1097299540630383e-19
1.82072639902371e-05 -1.1381588548121915e-19
1.8237063112970713e-05 -1.0373975187827267e-19
1.8266862235704325e-05 -9.636635730068455e-20
1.8296661358437937e-05 -1.0775744462517438e-19
1.832646048117155e-05 -1.087094228627052e-19
1.8356259603905164e-05 -9.721739565686929e-20
1.8386058726638776e-05 -9.640522196823985e-20
1.8415857849372388e-05 -1.0027242715148872e-19
1.8445656972106e-05 -1.016335491070895e-19
1.8475456094839612e-05 -9.679401740180624e-20
1.8505255217573224e-05 -8.73845167367133e-20
1.8535054340306836e-05 -9.257444262670931e-20
1.856485346304045e-05 -9.861778850270048e-20
1.8594652585774063e-05 -8.73598347525415e-20
1.8624451708507675e-05 -8.244514124839559e-20
1.8654250831241287e-05 -8.540748879761254e-20
1.86840499539749e-05 -8.883634065880699e-20
1.871384907670851e-05 -8.769009898343387e-20
1.8743648199442123e-05 -7.472221966723764e-20
1.8773447322175735e-05 -7.749634609462076e-20
1.8803246444909347e-05 -8.724311916826035e-20
1.883304556764296e-05 -7.837358819976328e-20
1.886284469037657e-05 -7.083547561278223e-20
1.8892643813110183e-05 -7.15730893889173e-20
1.8922442935843795e-05 -7.642676719442008e-20
1.8952242058577407e-05 -7.56871897949674e-20
1.898204118131102e-05 -6.246531339387603e-20
1.901184030404463e-05 -6.130038869380776e-20
1.9041639426778246e-05 -7.373421539576045e-20
1.9071438549511858e-05 -6.769306953392109e-20
1.910123767224547e-05 -5.453892465753526e-20
1.9131036794979082e-05 -5.877818426000343e-20
1.9160835917712694e-05 -6.384827919766815e-20
1.9190635040446306e-05 -6.186193604958502e-20
1.9220434163179918e-05 -5.3239834812885746e-20
1.9250233285913533e-05 -4.730533415455206e-20
1.9280032408647145e-05 -5.635537521669341e-20
1.9309831531380757e-05 -5.610321296555565e-20
1.933963065411437e-05 -4.238549287506833e-20
1.936942977684798e-05 -4.143175276541911e-20
1.9399228899581593e-05 -4.7909912861413146e-20
1.9429028022315205e-05 -4.8029218647558683e-20
1.9458827145048817e-05 -4.177854098614334e-20
1.948862626778243e-05 -3.3046254455637635e-20
1.951842539051604e-05 -3.969307586620537e-20
1.9548224513249653e-05 -4.5170195181550877e-20
1.9578023635983265e-05 -3.0318171101726267e-20
1.9607822758716876e-05 -2.7189166396008065e-20
1.963762188145049e-05 -3.436781097425245e-20
1.96674210041841e-05 -3.3527392045298656e-20
1.9697220126917712e-05 -2.7093760211717492e-20
1.9727019249651328e-05 -1.8334102432705246e-20
1.975681837238494e-05 -2.3412396275504314e-20
1.978661749511855e-05 -2.988303337882422e-20
1.9816416617852164e-05 -1.891513242722616e-20
1.9846215740585776e-05 -1.1400243437155147e-20
1.9876014863319388e-05 -1.8551858502344245e-20
1.9905813986053e-05 -2.1396902580615708e-20
1.9935613108786615e-05 -1.3334089455017754e-20
1.9965412231520227e-05 -6.1691286732568456e-21
1.999521135425384e-05 -7.002389465401435e-21
2.002501047698745e-05 -1.4286103633402363e-20
2.0054809599721063e-05 -8.851141717547311e-21
2.0084608722454675e-05 3.530455997183922e-21
2.0114407845188287e-05 -3.447048854729289e-22
2.01442069679219e-05 -5.41603898224647e-21
2.0174006090655514e-05 -1.5932614423900296e-21
2.0203805213389126e-05 6.757215107428498e-21
2.0233604336122738e-05 1.0463936985543585e-20
2.026340345885635e-05 1.1308799973207753e-21
2.0293202581589962e-05 2.1785096993305454e-21
2.0323001704323574e-05 1.674421937044711e-20
2.0352800827057186e-05 1.6975515415362693e-20
2.0382599949790798e-05 9.274567425629853e-21
2.041239907252441e-05 1.2344780356725616e-20
2.044219819525802e-05 2.1474596479143553e-20
2.0471997317991633e-05 2.5238441835179812e-20
2.0501796440725245e-05 1.9910926381294684e-20
2.0531595563458857e-05 1.7640870533763762e-20
2.056139468619247e-05 2.885108855145977e-20
2.059119380892608e-05 3.439958499917955e-20
2.0620992931659697e-05 2.4602807137758607e-20
2.065079205439331e-05 2.4914826180074552e-20
2.068059117712692e-05 3.651202612012764e-20
2.0710390299860533e-05 4.045248241196622e-20
2.0740189422594145e-05 3.615496900587516e-20
2.0769988545327756e-05 3.248160086625978e-20
2.079978766806137e-05 4.2309336937014224e-20
2.082958679079498e-05 5.1504768846063596e-20
2.0859385913528596e-05 4.324636021207657e-20
2.0889185036262208e-05 4.065711398757782e-20
2.091898415899582e-05 5.0711416877847653e-20
2.094878328172943e-05 5.650612489123176e-20
2.0978582404463044e-05 5.3867600272498475e-20
2.1008381527196656e-05 4.871111686677531e-20
2.1038180649930268e-05 5.579338628057608e-20
2.106797977266388e-05 6.679426888733287e-20
2.109777889539749e-05 6.166609136855485e-20
2.1127578018131103e-05 5.691207961030149e-20
2.1157377140864715e-05 6.555430911396509e-20
2.1187176263598327e-05 7.386221455265272e-20
2.121697538633194e-05 7.306171500363802e-20
2.124677450906555e-05 6.696933948938733e-20
2.1276573631799163e-05 7.003184855310431e-20
2.130637275453278e-05 8.227853028717589e-20
